601628 中国人寿 日线 前复权
      日期	    开盘	    最高	    最低	    收盘	    成交量	    成交额
2011-03-02,20.31,20.60,20.26,20.51,15151597,325461120.000
2011-03-03,20.72,21.11,20.53,20.65,36160707,791085312.000
2011-03-04,20.67,20.98,20.58,20.95,23447134,511915936.000
2011-03-07,21.01,21.35,20.98,21.26,41266632,918559680.000
2011-03-08,21.23,21.33,20.94,21.11,20643261,458052288.000
2011-03-09,21.16,21.30,20.98,21.03,18704794,414817984.000
2011-03-10,20.99,20.99,20.55,20.57,19146070,416357472.000
2011-03-11,20.48,20.62,20.35,20.39,14614820,315204064.000
2011-03-14,20.16,20.35,20.13,20.29,15539466,330829088.000
2011-03-15,20.28,20.28,19.63,19.85,25688919,538892544.000
2011-03-16,19.90,20.10,19.90,20.03,12720730,267893088.000
2011-03-17,19.93,19.96,19.76,19.80,14116227,295155296.000
2011-03-18,19.93,20.02,19.83,19.86,11175449,234879360.000
2011-03-21,19.93,20.05,19.83,19.92,9346293,196303584.000
2011-03-22,20.03,20.10,19.86,20.07,11455343,241503600.000
2011-03-23,20.04,20.18,19.84,20.11,17875401,376992160.000
2011-03-24,20.13,20.13,19.93,19.95,14564452,307176288.000
2011-03-25,19.97,20.21,19.94,20.13,19752748,418571264.000
2011-03-28,20.20,20.33,20.00,20.07,22196761,471900096.000
2011-03-29,20.08,20.31,19.93,20.07,22154484,469480192.000
2011-03-30,20.08,20.20,19.95,20.03,14721179,311294112.000
2011-03-31,20.03,20.13,19.87,19.92,15598874,328041216.000
2011-04-01,19.96,20.27,19.89,20.26,21817322,461281600.000
2011-04-06,20.26,20.79,20.26,20.72,46178928,1000453760.000
2011-04-07,20.71,20.76,20.48,20.62,23707489,514091968.000
2011-04-08,20.61,20.72,20.46,20.63,15578373,337522944.000
2011-04-11,20.68,20.96,20.53,20.55,26185057,571154688.000
2011-04-12,20.47,20.75,20.30,20.59,20405254,440024416.000
2011-04-13,20.44,21.07,20.43,21.02,31042299,678443328.000
2011-04-14,21.00,21.23,20.82,20.85,30728016,679250432.000
2011-04-15,20.82,21.18,20.77,21.12,25169984,555911680.000
2011-04-18,20.98,21.58,20.93,21.21,35361450,791435200.000
2011-04-19,21.00,21.02,20.56,20.59,25213878,549946496.000
2011-04-20,20.64,20.73,20.48,20.56,14490862,314151584.000
2011-04-21,20.70,20.86,20.61,20.68,12117060,264043328.000
2011-04-22,20.69,20.79,20.47,20.55,13760732,298151680.000
2011-04-25,20.53,20.62,20.28,20.32,12423570,266471296.000
2011-04-26,20.14,20.14,19.67,19.76,38082775,796520448.000
2011-04-27,19.78,19.87,19.55,19.66,18569402,385918208.000
2011-04-28,19.72,19.95,19.37,19.49,23280001,483253024.000
2011-04-29,19.50,19.59,18.97,19.22,35301619,715108992.000
2011-05-03,19.21,19.30,18.93,19.28,23740639,479453792.000
2011-05-04,19.21,19.21,18.64,18.69,32444495,647314112.000
2011-05-05,18.63,18.76,18.58,18.71,14145129,279242080.000
2011-05-06,18.59,18.71,18.44,18.68,16681113,327475296.000
2011-05-09,18.70,18.78,18.65,18.75,12027172,238029472.000
2011-05-10,18.73,18.99,18.72,18.97,10566824,210967488.000
2011-05-11,18.93,19.01,18.78,18.91,7946854,158939904.000
2011-05-12,18.74,18.83,18.61,18.64,11946534,236218128.000
2011-05-13,18.65,18.83,18.54,18.82,8875753,175338352.000
2011-05-16,18.76,18.78,18.57,18.60,8150602,160738224.000
2011-05-17,18.62,18.94,18.51,18.78,9412526,185896272.000
2011-05-18,18.73,18.94,18.63,18.87,10992463,218895200.000
2011-05-19,18.92,18.93,18.69,18.74,6857151,136198176.000
2011-05-20,18.74,18.81,18.67,18.71,4679510,92639336.000
2011-05-23,18.67,18.68,18.00,18.04,15465587,299616480.000
2011-05-24,18.01,18.12,17.95,18.03,6974337,133136256.000
2011-05-25,18.03,18.07,17.83,17.85,7828926,148717984.000
2011-05-26,17.95,18.03,17.81,17.84,8110388,153912048.000
2011-05-27,17.89,17.99,17.81,17.90,7663519,145324560.000
2011-05-30,17.88,17.99,17.63,17.78,10239695,193050000.000
2011-05-31,17.83,18.06,17.71,18.05,8997631,170563424.000
2011-06-01,18.01,18.01,17.89,17.99,4977825,94671760.000
2011-06-02,17.83,17.92,17.51,17.67,8699500,163321520.000
2011-06-07,17.67,17.74,17.61,17.72,9909792,185723024.000
2011-06-08,17.72,17.81,17.60,17.76,6731105,126317632.000
2011-06-09,17.73,17.73,17.45,17.48,7727501,144304544.000
2011-06-10,17.58,17.65,17.43,17.55,8395157,156158240.000
2011-06-13,17.43,17.78,17.21,17.46,7390581,136279152.000
2011-06-14,17.43,17.78,17.35,17.66,9565322,178946640.000
2011-06-15,17.62,17.73,17.48,17.49,4794232,89385808.000
2011-06-16,17.42,17.43,17.27,17.36,6119345,112802368.000
2011-06-17,17.38,17.50,17.29,17.33,7734883,142951488.000
2011-06-20,17.40,17.43,17.06,17.17,5382051,96321256.000
2011-06-21,17.22,17.33,17.16,17.25,4321212,77446416.000
2011-06-22,17.31,17.37,17.19,17.26,4080680,73270992.000
2011-06-23,17.26,17.59,17.19,17.55,7288962,131477840.000
2011-06-24,17.51,18.31,17.44,18.10,16480044,306403648.000
2011-06-27,18.01,18.15,17.93,18.08,9922881,185949504.000
2011-06-28,18.13,18.13,17.86,17.94,5814638,108340248.000
2011-06-29,18.00,18.03,17.68,17.69,7018853,130222296.000
2011-06-30,17.75,18.31,17.70,18.08,11992311,225030992.000
2011-07-01,18.11,18.23,17.75,17.95,9191348,171949552.000
2011-07-04,18.08,18.48,18.03,18.45,18184882,345279776.000
2011-07-05,18.43,18.47,18.24,18.35,10179544,193238352.000
2011-07-06,18.27,18.42,18.11,18.37,8545790,161343840.000
2011-07-07,18.73,18.73,18.21,18.22,12571269,239577616.000
2011-07-08,18.31,18.32,18.11,18.20,6610045,124850384.000
2011-07-11,18.11,18.20,17.93,18.04,5187323,97039984.000
2011-07-12,17.93,17.94,17.63,17.64,7929708,146023264.000
2011-07-13,17.71,17.89,17.64,17.84,7535075,139128784.000
2011-07-14,17.83,17.88,17.76,17.87,6234277,115307120.000
2011-07-15,17.87,18.06,17.76,17.91,7648754,142129392.000
2011-07-18,17.92,18.05,17.78,17.93,7697674,142862976.000
2011-07-19,17.86,17.91,17.71,17.75,4337046,80016328.000
2011-07-20,17.85,17.94,17.71,17.78,5688334,105252104.000
2011-07-21,17.82,17.89,17.54,17.62,5874529,107658232.000
2011-07-22,17.63,17.75,17.61,17.68,5229550,95961128.000
2011-07-25,17.62,17.62,17.19,17.21,11394117,205271936.000
2011-07-26,17.21,17.33,17.21,17.29,4962085,89024712.000
2011-07-27,17.19,17.32,17.09,17.11,12121639,215997088.000
2011-07-28,17.03,17.04,16.64,16.91,8575711,149914192.000
2011-07-29,16.83,17.25,16.76,17.04,7416486,131099728.000
2011-08-01,17.04,17.16,16.95,17.05,3585722,63599592.000
2011-08-02,16.99,16.99,16.70,16.83,4973831,86762968.000
2011-08-03,16.69,16.91,16.66,16.80,4125322,72180880.000
2011-08-04,16.91,16.97,16.77,16.81,2768254,48488336.000
2011-08-05,16.43,16.45,16.29,16.31,10183363,173567440.000
2011-08-08,16.21,16.21,15.24,15.47,18913218,309687680.000
2011-08-09,15.02,15.44,14.86,15.36,14050405,221848496.000
2011-08-10,15.58,15.61,15.21,15.26,14223304,228931152.000
2011-08-11,15.06,15.49,14.99,15.45,12342236,197461136.000
2011-08-12,15.57,15.59,15.41,15.53,14314677,231532368.000
2011-08-15,15.55,16.11,15.49,16.01,14313212,235758256.000
2011-08-16,16.02,16.04,15.68,15.72,9485525,156862144.000
2011-08-17,15.69,15.90,15.68,15.79,5846375,96286384.000
2011-08-18,15.92,15.97,15.48,15.57,6305524,103174176.000
2011-08-19,15.33,15.49,15.26,15.41,8163962,131173904.000
2011-08-22,15.40,15.55,15.24,15.28,6096683,97878536.000
2011-08-23,15.34,15.51,15.25,15.50,7098938,113897600.000
2011-08-24,15.37,15.38,14.94,14.96,27937370,440148928.000
2011-08-25,14.91,15.49,14.81,15.48,31500191,500422496.000
2011-08-26,15.33,15.66,15.26,15.57,18337522,295545120.000
2011-08-29,15.42,15.42,15.18,15.20,12288933,195516848.000
2011-08-30,15.25,15.55,15.15,15.19,10624862,170409888.000
2011-08-31,15.21,15.35,15.03,15.26,8043532,127426656.000
2011-09-01,15.32,15.46,15.14,15.25,8079482,128914472.000
2011-09-02,15.21,15.25,14.99,15.07,6601634,103874024.000
2011-09-05,14.88,14.93,14.77,14.80,6084193,94340688.000
2011-09-06,14.78,14.89,14.68,14.77,4887888,75518504.000
2011-09-07,14.81,15.16,14.81,15.14,7771026,122004016.000
2011-09-08,15.19,15.22,14.91,14.92,5791118,91309600.000
2011-09-09,15.06,15.47,15.06,15.19,11199856,178140704.000
2011-09-13,14.97,15.44,14.88,15.32,15929759,254265968.000
2011-09-14,15.35,15.58,15.24,15.57,12222453,196871120.000
2011-09-15,15.52,15.68,15.39,15.46,9710442,157333776.000
2011-09-16,15.49,15.59,15.28,15.32,9674362,155559280.000
2011-09-19,15.18,15.20,14.96,14.98,5121697,80506752.000
2011-09-20,14.88,15.11,14.88,14.92,6342430,99131176.000
2011-09-21,14.96,15.39,14.86,15.34,11355360,180393136.000
2011-09-22,15.23,15.39,14.88,14.92,10127896,160475456.000
2011-09-23,14.79,15.02,14.63,14.83,10243055,158302144.000
2011-09-26,14.67,14.94,14.19,14.24,12848812,194901984.000
2011-09-27,14.43,14.56,14.33,14.38,8390858,126925480.000
2011-09-28,14.48,14.60,14.28,14.33,6873699,104074584.000
2011-09-29,14.25,14.48,14.21,14.26,5785528,86866840.000
2011-09-30,14.32,14.36,14.04,14.07,8238054,122275224.000
2011-10-10,14.14,14.33,14.10,14.27,7317519,108934512.000
2011-10-11,14.78,14.83,14.47,14.67,19695823,301530496.000
2011-10-12,14.63,15.59,14.55,15.31,22952010,365231392.000
2011-10-13,15.32,15.51,15.24,15.39,15778522,253510080.000
2011-10-17,15.48,15.59,15.28,15.36,8657895,139429952.000
2011-10-18,15.23,15.32,14.69,14.73,7831288,122629928.000
2011-10-19,14.89,14.99,14.45,14.49,11441139,176221808.000
2011-10-20,14.43,14.47,14.08,14.14,12221207,182032480.000
2011-10-21,14.24,14.51,14.18,14.25,8206087,123288480.000
2011-10-24,14.37,14.89,14.25,14.87,10568606,162019040.000
2011-10-25,14.79,15.19,14.67,15.06,12471876,195062976.000
2011-10-26,14.84,15.30,14.84,15.18,15182646,240193776.000
2011-10-27,15.15,15.48,15.07,15.43,14714159,235263024.000
2011-10-28,15.53,16.05,15.52,15.63,23909848,394311232.000
2011-10-31,15.60,16.06,15.51,16.04,26586999,440510240.000
2011-11-01,15.83,16.83,15.82,16.43,43399586,743638464.000
2011-11-02,16.11,17.03,16.11,16.85,32223692,556399680.000
2011-11-03,16.88,17.77,16.75,17.37,45436291,821290752.000
2011-11-04,17.51,17.76,17.19,17.57,25258146,459804800.000
2011-11-07,17.37,17.58,17.08,17.14,13680514,244797232.000
2011-11-08,17.13,17.33,16.88,17.03,21577713,384178496.000
2011-11-09,17.08,17.53,16.95,17.52,17848393,319373344.000
2011-11-10,17.29,17.32,16.91,16.95,10642273,189197376.000
2011-11-11,16.94,17.27,16.62,16.70,10931495,193209648.000
2011-11-14,16.93,17.63,16.82,17.61,16692247,301222624.000
2011-11-15,17.58,17.93,17.45,17.70,19118421,351976416.000
2011-11-16,17.70,17.71,16.65,17.01,17869594,316687712.000
2011-11-17,16.93,17.10,16.66,16.78,7403746,130119240.000
2011-11-18,16.65,16.98,16.23,16.31,17717369,303904416.000
2011-11-21,16.33,16.64,16.09,16.61,8453917,143256144.000
2011-11-22,16.45,16.98,16.38,16.94,14452727,252429520.000
2011-11-23,16.83,16.96,16.58,16.60,7805521,136126848.000
2011-11-24,16.46,17.32,16.46,17.17,15934283,281682080.000
2011-11-25,17.06,17.26,16.53,16.79,9540954,167241552.000
2011-11-28,16.83,17.03,16.53,16.55,7049237,122496360.000
2011-11-29,16.74,17.13,16.50,17.06,9780508,171774064.000
2011-11-30,16.87,16.99,16.43,16.46,11377517,198006704.000
2011-12-01,17.48,18.17,17.31,17.81,59614213,1101951104.000
2011-12-02,17.65,17.98,17.51,17.72,13511421,248660160.000
2011-12-05,17.75,17.92,17.41,17.54,13951709,256055472.000
2011-12-06,17.55,17.74,17.14,17.19,14511879,262625664.000
2011-12-07,17.18,17.53,17.16,17.34,9511507,171502432.000
2011-12-08,17.34,17.41,16.80,17.31,12701025,225144880.000
2011-12-09,17.11,17.31,16.88,17.23,7931579,140703632.000
2011-12-12,17.23,17.43,17.03,17.35,7068227,126753568.000
2011-12-13,17.20,17.48,17.18,17.29,21389405,385312640.000
2011-12-14,17.24,17.66,17.13,17.56,19726873,359200512.000
2011-12-15,17.36,17.46,15.74,15.94,30359375,524881440.000
2011-12-16,16.03,16.43,15.42,16.17,23200381,384636224.000
2011-12-19,15.93,15.93,15.21,15.64,13707327,221742368.000
2011-12-20,15.53,16.22,15.53,15.89,11354779,188648176.000
2011-12-21,16.11,16.36,15.95,16.08,10937068,184177712.000
2011-12-22,15.84,16.22,15.74,15.90,9493055,157837584.000
2011-12-23,15.98,16.84,15.81,16.43,11987059,204543680.000
2011-12-26,16.23,16.62,16.16,16.37,4446996,76116872.000
2011-12-27,16.33,16.92,16.27,16.50,7261176,125600792.000
2011-12-28,16.45,16.64,16.31,16.57,8308592,142843088.000
2011-12-29,16.43,16.63,16.39,16.53,5892473,101397264.000
2011-12-30,16.52,17.01,16.52,16.97,9013183,158223856.000
2012-01-04,17.08,17.23,16.78,16.79,9188449,162408000.000
2012-01-05,16.73,16.86,15.78,15.91,15377217,260909648.000
2012-01-06,15.79,16.13,15.71,16.06,8181899,136122400.000
2012-01-09,16.09,16.63,15.81,16.61,12094349,205228864.000
2012-01-10,16.73,17.58,16.68,17.56,19181573,343310368.000
2012-01-11,17.53,17.83,17.38,17.55,19335993,353684512.000
2012-01-12,17.51,17.76,17.39,17.63,11212705,204843408.000
2012-01-13,17.65,17.72,16.96,17.22,10500793,188870576.000
2012-01-16,17.10,17.48,17.01,17.14,6030277,107970744.000
2012-01-17,17.15,18.13,17.01,18.11,14112471,258985056.000
2012-01-18,18.09,18.44,17.70,17.78,15331531,289541472.000
2012-01-19,17.75,18.38,17.75,18.33,12119984,228878080.000
2012-01-20,18.33,18.73,18.32,18.66,17619731,339537472.000
2012-01-30,18.66,18.66,18.21,18.23,7217440,137625456.000
2012-01-31,18.23,18.47,17.91,18.11,12083703,227061440.000
2012-02-01,18.11,18.11,17.43,17.67,13509176,247538272.000
2012-02-02,17.73,18.43,17.54,18.40,13112203,244941152.000
2012-02-03,18.19,18.83,17.98,18.63,20030486,384786592.000
2012-02-06,18.64,18.78,18.13,18.25,13662951,261633312.000
2012-02-07,18.21,18.21,17.56,17.83,14691853,270565440.000
2012-02-08,17.78,18.68,17.71,18.57,16959092,322131232.000
2012-02-09,18.51,18.60,18.19,18.40,10449337,199354656.000
2012-02-10,18.32,18.68,18.18,18.26,14252423,272738656.000
2012-02-13,18.13,18.15,17.66,17.97,19742554,366635200.000
2012-02-14,17.83,17.98,17.51,17.72,16026018,293376928.000
2012-02-15,17.69,18.04,17.66,17.85,15009824,278073632.000
2012-02-16,17.76,17.78,17.53,17.60,19180624,351363456.000
2012-02-17,17.73,18.03,17.73,17.92,14315718,266069824.000
2012-02-20,18.29,18.35,17.90,17.96,17210638,322810944.000
2012-02-21,18.03,18.31,17.73,18.25,12970870,242224992.000
2012-02-22,18.23,18.40,18.05,18.33,12628237,239173904.000
2012-02-23,18.30,18.63,18.23,18.38,12635574,241700880.000
2012-02-24,18.40,18.66,18.22,18.56,14727069,281980672.000
2012-02-27,18.61,18.82,18.47,18.49,19206651,371638432.000
2012-02-28,18.48,18.70,18.43,18.54,10711848,205903616.000
2012-02-29,18.52,18.52,17.83,18.02,13348928,251304240.000
2012-03-01,18.00,18.15,17.81,17.91,10793000,201174080.000
2012-03-02,17.94,18.19,17.88,18.17,17519810,327089024.000
2012-03-05,18.18,18.21,17.61,17.66,25080018,463564640.000
2012-03-06,17.63,17.73,16.81,17.02,46480226,822382080.000
2012-03-07,16.78,17.05,16.71,16.83,30735528,538554624.000
2012-03-08,16.89,17.13,16.80,17.07,30075969,531270016.000
2012-03-09,17.13,17.13,16.93,17.03,15185330,268697600.000
2012-03-12,17.03,17.08,16.70,16.80,21897909,382848320.000
2012-03-13,16.79,17.09,16.77,17.06,12187025,215395024.000
2012-03-14,17.18,17.21,16.38,16.51,25685094,449121888.000
2012-03-15,16.53,16.60,16.38,16.52,18687035,320583936.000
2012-03-16,16.48,16.67,16.41,16.59,12095590,207775920.000
2012-03-19,16.55,16.59,16.13,16.39,13404107,227780672.000
2012-03-20,16.33,16.45,16.12,16.15,12385224,209634368.000
2012-03-21,16.31,16.33,16.01,16.18,13995603,235458736.000
2012-03-22,16.20,16.29,16.04,16.22,11596200,195629152.000
2012-03-23,16.13,16.19,16.04,16.13,8492055,142431072.000
2012-03-26,16.15,16.35,16.14,16.28,11424293,193583376.000
2012-03-27,16.32,16.50,16.32,16.43,9582852,163703696.000
2012-03-28,16.42,16.42,16.02,16.02,9586409,161027824.000
2012-03-29,15.99,15.99,15.39,15.40,9454234,154703600.000
2012-03-30,15.52,15.93,15.46,15.68,6031784,98401560.000
2012-04-05,15.61,16.23,15.48,16.09,8037252,133527024.000
2012-04-06,16.03,16.24,15.92,16.02,6205999,103873704.000
2012-04-09,15.95,16.14,15.76,15.89,3481907,57845992.000
2012-04-10,15.70,16.30,15.70,16.27,6738073,112172360.000
2012-04-11,16.14,16.50,16.08,16.28,7108421,120831760.000
2012-04-12,16.21,16.61,16.21,16.56,9972146,171190080.000
2012-04-13,16.59,16.79,16.53,16.73,15026835,260728288.000
2012-04-16,16.65,16.73,16.42,16.48,8647391,149130272.000
2012-04-17,16.48,16.48,16.07,16.16,9324767,158107552.000
2012-04-18,16.23,16.55,16.14,16.47,8062443,137683008.000
2012-04-19,16.43,17.20,16.43,17.00,28441335,503082816.000
2012-04-20,16.94,17.66,16.93,17.64,35752644,646084032.000
2012-04-23,17.56,18.10,17.28,17.50,26976695,497572832.000
2012-04-24,17.45,18.20,17.38,17.81,30212721,559549888.000
2012-04-25,17.79,18.07,17.61,17.85,20023533,371206912.000
2012-04-26,17.79,18.05,17.60,17.65,18406594,340504384.000
2012-04-27,17.65,17.75,17.41,17.52,9121740,166491184.000
2012-05-02,17.73,18.27,17.58,18.18,25420849,476855008.000
2012-05-03,18.13,18.49,18.03,18.42,31176026,593237568.000
2012-05-04,18.39,18.58,18.15,18.54,17595281,335525248.000
2012-05-07,18.32,18.50,17.83,17.97,24834143,464502848.000
2012-05-08,18.03,18.05,17.58,17.94,16431388,303078400.000
2012-05-09,17.74,17.88,17.55,17.80,12209537,224289280.000
2012-05-10,17.82,17.83,17.39,17.61,10758749,196445264.000
2012-05-11,17.49,17.63,17.23,17.33,10658735,192431712.000
2012-05-14,17.43,17.52,16.83,17.01,14671545,260589728.000
2012-05-15,16.98,17.19,16.88,17.18,10334735,183197856.000
2012-05-16,17.06,17.15,16.91,16.95,8199080,144772224.000
2012-05-17,16.95,17.55,16.92,17.42,12117159,217499728.000
2012-05-18,17.23,17.31,16.98,17.07,10238872,182168544.000
2012-05-21,17.07,17.29,16.94,17.11,5427391,96903488.000
2012-05-23,17.09,17.48,16.81,17.02,11354549,201998864.000
2012-05-24,16.99,17.17,16.76,16.89,8759501,154464608.000
2012-05-25,16.85,16.97,16.22,16.42,16761204,287451520.000
2012-05-28,16.40,16.71,16.23,16.68,7383823,126545224.000
2012-05-29,16.65,17.28,16.50,17.08,11438499,201517168.000
2012-05-30,17.03,17.19,16.79,16.90,9505378,167650112.000
2012-05-31,16.83,16.99,16.68,16.74,10411565,182330464.000
2012-06-01,16.81,17.04,16.73,16.91,4540153,79711688.000
2012-06-04,16.68,16.71,16.20,16.28,13114815,223406496.000
2012-06-05,16.41,16.44,16.13,16.14,8920433,150884256.000
2012-06-06,16.21,16.38,16.17,16.29,5160108,87473112.000
2012-06-07,16.48,16.53,15.96,15.99,10576437,178481200.000
2012-06-08,16.19,16.37,16.01,16.04,7360863,122469112.000
2012-06-11,16.18,16.42,16.04,16.36,6241510,104458448.000
2012-06-12,16.26,16.50,16.14,16.24,9606357,161324032.000
2012-06-13,16.27,17.45,16.27,17.44,27895887,487856000.000
2012-06-14,17.47,17.70,17.24,17.37,20137139,361662848.000
2012-06-15,17.36,17.77,17.36,17.61,16189559,292599552.000
2012-06-18,17.68,17.76,17.33,17.48,8140252,146116864.000
2012-06-19,17.46,17.64,17.33,17.38,5681796,101568472.000
2012-06-20,17.41,17.59,17.37,17.52,6928259,124406800.000
2012-06-21,17.51,17.54,16.78,17.15,11773782,206958240.000
2012-06-25,17.05,17.11,16.58,16.70,8916411,153723280.000
2012-06-26,16.57,17.29,16.57,17.11,12279233,214244416.000
2012-06-27,17.09,17.37,17.09,17.17,7660349,135322400.000
2012-06-28,17.24,17.44,17.04,17.18,10470279,185367792.000
2012-06-29,17.08,17.91,17.08,17.86,16029352,290362784.000
2012-07-02,17.94,18.08,17.63,17.95,12699836,232802208.000
2012-07-03,17.96,18.57,17.83,18.18,18838225,352541120.000
2012-07-04,18.20,18.36,17.96,18.10,7775362,144292656.000
2012-07-05,18.02,18.56,17.81,18.44,16965539,316343328.000
2012-07-06,18.49,18.92,17.86,18.33,26927768,507362912.000
2012-07-09,17.96,18.30,17.91,18.16,14536559,270342688.000
2012-07-10,17.98,18.43,17.92,18.20,11651365,217613264.000
2012-07-11,18.13,18.48,18.06,18.48,13746513,258439840.000
2012-07-12,18.36,18.58,17.79,17.99,19957389,368233216.000
2012-07-13,17.88,18.41,17.86,18.33,14652509,273301568.000
2012-07-16,18.33,18.40,17.96,18.07,12163836,226102608.000
2012-07-17,18.04,18.56,17.97,18.46,14187592,266394208.000
2012-07-18,18.56,18.59,18.14,18.50,11544458,218096224.000
2012-07-19,18.39,19.92,18.39,19.56,36937790,728522048.000
2012-07-20,19.46,19.76,19.26,19.44,12256725,244279616.000
2012-07-23,19.18,19.36,18.96,19.08,10594008,207503392.000
2012-07-24,18.97,19.56,18.97,19.39,13494941,267767520.000
2012-07-25,19.18,19.52,19.07,19.26,7627611,150973856.000
2012-07-26,19.29,19.40,18.96,19.05,12384164,242614128.000
2012-07-27,19.11,19.16,18.18,18.46,11979369,228469840.000
2012-07-30,18.44,18.59,17.89,17.95,12687203,235422064.000
2012-07-31,17.99,18.61,17.99,18.31,9678406,181579664.000
2012-08-01,18.26,18.75,18.26,18.62,7815456,148702672.000
2012-08-02,18.61,18.71,18.02,18.23,8698371,162823072.000
2012-08-03,18.29,18.36,17.92,18.35,9240640,171331728.000
2012-08-06,18.16,18.51,17.94,18.42,10082640,188198560.000
2012-08-07,18.24,18.34,17.97,18.07,9170847,170206064.000
2012-08-08,18.07,18.33,18.00,18.29,7853667,145858752.000
2012-08-09,18.19,18.30,17.96,18.24,6059402,112677560.000
2012-08-10,18.26,18.61,18.17,18.42,6895397,130072848.000
2012-08-13,18.31,18.35,17.22,17.46,14517358,264118464.000
2012-08-14,17.52,17.55,17.01,17.27,12168452,214741696.000
2012-08-15,17.27,17.41,17.08,17.23,3371976,59676024.000
2012-08-16,17.26,17.35,17.11,17.28,3385813,59815352.000
2012-08-17,17.29,17.29,17.01,17.14,5578879,97852408.000
2012-08-20,16.94,16.94,16.51,16.70,10579067,181351360.000
2012-08-21,16.72,16.93,16.64,16.75,8011163,137893104.000
2012-08-22,16.76,16.86,16.56,16.77,5824701,99963872.000
2012-08-23,16.76,16.88,16.57,16.81,4977315,85640976.000
2012-08-24,16.71,16.91,16.66,16.74,5962695,102723760.000
2012-08-27,16.64,16.78,15.98,16.12,11673419,195488688.000
2012-08-28,16.21,16.46,16.06,16.28,6200696,103623224.000
2012-08-29,16.28,16.62,16.09,16.33,12334224,207887728.000
2012-08-30,16.11,17.21,16.11,16.86,16236127,278868672.000
2012-08-31,16.86,17.50,16.86,17.40,17817389,316830848.000
2012-09-03,17.27,17.99,17.26,17.60,14132621,255976976.000
2012-09-04,17.55,17.67,17.26,17.39,6709590,119738584.000
2012-09-05,17.39,17.76,17.18,17.49,8739287,156865040.000
2012-09-06,17.49,17.84,17.26,17.56,10427924,187528832.000
2012-09-07,17.76,18.71,17.73,18.46,22563915,422039648.000
2012-09-10,18.32,18.61,18.29,18.46,12103968,228446352.000
2012-09-11,18.34,18.43,17.91,17.97,11646316,216307264.000
2012-09-12,18.16,18.34,17.86,17.95,9841693,181938496.000
2012-09-13,17.92,18.31,17.92,18.06,6596865,122646632.000
2012-09-14,18.16,18.49,18.08,18.21,13391842,250918624.000
2012-09-17,18.19,18.31,17.43,17.60,9018083,164981376.000
2012-09-18,17.56,17.86,17.29,17.71,4892543,88245328.000
2012-09-19,17.76,17.89,17.51,17.74,5283404,95937288.000
2012-09-20,17.56,17.66,17.27,17.37,4811782,85851984.000
2012-09-21,17.37,17.84,17.26,17.69,7027549,126828312.000
2012-09-24,17.51,18.23,17.39,18.04,7946174,145796224.000
2012-09-25,18.04,18.46,17.96,18.14,6655735,124714272.000
2012-09-26,18.13,18.23,18.01,18.09,4656251,86286360.000
2012-09-27,18.06,18.64,18.03,18.47,13977992,263953776.000
2012-09-28,18.30,18.67,18.28,18.46,17304473,327719232.000
2012-10-08,18.54,18.65,18.27,18.40,5489286,103797672.000
2012-10-09,18.52,18.85,18.45,18.63,11735683,224931600.000
2012-10-10,18.62,18.69,18.37,18.54,9746230,184507168.000
2012-10-11,18.46,18.46,17.98,18.09,9607752,179463280.000
2012-10-12,18.16,18.44,18.01,18.08,8597372,160400816.000
2012-10-15,18.14,18.41,18.13,18.35,7718691,144447808.000
2012-10-16,18.35,18.41,17.95,17.97,6471256,120644208.000
2012-10-17,18.06,18.20,17.17,17.24,22385776,404262784.000
2012-10-18,16.94,17.41,16.71,17.34,35562285,620665472.000
2012-10-19,17.24,17.52,17.23,17.47,10012727,178834928.000
2012-10-22,17.36,17.76,17.23,17.67,9380221,168487152.000
2012-10-23,17.67,17.84,17.34,17.41,8479919,152894992.000
2012-10-24,17.33,17.63,17.25,17.57,7176937,128583728.000
2012-10-25,17.59,17.65,17.35,17.43,4877331,87512832.000
2012-10-26,17.43,17.43,16.94,17.16,5544302,97710624.000
2012-10-29,17.07,17.61,17.07,17.16,12722021,226950672.000
2012-10-30,17.25,17.59,17.11,17.16,7986170,141477744.000
2012-10-31,17.16,17.21,16.76,16.92,9518101,165428496.000
2012-11-01,16.94,17.83,16.94,17.75,14442954,260200736.000
2012-11-02,17.96,18.13,17.59,18.10,13178928,241873280.000
2012-11-05,18.10,18.13,17.75,17.96,7688081,141202400.000
2012-11-06,17.94,18.03,17.51,17.97,10116014,183315536.000
2012-11-07,17.90,18.10,17.58,17.91,5565625,101873248.000
2012-11-08,17.73,17.96,17.59,17.66,7109584,129235760.000
2012-11-09,17.59,17.74,17.46,17.50,3583277,64521796.000
2012-11-12,17.53,17.53,17.14,17.33,7072182,125399560.000
2012-11-13,17.34,17.46,17.07,17.22,6464046,114630496.000
2012-11-14,17.26,17.50,17.16,17.42,3503144,62307968.000
2012-11-15,17.27,17.76,17.25,17.56,7486585,135136688.000
2012-11-16,17.56,17.59,16.76,16.93,14131501,247278512.000
2012-11-19,16.95,17.19,16.36,16.83,8801910,151281632.000
2012-11-20,16.87,17.07,16.56,16.64,4983337,85674408.000
2012-11-21,16.66,16.95,16.59,16.86,5074023,87380472.000
2012-11-22,16.78,16.89,16.63,16.84,3182287,54818076.000
2012-11-23,16.89,17.41,16.79,17.27,7210649,127197160.000
2012-11-26,17.16,17.35,16.96,17.29,5274818,92980032.000
2012-11-27,17.19,17.26,17.01,17.07,2674846,47059472.000
2012-11-28,17.07,17.10,16.84,16.99,3970983,69165056.000
2012-11-29,16.98,17.14,16.68,16.79,5923105,103426368.000
2012-11-30,16.76,17.36,16.71,17.21,10125632,177458080.000
2012-12-03,17.12,17.87,17.12,17.36,14072515,252818112.000
2012-12-04,17.39,17.74,17.28,17.62,9995697,179667696.000
2012-12-05,17.56,18.29,17.51,18.09,30611829,566129856.000
2012-12-06,18.05,18.09,17.79,18.00,8424420,154665056.000
2012-12-07,17.89,18.37,17.89,18.11,15005030,278885248.000
2012-12-10,18.28,18.30,18.04,18.24,14486187,270079136.000
2012-12-11,18.22,18.33,18.05,18.19,12751004,238017040.000
2012-12-12,18.19,18.34,18.13,18.31,7696458,144020448.000
2012-12-13,18.18,18.30,18.05,18.12,4970304,92307688.000
2012-12-14,18.21,19.44,18.16,19.12,41598852,798606656.000
2012-12-17,19.10,19.59,19.10,19.41,18263622,360824672.000
2012-12-18,19.41,19.59,18.87,19.12,15614871,307439808.000
2012-12-19,19.09,19.13,18.83,18.92,9230072,179068304.000
2012-12-20,18.88,19.13,18.59,18.84,9153387,176551344.000
2012-12-21,18.91,19.22,18.71,18.80,7380998,142823504.000
2012-12-24,18.81,19.03,18.59,18.88,10020505,193325712.000
2012-12-25,18.84,19.64,18.58,19.35,17410394,343789472.000
2012-12-26,19.31,19.81,19.27,19.56,15261443,306024096.000
2012-12-27,19.69,19.91,19.18,19.44,12092714,240945104.000
2012-12-28,19.46,19.84,19.37,19.78,13843836,277324768.000
2012-12-31,19.82,21.15,19.82,20.96,39125401,825348736.000
2013-01-04,21.31,22.26,21.04,21.16,33906646,748012416.000
2013-01-07,21.06,21.60,20.77,21.48,17285805,377039584.000
2013-01-08,21.27,21.41,20.46,20.78,21384316,454255968.000
2013-01-09,20.74,20.83,20.46,20.51,18851727,396401248.000
2013-01-10,20.54,20.93,20.48,20.63,12754442,269869536.000
2013-01-11,20.67,20.81,20.06,20.34,12088508,251559328.000
2013-01-14,20.32,21.56,20.13,21.38,16676759,357546944.000
2013-01-15,21.38,21.56,21.09,21.36,12847493,279712000.000
2013-01-16,21.12,21.41,20.36,20.71,13036978,276601984.000
2013-01-17,20.68,20.71,19.77,20.08,24141815,495079008.000
2013-01-18,20.18,20.47,19.64,20.07,32005517,654097088.000
2013-01-21,20.04,20.10,19.69,19.99,20861783,423574304.000
2013-01-22,20.02,20.44,19.73,20.15,26162417,537684352.000
2013-01-23,20.05,20.35,19.86,20.34,13958369,287584928.000
2013-01-24,20.34,20.93,19.91,20.12,25268198,527660512.000
2013-01-25,20.06,20.18,19.26,19.47,22635179,453857024.000
2013-01-28,19.41,19.81,19.13,19.80,32729083,650632704.000
2013-01-29,19.82,20.01,19.25,19.52,45385105,907563392.000
2013-01-30,19.56,20.23,19.56,19.94,33378750,680677632.000
2013-01-31,20.05,20.21,19.86,20.17,26260626,538056960.000
2013-02-01,20.01,21.21,19.84,21.03,44747630,941051520.000
2013-02-04,21.07,21.56,20.51,20.56,36312907,775765056.000
2013-02-05,20.37,20.38,19.42,19.92,41358326,838465216.000
2013-02-06,19.88,20.25,19.76,20.05,35390098,724999232.000
2013-02-07,19.94,19.96,19.46,19.66,30511905,613131456.000
2013-02-08,19.67,19.75,19.52,19.68,14463028,290720896.000
2013-02-18,19.74,19.81,19.34,19.40,20136493,402328640.000
2013-02-19,19.26,19.38,18.73,18.86,23763109,463577152.000
2013-02-20,18.86,19.01,18.67,18.98,14300732,275546528.000
2013-02-21,18.76,18.77,18.17,18.26,29566318,557348288.000
2013-02-22,18.33,18.36,18.06,18.16,13311959,248075968.000
2013-02-25,18.24,18.39,18.05,18.20,14702591,273433216.000
2013-02-26,18.07,18.37,17.80,17.84,24109892,446538176.000
2013-02-27,17.90,18.11,17.61,18.01,31480085,576546368.000
2013-02-28,18.11,18.53,17.89,18.46,29734164,554863552.000
2013-03-01,18.26,18.31,17.68,17.92,39955398,734874176.000
2013-03-04,17.75,17.88,16.72,16.86,51825902,908762432.000
2013-03-05,16.95,17.20,16.86,17.16,26917892,469276736.000
2013-03-06,17.22,17.49,17.18,17.48,34535976,615049856.000
2013-03-07,17.38,17.44,17.00,17.22,18229472,322477504.000
2013-03-08,17.23,17.54,17.17,17.44,18309777,326305344.000
2013-03-12,17.26,17.32,16.91,17.14,24304899,425780736.000
2013-03-13,17.06,17.07,16.56,16.72,17689012,304624064.000
2013-03-14,16.72,16.83,16.57,16.80,11795178,202239424.000
2013-03-15,16.80,17.33,16.65,17.02,19775855,344975808.000
2013-03-18,16.90,17.00,16.54,16.60,17622493,302078624.000
2013-03-19,16.70,16.91,16.60,16.81,10647206,182977872.000
2013-03-20,16.82,17.35,16.81,17.31,26254987,462890144.000
2013-03-21,17.21,17.44,17.12,17.22,15359009,271821440.000
2013-03-22,17.21,17.29,16.89,17.03,16805287,293719680.000
2013-03-25,17.11,17.16,16.81,16.90,9848578,171346560.000
2013-03-26,16.86,16.93,16.67,16.77,9512460,163557760.000
2013-03-27,16.80,17.09,16.77,16.93,13461039,233630880.000
2013-03-28,16.66,16.86,16.49,16.63,15871669,271108128.000
2013-03-29,16.69,16.86,16.66,16.71,7314798,125677904.000
2013-04-01,16.68,16.81,16.61,16.74,6684936,114708848.000
2013-04-02,16.77,16.91,16.62,16.72,9700946,166793296.000
2013-04-03,16.72,16.99,16.68,16.98,14523761,251417424.000
2013-04-08,16.74,16.76,16.56,16.71,13221894,226044336.000
2013-04-09,16.71,17.21,16.71,17.02,21222774,368914752.000
2013-04-10,16.94,17.16,16.88,17.12,16699214,291961568.000
2013-04-11,17.28,17.37,17.02,17.03,13459250,237293616.000
2013-04-12,16.98,17.10,16.84,16.85,6902046,120098232.000
2013-04-15,16.76,16.90,16.57,16.60,12620382,215744048.000
2013-04-16,16.54,16.99,16.46,16.98,13962189,239870256.000
2013-04-17,16.97,17.08,16.74,16.85,12091253,209775840.000
2013-04-18,16.76,17.06,16.71,17.00,9605317,166785984.000
2013-04-19,17.05,17.38,17.00,17.23,22884497,403900896.000
2013-04-22,16.99,17.01,16.67,16.78,23770815,409343168.000
2013-04-23,16.76,16.76,16.46,16.47,19995626,340202144.000
2013-04-24,16.49,16.73,16.36,16.61,15624770,265113984.000
2013-04-25,16.59,16.66,16.31,16.32,17955077,303248256.000
2013-04-26,16.44,16.53,16.30,16.32,15846304,266302320.000
2013-05-02,16.32,16.49,16.30,16.40,9650843,162681056.000
2013-05-03,16.46,16.74,16.44,16.51,22380397,380941440.000
2013-05-06,16.57,16.62,16.36,16.56,20653808,350299648.000
2013-05-07,16.56,16.58,16.41,16.53,13249722,224217440.000
2013-05-08,16.58,16.73,16.53,16.67,16568640,282822976.000
2013-05-09,16.68,16.71,16.33,16.41,14630066,247164416.000
2013-05-10,16.39,16.52,16.34,16.46,9898079,166919504.000
2013-05-13,16.51,16.51,16.18,16.21,17723697,296599488.000
2013-05-14,16.25,16.25,15.79,15.96,18153449,297254496.000
2013-05-15,15.94,16.03,15.73,15.83,13506499,219605088.000
2013-05-16,15.82,16.16,15.74,16.13,14714694,242102800.000
2013-05-17,16.13,16.42,15.99,16.34,20778174,345986176.000
2013-05-20,16.36,16.58,16.31,16.39,20628752,348962368.000
2013-05-21,16.40,16.50,16.34,16.42,11075712,186444304.000
2013-05-22,16.42,16.56,16.26,16.42,13193404,223006624.000
2013-05-23,16.36,16.41,16.06,16.08,16927868,281792352.000
2013-05-24,16.15,16.21,15.95,16.09,10513430,173546128.000
2013-05-27,16.07,16.22,16.00,16.06,8817048,145707360.000
2013-05-28,16.07,16.44,15.99,16.43,15809128,263614528.000
2013-05-29,16.45,16.51,16.32,16.35,12861618,216478720.000
2013-05-30,16.27,16.37,16.25,16.30,10313025,172715248.000
2013-05-31,16.32,16.44,16.14,16.20,11042931,184579584.000
2013-06-03,16.17,16.22,16.02,16.08,9036915,149495872.000
2013-06-04,16.06,16.13,15.91,15.95,10235763,168028784.000
2013-06-05,15.97,16.05,15.92,15.97,6306441,103445040.000
2013-06-06,15.96,15.96,15.74,15.77,12247039,198778304.000
2013-06-07,15.78,15.82,15.42,15.44,14551973,233283136.000
2013-06-13,15.36,15.36,14.58,14.70,16472200,250673904.000
2013-06-14,14.74,14.79,14.61,14.64,13521820,204488832.000
2013-06-17,14.76,14.82,14.59,14.66,16360707,247290704.000
2013-06-18,14.73,14.81,14.60,14.67,9056501,135891616.000
2013-06-19,14.62,14.62,14.31,14.50,8874010,130892656.000
2013-06-20,14.43,14.45,14.22,14.22,9527039,139090000.000
2013-06-21,14.09,14.65,14.00,14.47,18118251,266562240.000
2013-06-24,14.38,14.40,13.65,13.66,18716859,266077312.000
2013-06-25,13.63,13.81,12.71,13.44,22301770,302999264.000
2013-06-26,13.45,13.46,12.92,13.12,20054516,268698752.000
2013-06-27,13.12,13.37,13.02,13.13,15050840,203341648.000
2013-06-28,13.14,13.57,13.03,13.39,12165015,165799360.000
2013-07-01,13.30,13.39,13.10,13.30,8507780,115458656.000
2013-07-02,13.32,13.38,13.10,13.32,10008233,135656640.000
2013-07-03,13.26,13.28,13.12,13.18,6489157,87625664.000
2013-07-04,13.15,13.41,13.04,13.21,12682349,171650304.000
2013-07-05,13.22,13.33,13.14,13.23,8615699,116530272.000
2013-07-08,13.06,13.10,12.66,12.68,12310908,161903728.000
2013-07-09,12.67,12.75,12.65,12.70,8791615,114237488.000
2013-07-10,12.64,13.05,12.62,13.00,10137778,133430576.000
2013-07-11,13.15,14.20,13.03,13.86,37179687,519556960.000
2013-07-12,13.72,13.79,13.37,13.38,18879969,262002368.000
2013-07-15,13.48,13.85,13.36,13.49,14528305,201458128.000
2013-07-16,13.47,13.55,13.18,13.46,10729798,146566416.000
2013-07-17,13.42,13.56,13.21,13.24,11565190,157809536.000
2013-07-18,13.20,13.24,12.96,13.00,10357027,138151872.000
2013-07-19,12.98,13.10,12.71,12.74,13008310,171727120.000
2013-07-22,12.68,12.82,12.59,12.78,10118198,131515512.000
2013-07-23,12.83,13.17,12.76,13.05,11461893,152731088.000
2013-07-24,12.96,13.03,12.69,12.83,11118426,145948128.000
2013-07-25,12.90,13.04,12.75,12.91,8672480,114393208.000
2013-07-26,12.87,12.92,12.75,12.83,5989288,78610952.000
2013-07-29,12.75,12.76,12.58,12.61,7452726,96393088.000
2013-07-30,12.69,13.00,12.65,12.75,7459201,97882984.000
2013-07-31,12.96,13.20,12.86,12.96,12604023,168362656.000
2013-08-01,13.02,13.20,12.96,13.13,12828821,171976512.000
2013-08-02,13.22,13.26,12.98,13.02,10881599,145725072.000
2013-08-05,13.06,13.26,12.95,13.25,12772799,171933408.000
2013-08-06,13.18,13.31,13.05,13.22,10383283,140014048.000
2013-08-07,13.20,13.29,13.09,13.10,11529827,155419040.000
2013-08-08,13.17,13.30,13.05,13.10,9686283,130315176.000
2013-08-09,13.16,13.29,13.03,13.09,10955554,147350528.000
2013-08-12,13.19,13.60,13.15,13.57,28622940,391783968.000
2013-08-13,13.55,13.64,13.45,13.61,16305623,226153728.000
2013-08-14,13.59,13.85,13.55,13.63,19508790,273191680.000
2013-08-15,13.60,13.70,13.50,13.51,11680292,162451616.000
2013-08-16,13.45,14.68,13.27,13.46,27699533,387493440.000
2013-08-19,13.37,13.59,13.22,13.50,13390444,183254800.000
2013-08-20,13.43,13.61,13.24,13.33,11921415,163654928.000
2013-08-21,13.34,13.45,13.17,13.32,8104489,110308376.000
2013-08-22,13.26,13.43,13.22,13.25,9288843,126296792.000
2013-08-23,13.31,13.34,13.01,13.12,9376702,126223888.000
2013-08-26,13.18,13.35,13.12,13.34,14579620,197985184.000
2013-08-27,13.32,13.40,13.26,13.35,8586472,117045824.000
2013-08-28,13.30,13.37,13.16,13.33,11549757,156747616.000
2013-08-29,13.40,13.47,13.25,13.36,13157956,179808272.000
2013-08-30,13.40,13.84,13.33,13.56,26693594,371312576.000
2013-09-02,13.67,13.70,13.43,13.53,13294649,184226672.000
2013-09-03,13.63,13.78,13.53,13.76,16510893,231307392.000
2013-09-04,13.68,13.75,13.63,13.67,10843624,151605152.000
2013-09-05,13.68,13.75,13.60,13.61,9255625,129274696.000
2013-09-06,13.61,13.79,13.56,13.68,9559672,133733184.000
2013-09-09,13.72,14.52,13.67,14.32,39453850,571452672.000
2013-09-10,14.26,14.55,14.24,14.48,21956119,322431328.000
2013-09-11,14.54,15.04,14.49,14.51,35275789,529932928.000
2013-09-12,14.46,14.97,14.46,14.71,32870189,492898528.000
2013-09-13,14.82,14.90,14.42,14.42,20794870,309846848.000
2013-09-16,14.53,14.68,14.33,14.44,15503257,229346608.000
2013-09-17,14.44,14.60,14.14,14.16,16859824,247562240.000
2013-09-18,14.15,14.20,13.80,13.97,20348699,290030912.000
2013-09-23,14.07,14.15,13.95,14.10,10981242,157613536.000
2013-09-24,14.08,14.08,13.80,13.85,12304417,174751104.000
2013-09-25,13.86,13.96,13.71,13.79,12550707,177329568.000
2013-09-26,13.75,13.76,13.48,13.51,12880137,178672352.000
2013-09-27,13.51,13.58,13.44,13.53,7564525,104467040.000
2013-09-30,13.59,13.66,13.45,13.51,8104713,112033112.000
2013-10-08,13.48,13.68,13.38,13.66,9836461,136363776.000
2013-10-09,13.64,13.75,13.57,13.69,8889909,124063120.000
2013-10-10,13.69,13.73,13.36,13.37,12925970,178363680.000
2013-10-11,13.48,13.65,13.41,13.64,11224675,155681472.000
2013-10-14,13.65,13.90,13.54,13.74,16531813,231448560.000
2013-10-15,13.80,13.92,13.65,13.71,11254217,158149984.000
2013-10-16,13.69,13.69,13.20,13.44,12897339,177776256.000
2013-10-17,13.51,13.58,13.37,13.40,8044741,110805984.000
2013-10-18,13.42,13.63,13.35,13.46,10763880,148151680.000
2013-10-21,13.42,13.68,13.32,13.64,11918069,164445392.000
2013-10-22,13.61,13.62,13.42,13.49,9728211,134234704.000
2013-10-23,13.50,13.74,13.40,13.44,12733342,176169744.000
2013-10-24,13.36,13.44,13.17,13.20,12584137,170736320.000
2013-10-25,13.24,13.34,12.99,13.13,12157264,163838544.000
2013-10-28,13.35,13.37,13.19,13.26,10065017,136705216.000
2013-10-29,13.28,13.76,13.23,13.55,24929037,343412320.000
2013-10-30,13.45,13.71,13.40,13.69,18151389,252851072.000
2013-10-31,13.60,13.89,13.52,13.72,14171076,198330016.000
2013-11-01,13.71,14.02,13.71,13.90,16524652,234487760.000
2013-11-04,14.07,14.07,13.72,13.80,9149535,129415448.000
2013-11-05,13.71,13.78,13.46,13.70,10862849,151008608.000
2013-11-06,13.64,13.74,13.47,13.49,10155958,141427376.000
2013-11-07,13.53,13.62,13.29,13.46,9038899,124376080.000
2013-11-08,13.41,13.55,13.29,13.38,7933124,108635664.000
2013-11-11,13.35,13.54,13.31,13.45,6910298,95007408.000
2013-11-12,13.52,13.78,13.49,13.77,14005200,196052560.000
2013-11-13,13.65,13.69,13.42,13.43,9761823,134952304.000
2013-11-14,13.45,13.55,13.40,13.44,6043955,83296008.000
2013-11-15,13.44,14.00,13.44,13.75,21358902,301242656.000
2013-11-18,13.91,15.16,13.83,15.16,85136026,1271433856.000
2013-11-19,15.26,15.66,15.14,15.42,90326119,1416796928.000
2013-11-20,15.50,15.65,15.19,15.47,32985948,516917088.000
2013-11-21,15.40,15.40,14.89,15.10,38821902,597416000.000
2013-11-22,15.22,15.50,15.04,15.08,29077928,451859424.000
2013-11-25,14.95,15.61,14.85,15.11,36224466,563835392.000
2013-11-26,15.07,15.27,15.01,15.17,17881370,275980288.000
2013-11-27,15.25,15.60,15.02,15.47,36407139,570859584.000
2013-11-28,15.46,15.82,15.34,15.51,32036009,509945280.000
2013-11-29,15.55,15.58,15.35,15.42,15793256,248721168.000
2013-12-02,15.42,16.16,15.25,16.07,57794389,930725248.000
2013-12-03,15.96,16.12,15.65,15.93,27907165,452360704.000
2013-12-04,15.84,16.42,15.80,16.12,29507642,485428544.000
2013-12-05,16.08,16.22,16.00,16.07,14117946,231757504.000
2013-12-06,16.06,16.18,15.66,15.97,26589596,428932704.000
2013-12-09,16.19,16.50,15.94,16.16,23545562,388136096.000
2013-12-10,16.06,16.23,15.96,16.00,13673499,224385984.000
2013-12-11,15.93,15.93,15.18,15.36,27885702,438170688.000
2013-12-12,15.27,15.36,14.93,15.12,15501445,238915040.000
2013-12-13,14.95,15.33,14.85,15.24,14133311,217643840.000
2013-12-16,15.23,15.27,14.88,14.89,10996706,168456992.000
2013-12-17,14.89,14.99,14.62,14.81,12531277,189103904.000
2013-12-18,14.76,14.88,14.74,14.83,9233783,139512352.000
2013-12-19,14.93,15.00,14.57,14.67,11543203,173938800.000
2013-12-20,14.57,14.70,14.05,14.21,19039996,279570304.000
2013-12-23,14.18,14.53,14.05,14.40,11156213,163539440.000
2013-12-24,14.42,14.59,14.34,14.45,8849950,130760032.000
2013-12-25,14.48,14.72,14.37,14.65,9697474,144470544.000
2013-12-26,14.63,14.68,14.41,14.50,7754880,115104088.000
2013-12-27,14.57,14.99,14.40,14.89,16537023,250275936.000
2013-12-30,14.92,14.96,14.64,14.68,9738198,146726064.000
2013-12-31,14.65,14.95,14.57,14.83,8209845,124089248.000
2014-01-02,14.78,14.81,14.60,14.66,7164730,107219504.000
2014-01-03,14.56,14.59,14.23,14.27,11755981,171932864.000
2014-01-06,14.21,14.50,13.99,14.48,16459519,238025376.000
2014-01-07,14.32,14.46,14.19,14.44,6751261,98781176.000
2014-01-08,14.44,14.64,14.26,14.39,9608620,141543200.000
2014-01-09,14.31,14.49,14.00,14.01,10585643,153222208.000
2014-01-10,13.98,14.17,13.92,14.00,8446793,120923424.000
2014-01-13,14.03,14.16,13.74,13.87,8327765,118296104.000
2014-01-14,13.88,14.03,13.78,13.94,8627441,122531792.000
2014-01-15,13.92,13.98,13.79,13.96,6354171,90233224.000
2014-01-16,13.98,14.35,13.91,14.10,14273322,206475008.000
2014-01-17,14.02,14.34,13.84,14.30,25292684,365973856.000
2014-01-20,14.19,14.22,13.91,13.92,9421854,135411312.000
2014-01-21,13.93,14.20,13.93,14.00,9255832,132804080.000
2014-01-22,14.03,14.35,13.91,14.34,11506969,167159712.000
2014-01-23,14.34,14.34,14.13,14.21,12869103,186519840.000
2014-01-24,14.10,14.25,14.00,14.05,12283040,176975712.000
2014-01-27,13.91,13.92,13.41,13.46,16579385,230879424.000
2014-01-28,13.53,13.64,13.43,13.52,10455397,144629952.000
2014-01-29,13.56,13.68,13.55,13.59,11772919,163723648.000
2014-01-30,13.55,13.55,13.30,13.42,9172709,125782848.000
2014-02-07,13.29,13.29,13.08,13.27,11576562,155894096.000
2014-02-10,13.32,13.58,13.28,13.55,15085041,208317280.000
2014-02-11,13.54,13.88,13.46,13.74,21344891,298880928.000
2014-02-12,13.79,13.84,13.60,13.71,17175649,241125072.000
2014-02-13,13.67,13.82,13.57,13.72,19111321,267039872.000
2014-02-14,13.67,13.79,13.65,13.75,11522160,161536672.000
2014-02-17,13.95,14.35,13.87,14.19,23846106,344044832.000
2014-02-18,14.11,14.17,13.72,13.80,21131309,299553760.000
2014-02-19,13.79,14.33,13.75,14.15,19193906,275483328.000
2014-02-20,14.28,14.33,13.87,13.90,14168675,203628416.000
2014-02-21,13.92,14.04,13.81,13.86,14806841,210076352.000
2014-02-24,13.82,13.82,13.40,13.61,16512542,228737936.000
2014-02-25,13.54,13.68,13.33,13.38,13740625,190009616.000
2014-02-26,13.32,13.53,13.31,13.45,10585216,145196576.000
2014-02-27,13.54,13.65,13.34,13.56,15809586,218110976.000
2014-02-28,13.57,13.73,13.30,13.55,21299245,294049536.000
2014-03-03,13.42,13.62,13.35,13.61,18019008,248615872.000
2014-03-04,13.53,13.75,13.47,13.72,15227076,211823968.000
2014-03-05,13.75,13.79,13.38,13.40,12393221,171885232.000
2014-03-06,13.42,13.67,13.26,13.59,14088590,193672832.000
2014-03-07,13.51,13.62,13.27,13.31,16520263,226997536.000
2014-03-10,13.19,13.19,12.74,12.81,16369450,216848864.000
2014-03-11,12.80,12.83,12.70,12.77,10632555,138769152.000
2014-03-12,12.78,12.90,12.73,12.84,8804593,115359936.000
2014-03-13,12.89,13.06,12.81,12.88,9856782,130415728.000
2014-03-14,12.78,12.85,12.73,12.79,7181971,93981312.000
2014-03-17,12.86,13.10,12.80,13.09,10907557,144582080.000
2014-03-18,13.09,13.10,12.95,13.05,10121927,134885408.000
2014-03-19,13.06,13.06,12.77,12.88,7432608,97690416.000
2014-03-20,12.87,13.03,12.80,12.81,7725329,102147144.000
2014-03-21,12.80,13.20,12.75,13.17,17207050,229111696.000
2014-03-24,13.20,13.48,13.15,13.35,15192082,206107824.000
2014-03-25,13.23,13.50,13.22,13.30,13201697,180343776.000
2014-03-26,13.35,13.37,13.21,13.23,8953571,121613024.000
2014-03-27,13.20,13.31,13.02,13.13,10223384,137515360.000
2014-03-28,13.13,13.24,13.03,13.16,8513420,114450888.000
2014-03-31,13.24,13.27,13.08,13.13,6915125,92993472.000
2014-04-01,13.15,13.24,13.07,13.18,8391027,113000568.000
2014-04-02,13.18,13.45,13.14,13.44,13461808,183336992.000
2014-04-03,13.44,13.56,13.34,13.45,14295353,196625904.000
2014-04-04,13.38,13.61,13.32,13.50,11044290,152289856.000
2014-04-08,13.50,14.00,13.44,13.86,20674714,291157984.000
2014-04-09,13.82,13.87,13.72,13.77,9098540,128096288.000
2014-04-10,13.73,14.96,13.68,14.51,53496648,789147136.000
2014-04-11,14.56,14.78,14.29,14.44,22495895,333235424.000
2014-04-14,14.44,14.54,14.14,14.26,14397937,209386352.000
2014-04-15,14.20,14.20,13.86,13.94,11513018,164955808.000
2014-04-16,13.90,14.14,13.90,13.96,8077015,115413952.000
2014-04-17,13.98,14.08,13.83,13.87,7908341,112496488.000
2014-04-18,13.82,13.98,13.69,13.88,5860632,82850816.000
2014-04-21,13.78,14.05,13.62,13.66,6253631,88547824.000
2014-04-22,13.67,13.78,13.59,13.77,6462294,90269288.000
2014-04-23,13.72,13.76,13.55,13.65,5457363,76111608.000
2014-04-24,13.61,13.74,13.55,13.61,10496208,146123808.000
2014-04-25,13.65,13.67,13.51,13.53,10505778,145949952.000
2014-04-28,13.35,13.35,12.92,13.14,17965778,241158992.000
2014-04-29,13.10,13.26,13.06,13.19,10613337,142725392.000
2014-04-30,13.21,13.34,13.13,13.31,11694952,158739520.000
2014-05-05,13.21,13.47,13.11,13.24,8871777,120305280.000
2014-05-06,13.22,13.38,13.14,13.21,5387797,72899168.000
2014-05-07,13.21,13.23,13.11,13.20,6411603,86291160.000
2014-05-08,13.15,13.42,13.12,13.15,6961604,94398560.000
2014-05-09,13.20,13.26,13.11,13.21,4422054,59560184.000
2014-05-12,13.29,13.57,13.24,13.55,11127326,153133616.000
2014-05-13,13.54,13.57,13.36,13.41,6700701,92223312.000
2014-05-14,13.38,13.64,13.37,13.49,9419847,130075624.000
2014-05-15,13.49,13.57,13.40,13.41,8150145,112382704.000
2014-05-16,13.49,13.49,13.23,13.36,5770515,78710536.000
2014-05-19,13.33,13.34,13.05,13.12,8502594,114047112.000
2014-05-20,13.19,13.26,13.18,13.25,5969565,80759504.000
2014-05-21,13.20,13.37,13.12,13.37,4821380,65494040.000
2014-05-22,13.35,13.58,13.31,13.39,11353237,156556656.000
2014-05-23,13.43,13.52,13.41,13.50,4704142,64784232.000
2014-05-26,13.62,13.64,13.41,13.49,4035053,55635556.000
2014-05-27,13.48,13.57,13.45,13.46,3786358,52313092.000
2014-05-28,13.47,13.69,13.25,13.66,8957697,124201832.000
2014-05-29,13.66,13.80,13.60,13.74,10980003,153860704.000
2014-05-30,13.72,13.84,13.60,13.70,10248717,143598768.000
2014-06-03,13.70,13.83,13.66,13.72,6831501,96169552.000
2014-06-04,13.74,13.74,13.50,13.58,5333330,74048976.000
2014-06-05,13.59,13.94,13.48,13.91,11095559,156265360.000
2014-06-06,13.91,13.99,13.82,13.88,8155529,115847960.000
2014-06-09,13.91,14.20,13.80,13.98,12749001,183195856.000
2014-06-10,14.00,14.25,13.92,14.16,11474006,165587264.000
2014-06-11,14.16,14.19,14.07,14.09,5327306,76792384.000
2014-06-12,14.09,14.10,13.89,13.99,6697772,95753392.000
2014-06-13,13.96,14.23,13.92,14.16,8359741,120670960.000
2014-06-16,14.14,14.29,14.10,14.25,8364420,121393328.000
2014-06-17,14.20,14.24,13.90,13.95,7036180,100839984.000
2014-06-18,13.95,14.01,12.70,13.77,8498652,120232984.000
2014-06-19,13.75,13.85,13.55,13.58,6874545,96156288.000
2014-06-20,13.60,13.82,13.58,13.75,4604486,64226708.000
2014-06-23,13.70,13.85,13.52,13.55,6902027,96484984.000
2014-06-24,13.60,13.66,13.53,13.60,5491343,76294416.000
2014-06-25,13.69,13.69,13.48,13.51,5048264,68326584.000
2014-06-26,13.51,13.69,13.51,13.60,3960034,53937912.000
2014-06-27,13.60,13.61,13.45,13.49,7716737,104349824.000
2014-06-30,13.54,13.71,13.53,13.61,6159362,84018984.000
2014-07-01,13.68,13.68,13.58,13.62,5031898,68516136.000
2014-07-02,13.62,13.69,13.57,13.67,6349611,86570480.000
2014-07-03,13.66,13.76,13.63,13.68,9300120,127410592.000
2014-07-04,13.69,13.87,13.69,13.76,17352671,239386368.000
2014-07-07,13.71,13.95,13.71,13.90,9437720,130428688.000
2014-07-08,13.85,13.95,13.79,13.88,8798456,122016080.000
2014-07-09,13.85,14.00,13.69,13.71,11198466,155248144.000
2014-07-10,13.76,13.81,13.51,13.66,11054823,150667632.000
2014-07-11,13.65,13.71,13.61,13.67,5701742,77914656.000
2014-07-14,13.67,13.86,13.58,13.84,10234142,140380400.000
2014-07-15,13.81,13.86,13.71,13.82,8995939,124032952.000
2014-07-16,13.80,13.84,13.74,13.78,9550881,131768872.000
2014-07-17,13.78,13.78,13.59,13.67,7919353,108281408.000
2014-07-18,13.60,13.76,13.60,13.67,8574268,117200888.000
2014-07-21,13.69,13.78,13.65,13.70,7910690,108579456.000
2014-07-22,13.69,13.92,13.63,13.89,17275927,238508384.000
2014-07-23,13.89,14.19,13.87,14.10,17983758,252835344.000
2014-07-24,14.10,14.40,14.07,14.36,30168758,430590112.000
2014-07-25,14.42,14.44,14.20,14.41,26747724,383556352.000
2014-07-28,14.45,14.92,14.45,14.84,42697046,628158720.000
2014-07-29,14.80,15.02,14.68,14.95,26898519,399451104.000
2014-07-30,14.88,15.17,14.83,14.96,24917908,375300000.000
2014-07-31,14.91,15.15,14.90,15.15,16488592,248128624.000
2014-08-01,15.12,15.30,15.03,15.07,23892503,362978464.000
2014-08-04,15.08,15.64,14.99,15.56,24413341,373989632.000
2014-08-05,15.57,15.57,15.23,15.37,13608777,209729152.000
2014-08-06,15.30,15.30,14.99,15.19,17379456,262726416.000
2014-08-07,15.17,15.20,14.94,14.97,13444250,202402064.000
2014-08-08,15.00,15.04,14.86,14.92,10883910,162582880.000
2014-08-11,14.99,15.37,14.99,15.29,18489545,280785888.000
2014-08-12,15.23,15.27,15.09,15.15,8589689,130229392.000
2014-08-13,15.14,15.36,15.00,15.35,16281897,247292416.000
2014-08-14,15.55,15.58,14.98,15.03,21843048,333928224.000
2014-08-15,15.06,15.42,15.05,15.32,15000186,229320608.000
2014-08-18,15.34,15.42,15.23,15.37,9903626,151782336.000
2014-08-19,15.40,15.41,15.23,15.33,12798311,196324672.000
2014-08-20,15.30,15.31,15.12,15.17,8705483,132385744.000
2014-08-21,15.17,15.19,14.90,15.01,10195539,153146944.000
2014-08-22,15.00,15.15,14.89,15.03,11743465,176509824.000
2014-08-25,15.03,15.08,14.88,14.92,12198478,182756320.000
2014-08-26,14.88,14.94,14.74,14.77,12290873,182142384.000
2014-08-27,14.77,14.87,14.74,14.79,6574522,97296368.000
2014-08-28,14.85,15.02,14.83,14.86,12515255,187111648.000
2014-08-29,14.91,14.99,14.81,14.96,4593664,68435104.000
2014-09-01,14.99,15.07,14.91,15.04,7307494,109616048.000
2014-09-02,15.05,15.18,14.93,15.16,13361043,200850272.000
2014-09-03,15.16,15.44,15.14,15.38,16192700,248080640.000
2014-09-04,15.37,15.93,15.31,15.91,25688415,401547840.000
2014-09-05,15.88,16.10,15.69,15.90,21583494,343377728.000
2014-09-09,15.95,16.28,15.85,15.89,29030973,466948352.000
2014-09-10,15.70,15.83,15.60,15.73,14434841,226873536.000
2014-09-11,15.73,16.00,15.53,15.56,16342403,257084416.000
2014-09-12,15.56,15.77,15.48,15.69,14657337,229200704.000
2014-09-15,15.69,15.69,15.50,15.56,14325483,223089776.000
2014-09-16,15.60,15.68,15.22,15.29,18093333,279779968.000
2014-09-17,15.39,15.49,15.29,15.39,13254686,204258544.000
2014-09-18,15.36,15.51,15.28,15.42,8197930,126405792.000
2014-09-19,15.42,15.60,15.37,15.56,8254124,127902488.000
2014-09-22,15.46,15.50,15.05,15.18,14149406,215179040.000
2014-09-23,15.13,15.31,15.12,15.27,7397501,112617856.000
2014-09-24,15.19,15.62,15.16,15.61,20346008,314518848.000
2014-09-25,15.68,15.74,15.55,15.62,15777397,246892208.000
2014-09-26,15.51,15.93,15.50,15.76,17083427,269203552.000
2014-09-29,15.81,15.84,15.51,15.63,15798558,246867024.000
2014-09-30,15.65,15.68,15.49,15.55,17731326,275522144.000
2014-10-08,15.55,15.60,15.45,15.59,16482873,256002800.000
2014-10-09,15.62,15.75,15.56,15.70,15082744,236201312.000
2014-10-10,15.60,15.65,15.45,15.52,14909700,231388640.000
2014-10-13,15.46,15.47,15.15,15.20,14839865,226447968.000
2014-10-14,15.20,15.38,15.17,15.20,9081753,138756032.000
2014-10-15,15.25,15.53,15.20,15.44,9246892,142161264.000
2014-10-16,15.34,15.58,15.29,15.39,12686629,195934144.000
2014-10-17,15.43,15.46,15.12,15.28,12417801,189466160.000
2014-10-20,15.34,15.43,15.24,15.29,13206958,202213312.000
2014-10-21,15.27,15.36,15.16,15.18,9513292,145028032.000
2014-10-22,15.22,15.58,15.04,15.27,18729956,286379328.000
2014-10-23,15.18,15.43,15.11,15.12,13912567,212863472.000
2014-10-24,15.15,15.37,15.04,15.28,12306801,187747264.000
2014-10-27,15.10,15.13,14.76,14.84,15823983,235474656.000
2014-10-28,14.86,15.07,14.80,15.04,15895175,237159216.000
2014-10-29,15.14,15.45,15.05,15.43,21886876,334664416.000
2014-10-30,15.40,15.50,15.23,15.43,15587713,239574896.000
2014-10-31,15.55,16.23,15.50,16.16,46061064,731215872.000
2014-11-03,16.10,16.15,15.81,15.95,26658213,426023264.000
2014-11-04,15.88,15.92,15.75,15.84,14145938,223832160.000
2014-11-05,15.85,16.00,15.77,15.89,14062662,223538960.000
2014-11-06,15.95,15.99,15.60,15.78,11525468,181817360.000
2014-11-07,15.78,16.32,15.75,15.89,39512460,634245312.000
2014-11-10,16.33,16.56,16.12,16.53,66088455,1086709376.000
2014-11-11,16.58,17.08,16.33,16.62,53301926,893862528.000
2014-11-12,16.52,16.82,16.38,16.78,27041383,450044096.000
2014-11-13,16.90,17.72,16.90,17.01,74106065,1277632128.000
2014-11-14,17.04,17.16,16.60,16.98,35834112,603807104.000
2014-11-17,17.50,17.62,16.46,16.52,57055004,972711552.000
2014-11-18,16.52,16.62,16.15,16.24,21123694,345669152.000
2014-11-19,16.24,16.36,16.10,16.16,15172203,246513328.000
2014-11-20,16.17,17.09,16.17,16.67,34772384,577783168.000
2014-11-21,16.61,17.40,16.49,17.22,50701322,863101504.000
2014-11-24,17.80,18.74,17.78,18.61,120149938,2196779008.000
2014-11-25,18.41,19.15,18.35,18.90,58350582,1099414016.000
2014-11-26,18.78,20.79,18.76,20.76,156918379,3119032576.000
2014-11-27,21.10,22.25,20.90,21.98,146482598,3168144128.000
2014-11-28,21.74,23.01,21.38,22.60,105042941,2339321088.000
2014-12-01,22.75,23.30,21.56,21.79,91447130,2042077184.000
2014-12-02,21.48,23.97,21.41,23.57,109399016,2489453824.000
2014-12-03,23.70,24.62,22.30,23.15,141350092,3349847808.000
2014-12-04,23.10,25.44,22.50,25.40,121876234,2916805888.000
2014-12-05,25.39,26.80,24.50,25.82,138726178,3570836224.000
2014-12-08,25.00,27.77,24.40,27.28,134327948,3589472768.000
2014-12-09,26.00,28.04,24.55,24.55,159540796,4202858752.000
2014-12-10,24.30,25.25,22.31,24.15,120025366,2847467264.000
2014-12-11,23.10,23.90,22.58,22.79,88274717,2046867712.000
2014-12-12,22.88,23.92,22.88,23.17,76391486,1787411840.000
2014-12-15,22.90,23.52,22.39,23.34,51746978,1183446144.000
2014-12-16,23.35,25.20,23.08,25.09,142621758,3452270592.000
2014-12-17,25.33,26.00,24.34,25.40,144122059,3622491392.000
2014-12-18,25.55,26.36,24.76,25.55,102664315,2643853568.000
2014-12-19,25.38,25.90,24.01,25.02,70098012,1750514688.000
2014-12-22,24.91,26.88,24.91,25.56,105976809,2750980608.000
2014-12-23,25.17,28.12,24.76,26.84,175827170,4756468736.000
2014-12-24,27.20,27.37,24.78,25.34,128519997,3320535040.000
2014-12-25,25.41,27.87,25.18,27.87,157359379,4235764736.000
2014-12-26,28.56,30.66,27.95,30.66,184950703,5428837888.000
2014-12-29,32.17,33.73,31.57,33.73,206703963,6851219968.000
2014-12-30,33.60,34.31,32.50,34.03,161245848,5416343552.000
2014-12-31,34.20,34.51,32.80,34.15,128996934,4350502400.000
2015-01-05,34.50,35.99,33.30,34.09,170916843,5896111104.000
2015-01-06,33.00,33.44,31.02,32.40,152768390,4951711232.000
2015-01-07,32.05,34.22,32.03,33.06,103683223,3433854464.000
2015-01-08,33.35,33.97,31.57,31.98,85923765,2782686720.000
2015-01-09,31.90,35.18,31.55,33.88,215652141,7339543552.000
2015-01-12,33.30,34.93,32.49,34.82,188371467,6344482304.000
2015-01-13,34.50,34.95,33.47,34.09,99453807,3402139648.000
2015-01-14,34.16,34.25,32.10,32.93,97196319,3221527552.000
2015-01-15,33.30,36.22,32.80,36.19,200039993,6988865536.000
2015-01-16,36.19,38.52,35.51,36.80,206909176,7682669568.000
2015-01-19,33.12,34.55,33.12,33.12,153825043,5187471360.000
2015-01-20,33.30,34.50,32.32,34.40,193629126,6484152320.000
2015-01-21,34.80,37.84,34.70,37.84,185699461,6783553024.000
2015-01-22,39.30,40.17,38.23,39.23,205301966,8035353600.000
2015-01-23,39.80,42.23,38.40,40.24,237365504,9503758336.000
2015-01-26,39.58,40.30,38.70,39.61,115590170,4558080000.000
2015-01-27,40.10,41.33,37.79,40.63,169131858,6743042048.000
2015-01-28,39.56,40.00,38.73,38.90,105098688,4125616128.000
2015-01-29,38.00,38.35,37.05,38.00,109984336,4152197376.000
2015-01-30,37.71,38.50,36.05,36.08,102844778,3795842816.000
2015-02-02,33.80,35.01,33.30,33.68,117445587,4000872704.000
2015-02-03,34.35,37.05,33.67,36.72,173165916,6108410368.000
2015-02-04,36.60,37.88,35.70,36.09,149843921,5501702656.000
2015-02-05,37.89,37.90,35.18,35.24,162454023,5992826368.000
2015-02-06,34.71,35.50,33.72,34.82,100725941,3495490048.000
2015-02-09,34.32,37.50,34.32,36.88,146839128,5340882944.000
2015-02-10,36.82,37.48,36.38,37.30,119164713,4412464128.000
2015-02-11,37.50,38.70,36.66,38.34,120507602,4545128448.000
2015-02-12,38.00,39.33,37.41,38.76,104973338,4033025536.000
2015-02-13,39.00,39.43,37.86,38.13,119174769,4611751936.000
2015-02-16,38.25,38.60,37.29,37.94,94748662,3590120192.000
2015-02-17,38.00,39.07,37.88,38.36,100603294,3876550400.000
2015-02-25,37.70,37.78,36.50,36.65,86607676,3199449344.000
2015-02-26,36.50,38.34,35.30,37.88,110280983,4080401408.000
2015-02-27,37.72,38.24,37.27,37.46,71513132,2697024512.000
2015-03-02,37.99,38.14,36.50,37.24,98315769,3666371584.000
2015-03-03,36.77,36.80,35.41,35.61,101165028,3649935360.000
2015-03-04,35.70,36.11,35.15,35.65,71073897,2534276608.000
2015-03-05,35.20,35.85,34.70,35.11,74050191,2601737216.000
2015-03-06,35.10,35.75,34.80,34.92,48544816,1709203328.000
2015-03-09,34.30,36.22,33.67,35.95,100528649,3518945792.000
2015-03-10,35.40,35.79,34.91,35.14,57525821,2027232256.000
2015-03-11,35.30,36.60,35.26,35.54,95638787,3436679168.000
2015-03-12,36.00,37.50,35.70,37.12,147241172,5413219328.000
2015-03-13,37.20,38.00,36.38,36.67,105877164,3928302080.000
2015-03-16,36.91,38.00,36.40,37.77,123243503,4596850688.000
2015-03-17,37.77,37.86,37.10,37.51,102285982,3832420096.000
2015-03-18,37.52,38.10,37.34,37.99,109945351,4141392128.000
2015-03-19,37.79,37.79,36.80,36.93,94786245,3521228544.000
2015-03-20,37.30,39.02,36.52,37.73,159592061,6033631744.000
2015-03-23,37.60,38.88,37.30,38.45,143561325,5478076416.000
2015-03-24,38.45,38.48,36.96,37.48,114627337,4319223808.000
2015-03-25,37.46,37.46,36.01,36.26,99723545,3647398400.000
2015-03-26,35.83,37.44,35.45,36.45,101829239,3725398528.000
2015-03-27,36.19,36.90,35.80,36.27,56493363,2047842432.000
2015-03-30,36.50,37.38,35.96,37.25,120796055,4459404800.000
2015-03-31,37.80,38.76,36.90,37.05,140245575,5310380032.000
2015-04-01,37.58,38.40,37.50,37.80,103837692,3928357888.000
2015-04-02,38.07,38.27,37.00,37.56,87036816,3270392064.000
2015-04-03,37.10,37.99,37.08,37.61,82863271,3112972288.000
2015-04-07,37.98,39.15,37.45,39.08,154954582,5899681792.000
2015-04-08,39.15,42.00,38.51,40.76,241588170,9719812096.000
2015-04-09,40.91,42.50,39.70,39.85,184800054,7571081216.000
2015-04-10,39.80,41.62,39.55,41.19,130270060,5312656384.000
数据来源:通达信
