601998 中信银行 日线 前复权
      日期	    开盘	    最高	    最低	    收盘	    成交量	    成交额
2011-03-02,4.39,4.54,4.37,4.46,30072730,162921664.000
2011-03-03,4.46,4.68,4.44,4.58,81522810,454229248.000
2011-03-04,4.57,4.71,4.56,4.67,57100603,322381952.000
2011-03-07,4.68,4.75,4.64,4.67,33701115,192114352.000
2011-03-08,4.65,4.74,4.64,4.66,16681598,94634496.000
2011-03-09,4.68,4.70,4.59,4.64,22995086,129069648.000
2011-03-10,4.61,4.61,4.53,4.57,20804604,114968760.000
2011-03-11,4.56,4.57,4.45,4.48,21360284,116829496.000
2011-03-14,4.48,4.53,4.46,4.49,8807302,47875752.000
2011-03-15,4.46,4.47,4.32,4.40,19183155,102001232.000
2011-03-16,4.40,4.44,4.38,4.43,9363611,50140096.000
2011-03-17,4.40,4.43,4.37,4.39,7624683,40635696.000
2011-03-18,4.43,4.44,4.36,4.39,10946407,58442864.000
2011-03-21,4.39,4.42,4.37,4.39,10720385,57032216.000
2011-03-22,4.41,4.47,4.36,4.47,19852564,106788464.000
2011-03-23,4.45,4.50,4.43,4.49,25181581,136623312.000
2011-03-24,4.50,4.50,4.44,4.44,11300635,61152224.000
2011-03-25,4.48,4.56,4.44,4.52,22035696,120808280.000
2011-03-28,4.53,4.69,4.53,4.59,29376407,164789968.000
2011-03-29,4.59,4.79,4.55,4.73,72814754,415781888.000
2011-03-30,4.72,4.81,4.64,4.76,37783665,217305168.000
2011-03-31,4.75,4.79,4.67,4.68,27915740,159690208.000
2011-04-01,4.66,4.77,4.64,4.73,21182801,121078984.000
2011-04-06,4.70,4.91,4.69,4.79,47875574,280144256.000
2011-04-08,4.78,4.82,4.70,4.74,29399939,169423632.000
2011-04-11,4.76,4.79,4.67,4.69,23802591,136118000.000
2011-04-12,4.67,4.69,4.61,4.65,23464875,132231504.000
2011-04-13,4.64,4.71,4.59,4.69,32287504,181590960.000
2011-04-14,4.69,4.79,4.67,4.70,35500876,203366752.000
2011-04-15,4.69,4.84,4.69,4.80,38674259,224233520.000
2011-04-18,4.79,4.81,4.75,4.79,16692520,96614240.000
2011-04-19,4.75,4.78,4.64,4.65,19957971,114066512.000
2011-04-20,4.68,4.71,4.66,4.68,12519810,71033024.000
2011-04-21,4.69,4.74,4.66,4.70,8396397,47824456.000
2011-04-22,4.69,4.74,4.67,4.69,7763588,44178208.000
2011-04-25,4.67,4.72,4.63,4.67,11998668,68051560.000
2011-04-26,4.64,4.70,4.61,4.64,16253231,91629696.000
2011-04-27,4.66,4.72,4.62,4.71,22343370,126641984.000
2011-04-28,4.72,4.85,4.70,4.71,34823052,201896080.000
2011-04-29,4.70,4.75,4.55,4.59,23701503,132096336.000
2011-05-03,4.61,4.62,4.56,4.60,12386014,68902072.000
2011-05-04,4.59,4.59,4.42,4.47,19021139,103933472.000
2011-05-05,4.47,4.54,4.44,4.49,8611076,46816844.000
2011-05-06,4.47,4.49,4.44,4.46,8212452,44439700.000
2011-05-09,4.47,4.49,4.39,4.44,7984479,43022344.000
2011-05-10,4.44,4.49,4.43,4.47,5442726,29435336.000
2011-05-11,4.48,4.49,4.43,4.46,6696282,36204960.000
2011-05-12,4.46,4.47,4.39,4.40,8121516,43632648.000
2011-05-13,4.41,4.47,4.40,4.47,6722988,36131680.000
2011-05-16,4.44,4.46,4.39,4.42,9133688,48927224.000
2011-05-17,4.41,4.45,4.36,4.42,13118936,69898760.000
2011-05-18,4.41,4.46,4.38,4.44,9321970,50135944.000
2011-05-19,4.44,4.47,4.40,4.41,6413446,34458696.000
2011-05-20,4.42,4.54,4.40,4.54,27171264,148697952.000
2011-05-23,4.50,4.50,4.44,4.44,9978199,53889560.000
2011-05-24,4.44,4.44,4.32,4.33,18126849,95858592.000
2011-05-25,4.34,4.34,4.19,4.21,16536916,85307688.000
2011-05-27,4.23,4.29,4.19,4.22,14320574,73471112.000
2011-05-30,4.20,4.27,4.20,4.24,11250672,57849000.000
2011-05-31,4.24,4.27,4.20,4.26,10161790,52218940.000
2011-06-01,4.26,4.26,4.20,4.23,7962120,40818708.000
2011-06-02,4.20,4.22,3.99,4.06,32027026,159285344.000
2011-06-03,4.04,4.09,4.04,4.09,10032572,49557960.000
2011-06-07,4.08,4.11,4.04,4.09,6160728,30557872.000
2011-06-08,4.10,4.11,4.04,4.09,6898743,34069708.000
2011-06-09,4.09,4.09,4.04,4.04,5114621,25254620.000
2011-06-10,4.05,4.07,4.02,4.05,8785773,43153604.000
2011-06-13,4.02,4.05,3.99,4.04,6129212,29879816.000
2011-06-14,4.04,4.09,4.01,4.08,9519594,46959328.000
2011-06-15,4.07,4.07,3.99,4.02,11800636,57649620.000
2011-06-16,4.00,4.00,3.96,3.98,6618413,31965430.000
2011-06-17,3.96,3.99,3.88,3.90,10843090,51892336.000
2011-06-20,3.89,3.91,3.82,3.84,16051970,74817624.000
2011-06-21,3.85,3.86,3.81,3.84,15744701,73226408.000
2011-06-22,3.84,3.89,3.81,3.85,15061462,70389584.000
2011-06-23,3.84,3.92,3.82,3.90,12391337,58143936.000
2011-06-24,3.89,4.00,3.88,3.99,42542063,203599408.000
2011-06-27,3.99,4.01,3.94,3.95,39873223,191992016.000
2011-06-28,3.95,3.96,3.89,3.91,45787197,217317792.000
2011-07-07,3.99,3.99,3.86,3.88,61906093,279263168.000
2011-07-08,3.87,3.99,3.83,3.95,60646050,274090112.000
2011-07-11,3.91,3.93,3.87,3.89,36973005,166062768.000
2011-07-12,3.87,3.87,3.79,3.80,34652311,153161648.000
2011-07-13,3.80,3.90,3.79,3.88,43047306,191568688.000
2011-07-14,3.87,3.93,3.80,3.91,54322622,242771072.000
2011-07-15,3.89,3.94,3.86,3.94,31531642,142341440.000
2011-07-18,3.94,3.95,3.90,3.91,22144826,100148472.000
2011-07-19,3.90,3.90,3.85,3.86,15177520,67769432.000
2011-07-20,3.88,3.91,3.83,3.85,9764046,43591596.000
2011-07-21,3.87,3.87,3.80,3.82,25794106,113851904.000
2011-07-22,3.83,3.84,3.78,3.81,18964124,83613688.000
2011-07-25,3.80,3.81,3.70,3.72,23099471,100658832.000
2011-07-26,3.72,3.76,3.70,3.73,10236343,44348688.000
2011-07-27,3.72,3.77,3.70,3.74,13118946,57014740.000
2011-07-28,3.71,3.79,3.70,3.75,19740655,86119480.000
2011-07-29,3.74,4.19,3.72,4.09,187613060,884840448.000
2011-08-01,3.93,3.99,3.87,3.94,106188483,481208128.000
2011-08-02,3.90,3.94,3.81,3.92,60974366,272888576.000
2011-08-03,3.85,4.00,3.84,3.94,57520863,260334912.000
2011-08-04,3.95,3.98,3.87,3.88,33086456,149244768.000
2011-08-05,3.75,3.83,3.72,3.78,34773253,152259280.000
2011-08-08,3.75,3.84,3.51,3.64,47803888,206154304.000
2011-08-09,3.51,3.74,3.51,3.69,54820286,232641728.000
2011-08-10,3.75,3.78,3.69,3.72,41239868,178933760.000
2011-08-11,3.65,3.81,3.62,3.77,26459937,114367664.000
2011-08-12,3.77,3.84,3.73,3.77,28167030,123207296.000
2011-08-15,3.76,4.03,3.73,3.94,63013707,284039552.000
2011-08-16,3.91,4.00,3.89,3.91,36461906,165528352.000
2011-08-17,3.89,3.96,3.89,3.90,22080630,99970416.000
2011-08-18,3.93,3.93,3.80,3.82,14997213,66754680.000
2011-08-19,3.75,3.81,3.69,3.79,19575183,85041816.000
2011-08-22,3.78,3.86,3.75,3.77,12258686,53888532.000
2011-08-23,3.79,3.95,3.76,3.92,28795860,129198832.000
2011-08-24,3.93,3.95,3.85,3.88,13873103,62489040.000
2011-08-25,3.90,4.06,3.89,4.03,72672634,334332000.000
2011-08-26,3.97,4.03,3.96,4.03,30014302,137974640.000
2011-08-29,3.98,3.98,3.83,3.86,49992608,224076688.000
2011-08-30,3.90,3.98,3.79,3.83,39858739,178928768.000
2011-08-31,3.80,3.89,3.80,3.86,14499546,64507648.000
2011-09-01,3.86,3.95,3.84,3.90,24722568,111011208.000
2011-09-02,3.90,3.91,3.82,3.86,12462581,55576568.000
2011-09-05,3.81,3.99,3.77,3.89,27452657,122980688.000
2011-09-06,3.81,3.93,3.81,3.89,23267539,104218488.000
2011-09-07,3.92,4.05,3.91,4.04,55843572,256475104.000
2011-09-08,4.03,4.07,3.97,4.01,28054830,129624360.000
2011-09-09,4.01,4.09,3.99,4.00,29155638,135148560.000
2011-09-13,3.94,4.06,3.90,4.05,29044460,133354672.000
2011-09-14,4.07,4.12,3.95,4.11,36676943,170601712.000
2011-09-15,4.08,4.13,4.01,4.02,28193205,131572864.000
2011-09-16,4.04,4.11,4.02,4.04,21270291,99209920.000
2011-09-19,4.00,4.01,3.93,3.96,15200503,69344584.000
2011-09-20,3.95,4.09,3.93,4.04,20664982,95410656.000
2011-09-21,4.03,4.14,3.99,4.09,45812825,215076928.000
2011-09-22,4.05,4.10,3.94,3.95,39169645,181364608.000
2011-09-23,3.90,3.93,3.82,3.90,29575262,132076944.000
2011-09-26,3.84,3.97,3.79,3.83,24986936,112101168.000
2011-09-27,3.86,3.89,3.81,3.86,13211807,58883036.000
2011-09-28,3.88,3.90,3.74,3.76,16317606,71870984.000
2011-09-29,3.72,3.83,3.72,3.76,13969364,61081248.000
2011-09-30,3.80,3.83,3.68,3.70,18348607,79495392.000
2011-10-10,3.72,3.73,3.58,3.61,17567841,74114232.000
2011-10-11,3.76,3.80,3.63,3.67,19089470,82484288.000
2011-10-12,3.66,3.84,3.61,3.81,29473231,129363072.000
2011-10-13,3.79,3.85,3.77,3.81,21037779,92801688.000
2011-10-14,3.81,3.81,3.73,3.79,14065976,61453868.000
2011-10-17,3.79,3.85,3.76,3.84,21146751,93420832.000
2011-10-18,3.80,3.83,3.72,3.74,16616078,72687464.000
2011-10-20,3.72,3.74,3.55,3.65,27683845,116850016.000
2011-10-21,3.65,3.72,3.58,3.64,20805495,88413800.000
2011-10-24,3.64,3.78,3.60,3.75,27170326,117114920.000
2011-10-25,3.73,3.81,3.70,3.79,21718548,94852688.000
2011-10-26,3.76,3.90,3.76,3.86,33311201,147947008.000
2011-10-27,3.87,3.90,3.84,3.90,32794744,146513616.000
2011-10-28,3.94,3.98,3.89,3.91,32249087,145867808.000
2011-10-31,3.90,3.92,3.82,3.85,21906355,97710080.000
2011-11-01,3.81,3.92,3.79,3.86,25577178,114148600.000
2011-11-02,3.81,3.92,3.79,3.92,22217854,99101664.000
2011-11-03,3.93,3.99,3.89,3.91,41308419,187915056.000
2011-11-04,3.93,3.96,3.90,3.95,19675044,89146032.000
2011-11-07,3.94,3.96,3.90,3.91,14050709,63660480.000
2011-11-08,3.93,3.97,3.89,3.95,23093489,104815776.000
2011-11-09,3.97,3.98,3.92,3.97,15507607,70670288.000
2011-11-10,3.93,3.95,3.87,3.88,16717992,75238328.000
2011-11-11,3.90,3.92,3.84,3.85,8350548,36976064.000
2011-11-14,3.89,3.93,3.85,3.92,14065161,62639772.000
2011-11-15,3.91,3.92,3.85,3.88,14438026,63950668.000
2011-11-16,3.88,3.90,3.76,3.78,21880379,95475744.000
2011-11-17,3.78,3.82,3.76,3.78,13437925,58198900.000
2011-11-18,3.77,3.77,3.68,3.69,22255049,94785952.000
2011-11-21,3.69,3.70,3.64,3.66,16358456,68870376.000
2011-11-22,3.65,3.72,3.64,3.70,14428022,60960616.000
2011-11-23,3.70,3.72,3.64,3.65,11091776,46801984.000
2011-11-24,3.63,3.69,3.62,3.67,10509537,44137560.000
2011-11-25,3.66,3.66,3.62,3.63,8978777,37591760.000
2011-11-28,3.64,3.67,3.59,3.60,14167251,59145616.000
2011-11-29,3.63,3.65,3.59,3.64,14780167,61613968.000
2011-11-30,3.63,3.63,3.46,3.49,31484731,128449872.000
2011-12-01,3.61,3.67,3.55,3.59,57033228,237307680.000
2011-12-02,3.57,3.58,3.51,3.56,18378453,75170288.000
2011-12-05,3.55,3.59,3.52,3.55,16922960,69452080.000
2011-12-06,3.54,3.58,3.52,3.54,11954085,48989524.000
2011-12-07,3.54,3.60,3.53,3.59,11895196,48955392.000
2011-12-08,3.58,3.60,3.52,3.57,15883629,65242016.000
2011-12-09,3.53,3.56,3.52,3.54,8692836,35563436.000
2011-12-12,3.54,3.55,3.49,3.54,11403475,46404404.000
2011-12-13,3.52,3.53,3.46,3.48,16020879,64911860.000
2011-12-14,3.47,3.51,3.44,3.45,11556802,46413364.000
2011-12-15,3.44,3.45,3.38,3.39,18709474,74023456.000
2011-12-16,3.39,3.46,3.37,3.46,17876261,70753560.000
2011-12-19,3.42,3.45,3.36,3.43,16827893,66534756.000
2011-12-20,3.42,3.49,3.39,3.44,15374248,61583596.000
2011-12-21,3.47,3.53,3.42,3.43,21681168,87521016.000
2011-12-22,3.43,3.47,3.39,3.47,14120541,56275304.000
2011-12-23,3.47,3.51,3.44,3.48,15522708,62597964.000
2011-12-26,3.46,3.49,3.45,3.46,7456621,29947136.000
2011-12-27,3.46,3.47,3.41,3.42,15075346,60083300.000
2011-12-29,3.43,3.46,3.41,3.43,14056999,56046456.000
2011-12-30,3.43,3.50,3.43,3.49,13527269,54345000.000
2012-01-04,3.49,3.51,3.44,3.44,16045029,64628316.000
2012-01-05,3.43,3.73,3.43,3.55,86350111,358083840.000
2012-01-06,3.55,3.62,3.52,3.60,38384735,158257312.000
2012-01-09,3.59,3.69,3.55,3.66,42295739,177221088.000
2012-01-10,3.65,3.73,3.62,3.72,41350444,174713440.000
2012-01-11,3.70,3.72,3.66,3.67,19292556,81703680.000
2012-01-12,3.66,3.80,3.65,3.72,31411316,134602208.000
2012-01-13,3.72,3.74,3.63,3.68,20844130,88166208.000
2012-01-16,3.66,3.72,3.64,3.70,16579786,70152792.000
2012-01-17,3.69,3.84,3.67,3.81,33993650,146377600.000
2012-01-18,3.79,3.81,3.72,3.75,27958203,120335968.000
2012-01-19,3.75,3.83,3.74,3.81,22634791,98514600.000
2012-01-20,3.83,3.92,3.82,3.89,32292923,142673776.000
2012-01-30,3.90,3.90,3.81,3.82,16191909,71119664.000
2012-01-31,3.82,3.84,3.76,3.81,15125657,65744648.000
2012-02-01,3.80,3.82,3.73,3.74,13046693,56521668.000
2012-02-02,3.76,3.85,3.71,3.84,21246014,92195104.000
2012-02-03,3.82,3.90,3.81,3.88,26739717,118040688.000
2012-02-06,3.88,3.92,3.86,3.89,24243346,107707744.000
2012-02-07,3.87,3.89,3.77,3.81,15589530,67974840.000
2012-02-08,3.79,3.97,3.78,3.91,26114105,115404008.000
2012-02-09,3.91,4.01,3.87,3.94,33999737,152960752.000
2012-02-10,3.93,4.00,3.89,3.91,13088419,58506656.000
2012-02-13,3.89,3.94,3.85,3.91,19825959,88068992.000
2012-02-14,3.89,3.91,3.84,3.85,13038324,57504572.000
2012-02-15,3.84,3.89,3.83,3.85,14824579,65437356.000
2012-02-16,3.85,3.88,3.82,3.85,13717366,60386056.000
2012-02-17,3.88,3.89,3.82,3.86,10295720,45413416.000
2012-02-20,3.91,3.92,3.84,3.87,20438044,90465232.000
2012-02-21,3.87,3.87,3.83,3.87,12083192,53250456.000
2012-02-22,3.86,3.89,3.85,3.88,33139928,146441936.000
2012-02-23,3.88,3.91,3.87,3.90,31264913,138813392.000
2012-02-24,3.90,3.94,3.86,3.94,44612078,198730672.000
2012-02-27,3.95,4.00,3.93,3.94,44077962,199042048.000
2012-02-28,3.94,4.07,3.94,4.03,49374436,225750832.000
2012-02-29,4.01,4.03,3.97,3.97,29650177,134884976.000
2012-03-01,3.96,3.99,3.95,3.98,12515653,56647440.000
2012-03-02,3.98,4.10,3.96,4.08,34601140,158987872.000
2012-03-05,4.11,4.14,4.03,4.03,28374675,131058712.000
2012-03-07,3.94,4.01,3.92,3.96,23439331,105528048.000
2012-03-08,3.95,4.01,3.93,3.97,16448774,74423200.000
2012-03-09,3.97,4.00,3.94,3.99,13532215,61106592.000
2012-03-12,3.98,3.98,3.92,3.94,15435529,69419504.000
2012-03-13,3.94,3.99,3.93,3.99,17921312,81037328.000
2012-03-14,4.00,4.05,3.92,3.94,35781602,162392848.000
2012-03-15,3.93,3.99,3.91,3.93,21767422,97866072.000
2012-03-16,3.94,3.95,3.87,3.93,16381711,73077472.000
2012-03-19,3.91,3.95,3.88,3.91,17414453,77611912.000
2012-03-20,3.90,3.92,3.84,3.85,11186516,49512292.000
2012-03-21,3.86,3.89,3.83,3.86,7220037,31812720.000
2012-03-22,3.85,4.14,3.83,3.97,36208314,164986512.000
2012-03-23,3.93,4.00,3.87,3.89,24514921,109488272.000
2012-03-26,3.88,3.94,3.87,3.91,9730504,43362012.000
2012-03-27,3.93,3.95,3.89,3.90,10763964,48032012.000
2012-03-28,3.89,3.91,3.76,3.79,11009756,48326960.000
2012-03-29,3.76,3.78,3.66,3.67,13661737,58348564.000
2012-03-30,3.68,3.72,3.67,3.71,9879058,41953504.000
2012-04-05,3.68,3.75,3.65,3.73,17213904,73176144.000
2012-04-06,3.71,3.75,3.69,3.74,11530388,49278216.000
2012-04-09,3.72,3.73,3.63,3.64,16261735,68638592.000
2012-04-10,3.63,3.77,3.63,3.75,21343424,90836888.000
2012-04-11,3.70,3.76,3.69,3.72,12559115,53693304.000
2012-04-12,3.73,3.86,3.68,3.83,25672523,111463008.000
2012-04-13,3.81,3.86,3.78,3.82,16397506,71585440.000
2012-04-16,3.79,3.82,3.76,3.79,10952785,47499568.000
2012-04-17,3.78,3.81,3.77,3.78,11007128,47741488.000
2012-04-18,3.79,3.92,3.77,3.90,26416567,116672280.000
2012-04-19,3.87,3.91,3.85,3.90,13260173,58658016.000
2012-04-20,3.88,3.98,3.88,3.96,22106928,99338976.000
2012-04-23,3.94,4.00,3.91,3.92,15995321,71875344.000
2012-04-24,3.90,4.18,3.89,4.00,73873781,339885760.000
2012-04-25,3.96,4.02,3.96,3.99,30300205,137566848.000
2012-04-26,4.00,4.04,3.95,3.97,21422819,97037696.000
2012-04-27,3.98,3.99,3.96,3.98,10097937,45711720.000
2012-05-02,4.02,4.05,3.98,4.03,32700413,149395424.000
2012-05-03,4.03,4.03,3.98,3.99,16055217,73146272.000
2012-05-04,3.99,4.07,3.98,4.05,25696248,118025936.000
2012-05-07,4.02,4.09,4.00,4.04,17986973,82775008.000
2012-05-08,4.04,4.08,3.99,4.05,23521588,107922848.000
2012-05-09,4.02,4.03,3.95,3.95,10662428,48286616.000
2012-05-10,3.96,3.97,3.92,3.95,7906733,35557184.000
2012-05-11,3.93,3.97,3.90,3.91,8800385,39410564.000
2012-05-14,3.95,3.95,3.84,3.85,17121386,75834880.000
2012-05-15,3.83,3.86,3.76,3.81,14742691,64138100.000
2012-05-16,3.80,3.80,3.71,3.72,18338147,78910216.000
2012-05-17,3.74,3.81,3.72,3.77,17114332,73707872.000
2012-05-18,3.75,3.76,3.70,3.72,12400451,52973232.000
2012-05-21,3.73,3.77,3.71,3.74,8097510,34791032.000
2012-05-22,3.74,3.79,3.74,3.79,8923792,38588528.000
2012-05-23,3.79,3.79,3.73,3.74,13164695,56557212.000
2012-05-24,3.74,3.77,3.68,3.70,17839072,76015256.000
2012-05-25,3.70,3.71,3.66,3.67,11914055,50342296.000
2012-05-28,3.65,3.71,3.65,3.70,18349221,77755128.000
2012-05-29,3.70,3.75,3.67,3.74,24132258,102940984.000
2012-05-31,3.69,3.70,3.67,3.69,15830735,67074768.000
2012-06-01,3.69,3.71,3.67,3.69,13168452,55831664.000
2012-06-04,3.66,3.67,3.58,3.58,24590436,102598400.000
2012-06-05,3.60,3.61,3.55,3.58,13419229,55400628.000
2012-06-06,3.58,3.61,3.55,3.60,15907597,65672092.000
2012-06-07,3.62,3.63,3.54,3.55,15955887,65979152.000
2012-06-08,3.57,3.57,3.43,3.44,41552265,166844576.000
2012-06-11,3.45,3.46,3.40,3.42,35042874,139427968.000
2012-06-12,3.40,3.44,3.38,3.42,19458781,76969456.000
2012-06-13,3.42,3.47,3.39,3.45,22915812,91310896.000
2012-06-14,3.44,3.45,3.40,3.41,18588983,73781368.000
2012-06-15,3.42,3.56,3.41,3.52,43592100,176021296.000
2012-06-18,3.53,3.53,3.48,3.50,16613345,67327312.000
2012-06-19,3.50,3.54,3.48,3.52,10907687,44236592.000
2012-06-20,3.52,3.55,3.50,3.51,15495751,63098516.000
2012-06-21,3.50,3.51,3.44,3.46,14032391,56300480.000
2012-06-25,3.46,3.48,3.43,3.43,12073195,48422408.000
2012-06-26,3.44,3.48,3.42,3.44,16378793,65411800.000
2012-06-27,3.44,3.46,3.40,3.42,13674108,54382108.000
2012-06-28,3.43,3.43,3.38,3.39,14104865,55756696.000
2012-06-29,3.38,3.46,3.37,3.45,15165100,60340248.000
2012-07-02,3.45,3.46,3.42,3.43,12179897,48569068.000
2012-07-03,3.44,3.47,3.42,3.44,13159755,52682344.000
2012-07-04,3.45,3.53,3.45,3.49,14188130,57235196.000
2012-07-05,3.47,3.49,3.44,3.47,10457736,41898632.000
2012-07-06,3.40,3.49,3.38,3.47,19671640,78163184.000
2012-07-09,3.44,3.46,3.34,3.36,14996618,59049904.000
2012-07-10,3.37,3.40,3.33,3.37,9938603,38965536.000
2012-07-11,3.37,3.41,3.37,3.39,8625802,34045296.000
2012-07-12,3.38,3.39,3.34,3.37,20666132,80873128.000
2012-07-13,3.36,3.42,3.35,3.39,12047691,47523524.000
2012-07-16,3.40,3.41,3.37,3.40,11538437,45488720.000
2012-07-17,3.40,3.45,3.38,3.44,14673833,58214008.000
2012-07-18,3.44,3.46,3.41,3.45,19581270,78052240.000
2012-07-19,3.46,3.50,3.45,3.47,11382287,44101544.000
2012-07-20,3.45,3.47,3.43,3.45,7702550,29616510.000
2012-07-23,3.42,3.44,3.39,3.41,9151686,34933480.000
2012-07-24,3.43,3.43,3.37,3.38,10033263,38023812.000
2012-07-25,3.39,3.41,3.37,3.38,5712559,21643540.000
2012-07-26,3.38,3.41,3.37,3.40,8097240,30712204.000
2012-07-27,3.41,3.50,3.40,3.46,14849750,57236324.000
2012-07-30,3.46,3.51,3.44,3.46,13480680,52258704.000
2012-07-31,3.47,3.57,3.45,3.53,22891196,89850928.000
2012-08-01,3.53,3.54,3.49,3.51,12980363,50760424.000
2012-08-02,3.51,3.57,3.50,3.56,19109216,75365000.000
2012-08-03,3.55,3.59,3.52,3.54,12138729,48009012.000
2012-08-06,3.57,3.61,3.54,3.56,15860045,63007472.000
2012-08-07,3.55,3.57,3.52,3.53,11120193,43787096.000
2012-08-08,3.53,3.58,3.53,3.57,15584053,61563044.000
2012-08-09,3.56,3.57,3.53,3.56,6565252,25952312.000
2012-08-10,3.60,3.60,3.56,3.56,11303897,45066024.000
2012-08-13,3.57,3.58,3.54,3.54,7946228,31462240.000
2012-08-14,3.55,3.58,3.53,3.56,6183516,24489506.000
2012-08-15,3.55,3.57,3.45,3.47,12004428,46793196.000
2012-08-16,3.47,3.48,3.42,3.44,10597179,40652800.000
2012-08-17,3.44,3.46,3.42,3.46,7080662,27202822.000
2012-08-20,3.43,3.44,3.40,3.43,5434473,20753656.000
2012-08-21,3.44,3.46,3.41,3.42,10449522,40012740.000
2012-08-22,3.43,3.43,3.40,3.43,6023398,22988280.000
2012-08-23,3.43,3.49,3.40,3.48,12180182,46778132.000
2012-08-24,3.45,3.46,3.41,3.43,9910910,38052260.000
2012-08-27,3.41,3.44,3.41,3.41,8297287,31719878.000
2012-08-28,3.42,3.49,3.41,3.46,9252391,35646688.000
2012-08-29,3.45,3.45,3.43,3.43,4250972,16327153.000
2012-08-30,3.44,3.48,3.43,3.48,9350064,36032420.000
2012-08-31,3.46,3.48,3.43,3.46,7077064,27294996.000
2012-09-03,3.46,3.46,3.42,3.45,10612996,40692544.000
2012-09-04,3.45,3.45,3.37,3.39,13636149,51921008.000
2012-09-05,3.38,3.39,3.32,3.35,15873093,59468520.000
2012-09-06,3.36,3.39,3.32,3.38,10279040,38611404.000
2012-09-07,3.39,3.51,3.37,3.42,40155519,154594816.000
2012-09-10,3.44,3.46,3.41,3.43,18956470,72510448.000
2012-09-11,3.42,3.42,3.37,3.41,13926154,52786552.000
2012-09-12,3.42,3.43,3.33,3.37,38365668,144444960.000
2012-09-13,3.36,3.39,3.34,3.36,16619224,62540448.000
2012-09-14,3.37,3.41,3.34,3.39,22973535,86786296.000
2012-09-17,3.37,3.38,3.32,3.34,13452098,50419744.000
2012-09-18,3.33,3.34,3.28,3.29,12414381,45972836.000
2012-09-19,3.29,3.31,3.26,3.29,11370690,41843440.000
2012-09-20,3.28,3.28,3.15,3.20,17993089,65104992.000
2012-09-21,3.18,3.23,3.16,3.18,10704027,38430212.000
2012-09-24,3.17,3.19,3.12,3.17,9823419,34928124.000
2012-09-25,3.16,3.17,3.14,3.16,4658524,16564166.000
2012-09-26,3.17,3.17,3.09,3.12,10835139,38176196.000
2012-09-27,3.12,3.23,3.09,3.20,18392479,65542328.000
2012-09-28,3.17,3.26,3.15,3.25,20713394,75057256.000
2012-10-08,3.26,3.28,3.20,3.23,8046743,29304020.000
2012-10-09,3.24,3.33,3.23,3.31,14673429,54244488.000
2012-10-10,3.30,3.31,3.27,3.29,7097010,26203930.000
2012-10-11,3.28,3.30,3.26,3.28,6946015,25589680.000
2012-10-12,3.29,3.33,3.27,3.30,9752334,36119420.000
2012-10-15,3.30,3.31,3.26,3.28,5850883,21573768.000
2012-10-16,3.28,3.34,3.27,3.30,11264008,41747204.000
2012-10-17,3.31,3.35,3.29,3.31,17417712,64722968.000
2012-10-18,3.33,3.35,3.30,3.34,12791595,47764248.000
2012-10-19,3.34,3.35,3.32,3.34,11296961,42152456.000
2012-10-22,3.32,3.36,3.31,3.35,12922806,48361872.000
2012-10-23,3.35,3.35,3.29,3.30,10022142,37247564.000
2012-10-24,3.29,3.32,3.28,3.30,11503798,42543264.000
2012-10-25,3.29,3.33,3.27,3.29,10628786,39304956.000
2012-10-26,3.28,3.29,3.16,3.18,22657202,81806240.000
2012-10-29,3.17,3.19,3.17,3.18,6462553,23124184.000
2012-10-30,3.16,3.21,3.15,3.19,10109522,36100960.000
2012-10-31,3.18,3.19,3.14,3.18,13538352,48229960.000
2012-11-01,3.17,3.26,3.16,3.24,23554068,85351888.000
2012-11-02,3.24,3.29,3.23,3.28,21196119,77526568.000
2012-11-05,3.28,3.31,3.24,3.28,14767762,54212296.000
2012-11-06,3.28,3.28,3.21,3.25,11787903,42878780.000
2012-11-07,3.25,3.27,3.20,3.26,11890695,43294280.000
2012-11-08,3.23,3.24,3.19,3.19,11335114,40904544.000
2012-11-09,3.18,3.22,3.18,3.18,5764717,20736428.000
2012-11-12,3.21,3.26,3.19,3.25,12373890,44983912.000
2012-11-13,3.26,3.26,3.18,3.22,11806381,42703876.000
2012-11-14,3.22,3.24,3.18,3.22,11212679,40442456.000
2012-11-15,3.20,3.24,3.15,3.17,11987578,43198920.000
2012-11-16,3.16,3.19,3.14,3.15,12329908,43942180.000
2012-11-19,3.16,3.18,3.14,3.16,7853930,28000444.000
2012-11-20,3.17,3.20,3.17,3.18,4566378,16354806.000
2012-11-21,3.17,3.25,3.16,3.24,11691754,42323724.000
2012-11-22,3.23,3.25,3.21,3.23,4926988,17888920.000
2012-11-23,3.24,3.32,3.23,3.26,12867043,47318516.000
2012-11-26,3.26,3.26,3.20,3.23,6602426,23957084.000
2012-11-27,3.22,3.23,3.20,3.20,7906069,28546390.000
2012-11-28,3.20,3.20,3.18,3.19,6956843,24983428.000
2012-11-29,3.20,3.21,3.18,3.19,7155930,25691404.000
2012-11-30,3.19,3.26,3.18,3.23,11232951,40539692.000
2012-12-03,3.23,3.27,3.18,3.20,8121371,29379608.000
2012-12-04,3.20,3.27,3.18,3.26,14118632,51361864.000
2012-12-05,3.25,3.39,3.24,3.36,45325615,169996448.000
2012-12-06,3.34,3.42,3.33,3.37,24501309,92370016.000
2012-12-07,3.38,3.46,3.33,3.44,41574934,158708128.000
2012-12-10,3.45,3.52,3.44,3.47,40455378,156814288.000
2012-12-11,3.46,3.48,3.43,3.44,19090033,73668080.000
2012-12-12,3.45,3.55,3.43,3.46,26736766,103821768.000
2012-12-13,3.46,3.46,3.39,3.41,19659528,75091728.000
2012-12-14,3.41,3.70,3.40,3.67,72191355,288767552.000
2012-12-17,3.68,3.78,3.67,3.74,76450411,316646976.000
2012-12-18,3.72,3.79,3.70,3.75,49670219,206232720.000
2012-12-19,3.74,3.77,3.69,3.73,24172579,99920352.000
2012-12-20,3.70,3.72,3.62,3.70,21837143,88880864.000
2012-12-21,3.69,3.70,3.60,3.61,30979978,125138944.000
2012-12-24,3.62,3.69,3.61,3.64,21570490,87468968.000
2012-12-25,3.63,3.82,3.61,3.78,44125288,183767360.000
2012-12-26,3.77,3.80,3.72,3.76,21193270,88029416.000
2012-12-27,3.77,3.80,3.72,3.73,18561385,76995952.000
2012-12-28,3.73,3.81,3.72,3.79,21976013,91765088.000
2012-12-31,3.79,3.91,3.78,3.89,40536670,173332960.000
2013-01-04,3.95,3.99,3.89,3.92,39507987,171127968.000
2013-01-07,3.94,3.98,3.91,3.97,29201436,126997864.000
2013-01-08,3.97,3.98,3.84,3.86,26279405,112651856.000
2013-01-09,3.86,3.89,3.80,3.83,19863330,84060976.000
2013-01-10,3.81,3.89,3.80,3.83,16703189,70919880.000
2013-01-11,3.85,3.86,3.67,3.69,36691290,152326256.000
2013-01-14,3.69,3.88,3.69,3.87,30640844,128917080.000
2013-01-15,3.88,3.94,3.85,3.91,32385923,139330928.000
2013-01-16,3.90,3.92,3.77,3.88,30403058,129257616.000
2013-01-17,3.86,3.88,3.78,3.84,15672044,66169068.000
2013-01-18,3.88,4.05,3.87,4.02,60114021,263184032.000
2013-01-21,4.00,4.18,3.97,4.14,51334884,229995296.000
2013-01-22,4.13,4.44,4.07,4.28,94370426,445081088.000
2013-01-23,4.24,4.49,4.22,4.40,67161770,321167456.000
2013-01-24,4.36,4.65,4.35,4.44,71164840,349798144.000
2013-01-25,4.44,4.46,4.37,4.45,26446700,127118184.000
2013-01-28,4.44,4.65,4.43,4.63,51766918,257898144.000
2013-01-29,4.65,4.74,4.59,4.68,54401644,275049120.000
2013-01-30,4.68,4.68,4.58,4.64,30426793,153038976.000
2013-01-31,4.64,4.65,4.56,4.63,27755828,138727072.000
2013-02-01,4.61,4.87,4.57,4.84,47810699,244972608.000
2013-02-04,4.86,4.96,4.76,4.79,65326785,342957088.000
2013-02-05,4.72,4.74,4.58,4.65,57724863,291167392.000
2013-02-06,4.63,4.74,4.61,4.68,36095473,182674272.000
2013-02-07,4.67,4.68,4.37,4.52,73324917,361538112.000
2013-02-08,4.50,4.54,4.41,4.52,41770820,204105888.000
2013-02-18,4.55,4.57,4.47,4.48,23522799,115230912.000
2013-02-19,4.48,4.49,4.39,4.41,23191919,112184704.000
2013-02-20,4.41,4.43,4.26,4.34,43506408,204766992.000
2013-02-21,4.30,4.30,4.09,4.15,57548883,264578928.000
2013-02-22,4.15,4.18,4.10,4.13,20274607,92154416.000
2013-02-25,4.15,4.25,4.14,4.23,21041375,96617792.000
2013-02-26,4.20,4.35,4.16,4.22,41013930,192197376.000
2013-02-27,4.22,4.31,4.19,4.21,22274408,103167240.000
2013-02-28,4.25,4.36,4.21,4.35,34929834,164437088.000
2013-03-01,4.37,4.40,4.24,4.32,31092376,146841008.000
2013-03-04,4.20,4.22,4.00,4.05,42697543,192485872.000
2013-03-05,4.05,4.31,4.00,4.28,36055241,164596928.000
2013-03-06,4.30,4.34,4.20,4.28,30199897,140840688.000
2013-03-07,4.24,4.30,4.11,4.15,40868366,187554496.000
2013-03-08,4.16,4.19,4.09,4.15,23382476,106182136.000
2013-03-11,4.15,4.18,4.08,4.15,18460592,83796120.000
2013-03-12,4.14,4.19,4.01,4.09,27583735,123905744.000
2013-03-13,4.09,4.10,4.02,4.04,11041235,49249556.000
2013-03-14,4.02,4.13,4.01,4.07,16947275,76069904.000
2013-03-15,4.10,4.24,4.04,4.18,30875261,141106336.000
2013-03-18,4.17,4.22,4.11,4.14,22749681,103817752.000
2013-03-19,4.18,4.30,4.16,4.29,39900995,185308368.000
2013-03-20,4.37,4.76,4.37,4.76,138266931,701914240.000
2013-03-21,4.95,5.08,4.83,5.00,239136608,1279991552.000
2013-03-22,4.96,5.03,4.88,4.95,146839378,784223616.000
2013-03-25,4.96,5.01,4.83,4.91,111583492,593549696.000
2013-03-26,4.86,4.94,4.75,4.87,90882839,475023808.000
2013-03-27,4.84,5.01,4.81,4.87,99355096,529106208.000
2013-03-28,4.34,4.59,4.34,4.39,151947329,735114560.000
2013-03-29,4.28,4.34,4.18,4.27,108631651,506567488.000
2013-04-01,4.28,4.29,4.14,4.20,63087612,290623264.000
2013-04-02,4.20,4.24,4.03,4.08,65685799,296851456.000
2013-04-03,4.08,4.12,3.90,3.97,63815792,281673472.000
2013-04-08,3.85,3.91,3.81,3.89,50565555,215022464.000
2013-04-09,3.90,3.96,3.89,3.91,46419659,200622896.000
2013-04-10,3.89,3.97,3.86,3.89,33786785,145908096.000
2013-04-11,3.93,3.98,3.88,3.92,37247680,161004720.000
2013-04-12,3.93,3.93,3.87,3.88,23765985,102182200.000
2013-04-15,3.89,3.91,3.83,3.85,22947018,97677584.000
2013-04-16,3.84,3.90,3.75,3.89,29910717,126392256.000
2013-04-17,3.89,3.89,3.80,3.85,19598322,83038376.000
2013-04-18,3.82,3.90,3.78,3.90,24558216,104257648.000
2013-04-19,3.89,4.12,3.87,4.07,71475684,315585984.000
2013-04-22,4.03,4.05,3.97,4.01,42969712,189396000.000
2013-04-23,4.01,4.01,3.83,3.84,36193745,155276720.000
2013-04-24,3.86,3.97,3.81,3.93,33092785,142216928.000
2013-04-25,3.90,3.98,3.83,3.90,28297042,121916112.000
2013-04-26,3.93,3.95,3.85,3.87,20002122,85898528.000
2013-05-02,3.85,3.88,3.81,3.83,20408779,86635272.000
2013-05-03,3.85,3.97,3.83,3.90,38963367,168234592.000
2013-05-06,3.91,4.05,3.90,4.02,36520389,160630640.000
2013-05-07,4.00,4.00,3.94,3.98,21976830,96004528.000
2013-05-08,4.00,4.05,3.96,4.00,21782668,96056928.000
2013-05-09,4.01,4.03,3.93,3.96,16957731,73999840.000
2013-05-10,3.95,4.05,3.92,4.00,18768020,82446528.000
2013-05-13,3.99,4.01,3.96,3.98,16084177,70475608.000
2013-05-14,3.98,3.99,3.91,3.93,14486179,62751200.000
2013-05-15,3.94,3.96,3.89,3.91,12501015,53943372.000
2013-05-16,3.90,4.00,3.87,3.99,31419755,136660160.000
2013-05-17,4.00,4.06,3.97,4.03,38232712,168922656.000
2013-05-20,4.04,4.14,4.03,4.08,36556301,164095376.000
2013-05-21,4.08,4.08,4.02,4.05,20707578,92059120.000
2013-05-22,4.05,4.10,4.04,4.09,21409781,95682192.000
2013-05-23,4.08,4.08,3.97,3.98,36252828,160058624.000
2013-05-24,3.99,4.03,3.96,3.99,17854656,78299888.000
2013-05-27,4.00,4.00,3.95,3.97,19507643,85275096.000
2013-05-28,3.97,4.05,3.94,4.05,31102790,136814144.000
2013-05-29,4.05,4.07,4.00,4.03,25977451,115337336.000
2013-05-30,4.01,4.04,3.96,3.98,30072003,131934040.000
2013-05-31,3.99,4.01,3.96,3.96,16493369,72161992.000
2013-06-03,3.96,3.97,3.93,3.96,20630434,89761888.000
2013-06-04,3.94,3.97,3.88,3.91,20484853,88396816.000
2013-06-05,3.90,3.91,3.87,3.88,10950296,46943816.000
2013-06-06,3.88,3.88,3.79,3.81,26177145,110725128.000
2013-06-07,3.81,3.84,3.68,3.70,29094638,120399208.000
2013-06-13,3.70,3.70,3.47,3.54,33781114,133665376.000
2013-06-14,3.56,3.59,3.52,3.55,15330338,60460792.000
2013-06-17,3.57,3.64,3.55,3.56,13112263,52212688.000
2013-06-18,3.59,3.60,3.56,3.59,9681642,38588928.000
2013-06-19,3.58,3.58,3.48,3.52,16784964,65661864.000
2013-06-20,3.50,3.51,3.36,3.36,20676275,79133000.000
2013-06-21,3.31,3.41,3.26,3.37,18686688,70039072.000
2013-06-24,3.36,3.36,3.14,3.18,32246520,116837648.000
2013-06-25,3.15,3.20,3.01,3.16,49456611,173097936.000
2013-06-26,3.19,3.22,3.07,3.10,35042956,123349176.000
2013-06-27,3.13,3.22,3.12,3.17,27556966,98354784.000
2013-06-28,3.15,3.38,3.14,3.31,31093451,114124384.000
2013-07-01,3.31,3.35,3.27,3.30,18714356,69522744.000
2013-07-02,3.31,3.34,3.24,3.29,17887912,66025304.000
2013-07-03,3.28,3.28,3.16,3.21,18658691,67200360.000
2013-07-04,3.19,3.27,3.15,3.22,16010710,57862964.000
2013-07-05,3.24,3.26,3.22,3.23,12357768,44985120.000
2013-07-08,3.20,3.20,3.12,3.16,14247206,50697484.000
2013-07-09,3.15,3.18,3.15,3.16,8801521,31353742.000
2013-07-10,3.15,3.24,3.15,3.24,15067767,54204096.000
2013-07-11,3.24,3.55,3.24,3.44,59740572,228448336.000
2013-07-12,3.45,3.46,3.34,3.35,31370384,119107136.000
2013-07-15,3.41,3.67,3.31,3.51,51898025,202572048.000
2013-07-16,3.50,3.51,3.43,3.51,25883751,100018264.000
2013-07-17,3.49,3.52,3.40,3.42,33981781,130874192.000
2013-07-18,3.42,3.44,3.33,3.38,23876383,86736112.000
2013-07-19,3.40,3.44,3.30,3.31,19615458,70887480.000
2013-07-22,3.27,3.28,3.19,3.25,32935470,115041536.000
2013-07-23,3.26,3.38,3.24,3.35,29551132,105682952.000
2013-07-24,3.32,3.34,3.23,3.28,23050683,81507232.000
2013-07-25,3.30,3.32,3.25,3.27,19481103,68740960.000
2013-07-26,3.25,3.28,3.21,3.23,19735499,68841392.000
2013-07-29,3.21,3.23,3.14,3.16,25509919,87278272.000
2013-07-30,3.17,3.25,3.17,3.22,22336693,77250064.000
2013-07-31,3.23,3.27,3.20,3.21,15423733,53715956.000
2013-08-01,3.22,3.29,3.22,3.27,17102983,59859636.000
2013-08-02,3.29,3.29,3.22,3.24,28699358,100453528.000
2013-08-05,3.24,3.27,3.22,3.26,18894889,66092272.000
2013-08-06,3.25,3.27,3.19,3.25,27910317,96986808.000
2013-08-07,3.24,3.28,3.23,3.25,22362934,78470992.000
2013-08-08,3.25,3.28,3.22,3.24,15186997,53154272.000
2013-08-09,3.25,3.27,3.19,3.25,18329763,63802244.000
2013-08-12,3.25,3.34,3.24,3.33,45746693,162644576.000
2013-08-13,3.33,3.36,3.31,3.36,33557045,120220200.000
2013-08-14,3.35,3.42,3.33,3.36,40975823,148781664.000
2013-08-15,3.36,3.38,3.33,3.33,23167296,83521712.000
2013-08-16,3.32,3.69,3.29,3.36,69335942,255211344.000
2013-08-19,3.34,3.43,3.30,3.40,28149853,101630016.000
2013-08-20,3.38,3.47,3.36,3.37,28638774,104672288.000
2013-08-21,3.38,3.39,3.32,3.35,17910136,64325784.000
2013-08-22,3.34,3.41,3.32,3.34,24550993,88715328.000
2013-08-23,3.36,3.38,3.27,3.35,34010758,121802232.000
2013-08-26,3.35,3.39,3.32,3.38,31213846,112830768.000
2013-08-27,3.38,3.39,3.32,3.35,35750833,128608024.000
2013-08-28,3.32,3.37,3.30,3.35,32276497,115767872.000
2013-08-29,3.36,3.38,3.33,3.34,21506975,77364808.000
2013-08-30,3.34,3.36,3.32,3.34,36955218,132547424.000
2013-09-02,3.35,3.36,3.32,3.35,26680628,95829360.000
2013-09-03,3.35,3.41,3.34,3.41,37921499,137799520.000
2013-09-04,3.39,3.47,3.38,3.46,56222446,206433488.000
2013-09-05,3.45,3.49,3.43,3.49,38939456,144245888.000
2013-09-06,3.47,3.56,3.45,3.54,52097834,196216272.000
2013-09-09,3.56,3.91,3.56,3.85,149043522,601579712.000
2013-09-10,3.83,3.85,3.73,3.81,58360994,235389296.000
2013-09-11,3.83,3.87,3.79,3.81,40244797,164105136.000
2013-09-12,3.81,4.05,3.77,3.91,100206738,419388864.000
2013-09-13,3.90,3.93,3.80,3.83,52428623,215531680.000
2013-09-16,3.87,3.88,3.77,3.81,29061225,118329776.000
2013-09-17,3.82,3.83,3.64,3.66,39019835,155488848.000
2013-09-18,3.66,3.72,3.60,3.68,24580081,96248256.000
2013-09-23,3.69,3.73,3.64,3.71,26039339,102580496.000
2013-09-24,3.69,3.70,3.57,3.64,30279880,117290792.000
2013-09-25,3.62,3.69,3.59,3.61,26451001,102737960.000
2013-09-26,3.61,3.62,3.53,3.55,22242950,84771064.000
2013-09-27,3.55,3.58,3.52,3.55,12484122,47356336.000
2013-09-30,3.57,3.59,3.44,3.50,61612025,230612864.000
2013-10-08,3.46,3.54,3.43,3.53,31484685,117844712.000
2013-10-09,3.52,3.59,3.50,3.55,24430925,92661848.000
2013-10-10,3.55,3.57,3.46,3.48,30718412,115033600.000
2013-10-11,3.50,3.60,3.48,3.58,34663646,131822912.000
2013-10-14,3.59,3.60,3.55,3.57,20996926,80114608.000
2013-10-15,3.57,3.59,3.53,3.56,17031267,64882400.000
2013-10-16,3.55,3.56,3.49,3.51,16504721,62217032.000
2013-10-17,3.53,3.56,3.52,3.53,14557985,55175992.000
2013-10-18,3.54,3.58,3.52,3.56,15108802,57464792.000
2013-10-21,3.58,3.59,3.52,3.59,22373047,85261424.000
2013-10-22,3.58,3.59,3.53,3.56,13072882,49753164.000
2013-10-23,3.57,3.67,3.55,3.58,33303954,128557576.000
2013-10-24,3.57,3.59,3.52,3.53,19931281,75598632.000
2013-10-25,3.53,3.64,3.52,3.55,28370157,108299672.000
2013-10-28,3.55,3.57,3.52,3.55,14266482,54137096.000
2013-10-29,3.56,3.72,3.55,3.63,58031068,224805392.000
2013-10-30,3.64,3.76,3.61,3.75,64140233,253012208.000
2013-10-31,3.73,3.74,3.67,3.68,30694530,121193464.000
2013-11-01,3.68,3.81,3.67,3.78,58567936,235072720.000
2013-11-04,3.81,3.86,3.75,3.80,42830562,173136416.000
2013-11-05,3.77,3.80,3.68,3.78,35499564,141737968.000
2013-11-06,3.75,3.75,3.67,3.67,20777271,82127128.000
2013-11-07,3.68,3.70,3.64,3.68,19314545,75762416.000
2013-11-08,3.67,3.72,3.64,3.66,20487339,80618912.000
2013-11-11,3.66,3.74,3.65,3.71,22132401,87427128.000
2013-11-12,3.71,3.88,3.71,3.80,39841731,161634736.000
2013-11-13,3.75,3.77,3.68,3.71,24980922,99401920.000
2013-11-14,3.70,3.73,3.63,3.68,20608965,81034024.000
2013-11-15,3.68,3.79,3.67,3.72,26918100,107437120.000
2013-11-18,3.74,3.91,3.72,3.88,72214304,293821984.000
2013-11-19,3.88,3.88,3.80,3.83,35722926,146012448.000
2013-11-20,3.86,3.90,3.82,3.86,23810363,97750920.000
2013-11-21,3.83,3.85,3.77,3.84,26560135,107603440.000
2013-11-22,3.84,3.85,3.75,3.76,28692323,116109776.000
2013-11-25,3.75,3.81,3.74,3.74,23013860,92567872.000
2013-11-26,3.74,3.78,3.70,3.73,19213685,76512248.000
2013-11-27,3.73,3.79,3.70,3.76,17715300,70845088.000
2013-11-28,3.77,3.81,3.75,3.78,19556857,78925440.000
2013-11-29,3.79,3.81,3.77,3.78,10478641,42242508.000
2013-12-02,3.77,3.93,3.76,3.84,47763370,195422320.000
2013-12-03,3.83,3.87,3.79,3.86,26476817,107982304.000
2013-12-04,3.83,3.91,3.83,3.88,35022301,144745424.000
2013-12-05,3.89,3.91,3.84,3.86,21616078,89119328.000
2013-12-06,3.86,3.87,3.80,3.84,13319828,54335224.000
2013-12-09,3.84,3.87,3.83,3.84,10704276,43844896.000
2013-12-10,3.85,3.86,3.82,3.84,12006056,49111528.000
2013-12-11,3.82,3.84,3.76,3.80,18805291,75789464.000
2013-12-12,3.79,3.80,3.75,3.77,13883112,55906616.000
2013-12-13,3.74,3.78,3.72,3.76,14476966,57937784.000
2013-12-16,3.77,3.79,3.72,3.73,15118122,60557784.000
2013-12-17,3.73,3.75,3.70,3.70,10791119,42790828.000
2013-12-18,3.71,3.73,3.69,3.70,10759194,42558936.000
2013-12-19,3.71,3.74,3.66,3.67,13877665,54852224.000
2013-12-20,3.67,3.68,3.28,3.33,28062389,107063664.000
2013-12-23,3.54,3.61,3.48,3.53,31136398,118066816.000
2013-12-24,3.53,3.57,3.50,3.55,12968651,49048368.000
2013-12-25,3.56,3.56,3.50,3.53,13150945,49616912.000
2013-12-26,3.53,3.54,3.47,3.48,10518147,39427608.000
2013-12-27,3.48,3.56,3.47,3.54,24057164,90669064.000
2013-12-30,3.57,3.60,3.52,3.53,15831034,60165104.000
2013-12-31,3.51,3.64,3.51,3.62,19984859,76978720.000
2014-01-02,3.60,3.63,3.58,3.61,13273498,51090048.000
2014-01-03,3.58,3.61,3.52,3.55,17005686,65011764.000
2014-01-06,3.55,3.55,3.45,3.49,13614739,50903976.000
2014-01-07,3.46,3.51,3.43,3.48,12226181,45549664.000
2014-01-08,3.49,3.53,3.46,3.49,8370970,31328328.000
2014-01-09,3.46,3.52,3.45,3.47,10259319,38273440.000
2014-01-10,3.47,3.49,3.45,3.46,11417081,42518652.000
2014-01-13,3.49,3.52,3.46,3.51,16814147,62959532.000
2014-01-14,3.51,3.52,3.45,3.48,13938161,51920512.000
2014-01-15,3.48,3.48,3.34,3.39,28874659,104839376.000
2014-01-16,3.39,3.41,3.35,3.38,10949223,39829136.000
2014-01-17,3.36,3.38,3.33,3.34,9303853,33508508.000
2014-01-20,3.34,3.36,3.32,3.34,7249622,26033694.000
2014-01-21,3.34,3.39,3.33,3.37,6980614,25231144.000
2014-01-22,3.36,3.43,3.35,3.42,13923635,50844312.000
2014-01-23,3.41,3.41,3.38,3.39,9956311,36253348.000
2014-01-24,3.38,3.42,3.36,3.40,11252661,41072932.000
2014-01-27,3.38,3.47,3.35,3.38,20665336,75275440.000
2014-01-28,3.39,3.45,3.37,3.44,15759472,57729436.000
2014-01-29,3.44,3.48,3.42,3.47,13908172,51620984.000
2014-01-30,3.45,3.47,3.35,3.36,13967569,51005112.000
2014-02-07,3.36,3.40,3.34,3.39,13312229,48180736.000
2014-02-10,3.40,3.57,3.39,3.55,45262303,170325216.000
2014-02-11,3.54,3.93,3.54,3.93,247558389,1022101504.000
2014-02-12,4.05,4.34,4.00,4.27,320022629,1407578368.000
2014-02-13,4.21,4.72,4.14,4.70,347735327,1655305216.000
2014-02-14,4.55,4.68,4.50,4.61,169245413,817970240.000
2014-02-17,4.59,4.62,4.40,4.56,128669557,612179200.000
2014-02-18,4.51,4.54,4.33,4.44,165625209,773772608.000
2014-02-19,4.41,4.91,4.38,4.91,262104701,1306405632.000
2014-02-20,4.89,5.23,4.70,4.83,182939850,953303616.000
2014-02-21,4.76,4.94,4.61,4.92,112661882,568306048.000
2014-02-24,4.90,5.11,4.64,4.92,134080139,688660160.000
2014-02-25,4.92,5.08,4.47,4.69,113774692,573613184.000
2014-02-26,4.60,5.00,4.49,4.84,94293572,475656384.000
2014-02-27,4.78,5.26,4.76,5.08,137425982,727443200.000
2014-02-28,5.01,5.33,4.81,5.02,121018508,641326144.000
2014-03-03,4.87,4.96,4.77,4.88,95562193,487604192.000
2014-03-04,4.83,4.87,4.71,4.78,66352998,334513792.000
2014-03-05,4.80,4.82,4.66,4.73,54066471,267819664.000
2014-03-06,4.71,4.73,4.56,4.60,61541784,300873984.000
2014-03-07,4.60,4.90,4.58,4.64,100510309,500237696.000
2014-03-10,4.62,4.79,4.57,4.63,68358844,336569760.000
2014-03-11,4.65,4.80,4.64,4.72,63554053,315781472.000
2014-03-12,4.90,5.22,4.80,5.22,215062642,1144427520.000
2014-03-13,5.21,5.26,4.97,5.08,139177734,744670464.000
2014-03-14,5.06,5.08,4.55,4.64,152924572,763228800.000
2014-03-17,4.41,4.49,4.15,4.31,197549977,891918976.000
2014-03-18,4.26,4.42,4.22,4.41,125913541,576630400.000
2014-03-19,4.34,4.36,4.22,4.35,77852547,353469888.000
2014-03-20,4.34,4.40,4.20,4.21,87145234,397307200.000
2014-03-21,4.24,4.51,4.15,4.45,162111593,747079808.000
2014-03-24,4.38,4.63,4.31,4.48,133647745,623548800.000
2014-03-25,4.47,4.47,4.35,4.36,63862084,296596288.000
2014-03-26,4.37,4.42,4.29,4.33,39590654,181577920.000
2014-03-27,4.39,4.52,4.35,4.42,96204704,450105280.000
2014-03-28,4.43,4.45,4.34,4.35,54921134,254759568.000
2014-03-31,4.36,4.39,4.28,4.38,48368842,222318656.000
2014-04-01,4.36,4.47,4.31,4.41,42779482,198843744.000
2014-04-02,4.39,4.47,4.35,4.44,67107555,312277824.000
2014-04-03,4.43,4.44,4.29,4.32,59166104,272663328.000
2014-04-04,4.30,4.37,4.25,4.34,44122736,202173200.000
2014-04-08,4.34,4.53,4.32,4.47,88231719,413577312.000
2014-04-09,4.49,4.49,4.45,4.47,46360539,218753280.000
2014-04-10,4.48,4.56,4.43,4.50,70034379,332016320.000
2014-04-11,4.48,4.96,4.44,4.84,152315884,755630336.000
2014-04-14,4.75,4.80,4.68,4.74,78979723,393957664.000
2014-04-15,4.71,4.73,4.57,4.60,52472624,255646720.000
2014-04-16,4.55,4.65,4.55,4.61,29211247,141650848.000
2014-04-17,4.65,4.67,4.53,4.54,30994294,149293216.000
2014-04-18,4.53,4.56,4.47,4.54,22977555,109555096.000
2014-04-21,4.50,4.58,4.44,4.45,28374192,134986112.000
2014-04-22,4.45,4.67,4.42,4.65,78593832,380365792.000
2014-04-23,4.63,4.67,4.56,4.58,41128939,199734176.000
2014-04-24,4.56,4.69,4.56,4.59,32136448,156601984.000
2014-04-25,4.62,4.80,4.53,4.68,78897260,391113088.000
2014-04-28,4.65,4.73,4.53,4.60,46659497,226700432.000
2014-04-29,4.61,4.65,4.52,4.64,31143722,150714144.000
2014-04-30,4.64,4.67,4.55,4.56,29139188,141210480.000
2014-05-05,4.55,4.55,4.40,4.47,41843259,196537680.000
2014-05-06,4.45,4.46,4.38,4.42,37527896,175263904.000
2014-05-07,4.39,4.40,4.24,4.25,60752995,276549632.000
2014-05-08,4.24,4.36,4.23,4.29,49058798,223005184.000
2014-05-09,4.30,4.34,4.23,4.26,23305177,105241496.000
2014-05-12,4.30,4.36,4.25,4.33,40357468,184107056.000
2014-05-13,4.34,4.34,4.26,4.29,34833316,158127664.000
2014-05-14,4.28,4.32,4.26,4.28,17667496,80122632.000
2014-05-15,4.29,4.29,4.23,4.24,21847406,98370048.000
2014-05-16,4.23,4.26,4.02,4.06,77506601,337508864.000
2014-05-19,4.06,4.07,3.90,3.94,55475242,232997424.000
2014-05-20,3.95,3.97,3.92,3.94,33795530,141572112.000
2014-05-21,3.93,4.04,3.89,4.02,39704654,168292736.000
2014-05-22,4.02,4.07,3.99,4.01,30713871,131564016.000
2014-05-23,4.00,4.06,3.99,4.04,21581240,92382312.000
2014-05-26,4.03,4.06,3.99,4.02,29044177,123843320.000
2014-05-27,4.01,4.03,3.99,4.01,27207404,115966096.000
2014-05-28,4.01,4.03,3.93,4.03,37944973,160437040.000
2014-05-29,4.02,4.04,3.97,3.98,39599080,168026496.000
2014-05-30,3.98,4.01,3.93,3.97,32756545,138331424.000
2014-06-03,3.98,4.02,3.97,3.98,37161508,157605616.000
2014-06-04,3.98,4.13,3.90,4.10,92142800,393105376.000
2014-06-05,4.05,4.11,4.03,4.09,47972177,207158912.000
2014-06-06,4.08,4.08,4.02,4.04,23876371,102602160.000
2014-06-09,4.03,4.09,4.02,4.03,22773631,97872832.000
2014-06-10,4.04,4.11,4.03,4.09,34272335,148239824.000
2014-06-11,4.07,4.09,4.05,4.08,17830284,77012136.000
2014-06-12,4.06,4.07,4.04,4.05,14445937,62112192.000
2014-06-13,4.04,4.23,4.02,4.14,56209304,246921472.000
2014-06-16,4.11,4.22,4.08,4.18,58792476,258669472.000
2014-06-17,4.16,4.16,4.11,4.13,26140791,114450536.000
2014-06-18,4.12,4.14,4.04,4.06,28754363,124583576.000
2014-06-19,4.05,4.08,3.97,3.98,23228525,99273776.000
2014-06-20,4.00,4.04,3.99,4.03,16038667,68397160.000
2014-06-23,4.03,4.04,3.99,4.00,14530597,61935056.000
2014-06-24,4.00,4.03,3.98,4.00,21279430,90319944.000
2014-06-25,4.00,4.01,3.94,4.00,24804704,104881760.000
2014-06-26,3.99,4.03,3.98,4.02,20629413,87980648.000
2014-06-27,4.01,4.03,3.98,4.01,19518455,83007504.000
2014-06-30,4.00,4.04,3.99,4.02,29522920,125936656.000
2014-07-01,4.03,4.04,3.98,4.01,18950583,80604960.000
2014-07-02,4.01,4.03,3.99,4.02,20620451,87826200.000
2014-07-03,4.02,4.11,4.01,4.08,50262980,217271024.000
2014-07-04,4.07,4.09,4.04,4.06,24600988,106095992.000
2014-07-07,4.06,4.07,4.02,4.05,21669539,93085240.000
2014-07-08,4.05,4.13,4.03,4.09,39629637,171680240.000
2014-07-09,4.08,4.08,3.97,3.99,54410450,231619648.000
2014-07-10,3.98,4.00,3.96,3.98,24799045,104904000.000
2014-07-11,3.99,4.02,3.97,4.00,30407328,129033752.000
2014-07-14,4.00,4.07,3.99,4.06,29480076,126112480.000
2014-07-15,4.05,4.09,4.03,4.06,45142210,194373776.000
2014-07-16,4.07,4.07,4.03,4.06,39123030,168310800.000
2014-07-17,4.07,4.08,4.02,4.05,22992730,92841720.000
2014-07-18,4.03,4.08,4.03,4.05,32667114,132605848.000
2014-07-21,4.04,4.05,4.00,4.01,25817473,103824376.000
2014-07-22,4.00,4.07,3.99,4.05,33428431,135146768.000
2014-07-23,4.05,4.13,4.04,4.11,55528280,227627264.000
2014-07-24,4.10,4.46,4.09,4.33,114787256,490327360.000
2014-07-25,4.33,4.39,4.28,4.36,70536255,305685440.000
2014-07-28,4.37,4.69,4.36,4.54,143061957,647277696.000
2014-07-29,4.55,4.62,4.48,4.53,90578936,411441152.000
2014-07-30,4.50,4.59,4.45,4.49,59666387,268462240.000
2014-07-31,4.47,4.55,4.42,4.54,49679060,222656608.000
2014-08-01,4.51,4.58,4.44,4.45,63934686,288615200.000
2014-08-04,4.46,4.53,4.45,4.52,54308575,244501104.000
2014-08-05,4.54,4.57,4.47,4.53,55209290,249349824.000
2014-08-06,4.48,4.50,4.40,4.44,65080959,288480192.000
2014-08-07,4.43,4.46,4.38,4.40,45357203,200297664.000
2014-08-08,4.42,4.45,4.39,4.42,28456871,125724312.000
2014-08-11,4.42,4.55,4.41,4.49,62230750,278980608.000
2014-08-12,4.47,4.48,4.42,4.45,39461853,175039456.000
2014-08-13,4.44,4.44,4.38,4.41,54385765,239475248.000
2014-08-14,4.42,4.43,4.37,4.38,31454378,138597568.000
2014-08-15,4.39,4.46,4.38,4.44,47153616,208693936.000
2014-08-18,4.46,4.47,4.40,4.44,36309622,160757360.000
2014-08-19,4.44,4.45,4.39,4.42,39052074,172217680.000
2014-08-20,4.42,4.43,4.39,4.40,26552753,116924472.000
2014-08-21,4.39,4.41,4.30,4.34,42574041,184970880.000
2014-08-22,4.34,4.36,4.32,4.35,32150394,139609792.000
2014-08-25,4.36,4.37,4.27,4.30,28816402,124089432.000
2014-08-26,4.31,4.32,4.26,4.28,25317992,108541248.000
2014-08-27,4.27,4.31,4.26,4.27,18833722,80584480.000
2014-08-28,4.27,4.29,4.23,4.23,24416366,103905552.000
2014-08-29,4.23,4.29,4.23,4.28,27272191,116270952.000
2014-09-01,4.29,4.33,4.27,4.29,50438922,216412544.000
2014-09-02,4.30,4.35,4.28,4.34,51973905,224348112.000
2014-09-03,4.35,4.42,4.33,4.42,87921904,386350976.000
2014-09-04,4.42,4.43,4.39,4.42,48984228,215886032.000
2014-09-05,4.43,4.47,4.42,4.45,73531282,327260928.000
2014-09-09,4.46,4.47,4.38,4.41,44935290,198216400.000
2014-09-10,4.40,4.41,4.37,4.40,34908472,153218304.000
2014-09-11,4.40,4.45,4.33,4.36,66769988,292794112.000
2014-09-12,4.34,4.38,4.33,4.37,32903062,143331568.000
2014-09-15,4.36,4.41,4.34,4.41,52631457,230271248.000
2014-09-16,4.40,4.51,4.35,4.39,120569124,534067008.000
2014-09-17,4.37,4.41,4.35,4.38,50869752,222347968.000
2014-09-18,4.37,4.82,4.35,4.58,200379335,920202688.000
2014-09-19,4.50,4.58,4.49,4.54,110924695,502738592.000
2014-09-22,4.52,4.55,4.40,4.43,82994924,370217600.000
2014-09-23,4.42,4.54,4.41,4.49,64263951,287561152.000
2014-09-24,4.47,4.57,4.42,4.54,99317611,448397472.000
2014-09-25,4.56,4.66,4.52,4.59,125608644,575230720.000
2014-09-26,4.57,4.59,4.51,4.53,67943624,308924640.000
2014-09-29,4.54,4.58,4.51,4.55,61606144,279765440.000
2014-09-30,4.54,4.56,4.52,4.54,47821287,216813808.000
2014-10-08,4.55,4.58,4.51,4.58,78266708,355849632.000
2014-10-09,4.57,4.59,4.53,4.56,58925175,268438560.000
2014-10-10,4.54,4.64,4.52,4.59,111920463,512501952.000
2014-10-13,4.56,4.57,4.51,4.54,50872509,230558096.000
2014-10-14,4.54,4.61,4.52,4.54,58751926,267764784.000
2014-10-15,4.53,4.69,4.52,4.62,116359054,536445440.000
2014-10-16,4.59,4.95,4.57,4.75,240145057,1149625472.000
2014-10-17,4.70,4.73,4.59,4.65,116873358,545404928.000
2014-10-20,4.67,4.81,4.60,4.76,136764476,643826624.000
2014-10-21,4.74,4.79,4.62,4.65,93813040,441061152.000
2014-10-22,4.64,4.77,4.62,4.65,93692152,439544864.000
2014-10-23,4.64,4.75,4.59,4.63,117696637,549351872.000
2014-10-24,4.64,4.69,4.59,4.61,74255409,344278464.000
2014-10-27,4.57,4.57,4.38,4.43,90608207,404802144.000
2014-10-28,4.39,4.51,4.39,4.50,60291465,269526336.000
2014-10-29,4.50,4.73,4.47,4.66,152038619,700717760.000
2014-10-30,4.71,4.81,4.65,4.74,215838567,1021966272.000
2014-10-31,4.77,5.03,4.75,4.89,281304604,1371539072.000
2014-11-03,4.89,4.95,4.78,4.85,111760473,543350912.000
2014-11-04,4.83,4.85,4.78,4.79,79487407,382519168.000
2014-11-05,4.80,4.95,4.71,4.89,148664905,718334464.000
2014-11-06,4.86,4.91,4.79,4.83,71063664,344429888.000
2014-11-07,4.83,5.15,4.80,4.92,245730945,1225612416.000
2014-11-10,5.00,5.21,4.92,5.15,185013877,934082688.000
2014-11-11,5.17,5.50,5.10,5.27,303837054,1611863680.000
2014-11-12,5.18,5.23,5.08,5.22,114825648,592034496.000
2014-11-13,5.22,5.32,5.12,5.15,105604070,549540096.000
2014-11-14,5.15,5.15,4.98,5.07,79412745,401027424.000
2014-11-17,5.09,5.12,4.94,4.95,78605869,392708128.000
2014-11-18,4.94,4.98,4.87,4.91,64101197,314769568.000
2014-11-19,4.90,4.95,4.88,4.94,42602706,209609056.000
2014-11-20,4.94,4.99,4.89,4.97,56020999,277302624.000
2014-11-21,4.97,5.10,4.90,5.09,92580574,462765376.000
2014-11-24,4.97,5.17,4.94,5.10,163227290,825030784.000
2014-11-25,5.08,5.16,5.02,5.15,117087795,595445824.000
2014-11-26,5.15,5.36,5.11,5.32,198820589,1043308352.000
2014-11-27,5.35,5.57,5.33,5.55,269831934,1469665664.000
2014-11-28,5.59,6.11,5.59,6.11,418403316,2494598144.000
2014-12-01,6.50,6.63,6.15,6.29,413995755,2629477376.000
2014-12-02,6.19,6.89,6.15,6.67,372288632,2411000320.000
2014-12-03,6.60,6.85,6.37,6.43,355117807,2351961600.000
2014-12-04,6.40,6.85,6.27,6.77,323207426,2127172992.000
2014-12-05,6.79,7.27,6.51,6.89,397448901,2741329664.000
2014-12-08,6.61,7.13,6.57,6.93,352077860,2407303680.000
2014-12-09,6.84,7.28,6.24,6.35,391111283,2726662400.000
2014-12-10,6.38,6.60,5.98,6.49,265191175,1672474368.000
2014-12-11,6.36,6.60,6.26,6.32,169773495,1085508224.000
2014-12-12,6.34,6.44,6.20,6.27,128512321,810432896.000
2014-12-15,6.21,6.22,5.95,6.15,175229983,1065533120.000
2014-12-16,6.13,6.55,6.11,6.52,265411188,1690281984.000
2014-12-17,6.60,7.17,6.48,7.17,571677897,3966859776.000
2014-12-18,7.30,7.36,6.85,6.92,366613505,2586988544.000
2014-12-19,6.81,7.19,6.81,7.08,252541862,1772458880.000
2014-12-22,7.09,7.75,6.96,7.41,386676931,2863339776.000
2014-12-23,7.20,7.49,6.85,7.06,226615944,1631167232.000
2014-12-24,7.15,7.19,6.62,6.74,187566093,1279191552.000
2014-12-25,6.89,7.13,6.76,6.98,188503508,1311618816.000
2014-12-26,7.02,7.36,6.90,7.33,271848844,1946021760.000
2014-12-29,7.58,7.79,7.15,7.28,295012896,2213615360.000
2014-12-30,7.33,8.01,7.22,8.01,557351495,4394108416.000
2014-12-31,8.00,8.19,7.82,8.14,463730470,3717933312.000
2015-01-05,8.15,8.33,7.91,8.16,337368242,2739056384.000
2015-01-06,8.00,8.31,7.83,7.93,289390330,2320454400.000
2015-01-07,7.80,8.10,7.73,7.91,180969317,1430048896.000
2015-01-08,7.93,7.97,7.47,7.54,202660638,1546069376.000
2015-01-09,7.40,8.03,7.37,7.60,258676854,1988183936.000
2015-01-12,7.50,7.64,7.32,7.46,127071715,949152000.000
2015-01-13,7.47,7.53,7.36,7.41,96668536,716752448.000
2015-01-14,7.50,7.92,7.50,7.66,209317486,1617835904.000
2015-01-15,7.59,7.93,7.50,7.92,201955130,1568041344.000
2015-01-16,7.91,8.06,7.77,7.88,209674799,1662255744.000
2015-01-19,7.29,7.42,7.09,7.09,179348425,1294112384.000
2015-01-20,6.93,7.14,6.68,6.93,224483638,1554337920.000
2015-01-21,6.99,7.38,6.91,7.31,224228870,1602374784.000
2015-01-22,7.30,7.35,7.12,7.22,134986355,975639040.000
2015-01-23,7.26,7.40,7.20,7.26,153915060,1123305728.000
2015-01-26,7.24,7.26,7.09,7.24,86008358,615657856.000
2015-01-27,7.24,7.24,6.94,7.06,109801282,776883648.000
2015-01-28,7.04,7.32,6.95,7.15,163146128,1168901888.000
2015-01-29,6.97,7.05,6.90,7.01,93003445,648494528.000
2015-01-30,7.10,7.14,6.92,6.95,68146718,477976576.000
2015-02-02,6.76,6.82,6.65,6.68,84382923,568189632.000
2015-02-03,6.77,6.87,6.65,6.86,80188300,541040320.000
2015-02-04,6.88,6.93,6.70,6.72,68510101,467734720.000
2015-02-05,7.08,7.10,6.68,6.71,162215283,1125257600.000
2015-02-06,6.70,6.71,6.38,6.47,110519904,722359936.000
2015-02-09,6.46,6.65,6.30,6.57,82118620,532827328.000
2015-02-10,6.52,6.75,6.49,6.75,77097241,514716736.000
2015-02-11,6.76,6.80,6.61,6.70,57436332,384392864.000
2015-02-12,6.70,6.73,6.61,6.70,56056973,373760064.000
2015-02-13,6.73,6.88,6.69,6.75,79996564,542696128.000
2015-02-16,6.75,6.77,6.69,6.72,43595375,292915552.000
2015-02-17,6.72,6.84,6.71,6.75,73506234,496409248.000
2015-02-25,6.75,6.76,6.61,6.62,73115534,487174016.000
2015-02-26,6.62,6.80,6.55,6.79,102437981,686256384.000
2015-02-27,6.79,6.82,6.75,6.77,79089819,536053504.000
2015-03-02,6.81,7.05,6.73,7.05,182752937,1255475968.000
2015-03-03,6.97,6.98,6.66,6.72,171489809,1170607616.000
2015-03-04,6.70,6.74,6.61,6.66,92044581,613466368.000
2015-03-05,6.62,6.67,6.50,6.55,99431980,652558208.000
2015-03-06,6.55,6.62,6.53,6.57,65922207,433384736.000
2015-03-09,6.62,7.23,6.55,7.08,314139809,2177504000.000
2015-03-10,6.91,7.05,6.84,6.87,149598654,1033623808.000
2015-03-11,6.88,7.18,6.87,6.97,133417399,936332480.000
2015-03-12,7.10,7.50,7.02,7.26,314078587,2279925504.000
2015-03-13,7.29,7.49,7.13,7.20,209667628,1533656960.000
2015-03-16,7.20,7.30,7.08,7.25,160262026,1154141952.000
2015-03-17,7.39,7.45,7.25,7.34,170859613,1251385984.000
2015-03-18,7.34,7.56,7.31,7.51,206696358,1538595072.000
2015-03-19,7.49,7.49,7.33,7.43,154174747,1139415936.000
2015-03-20,7.42,7.68,7.28,7.50,246074252,1839372672.000
2015-03-23,7.51,7.55,7.43,7.52,202639532,1519987200.000
2015-03-24,7.49,7.58,7.31,7.41,174446390,1295266432.000
2015-03-25,7.39,7.39,7.20,7.23,145919182,1061220224.000
2015-03-26,7.16,7.35,7.10,7.23,133764432,967912256.000
2015-03-27,7.25,7.36,7.18,7.29,121648806,884858624.000
2015-03-30,7.32,7.52,7.26,7.46,225446551,1671889152.000
2015-03-31,7.55,7.63,7.32,7.36,211499145,1582740736.000
2015-04-01,7.36,7.47,7.30,7.41,132053203,975059776.000
2015-04-02,7.43,7.46,7.30,7.35,134281421,987678080.000
2015-04-03,7.31,7.42,7.28,7.39,128888803,949282432.000
2015-04-07,7.49,7.66,7.42,7.61,278491077,2100968832.000
2015-04-08,7.65,7.85,7.56,7.84,350516454,2709343488.000
2015-04-09,7.84,7.98,7.67,7.69,275668096,2148909568.000
2015-04-10,7.64,7.90,7.59,7.84,254817744,1983697792.000
数据来源:通达信
