601601 中国太保 日线 前复权
      日期	    开盘	    最高	    最低	    收盘	    成交量	    成交额
2011-03-02,21.05,21.50,20.99,21.38,24835000,563645376.000
2011-03-03,21.41,22.18,21.29,21.66,56836907,1318676608.000
2011-03-04,21.65,22.00,21.40,21.92,32476275,752130176.000
2011-03-07,21.99,22.70,21.99,22.51,61161513,1456420352.000
2011-03-08,22.40,22.69,21.99,22.26,31521503,749385024.000
2011-03-09,22.34,22.67,22.04,22.23,26669336,634864064.000
2011-03-10,22.08,22.15,21.45,21.48,27825103,644980928.000
2011-03-11,21.40,21.63,21.15,21.24,17418604,398947680.000
2011-03-14,21.04,21.15,20.91,21.09,19642430,441469664.000
2011-03-15,21.04,21.05,20.35,20.47,43475382,957930368.000
2011-03-16,20.65,20.83,20.56,20.77,19015496,421103712.000
2011-03-17,20.56,20.64,20.13,20.24,29587725,645817728.000
2011-03-18,20.48,20.59,20.25,20.33,17565995,384735936.000
2011-03-21,20.46,20.64,20.41,20.46,15588548,342688480.000
2011-03-22,20.65,20.85,20.43,20.72,16894916,373963168.000
2011-03-23,20.73,20.86,20.46,20.75,21550601,476909856.000
2011-03-24,20.75,20.85,20.55,20.57,17570600,389044704.000
2011-03-25,20.68,21.01,20.50,20.81,33033165,734489536.000
2011-03-28,20.91,21.45,20.91,21.04,39006241,884322752.000
2011-03-29,21.01,21.60,20.97,21.28,35440449,807955520.000
2011-03-30,21.35,21.58,20.95,21.02,20595663,467026912.000
2011-03-31,21.07,21.13,20.63,20.67,17198016,383050336.000
2011-04-01,20.73,21.40,20.65,21.38,21967031,495417984.000
2011-04-06,21.55,22.48,21.54,22.10,82485163,1940462336.000
2011-04-07,22.15,22.23,21.91,22.01,29945021,703915200.000
2011-04-08,21.99,22.39,21.86,22.17,23084497,544808448.000
2011-04-11,22.30,22.67,21.97,22.03,39621587,943209472.000
2011-04-12,21.95,22.05,21.55,21.83,23789447,551850944.000
2011-04-13,21.74,22.83,21.64,22.74,37183441,882017024.000
2011-04-14,22.65,23.44,22.60,23.06,72309417,1779461888.000
2011-04-15,23.03,23.54,22.90,23.44,36928704,913272960.000
2011-04-18,23.33,24.02,23.25,23.63,39570277,997373312.000
2011-04-19,23.35,23.51,22.68,22.93,33271847,817452800.000
2011-04-20,23.06,23.15,22.55,22.77,23835488,578902464.000
2011-04-21,22.96,23.35,22.80,22.97,19938788,488490656.000
2011-04-22,22.97,23.23,22.52,22.63,22584372,549869120.000
2011-04-25,22.50,22.50,21.95,22.23,17821547,421857248.000
2011-04-26,22.20,22.45,21.67,21.94,22236304,522213792.000
2011-04-27,22.10,22.27,21.84,22.08,19066361,449091104.000
2011-04-28,22.32,22.97,22.16,22.55,36232150,872841664.000
2011-04-29,22.55,23.03,21.88,22.80,24968812,596029568.000
2011-05-03,22.80,23.02,22.57,22.82,19015378,462077440.000
2011-05-04,22.77,22.77,21.55,21.59,27345171,643932672.000
2011-05-05,21.58,21.64,21.11,21.13,26722048,609566720.000
2011-05-06,20.95,21.15,20.77,21.02,26098496,584846336.000
2011-05-09,21.15,21.20,20.60,20.79,26235970,585085376.000
2011-05-10,20.85,21.27,20.65,21.25,15173110,340353120.000
2011-05-11,21.15,21.40,20.95,21.10,13566904,306662304.000
2011-05-12,20.92,21.31,20.86,20.96,10612907,239135728.000
2011-05-13,21.18,21.40,20.90,21.34,15299375,346038080.000
2011-05-16,21.31,21.40,20.81,20.83,16084444,361496736.000
2011-05-17,20.88,21.24,20.73,20.94,20850355,467420576.000
2011-05-19,21.06,21.25,20.73,20.81,20470564,458439232.000
2011-05-20,20.75,20.97,20.72,20.88,10391230,231536208.000
2011-05-23,20.83,20.83,20.25,20.29,18568450,407467072.000
2011-05-24,20.28,20.49,20.25,20.39,8857132,193440544.000
2011-05-25,20.31,20.48,20.10,20.15,8414394,182677376.000
2011-05-26,20.30,20.43,20.09,20.23,11620401,251872800.000
2011-05-27,20.26,20.52,20.15,20.43,16411084,358592640.000
2011-05-30,20.35,20.59,20.25,20.40,12614646,276204320.000
2011-05-31,20.43,20.77,20.19,20.66,19199899,420566560.000
2011-06-01,20.57,20.57,20.33,20.41,13150626,287979136.000
2011-06-02,20.15,20.36,19.40,19.81,26747465,568772736.000
2011-06-03,19.76,20.20,19.70,20.08,17884901,383482944.000
2011-06-07,19.90,20.31,19.87,20.20,7234485,155994544.000
2011-06-08,20.30,20.30,19.70,20.16,13421800,287627840.000
2011-06-09,20.10,20.15,19.50,19.70,20067679,425479520.000
2011-06-10,19.83,19.87,19.36,19.71,14391700,302973664.000
2011-06-13,19.43,19.52,18.89,19.25,24308365,500458432.000
2011-06-14,19.19,19.65,19.08,19.54,20576259,430469120.000
2011-06-15,19.45,19.57,18.98,19.09,14542403,301013600.000
2011-06-16,18.95,19.17,18.68,18.93,12669244,258149888.000
2011-06-17,19.00,19.05,18.71,18.76,11498542,234031968.000
2011-06-20,18.81,18.85,18.43,18.55,12780749,256248800.000
2011-06-21,18.61,19.00,18.45,18.86,16040360,323866976.000
2011-06-22,18.93,19.25,18.90,19.13,14436551,296260224.000
2011-06-23,19.00,19.74,18.91,19.61,15674932,325790528.000
2011-06-24,19.62,20.66,19.56,20.50,33604420,719357440.000
2011-06-27,20.50,20.87,20.40,20.63,20224612,440234304.000
2011-06-28,20.65,20.79,20.25,20.48,11638958,250839152.000
2011-06-29,20.49,20.75,20.20,20.30,15553621,335957888.000
2011-06-30,20.43,21.45,20.35,21.29,39289299,875094720.000
2011-07-01,21.29,21.44,21.07,21.30,19371714,433093600.000
2011-07-04,21.35,21.97,21.35,21.75,21954199,502469824.000
2011-07-05,21.80,21.85,21.31,21.56,14038224,317530912.000
2011-07-06,21.46,21.85,21.19,21.57,17029571,382832128.000
2011-07-07,21.91,22.14,21.33,21.48,35820182,818254656.000
2011-07-08,21.49,21.78,21.30,21.35,10475393,236725776.000
2011-07-11,21.20,21.35,21.01,21.25,13369445,297701568.000
2011-07-12,21.07,21.18,20.68,20.71,14622731,320501216.000
2011-07-13,20.70,21.30,20.70,21.04,19276942,425535904.000
2011-07-14,21.10,21.12,20.90,21.05,12283319,271718752.000
2011-07-15,21.00,21.28,20.85,21.13,11242271,249437280.000
2011-07-18,21.22,21.30,20.68,20.80,17266020,380954944.000
2011-07-19,20.74,20.82,20.53,20.59,11072417,240815280.000
2011-07-20,20.78,21.12,20.73,20.91,15157954,334135552.000
2011-07-21,21.00,21.05,20.36,20.40,21249537,459300576.000
2011-07-22,20.48,20.64,20.24,20.44,13739806,295773536.000
2011-07-25,20.26,20.36,19.56,19.61,21500658,449998656.000
2011-07-26,19.63,20.06,19.55,19.96,10191919,213197744.000
2011-07-27,19.70,19.90,19.48,19.81,13933169,289380960.000
2011-07-28,19.50,19.67,19.35,19.40,16046809,329632384.000
2011-07-29,19.48,20.23,19.39,19.81,21357285,445326240.000
2011-08-01,19.78,20.17,19.55,19.98,14283092,300808672.000
2011-08-02,19.75,19.95,19.40,19.90,11444811,237457792.000
2011-08-03,19.60,20.00,19.52,19.70,15485996,322111648.000
2011-08-04,19.78,20.05,19.58,19.63,17172272,359052736.000
2011-08-05,19.00,19.39,18.90,18.95,31076121,628156800.000
2011-08-08,18.80,19.25,18.31,18.66,26235422,519098944.000
2011-08-09,18.20,19.40,18.05,19.02,33847133,674911488.000
2011-08-10,19.35,19.43,18.88,18.94,19929100,401766496.000
2011-08-11,18.70,19.58,18.64,19.51,20578142,417626752.000
2011-08-12,19.47,19.66,19.30,19.37,14391255,295690688.000
2011-08-15,19.50,20.08,19.30,20.02,19502264,407486624.000
2011-08-16,19.91,20.11,19.70,19.83,12104994,254013488.000
2011-08-17,19.84,19.93,19.48,19.54,12969874,268805696.000
2011-08-18,19.60,19.66,18.91,18.98,16148384,328050304.000
2011-08-19,18.79,18.99,18.49,18.70,21820271,432468960.000
2011-08-22,18.78,19.20,18.69,18.90,17332619,346960992.000
2011-08-23,18.90,19.30,18.80,19.29,10646258,215450752.000
2011-08-24,19.34,19.44,18.89,19.00,14771541,298593120.000
2011-08-25,19.10,19.98,19.00,19.84,32410736,672174144.000
2011-08-26,19.80,19.96,19.61,19.91,14870090,310410496.000
2011-08-29,19.61,19.91,19.40,19.78,19479465,404276192.000
2011-08-30,19.85,20.30,19.42,19.50,24175502,508410304.000
2011-08-31,19.46,19.84,19.43,19.62,10092106,209262352.000
2011-09-01,19.77,20.01,19.50,19.81,13979757,291095808.000
2011-09-02,19.71,19.80,19.11,19.31,14264221,291685504.000
2011-09-05,19.04,19.07,18.80,18.84,19159460,383498656.000
2011-09-06,18.79,18.97,18.72,18.91,8695471,173451472.000
2011-09-07,19.08,19.36,18.91,19.31,11732284,238248496.000
2011-09-08,19.40,19.40,19.12,19.16,7196510,146467616.000
2011-09-09,19.30,19.73,19.15,19.50,12079990,248092416.000
2011-09-13,19.19,19.40,19.03,19.21,9637250,195985888.000
2011-09-14,19.32,19.48,18.90,19.15,11416345,230735648.000
2011-09-15,19.22,19.62,19.18,19.21,13733534,281856992.000
2011-09-16,19.38,19.68,19.23,19.42,11713867,240776800.000
2011-09-19,19.18,19.18,18.92,18.99,11438161,230342240.000
2011-09-20,19.05,19.33,18.95,19.31,8168304,165504736.000
2011-09-21,19.28,20.25,19.11,19.81,26706242,556613632.000
2011-09-22,19.68,19.79,18.90,18.94,14608960,298855456.000
2011-09-23,18.72,19.18,18.67,18.97,16956452,338329504.000
2011-09-26,18.91,18.95,17.10,17.55,31540901,601972992.000
2011-09-27,17.90,18.15,17.69,17.75,18063318,343935808.000
2011-09-28,17.91,18.06,17.11,17.29,14341193,268410320.000
2011-09-29,17.30,17.59,17.11,17.32,10161922,187239488.000
2011-09-30,17.45,17.62,17.28,17.39,10881026,202107696.000
2011-10-10,17.49,17.70,17.39,17.49,8494553,158321616.000
2011-10-11,18.11,18.20,17.70,17.85,16718511,318235008.000
2011-10-12,17.72,18.89,17.64,18.70,19596171,383723872.000
2011-10-13,18.68,18.78,18.52,18.63,7921384,156278720.000
2011-10-14,18.64,18.74,18.49,18.63,7640841,150659584.000
2011-10-17,18.71,19.17,18.63,18.76,10031669,200827888.000
2011-10-18,18.58,18.75,18.11,18.21,10264278,198829360.000
2011-10-19,18.37,18.39,17.40,17.50,30465025,572397120.000
2011-10-20,17.39,17.39,16.60,16.96,21872687,395695904.000
2011-10-21,16.92,17.25,16.72,16.79,13273198,239859504.000
2011-10-24,16.92,17.82,16.92,17.64,21205147,391028608.000
2011-10-25,17.59,18.01,17.46,17.78,17674369,333943680.000
2011-10-26,17.82,18.49,17.78,18.34,20469519,395546976.000
2011-10-27,18.40,18.54,18.18,18.52,13097536,254894288.000
2011-10-28,18.80,19.40,18.73,18.87,21409268,431392096.000
2011-10-31,18.72,19.18,18.58,18.69,12764256,255182800.000
2011-11-01,18.55,19.93,18.50,19.25,31189591,639654272.000
2011-11-02,18.73,20.19,18.73,20.01,25209791,521707872.000
2011-11-03,20.05,20.85,19.96,20.19,30230876,653222912.000
2011-11-04,20.37,20.62,20.18,20.23,15034659,323176864.000
2011-11-07,19.96,20.06,19.50,19.65,20602996,428263648.000
2011-11-08,19.75,19.91,19.53,19.73,11207759,233635040.000
2011-11-09,19.86,20.45,19.78,20.19,17249526,365858336.000
2011-11-10,19.90,20.06,19.59,19.64,10136367,211330608.000
2011-11-11,19.56,19.82,19.44,19.48,8995264,186651216.000
2011-11-14,19.80,20.10,19.62,19.99,9951134,209070016.000
2011-11-15,19.91,20.10,19.59,19.82,6468965,135405840.000
2011-11-16,19.87,19.89,18.50,18.73,25360678,507908448.000
2011-11-17,18.75,18.78,18.03,18.34,24702763,478137664.000
2011-11-18,18.16,18.20,17.78,17.87,20553478,392117472.000
2011-11-21,17.88,18.04,17.74,18.03,11188854,211935968.000
2011-11-22,17.92,18.40,17.84,18.03,18500153,355462464.000
2011-11-23,18.12,18.17,17.50,17.60,16004296,300678688.000
2011-11-24,17.50,18.01,17.46,17.78,10040727,188888976.000
2011-11-25,17.76,17.76,17.33,17.43,14693212,273024544.000
2011-11-28,17.59,17.69,17.33,17.36,11875173,220500880.000
2011-11-29,17.54,17.89,17.36,17.80,21127891,394953120.000
2011-11-30,17.61,17.67,17.01,17.03,16574780,306130304.000
2011-12-01,18.05,18.84,17.84,18.16,50383245,977286592.000
2011-12-02,18.02,18.39,17.85,18.17,14486571,278481024.000
2011-12-05,18.22,18.55,17.81,17.98,12941935,249697664.000
2011-12-06,17.96,18.32,17.90,18.26,15379196,296171392.000
2011-12-07,18.30,18.66,18.21,18.58,17630237,345016448.000
2011-12-08,18.49,18.67,18.12,18.43,9881114,192246368.000
2011-12-09,18.25,18.40,17.99,18.00,9248394,177963104.000
2011-12-12,18.00,18.27,17.95,18.01,7909377,151985312.000
2011-12-13,17.93,18.13,17.39,17.55,14018209,264373936.000
2011-12-14,17.56,17.89,17.50,17.62,8345831,156769552.000
2011-12-15,17.46,17.89,17.21,17.27,13358410,249347840.000
2011-12-16,17.30,17.84,17.30,17.67,13725610,256835408.000
2011-12-19,17.59,17.97,17.18,17.91,12712751,236219696.000
2011-12-20,17.90,18.35,17.78,18.13,10555950,203456320.000
2011-12-21,18.32,18.38,17.50,17.60,14173337,271142784.000
2011-12-22,17.58,17.78,17.40,17.60,16569449,309680320.000
2011-12-23,17.60,18.08,17.43,17.85,12053511,227768080.000
2011-12-26,17.69,17.99,17.45,17.65,7350182,138366624.000
2011-12-27,17.75,18.20,17.57,17.95,10850560,206294496.000
2011-12-28,17.79,17.90,17.60,17.80,18471206,347999136.000
2011-12-29,17.71,18.05,17.60,17.68,10710141,202424992.000
2011-12-30,17.71,18.25,17.66,18.11,13594589,259484992.000
2012-01-04,18.17,18.40,17.92,17.94,17785426,342808352.000
2012-01-05,17.92,18.40,17.85,18.02,16954980,326208704.000
2012-01-06,18.04,18.16,17.94,18.13,13129457,251620048.000
2012-01-09,18.22,18.68,17.73,18.63,19771155,381814720.000
2012-01-10,18.49,19.35,18.49,19.30,22795586,459966432.000
2012-01-11,19.35,19.47,18.92,19.10,11907079,240940944.000
2012-01-12,19.10,19.50,18.81,18.93,12185042,246366992.000
2012-01-13,18.94,19.08,18.68,18.85,10766046,214835568.000
2012-01-16,18.71,19.11,18.58,18.75,8292613,165674800.000
2012-01-17,18.70,19.71,18.20,19.58,23658662,476449536.000
2012-01-18,19.45,20.05,19.39,19.40,21358826,445515904.000
2012-01-19,19.68,20.15,19.48,20.12,19320244,406644448.000
2012-01-20,20.01,20.83,20.01,20.74,29590266,642297088.000
2012-01-30,20.73,20.75,19.98,20.01,23536028,505017504.000
2012-01-31,20.01,20.33,19.79,19.91,10977487,232824672.000
2012-02-01,19.90,20.03,19.45,19.55,11035700,230467792.000
2012-02-02,19.70,20.39,19.41,20.31,19714767,413897152.000
2012-02-03,20.29,20.97,20.17,20.76,29534049,642831168.000
2012-02-06,20.79,20.87,19.95,20.26,18467865,395124064.000
2012-02-07,20.05,20.18,19.48,19.69,18032237,375002688.000
2012-02-08,19.54,20.80,19.54,20.65,21133686,453044736.000
2012-02-09,20.58,20.64,20.10,20.16,17150299,368419744.000
2012-02-10,20.10,20.74,19.98,20.51,18352815,395183296.000
2012-02-13,20.06,20.70,19.81,20.31,19973125,424964608.000
2012-02-14,20.20,20.20,19.50,19.73,31695795,659629312.000
2012-02-15,19.59,20.15,19.50,19.90,21768452,456974496.000
2012-02-16,19.75,19.85,19.55,19.68,21719509,451227008.000
2012-02-17,19.89,20.00,19.64,19.73,13670198,286170464.000
2012-02-20,20.10,20.45,19.85,19.91,25824738,548777152.000
2012-02-21,19.95,20.27,19.77,20.23,11208366,236626304.000
2012-02-22,20.28,20.55,19.95,20.41,25677416,549940480.000
2012-02-23,20.38,20.53,20.31,20.41,10567016,227388224.000
2012-02-24,20.50,20.65,20.18,20.60,21312030,458944192.000
2012-02-27,20.69,20.96,20.42,20.47,22430616,490319584.000
2012-02-28,20.44,20.67,20.30,20.49,16281562,351416992.000
2012-02-29,20.45,20.45,19.81,19.91,19120277,404500032.000
2012-03-01,19.78,20.20,19.69,19.83,18621056,391136736.000
2012-03-02,19.88,20.16,19.83,20.14,20537387,433714816.000
2012-03-05,20.18,20.31,19.60,19.65,21266383,445489536.000
2012-03-06,19.66,19.76,19.03,19.14,40422252,820733056.000
2012-03-07,18.95,19.28,18.90,19.16,16257573,329146432.000
2012-03-08,19.28,19.48,19.18,19.41,19092648,390879872.000
2012-03-09,19.44,19.50,19.12,19.42,16162448,330276576.000
2012-03-12,19.38,19.43,18.78,19.09,29359666,590185216.000
2012-03-13,19.05,19.40,19.00,19.39,20601814,420022336.000
2012-03-14,19.50,19.56,18.99,19.00,29435275,600737856.000
2012-03-15,19.09,19.45,18.97,19.04,20053405,407639232.000
2012-03-16,19.13,19.35,18.94,19.27,12113772,245603824.000
2012-03-19,19.30,19.39,18.78,18.99,19509841,390998912.000
2012-03-20,18.99,19.10,18.79,18.82,9937548,199156832.000
2012-03-21,18.97,19.04,18.58,18.61,16748882,332404992.000
2012-03-22,18.65,18.72,18.45,18.58,12748106,250994608.000
2012-03-23,18.56,18.57,18.30,18.46,9257663,180489504.000
2012-03-26,18.39,18.61,18.33,18.54,10104915,198058176.000
2012-03-27,18.60,18.79,18.38,18.63,10617349,209180128.000
2012-03-28,18.59,18.65,18.01,18.11,9682869,188075760.000
2012-03-29,18.08,18.10,17.66,17.82,11176530,212550320.000
2012-03-30,17.89,18.25,17.86,18.19,17002961,325987104.000
2012-04-05,17.96,18.81,17.91,18.54,21030037,410841408.000
2012-04-06,18.54,18.78,18.47,18.59,11885206,234359520.000
2012-04-09,18.50,18.74,18.29,18.54,9473457,185990496.000
2012-04-10,18.51,18.75,18.05,18.58,11180602,217761344.000
2012-04-11,18.35,18.72,18.32,18.49,9072689,178195424.000
2012-04-12,18.55,19.18,18.38,19.11,21269020,424642272.000
2012-04-13,19.09,19.46,19.04,19.19,17989163,366525280.000
2012-04-16,19.10,19.22,18.99,19.11,9585109,193555920.000
2012-04-17,19.02,19.08,18.26,18.38,18621014,367697024.000
2012-04-18,18.49,19.00,18.32,18.91,27965165,553559488.000
2012-04-19,19.00,20.21,18.85,19.88,74348456,1554836736.000
2012-04-20,19.79,20.70,19.78,20.69,50316298,1078235136.000
2012-04-23,20.69,20.90,20.28,20.54,28401426,616860608.000
2012-04-24,20.51,21.12,20.16,20.76,32604350,709978688.000
2012-04-25,20.60,21.02,20.46,20.82,22166969,485967520.000
2012-04-26,20.90,21.27,20.51,20.71,17412277,383188832.000
2012-04-27,20.70,20.97,20.53,20.62,12152155,264531392.000
2012-05-02,20.65,21.40,20.65,21.16,27099994,601787072.000
2012-05-03,21.04,21.58,21.00,21.48,19188147,431662240.000
2012-05-04,21.40,21.57,21.09,21.46,17661191,396324288.000
2012-05-07,21.20,21.24,20.24,20.55,29822619,648762176.000
2012-05-08,20.47,20.65,20.08,20.57,28010108,599163392.000
2012-05-09,20.26,20.48,20.15,20.24,14842376,317666208.000
2012-05-10,20.40,20.41,20.10,20.19,13613491,290632288.000
2012-05-14,20.25,20.30,19.47,19.67,32594751,678828672.000
2012-05-15,19.58,20.04,19.47,19.93,22753230,475447232.000
2012-05-16,19.71,19.84,19.50,19.54,14101026,292959200.000
2012-05-17,19.65,20.33,19.59,20.17,18011572,379579776.000
2012-05-18,19.98,20.08,19.78,19.87,14874607,312144256.000
2012-05-21,19.87,20.32,19.80,20.00,8143990,172250448.000
2012-05-22,20.06,20.40,20.00,20.30,11029494,235493488.000
2012-05-23,20.21,20.45,19.94,19.99,9815650,209084848.000
2012-05-24,20.17,20.36,19.91,19.95,7343610,155994384.000
2012-05-25,20.05,20.08,19.28,19.39,16784665,347190368.000
2012-05-28,19.43,19.70,19.29,19.69,7429348,153229536.000
2012-05-29,19.86,20.63,19.52,20.36,21689018,461330848.000
2012-05-30,20.33,20.48,20.13,20.37,10487787,224363216.000
2012-05-31,20.25,20.30,19.90,20.10,9275514,196934000.000
2012-06-01,20.05,20.42,20.05,20.33,9025433,193348048.000
2012-06-04,20.00,20.08,19.15,19.20,22986164,473594560.000
2012-06-05,19.35,19.46,18.90,19.27,13713361,277919840.000
2012-06-06,19.28,19.43,18.90,18.99,9704204,196681904.000
2012-06-07,19.20,19.40,18.71,18.78,14762262,297866976.000
2012-06-08,18.97,19.28,18.90,19.00,23858004,481502944.000
2012-06-11,19.10,19.56,19.09,19.40,13681132,280230496.000
2012-06-12,19.21,19.75,19.21,19.70,12169861,251394432.000
2012-06-13,19.69,21.40,19.69,21.10,37995932,827352000.000
2012-06-14,21.15,21.46,21.05,21.11,34315859,768633984.000
2012-06-15,21.12,21.56,20.96,21.05,16948350,379507072.000
2012-06-18,21.20,21.41,20.90,21.10,11217684,249630944.000
2012-06-19,21.11,21.32,20.75,20.80,12121690,268031392.000
2012-06-20,20.80,21.25,20.80,21.03,10326902,228630192.000
2012-06-21,20.98,21.00,20.28,20.54,15537675,336289280.000
2012-06-25,20.73,20.73,19.93,20.04,14938574,311826304.000
2012-06-26,19.87,20.41,19.83,20.16,8263415,173323216.000
2012-06-27,20.28,20.54,20.13,20.21,13451173,283599328.000
2012-06-28,20.34,20.85,20.34,20.49,13130137,280805184.000
2012-06-29,20.45,21.75,20.44,21.43,21665440,476596224.000
2012-07-02,21.45,21.80,21.24,21.77,18493116,412416320.000
2012-07-03,21.72,22.25,21.53,21.76,23176497,526318016.000
2012-07-04,21.77,21.91,21.24,21.35,11834389,262944064.000
2012-07-05,21.05,21.90,21.04,21.68,18803116,417075232.000
2012-07-06,21.75,22.32,21.23,22.05,25105842,569729856.000
2012-07-09,21.85,22.29,21.42,21.43,16652966,377420608.000
2012-07-10,21.49,22.25,21.41,21.76,17058560,384896224.000
2012-07-11,21.64,21.94,21.35,21.52,12759809,285476384.000
2012-07-12,21.53,21.99,20.75,21.67,38792393,854884544.000
2012-07-13,21.25,22.37,21.15,22.24,31645079,721211264.000
2012-07-16,22.27,22.30,21.64,21.71,17167730,388025344.000
2012-07-17,21.68,22.13,21.64,21.97,12579014,283990176.000
2012-07-18,21.99,22.30,21.20,21.88,17016825,382396864.000
2012-07-19,21.63,23.05,21.63,22.89,34881138,814753920.000
2012-07-20,22.85,22.98,22.45,22.56,15304955,359700352.000
2012-07-23,22.35,22.39,22.04,22.06,12939900,296791104.000
2012-07-24,22.01,22.39,21.96,22.22,18537823,424721568.000
2012-07-25,22.11,22.24,21.91,21.93,9296653,212125824.000
2012-07-26,21.96,22.39,21.73,22.14,16680221,380848864.000
2012-07-27,22.15,22.23,21.20,21.37,22732927,506810016.000
2012-07-30,21.28,21.59,20.51,20.59,18994533,410156704.000
2012-07-31,20.67,21.28,20.67,20.94,17942745,391018688.000
2012-08-01,20.97,21.45,20.97,21.26,10853077,238789856.000
2012-08-02,21.28,21.30,20.75,21.11,8587947,186805120.000
2012-08-03,21.15,21.23,20.59,20.76,11059735,237342736.000
2012-08-06,20.73,21.23,20.65,21.22,12116875,263507424.000
2012-08-07,21.10,21.23,20.49,20.72,17703374,380888832.000
2012-08-08,20.65,20.82,20.38,20.73,16224364,347158080.000
2012-08-09,20.62,20.79,20.35,20.70,10657409,227407888.000
2012-08-10,20.70,21.10,20.65,20.88,11462898,248313872.000
2012-08-13,20.75,20.84,19.44,19.70,33025887,686542592.000
2012-08-14,19.75,19.80,19.13,19.60,24148904,485539040.000
2012-08-15,19.45,19.65,19.34,19.39,8729898,176431104.000
2012-08-16,19.39,19.59,19.29,19.56,7006311,141667888.000
2012-08-17,19.54,19.56,19.21,19.29,12623909,253436096.000
2012-08-20,19.05,19.05,18.35,18.58,17725745,344142528.000
2012-08-21,18.64,18.97,18.50,18.70,13731091,267724928.000
2012-08-22,18.68,18.81,18.53,18.69,9633999,187020576.000
2012-08-23,18.78,18.84,18.55,18.75,10794901,210192288.000
2012-08-24,18.67,18.93,18.62,18.67,11261722,219224608.000
2012-08-27,18.64,18.71,18.00,18.23,13773208,261649824.000
2012-08-28,18.23,18.51,17.94,18.31,7661842,145457920.000
2012-08-29,18.25,18.56,18.19,18.27,7802180,149378640.000
2012-08-30,17.86,18.85,17.85,18.77,16715182,323624000.000
2012-08-31,18.68,19.10,18.63,18.81,13063759,257020672.000
2012-09-03,18.84,19.37,18.67,19.17,17068236,339666112.000
2012-09-04,19.06,19.24,18.72,18.87,9429283,186091472.000
2012-09-05,18.85,19.00,18.53,18.81,13069534,254934272.000
2012-09-06,18.85,19.30,18.75,19.05,9066265,179746928.000
2012-09-07,19.25,20.33,19.25,20.05,33209959,682257152.000
2012-09-10,19.95,20.25,19.65,19.75,15531542,321734016.000
2012-09-11,19.75,19.75,19.05,19.20,16758736,334869920.000
2012-09-12,19.43,19.56,19.00,19.25,15457827,309486656.000
2012-09-13,19.15,19.45,19.13,19.26,9894266,198684624.000
2012-09-14,19.44,19.75,19.07,19.40,19246290,387707872.000
2012-09-17,19.40,19.43,18.65,18.72,12716609,250011152.000
2012-09-18,18.70,18.93,18.36,18.66,8412745,163177120.000
2012-09-19,18.66,18.78,18.35,18.45,10224571,197004240.000
2012-09-20,18.45,18.45,17.96,18.05,16337195,307943200.000
2012-09-21,18.05,18.20,17.93,18.04,8736755,164469472.000
2012-09-24,17.99,18.61,17.89,18.54,12734668,243118000.000
2012-09-25,18.41,18.76,18.41,18.63,6966167,134991824.000
2012-09-26,18.61,18.75,18.24,18.31,6640528,127563568.000
2012-09-27,18.38,19.45,18.34,19.26,24427923,484121952.000
2012-09-28,19.05,19.66,19.05,19.48,19708020,398676064.000
2012-10-08,19.45,19.83,19.24,19.25,9466934,192296144.000
2012-10-09,19.55,19.85,19.45,19.63,15301721,312838912.000
2012-10-10,19.60,19.61,19.32,19.49,6759725,136391328.000
2012-10-11,19.37,19.50,19.15,19.27,8635586,173302288.000
2012-10-12,19.41,19.55,19.10,19.22,8870411,177581184.000
2012-10-15,19.30,19.47,19.23,19.34,7261206,145855568.000
2012-10-16,19.40,19.42,18.62,18.66,15788355,311454080.000
2012-10-17,18.80,18.85,18.10,18.27,34448075,656612288.000
2012-10-18,18.34,18.54,18.12,18.47,29554447,564454720.000
2012-10-19,18.47,18.66,18.44,18.62,10234263,197938448.000
2012-10-22,18.49,18.64,18.25,18.51,16229780,311633952.000
2012-10-23,18.51,18.73,18.32,18.36,15616434,300400416.000
2012-10-24,18.30,18.54,18.24,18.47,9139116,174682592.000
2012-10-25,18.45,18.52,18.33,18.37,6557196,125645624.000
2012-10-26,18.37,18.41,17.95,18.11,15475865,291333056.000
2012-10-29,17.99,18.11,17.28,17.50,17672178,325605664.000
2012-10-30,17.50,17.70,17.41,17.46,9562129,174478800.000
2012-10-31,17.46,17.58,17.02,17.18,18902433,339206432.000
2012-11-01,17.20,18.07,17.13,17.88,25351172,467994304.000
2012-11-02,17.97,18.08,17.67,17.95,12586516,234906912.000
2012-11-05,17.95,18.10,17.72,17.79,11072948,205610896.000
2012-11-06,17.85,17.85,17.25,17.63,9663572,176453456.000
2012-11-07,17.61,17.70,17.33,17.47,7798077,142074864.000
2012-11-08,17.26,17.47,17.15,17.18,9020813,162840656.000
2012-11-09,17.20,17.29,17.07,17.17,6792618,121664864.000
2012-11-12,17.15,17.35,17.03,17.26,10446098,187266368.000
2012-11-13,17.27,17.27,16.60,16.74,16515022,290063488.000
2012-11-14,16.73,16.79,16.53,16.69,10994660,191002064.000
2012-11-15,16.56,16.74,16.41,16.53,11399703,197807968.000
2012-11-16,16.53,16.53,15.74,15.95,20364058,341954496.000
2012-11-19,15.97,15.99,15.40,15.91,19899889,328214944.000
2012-11-20,15.99,16.01,15.53,15.73,14986025,247581552.000
2012-11-21,15.74,16.07,15.60,16.04,12157596,202111488.000
2012-11-22,15.91,16.01,15.79,15.94,7968881,132487936.000
2012-11-23,16.03,16.50,15.92,16.39,19941525,339752960.000
2012-11-26,16.29,16.51,16.20,16.36,7651412,130930584.000
2012-11-27,16.50,16.50,15.94,16.03,9399941,159522720.000
2012-11-28,15.95,16.13,15.78,16.08,10098558,168712832.000
2012-11-29,16.14,16.16,15.75,15.81,10865560,181308368.000
2012-11-30,15.73,16.22,15.72,16.05,13992637,234867872.000
2012-12-03,16.00,17.05,15.98,16.54,25066652,437884736.000
2012-12-04,16.64,16.92,16.57,16.86,20290679,355664512.000
2012-12-05,16.90,17.99,16.83,17.85,46580311,860504512.000
2012-12-06,17.85,18.05,17.75,17.85,14311313,266677568.000
2012-12-07,17.85,18.22,17.79,18.13,17572900,330018048.000
2012-12-10,18.24,18.71,18.24,18.51,27977617,541617984.000
2012-12-11,18.40,18.43,17.99,18.16,13566020,257059152.000
2012-12-12,18.05,18.23,17.90,18.15,12555231,236050320.000
2012-12-13,18.04,18.10,17.78,18.07,14445836,269243456.000
2012-12-14,18.00,19.85,17.95,19.54,40523288,801632576.000
2012-12-17,19.50,19.75,19.30,19.52,23854142,483781856.000
2012-12-18,19.54,20.20,19.20,19.71,25131416,514463104.000
2012-12-19,19.62,19.99,19.42,19.49,17175405,350439104.000
2012-12-20,19.44,19.75,19.27,19.66,18297183,371431296.000
2012-12-21,19.58,20.09,19.48,19.71,16609470,340302272.000
2012-12-24,19.73,20.28,19.52,20.19,23301152,483300032.000
2012-12-25,20.08,21.00,19.85,20.64,24911898,531899584.000
2012-12-26,20.55,20.85,20.41,20.62,12295193,263205552.000
2012-12-27,20.80,21.04,20.23,20.43,13232227,280093728.000
2012-12-28,20.31,20.85,20.25,20.52,14303662,305447168.000
2012-12-31,20.64,22.00,20.64,21.75,39346419,873438400.000
2013-01-04,22.75,23.12,21.70,22.21,46996960,1085414528.000
2013-01-07,22.05,22.25,21.62,21.81,14454216,327524032.000
2013-01-08,21.82,21.90,20.98,21.15,23988057,527774560.000
2013-01-09,21.14,21.35,20.85,21.14,20571915,448825472.000
2013-01-10,21.20,21.42,20.71,20.98,18538948,405311552.000
2013-01-11,20.97,21.29,20.65,20.94,15497139,337140000.000
2013-01-14,20.91,22.05,20.83,21.86,25639879,570370048.000
2013-01-15,21.85,22.40,21.75,22.25,23749893,545589504.000
2013-01-16,22.20,22.37,20.70,21.72,25826336,579210624.000
2013-01-17,21.58,21.71,20.82,21.04,16975480,370616672.000
2013-01-18,21.29,21.50,20.66,21.33,25421208,557058048.000
2013-01-21,21.35,21.35,20.46,20.77,34326807,739119296.000
2013-01-22,20.71,21.25,20.55,20.86,33400926,722418304.000
2013-01-23,20.68,20.97,20.58,20.93,18420003,396219904.000
2013-01-24,20.94,21.61,20.70,21.09,32355609,708349760.000
2013-01-25,21.14,21.25,20.13,20.55,30746247,659537280.000
2013-01-28,20.50,20.75,20.10,20.71,68235246,1437030528.000
2013-01-29,20.68,20.85,20.06,20.53,61721627,1307436288.000
2013-01-30,20.60,21.19,20.45,20.77,55355288,1192930944.000
2013-01-31,20.84,20.99,20.35,20.90,37788346,810987840.000
2013-02-01,20.67,22.35,20.53,22.23,71748384,1592018560.000
2013-02-04,22.41,23.13,21.86,21.93,54568888,1264635136.000
2013-02-05,21.74,21.93,20.95,21.39,44841539,989578112.000
2013-02-06,21.41,22.24,21.35,21.58,32701643,740070656.000
2013-02-07,21.65,21.75,21.25,21.60,23643406,525958272.000
2013-02-08,21.57,21.89,21.26,21.44,24187140,540163072.000
2013-02-18,21.54,21.62,20.41,20.45,36119647,778185408.000
2013-02-19,20.46,20.62,19.97,20.15,29093686,608902976.000
2013-02-20,20.18,20.30,19.93,20.24,15461080,322712736.000
2013-02-21,19.95,20.10,19.23,19.44,34104371,693765248.000
2013-02-22,19.53,19.53,19.10,19.15,22443904,448656992.000
2013-02-25,19.14,19.43,18.90,19.15,18309597,363097312.000
2013-02-26,18.96,19.39,18.55,18.64,25715028,507333984.000
2013-02-27,18.72,18.99,18.62,18.85,21061353,411956032.000
2013-02-28,19.05,19.53,18.84,19.47,26528316,529766784.000
2013-03-01,19.35,19.43,18.65,18.94,28054527,553180224.000
2013-03-04,18.70,18.70,17.53,17.84,50636814,946128000.000
2013-03-05,17.94,18.21,17.73,18.17,37549139,701441536.000
2013-03-06,18.28,18.83,18.28,18.70,34334994,662666432.000
2013-03-07,18.53,18.62,18.05,18.30,25749358,492006112.000
2013-03-08,18.35,18.85,18.30,18.59,20660121,399505568.000
2013-03-11,18.41,18.81,18.28,18.45,13835018,266769024.000
2013-03-12,18.46,18.60,18.05,18.33,21343699,407767552.000
2013-03-13,18.25,18.28,17.87,17.99,14967048,281453440.000
2013-03-14,17.84,18.11,17.75,17.95,18242521,340448864.000
2013-03-15,17.95,18.45,17.63,18.10,26458617,496838688.000
2013-03-18,17.93,17.94,17.18,17.25,25278101,460983488.000
2013-03-19,17.39,17.59,17.21,17.32,19679104,356047904.000
2013-03-20,17.37,18.02,17.36,18.00,38722265,717174720.000
2013-03-21,17.99,18.30,17.95,18.11,20827738,394033952.000
2013-03-22,18.12,18.32,18.05,18.11,14164477,268066448.000
2013-03-25,18.31,18.33,17.96,17.97,10152485,191472560.000
2013-03-26,17.91,18.05,17.43,17.67,14050138,258387088.000
2013-03-27,17.73,18.23,17.70,17.94,12472472,233113952.000
2013-03-28,17.58,17.95,17.34,17.56,17274930,315296928.000
2013-03-29,17.70,17.83,17.50,17.54,6070576,111519232.000
2013-04-01,17.40,17.75,17.40,17.65,9316337,170830128.000
2013-04-02,17.68,17.90,17.35,17.52,13890690,254327104.000
2013-04-03,17.64,18.13,17.59,17.89,18570316,346013184.000
2013-04-08,17.50,18.00,17.41,17.78,20172727,372955616.000
2013-04-09,17.95,18.70,17.95,18.58,35170793,673444928.000
2013-04-10,18.51,18.95,18.46,18.85,24912438,485367872.000
2013-04-11,19.03,19.13,18.58,18.58,16772579,327774336.000
2013-04-12,18.55,18.93,18.52,18.68,14143076,275424288.000
2013-04-15,18.60,18.90,18.19,18.37,13181422,253173472.000
2013-04-16,18.23,19.21,18.15,19.19,30312179,590644160.000
2013-04-17,19.07,19.31,18.94,19.20,20674447,411048352.000
2013-04-18,19.04,19.37,18.95,19.27,18596640,371441984.000
2013-04-19,19.31,19.63,19.04,19.43,36846323,740904128.000
2013-04-22,19.11,19.24,18.72,18.96,29166790,575382592.000
2013-04-23,18.94,18.94,18.03,18.06,22646752,433395968.000
2013-04-24,18.20,18.74,18.06,18.61,17015179,326338368.000
2013-04-25,18.74,18.81,18.10,18.26,29226954,561999680.000
2013-04-26,18.38,18.38,17.97,18.01,19668526,371996640.000
2013-05-02,18.04,18.25,17.94,18.02,16333753,307055808.000
2013-05-03,18.15,18.71,18.07,18.24,15393225,295393056.000
2013-05-06,18.36,18.55,18.15,18.37,20335318,388719808.000
2013-05-07,18.26,18.37,18.03,18.10,15852542,299860384.000
2013-05-08,18.25,18.68,18.25,18.63,22698055,436587168.000
2013-05-09,18.65,18.65,18.25,18.39,14064913,269607584.000
2013-05-10,18.39,18.63,18.26,18.59,12541459,241699200.000
2013-05-13,18.61,18.80,18.36,18.43,13684067,264483312.000
2013-05-14,18.35,18.45,17.62,17.78,32062810,596518656.000
2013-05-15,17.88,17.90,17.69,17.79,12646569,234197504.000
2013-05-16,17.79,18.17,17.46,18.12,19450787,363046144.000
2013-05-17,18.05,18.60,17.89,18.46,25654978,488168064.000
2013-05-20,18.49,18.84,18.41,18.57,17941375,347657472.000
2013-05-21,18.57,18.71,18.41,18.52,11580115,223396848.000
2013-05-22,18.55,18.68,18.42,18.52,12704627,244980032.000
2013-05-23,18.40,18.42,17.97,18.03,16621096,314490784.000
2013-05-24,18.14,18.24,17.77,18.03,14230408,266698384.000
2013-05-27,17.90,18.15,17.89,17.95,11056629,207232592.000
2013-05-28,17.95,18.50,17.87,18.49,15951892,302213824.000
2013-05-29,18.49,18.64,18.29,18.30,17755486,340341632.000
2013-05-30,18.20,18.38,18.06,18.12,15706815,297390144.000
2013-05-31,18.20,18.29,17.76,17.86,17310293,325909152.000
2013-06-03,17.99,18.07,17.75,17.87,13070897,243482672.000
2013-06-04,17.89,17.92,17.66,17.74,13649019,252446304.000
2013-06-05,17.74,17.83,17.63,17.68,12030480,222167152.000
2013-06-06,17.67,17.79,17.52,17.57,10421788,191483584.000
2013-06-07,17.61,17.67,17.13,17.18,18689311,337702592.000
2013-06-13,17.10,17.10,16.34,16.50,27578713,477375968.000
2013-06-14,16.60,16.69,16.45,16.65,16051638,278005696.000
2013-06-17,16.79,16.95,16.59,16.78,13280940,233133776.000
2013-06-18,16.78,17.07,16.63,16.74,11578630,203703808.000
2013-06-19,16.72,16.72,16.33,16.61,13091512,225667136.000
2013-06-20,16.50,16.64,16.25,16.29,15551215,266880560.000
2013-06-21,16.06,16.81,15.94,16.58,22636089,391257600.000
2013-06-24,16.38,16.40,15.46,15.56,29305375,484132160.000
2013-06-25,15.45,15.63,14.26,15.16,45010621,705755968.000
2013-06-26,15.15,15.15,14.38,14.72,46193509,710440512.000
2013-06-27,14.77,15.10,14.61,14.75,28878198,450431936.000
2013-06-28,14.70,15.33,14.55,15.18,22142443,349101408.000
2013-07-01,15.06,15.18,14.64,14.88,21940698,341527616.000
2013-07-02,14.91,14.99,14.72,14.86,24825795,387162048.000
2013-07-03,14.80,14.98,14.67,14.74,16567196,257745632.000
2013-07-04,14.70,15.10,14.65,14.84,26063240,405790048.000
2013-07-05,14.90,15.10,14.84,15.06,23411021,367755744.000
2013-07-08,14.81,14.93,14.50,14.68,16538896,255012000.000
2013-07-09,14.65,14.81,14.61,14.65,17494764,270015712.000
2013-07-10,14.63,15.22,14.60,15.17,28962927,455578624.000
2013-07-11,15.18,16.53,15.17,16.14,37347705,623384448.000
2013-07-12,16.05,16.21,15.54,15.68,20835220,346162816.000
2013-07-15,15.83,16.28,15.60,15.67,25918752,430918720.000
2013-07-16,15.63,16.17,15.38,15.89,17792632,293761632.000
2013-07-17,15.90,16.24,15.72,15.94,20498144,343416096.000
2013-07-18,15.85,16.03,15.70,15.78,14381333,238456016.000
2013-07-19,15.80,16.11,15.54,15.61,15684765,259387936.000
2013-07-22,15.64,15.91,15.60,15.86,14235945,229698496.000
2013-07-23,16.08,16.53,15.85,16.33,16208471,270297216.000
2013-07-24,16.14,16.29,15.72,15.83,17723896,290381920.000
2013-07-25,16.01,16.24,15.94,16.08,13106117,216181424.000
2013-07-26,15.96,16.16,15.85,16.14,10275645,169097968.000
2013-07-29,15.95,16.06,15.68,15.74,11202994,182013872.000
2013-07-30,15.93,16.29,15.81,16.05,13163872,216839344.000
2013-07-31,16.18,16.35,15.77,15.94,11861490,195792944.000
2013-08-01,16.08,16.33,15.96,16.23,13327632,220882544.000
2013-08-02,16.34,16.52,16.21,16.27,15408233,258299472.000
2013-08-05,16.31,16.46,16.17,16.43,8699324,145670064.000
2013-08-06,16.37,16.42,16.00,16.20,15922989,264515136.000
2013-08-07,16.20,16.42,15.85,15.89,21335851,350981696.000
2013-08-08,15.90,16.02,15.75,15.85,12747737,207096064.000
2013-08-09,15.94,16.01,15.64,15.82,8772552,142292528.000
2013-08-12,15.98,16.44,15.85,16.42,25052934,415756704.000
2013-08-13,16.35,16.60,16.23,16.56,18997881,319277120.000
2013-08-14,16.50,16.94,16.47,16.77,24523967,421733184.000
2013-08-15,16.65,16.93,16.65,16.66,11002604,189118704.000
2013-08-16,16.60,18.33,16.27,16.57,37148943,642608704.000
2013-08-19,16.35,16.85,16.25,16.73,17548752,297694400.000
2013-08-20,16.63,16.88,16.20,16.29,18824080,316957504.000
2013-08-21,16.25,16.53,16.12,16.33,10590402,176964528.000
2013-08-22,16.29,16.55,16.24,16.31,9601020,161309968.000
2013-08-23,16.44,16.45,15.89,16.21,12917823,214076336.000
2013-08-26,16.41,16.78,16.31,16.72,17897162,303920864.000
2013-08-27,16.68,16.90,16.55,16.68,12842675,219895568.000
2013-08-28,16.55,16.88,16.31,16.57,25347097,431667200.000
2013-08-29,16.80,16.82,16.38,16.45,8537803,144456464.000
2013-08-30,16.47,16.97,16.42,16.90,32865337,565377472.000
2013-09-02,17.03,17.10,16.71,16.78,30430235,525398976.000
2013-09-03,16.93,17.14,16.81,17.04,23213550,404145664.000
2013-09-04,16.92,17.04,16.89,16.94,13380489,232122944.000
2013-09-05,16.97,17.04,16.90,16.98,10530448,183062016.000
2013-09-06,16.98,17.38,16.93,17.22,19444492,342273312.000
2013-09-09,17.40,18.45,17.24,18.13,60660673,1119798400.000
2013-09-10,18.44,18.45,18.03,18.40,32173977,598884096.000
2013-09-11,18.55,19.25,18.40,18.50,50375476,971184192.000
2013-09-12,18.40,19.72,18.18,19.23,65496910,1282179712.000
2013-09-13,19.13,19.90,18.90,19.10,42872727,846761408.000
2013-09-16,19.38,19.56,18.74,18.96,28200189,550542336.000
2013-09-17,19.00,19.18,18.16,18.20,33162648,628173568.000
2013-09-18,18.20,18.40,18.00,18.23,17387850,324202112.000
2013-09-23,18.29,18.49,18.04,18.20,18069342,336686240.000
2013-09-24,18.06,18.13,17.51,17.56,25577880,463969504.000
2013-09-25,17.68,17.97,17.55,17.60,18026066,327246560.000
2013-09-26,17.50,17.57,16.95,17.05,22638002,397256544.000
2013-09-27,17.00,17.22,16.95,17.16,9477069,165774656.000
2013-09-30,17.45,17.55,17.05,17.17,12826681,226130880.000
2013-10-08,17.15,17.44,16.87,17.43,18316404,321184800.000
2013-10-09,17.30,17.57,17.18,17.38,13603773,241238128.000
2013-10-10,17.40,17.45,16.99,17.07,18899301,330906176.000
2013-10-11,17.22,17.50,17.12,17.49,18277759,324220992.000
2013-10-14,17.49,17.84,17.20,17.56,23464983,420922592.000
2013-10-15,17.46,17.65,17.32,17.46,13190917,235707856.000
2013-10-16,17.32,17.44,16.95,17.09,12216848,213857376.000
2013-10-17,17.11,17.21,16.93,16.95,8876959,155071056.000
2013-10-18,17.05,17.24,16.85,16.96,13488076,234658848.000
2013-10-21,17.00,17.20,16.73,17.15,14932370,259296240.000
2013-10-22,17.10,17.11,16.78,16.91,11796122,204375888.000
2013-10-23,17.00,17.18,16.65,16.68,14775380,255981216.000
2013-10-24,16.68,16.74,16.16,16.20,17965759,301619744.000
2013-10-25,16.21,16.38,15.97,16.16,13156937,218208832.000
2013-10-28,16.30,16.39,16.13,16.31,8749929,145842928.000
2013-10-29,16.38,16.77,16.20,16.57,17669515,299100448.000
2013-10-30,16.65,16.75,16.39,16.73,15170740,258342528.000
2013-10-31,16.75,16.86,16.64,16.74,12260556,210287344.000
2013-11-01,16.85,17.02,16.73,16.97,14976072,259264064.000
2013-11-04,17.05,17.14,16.62,16.68,9379980,161849712.000
2013-11-05,16.59,16.80,16.32,16.76,13835523,234419936.000
2013-11-06,16.59,16.73,16.53,16.55,9135887,155554208.000
2013-11-07,16.55,16.70,16.37,16.58,9108699,154281408.000
2013-11-08,16.49,16.67,16.20,16.30,8699831,146437120.000
2013-11-11,16.21,16.43,16.18,16.23,8444422,141130128.000
2013-11-12,16.35,16.90,16.35,16.88,16523749,282096096.000
2013-11-13,16.67,16.69,16.48,16.58,15072125,256152768.000
2013-11-14,16.74,16.79,16.58,16.63,8798038,150241728.000
2013-11-15,16.61,17.45,16.61,17.31,29777290,525530528.000
2013-11-18,17.49,19.08,17.35,19.08,88079049,1673377024.000
2013-11-19,19.50,20.06,19.36,19.79,112817672,2268595712.000
2013-11-20,19.90,20.00,19.43,19.87,76481539,1536429312.000
2013-11-21,19.65,19.70,19.11,19.30,67332516,1331787392.000
2013-11-22,19.35,19.64,19.00,19.28,53200574,1052050432.000
2013-11-25,19.11,19.96,19.01,19.14,59295840,1181211520.000
2013-11-26,19.14,19.45,18.81,19.06,36703168,715758080.000
2013-11-27,19.15,19.62,18.93,19.42,50775556,1001748928.000
2013-11-28,19.42,19.70,19.17,19.19,46560354,925047296.000
2013-11-29,19.20,19.26,19.00,19.17,21428729,418279968.000
2013-12-02,19.11,19.84,19.08,19.41,60053348,1190228480.000
2013-12-03,19.21,19.28,18.57,18.95,45645935,879921920.000
2013-12-04,18.90,19.56,18.81,19.15,39375907,774193664.000
2013-12-05,19.09,19.68,19.05,19.48,30421073,604023104.000
2013-12-06,19.41,19.73,18.87,19.10,37318597,731107264.000
2013-12-09,19.38,19.59,19.09,19.36,30044129,593370432.000
2013-12-10,19.42,19.47,18.94,19.09,26406424,516090080.000
2013-12-11,18.92,18.94,18.00,18.22,32439898,609665024.000
2013-12-12,18.15,18.31,17.83,18.05,23241381,428950656.000
2013-12-13,17.79,18.18,17.71,18.06,18215842,335036544.000
2013-12-16,18.07,18.11,17.66,17.70,16509090,300967296.000
2013-12-17,17.76,17.78,17.52,17.68,19148690,345402208.000
2013-12-18,17.66,17.81,17.55,17.60,17800761,321680512.000
2013-12-19,17.79,17.86,17.56,17.61,20635463,374058432.000
2013-12-20,17.60,17.68,16.99,17.07,31695868,562364544.000
2013-12-23,17.15,17.53,17.03,17.39,18162815,322475040.000
2013-12-24,17.41,17.73,17.36,17.52,14371493,258334976.000
2013-12-25,17.58,17.82,17.39,17.78,13343677,240825616.000
2013-12-26,17.70,17.81,17.49,17.58,13044825,235172640.000
2013-12-27,17.68,18.28,17.58,18.12,19865474,366490624.000
2013-12-30,18.15,18.25,17.91,17.97,12059914,222822128.000
2013-12-31,17.85,18.34,17.84,18.13,9216367,170985904.000
2014-01-02,18.13,18.13,17.63,17.73,12082471,220039152.000
2014-01-03,17.60,17.68,17.13,17.33,17225292,305044352.000
2014-01-06,17.24,17.24,16.51,16.84,30175520,516540064.000
2014-01-07,16.60,16.84,16.55,16.74,10571844,180837840.000
2014-01-08,16.80,17.04,16.58,16.81,12748631,219663664.000
2014-01-09,16.74,16.92,16.58,16.64,11030234,188921344.000
2014-01-10,16.58,16.80,16.53,16.65,9498427,162006544.000
2014-01-13,16.75,16.88,16.58,16.61,10135775,173051728.000
2014-01-14,16.59,16.90,16.58,16.82,9861787,169040000.000
2014-01-15,16.76,16.85,16.61,16.71,6765934,115794400.000
2014-01-16,16.80,17.11,16.70,16.89,29894778,518639680.000
2014-01-17,16.70,16.88,16.60,16.62,15742373,269236416.000
2014-01-20,16.60,16.81,16.52,16.64,16795393,286388224.000
2014-01-21,16.68,16.98,16.63,16.75,15179434,260953104.000
2014-01-22,16.75,17.10,16.65,17.07,20176935,349772896.000
2014-01-23,17.03,17.03,16.62,16.70,25796809,443502528.000
2014-01-24,16.60,16.82,16.59,16.60,22424119,382997504.000
2014-01-27,16.60,16.60,16.00,16.05,34119629,566992000.000
2014-01-28,16.10,16.26,16.05,16.17,17173233,284698208.000
2014-01-29,16.24,16.35,16.18,16.29,11874898,197876784.000
2014-01-30,16.25,16.25,15.95,15.97,12972736,213369952.000
2014-02-07,15.87,15.87,15.46,15.72,27149987,436017472.000
2014-02-10,15.80,16.09,15.76,16.06,19212940,315215552.000
2014-02-11,16.08,16.50,15.95,16.36,29668736,495990656.000
2014-02-12,16.37,16.47,16.21,16.32,14975921,250419376.000
2014-02-13,16.30,16.40,16.10,16.17,16824774,279700896.000
2014-02-14,16.16,16.28,16.10,16.16,22956897,380230848.000
2014-02-17,16.31,16.47,16.24,16.40,23149839,387963936.000
2014-02-18,16.41,16.42,15.98,16.04,19822930,327737568.000
2014-02-19,16.04,16.43,15.97,16.27,19517944,323837888.000
2014-02-20,16.37,16.44,16.03,16.04,17713242,294499552.000
2014-02-21,16.04,16.15,15.93,16.00,13079375,214854496.000
2014-02-24,15.98,15.98,15.66,15.71,14796895,238734144.000
2014-02-25,15.74,15.78,15.41,15.43,18351221,293291744.000
2014-02-26,15.38,15.63,15.32,15.52,15240923,242397472.000
2014-02-27,15.60,15.77,15.45,15.65,20026263,320039136.000
2014-02-28,15.66,15.78,15.40,15.69,15835699,253859392.000
2014-03-03,15.66,15.66,15.45,15.58,15115263,240886080.000
2014-03-04,15.50,15.64,15.40,15.59,14504694,230828464.000
2014-03-05,15.63,15.67,15.29,15.32,18410055,291424736.000
2014-03-06,15.32,15.85,15.15,15.71,26055851,414989344.000
2014-03-07,15.61,15.83,15.32,15.33,20196236,322124960.000
2014-03-10,15.17,15.23,14.90,14.92,16361017,252336832.000
2014-03-11,14.91,15.04,14.70,14.94,13961799,213286320.000
2014-03-12,14.88,15.09,14.80,14.97,13921391,213592016.000
2014-03-13,15.08,15.18,14.86,14.99,16501458,254807664.000
2014-03-14,14.89,14.94,14.70,14.71,17358699,263668768.000
2014-03-17,14.79,14.87,14.71,14.85,9481705,144092976.000
2014-03-18,14.88,14.95,14.73,14.75,18022069,273787104.000
2014-03-19,14.72,14.77,14.62,14.71,11347958,171027744.000
2014-03-20,14.71,14.92,14.64,14.68,12684148,192484080.000
2014-03-21,14.61,15.16,14.54,15.11,28001016,429263232.000
2014-03-24,15.30,15.48,15.18,15.37,21375324,335873536.000
2014-03-25,15.28,15.50,15.23,15.30,13313165,209962608.000
2014-03-26,15.35,15.45,15.27,15.35,9953038,156787568.000
2014-03-27,15.30,15.56,15.08,15.30,14383975,225935344.000
2014-03-28,15.27,15.49,15.25,15.35,14184851,224091808.000
2014-03-31,15.49,15.53,15.20,15.40,13065991,206235872.000
2014-04-01,15.43,15.57,15.32,15.47,11660725,185192384.000
2014-04-02,15.48,15.72,15.38,15.71,16922019,270240064.000
2014-04-03,15.70,15.86,15.51,15.52,13143064,211301744.000
2014-04-04,15.45,15.60,15.36,15.53,10472351,166168800.000
2014-04-08,15.45,16.11,15.42,16.02,30230092,492288160.000
2014-04-09,16.00,16.08,15.90,16.03,13508974,221226112.000
2014-04-10,15.99,17.67,15.89,17.10,79493656,1373601152.000
2014-04-11,17.12,17.48,16.75,16.95,52625364,914888704.000
2014-04-14,16.90,16.97,16.48,16.66,25549265,435068736.000
2014-04-15,16.59,16.59,16.13,16.18,25414639,424441280.000
2014-04-16,16.18,16.39,16.16,16.23,17274738,287815840.000
2014-04-17,16.27,16.33,16.05,16.09,15157313,250814208.000
2014-04-18,16.01,16.22,15.85,16.08,12253626,201446224.000
2014-04-21,15.93,16.20,15.80,15.82,12910255,211332096.000
2014-04-22,15.78,16.04,15.76,15.99,12612621,205583312.000
2014-04-23,15.92,16.07,15.83,15.90,8880997,144824752.000
2014-04-24,15.91,16.11,15.87,15.97,11253242,184524944.000
2014-04-25,16.13,16.20,15.83,15.87,16958209,278564768.000
2014-04-28,15.87,15.99,15.65,15.69,12704746,205298080.000
2014-04-29,15.76,15.98,15.72,15.87,12747274,206780096.000
2014-04-30,15.90,15.96,15.81,15.91,7542232,122884424.000
2014-05-05,15.81,16.14,15.81,15.97,11551391,188683904.000
2014-05-06,15.97,16.09,15.89,15.95,7912831,129481448.000
2014-05-07,15.89,15.90,15.71,15.77,10229930,165778480.000
2014-05-08,15.79,16.07,15.66,15.68,14002057,227629760.000
2014-05-09,15.75,15.79,15.64,15.74,8479307,136685056.000
2014-05-12,15.87,16.14,15.81,16.07,17811417,292451040.000
2014-05-13,16.07,16.12,15.93,15.99,8393811,138008960.000
2014-05-14,15.97,16.18,15.91,16.09,10141192,167081248.000
2014-05-15,16.06,16.09,15.79,15.83,11370816,185316880.000
2014-05-16,15.90,15.93,15.78,15.87,7497408,121843264.000
2014-05-19,15.80,15.85,15.48,15.56,12550900,201009056.000
2014-05-20,15.69,15.75,15.60,15.66,6686969,107430896.000
2014-05-21,15.51,15.80,15.50,15.76,7311452,117645136.000
2014-05-22,15.77,16.05,15.70,15.85,11267600,183957504.000
2014-05-23,15.88,16.05,15.84,16.00,7865958,128869008.000
2014-05-26,16.16,16.20,15.95,16.00,8229140,135539504.000
2014-05-27,16.02,16.12,15.96,16.01,7075422,116481208.000
2014-05-28,16.09,16.26,15.99,16.22,14796434,245024784.000
2014-05-29,16.22,16.43,16.19,16.30,18429811,308607808.000
2014-05-30,16.28,16.49,16.21,16.38,12884020,216036704.000
2014-06-03,16.40,16.59,16.34,16.35,11406905,192353520.000
2014-06-04,16.33,16.34,16.16,16.27,9734267,161982608.000
2014-06-05,16.23,16.58,16.21,16.56,13493406,227738464.000
2014-06-06,16.61,16.66,16.39,16.54,10853664,183930528.000
2014-06-09,16.43,16.81,16.42,16.65,12276794,209570848.000
2014-06-10,16.77,16.94,16.61,16.89,16220224,279287776.000
2014-06-11,16.80,16.95,16.77,16.85,8560973,147823968.000
2014-06-12,16.83,16.88,16.60,16.74,14290948,245028544.000
2014-06-13,16.68,17.25,16.68,17.16,24145380,421929632.000
2014-06-16,17.12,17.63,17.12,17.56,36556632,652488512.000
2014-06-17,17.51,17.65,17.28,17.57,20425788,365715232.000
2014-06-18,17.56,17.67,17.30,17.36,17339131,310474656.000
2014-06-19,17.46,17.57,17.12,17.35,14858090,264322400.000
2014-06-20,17.34,17.65,17.30,17.64,18520522,331643456.000
2014-06-23,17.66,17.90,17.43,17.45,16010866,290055840.000
2014-06-24,17.47,17.88,17.34,17.81,14539725,262558896.000
2014-06-25,17.77,17.82,17.52,17.75,9994484,180601024.000
2014-06-26,17.72,17.92,17.58,17.69,12888952,233715744.000
2014-06-27,17.61,17.61,17.05,17.18,20673545,364606048.000
2014-06-30,17.18,17.51,17.14,17.39,11627543,206433440.000
2014-07-01,17.52,17.53,17.06,17.12,11582531,204097520.000
2014-07-02,17.13,17.50,17.10,17.36,13652306,242034624.000
2014-07-03,17.40,17.72,17.34,17.60,14242115,256068064.000
2014-07-04,17.59,18.05,17.59,17.83,16429818,299965472.000
2014-07-07,17.86,18.08,17.82,17.89,15957299,292985280.000
2014-07-08,17.88,17.97,17.78,17.88,12526044,228830640.000
2014-07-09,17.88,18.06,17.51,17.52,11349852,206392096.000
2014-07-10,17.65,17.69,17.24,17.30,14357336,255093264.000
2014-07-11,17.32,17.35,17.25,17.28,9197266,162783744.000
2014-07-14,17.38,17.71,17.31,17.68,12250877,219106816.000
2014-07-15,17.61,17.77,17.45,17.70,13976119,251799248.000
2014-07-16,17.69,17.76,17.56,17.65,10086864,182045984.000
2014-07-17,17.65,17.65,17.49,17.55,5824129,104569640.000
2014-07-18,17.59,18.07,17.31,17.91,17199070,307105504.000
2014-07-21,17.91,18.18,17.89,18.10,18206501,329950784.000
2014-07-22,18.02,18.98,18.01,18.92,30487386,567652096.000
2014-07-23,18.83,19.25,18.81,19.20,24550829,468319840.000
2014-07-24,19.14,19.50,19.14,19.41,29890525,579190592.000
2014-07-25,19.54,19.59,19.25,19.59,19108166,371563232.000
2014-07-28,19.75,20.16,19.58,19.94,39031642,777284928.000
2014-07-29,19.94,20.03,19.70,19.99,20339923,404909376.000
2014-07-30,19.74,20.12,19.74,19.88,21628018,431983808.000
2014-07-31,19.88,20.12,19.49,20.07,17083856,336883872.000
2014-08-01,19.90,20.20,19.63,19.68,18219388,362890496.000
2014-08-04,19.73,20.29,19.62,20.28,22128501,443772736.000
2014-08-05,20.22,20.39,19.76,20.00,21544253,429514560.000
2014-08-06,19.80,19.80,19.46,19.64,17996355,352400736.000
2014-08-07,19.64,19.69,19.31,19.38,14252304,277020256.000
2014-08-08,19.50,19.58,19.29,19.35,10871172,211128960.000
2014-08-11,19.48,19.92,19.45,19.77,13961369,275091360.000
2014-08-12,19.62,19.67,19.38,19.51,11848148,230856800.000
2014-08-13,19.58,19.91,19.34,19.88,17058062,334946400.000
2014-08-14,20.10,20.15,19.54,19.69,20442909,407271232.000
2014-08-15,19.85,20.61,19.62,20.50,32302455,653553088.000
2014-08-18,20.44,20.78,20.36,20.40,18647097,382362528.000
2014-08-19,20.43,20.59,20.10,20.40,19419410,395177024.000
2014-08-20,20.30,20.40,19.95,20.00,18445560,371298720.000
2014-08-21,20.02,20.15,19.76,19.99,17330518,345653152.000
2014-08-22,20.01,20.20,19.95,20.10,11522801,231422624.000
2014-08-25,19.99,19.99,19.33,19.42,19596154,384509632.000
2014-08-26,19.38,19.65,19.35,19.46,14341446,279452032.000
2014-08-27,19.50,19.61,19.11,19.14,10339300,200046176.000
2014-08-28,19.26,19.35,19.04,19.09,12237491,234940656.000
2014-08-29,19.11,19.25,19.01,19.24,11531028,220439712.000
2014-09-01,19.24,19.54,19.10,19.50,16916496,327152192.000
2014-09-02,19.49,19.86,19.23,19.80,20391175,397845824.000
2014-09-03,19.72,20.36,19.72,20.09,21495429,432944608.000
2014-09-04,20.23,20.33,19.97,20.30,14584815,294056960.000
2014-09-05,20.30,20.74,20.27,20.55,19493446,399631040.000
2014-09-09,20.55,20.85,20.25,20.28,17474603,359391264.000
2014-09-10,20.18,20.20,19.88,19.91,15264639,304791264.000
2014-09-11,19.90,20.23,19.59,19.61,18246517,362725376.000
2014-09-12,19.61,19.73,19.52,19.71,10954457,215146144.000
2014-09-15,19.51,19.56,19.35,19.50,17423891,338719840.000
2014-09-16,19.60,19.65,19.00,19.15,23727713,458745440.000
2014-09-17,19.30,19.41,19.15,19.32,11021461,212857856.000
2014-09-18,19.29,19.51,19.05,19.38,17313671,334750080.000
2014-09-19,19.42,19.62,19.26,19.54,13063231,254613872.000
2014-09-22,19.38,19.40,18.72,18.79,23452566,445188512.000
2014-09-23,18.80,19.05,18.78,18.89,12837133,242616960.000
2014-09-24,18.81,19.50,18.79,19.46,23254630,446889312.000
2014-09-25,19.56,19.76,19.21,19.51,22049409,432429664.000
2014-09-26,19.35,19.51,19.18,19.30,17727534,342413984.000
2014-09-29,19.31,19.47,19.20,19.40,24083386,465057280.000
2014-09-30,19.40,19.45,19.31,19.41,13328081,258312176.000
2014-10-08,19.46,19.49,19.22,19.46,18648435,360911456.000
2014-10-09,19.47,19.84,19.43,19.56,23127525,453879104.000
2014-10-10,19.45,19.53,19.25,19.40,20691206,400569920.000
2014-10-13,19.25,19.25,18.88,19.04,15968621,304095744.000
2014-10-14,19.04,19.19,18.82,18.87,20411654,387157792.000
2014-10-15,18.83,19.34,18.80,19.24,17636056,337264000.000
2014-10-16,18.96,19.48,18.96,19.15,17838399,343752224.000
2014-10-17,19.26,19.44,19.01,19.22,16096897,309462720.000
2014-10-20,19.37,19.45,19.08,19.20,13998256,269847872.000
2014-10-21,19.18,19.26,18.96,18.98,9006711,172169840.000
2014-10-22,19.01,19.69,18.91,19.18,21444839,413747584.000
2014-10-23,19.17,19.47,19.01,19.11,20137887,388234848.000
2014-10-24,19.11,19.23,19.01,19.14,8518647,162868240.000
2014-10-27,18.70,18.86,18.30,18.73,22970730,428215840.000
2014-10-28,18.73,19.24,18.73,19.21,18200672,345595072.000
2014-10-29,19.29,19.70,19.25,19.49,33526524,654246784.000
2014-10-30,19.40,19.50,19.23,19.33,23741860,459327520.000
2014-10-31,19.46,20.08,19.41,19.97,57500118,1138502016.000
2014-11-03,19.97,20.04,19.59,19.68,27622033,546342144.000
2014-11-04,19.50,19.75,19.46,19.63,20076210,393299072.000
2014-11-05,19.60,19.88,19.50,19.77,13417806,264540480.000
2014-11-06,19.84,19.94,19.51,19.65,13948650,274951872.000
2014-11-07,19.64,20.50,19.60,20.09,50565962,1016026752.000
2014-11-10,20.25,20.61,20.02,20.37,54074103,1096625408.000
2014-11-11,20.39,21.00,20.34,20.64,89070745,1837271296.000
2014-11-12,20.57,20.90,20.31,20.80,34634570,714138560.000
2014-11-13,20.85,21.66,20.85,21.14,57151864,1220460544.000
2014-11-14,21.14,21.40,20.69,21.33,63633868,1335180288.000
2014-11-17,22.00,22.09,20.44,20.55,61907208,1304540288.000
2014-11-18,20.51,20.77,19.89,19.96,42219944,852319168.000
2014-11-19,19.96,20.22,19.90,19.96,27664333,555100800.000
2014-11-20,19.88,20.68,19.86,20.47,42510981,864629120.000
2014-11-21,20.41,21.17,20.16,21.09,49731694,1035163264.000
2014-11-24,21.97,22.76,21.72,22.57,136942526,3041714688.000
2014-11-25,22.35,22.69,22.11,22.41,52330640,1173876480.000
2014-11-26,22.42,23.99,22.42,23.96,104070395,2408905728.000
2014-11-27,24.10,24.96,23.90,24.58,120235318,2941188096.000
2014-11-28,24.44,24.64,23.59,24.12,94405156,2272935424.000
2014-12-01,24.50,25.19,23.63,23.69,98298416,2399048192.000
2014-12-02,23.42,25.68,23.33,24.89,101860377,2495870976.000
2014-12-03,24.99,26.16,24.05,24.24,132160910,3319894528.000
2014-12-04,24.49,26.66,24.05,26.66,137177781,3507417344.000
2014-12-05,27.39,27.95,25.51,26.68,161020538,4331296256.000
2014-12-08,25.92,28.74,25.70,28.18,156361948,4309010944.000
2014-12-09,27.00,28.66,25.36,25.36,187264540,5088113664.000
2014-12-10,25.20,26.00,23.95,25.38,114108873,2839096832.000
2014-12-11,24.66,25.25,24.18,24.23,78580569,1936781696.000
2014-12-12,24.55,25.45,24.28,24.54,76465739,1900664960.000
2014-12-15,24.18,25.06,24.04,24.88,54252932,1330926720.000
2014-12-16,24.85,26.49,24.69,26.45,114386070,2927549440.000
2014-12-17,26.49,27.01,25.80,26.67,123438722,3260470016.000
2014-12-18,26.80,27.79,26.41,26.80,110684241,2997364992.000
2014-12-19,26.80,27.25,25.70,26.63,89414634,2376323328.000
2014-12-22,26.60,28.00,26.58,27.02,111615073,3046891264.000
2014-12-23,26.50,29.44,26.11,27.42,124254726,3439633920.000
2014-12-24,27.80,27.88,25.30,25.66,78501954,2074331392.000
2014-12-25,25.89,27.70,25.52,27.67,97944504,2627536384.000
2014-12-26,27.60,30.28,27.40,29.92,142496900,4119172864.000
2014-12-29,30.55,32.91,30.55,31.92,194095326,6191038976.000
2014-12-30,31.50,32.68,30.71,31.97,110921001,3521998848.000
2014-12-31,31.96,32.74,31.01,32.30,101457383,3245053440.000
2015-01-05,33.00,34.31,32.50,33.28,134073101,4489657856.000
2015-01-06,32.00,32.81,30.79,31.36,123903820,3922785024.000
2015-01-07,31.10,32.22,30.96,31.23,86421044,2718229760.000
2015-01-08,31.50,31.72,29.83,30.03,83069543,2531353088.000
2015-01-09,30.18,33.03,29.84,30.92,161250871,5101798912.000
2015-01-12,30.89,31.83,29.79,31.13,109068523,3367675136.000
2015-01-13,31.14,31.81,30.45,30.85,57905746,1801910272.000
2015-01-14,30.94,31.65,30.51,31.00,56131173,1749525120.000
2015-01-15,31.48,34.00,31.16,33.55,130175269,4231358976.000
2015-01-16,33.68,35.00,32.82,33.73,134470387,4587585536.000
2015-01-19,30.36,31.59,30.36,30.36,96636131,2979353600.000
2015-01-20,30.03,30.85,29.30,30.13,135150023,4071201024.000
2015-01-21,30.71,33.14,30.68,33.14,163607022,5280659456.000
2015-01-22,34.10,34.90,33.15,33.48,141933856,4815224320.000
2015-01-23,34.12,36.83,33.17,36.46,207264898,7387374592.000
2015-01-26,36.10,37.50,35.49,36.96,145455192,5325633536.000
2015-01-27,37.49,37.88,34.70,36.33,168316858,6085948928.000
2015-01-28,35.40,35.67,34.50,34.75,102506252,3588978176.000
2015-01-29,33.98,35.29,33.55,35.17,119750428,4111931648.000
2015-01-30,34.75,35.29,33.22,33.41,109142827,3712701952.000
2015-02-02,31.85,32.97,31.66,31.93,97146552,3120848384.000
2015-02-03,32.54,34.75,31.79,33.99,147888477,4896619520.000
2015-02-04,33.97,34.50,32.62,32.74,111219428,3740506624.000
2015-02-05,34.20,34.30,31.80,31.87,133958220,4484626432.000
2015-02-06,31.30,32.17,30.82,31.16,83559858,2629728768.000
2015-02-09,31.00,33.00,30.69,32.08,92021326,2944932096.000
2015-02-10,31.88,32.90,31.75,32.77,60747360,1971902592.000
2015-02-11,32.96,33.88,32.68,33.53,69465632,2314323200.000
2015-02-12,33.42,34.05,32.72,33.62,57390481,1922483840.000
2015-02-13,33.80,34.63,33.13,33.27,76568099,2600202496.000
2015-02-16,33.23,33.88,32.91,33.35,49915704,1662445824.000
2015-02-17,33.45,35.66,33.43,34.81,104150900,3626108672.000
2015-02-25,34.30,34.48,33.15,33.31,65439439,2208644864.000
2015-02-26,33.12,34.97,32.23,34.88,108532212,3674572800.000
2015-02-27,34.80,35.12,34.30,34.41,66820263,2318705408.000
2015-03-02,34.41,34.85,33.52,34.19,100302782,3421510656.000
2015-03-03,33.62,33.85,32.17,32.31,117408744,3866177792.000
2015-03-04,32.21,32.95,32.10,32.62,71222103,2312960768.000
2015-03-05,32.00,32.38,31.51,31.99,92025744,2940697600.000
2015-03-06,31.94,32.28,31.50,31.55,70620828,2251912448.000
2015-03-09,31.00,32.77,30.00,32.18,115023236,3594308608.000
2015-03-10,31.70,31.80,31.20,31.41,52660786,1659158656.000
2015-03-11,31.63,32.50,31.60,31.73,70505947,2261603072.000
2015-03-12,32.30,33.30,31.73,32.90,116768137,3817228544.000
2015-03-13,33.00,33.39,32.50,32.75,84576701,2792624384.000
2015-03-16,32.89,34.06,32.51,33.88,115096135,3833418240.000
2015-03-17,33.89,34.20,33.41,33.83,89218694,3013872384.000
2015-03-18,33.99,34.55,33.95,34.40,93515333,3200814336.000
2015-03-19,34.18,34.25,33.20,33.34,80182627,2694824192.000
2015-03-20,33.75,34.80,32.96,33.90,143357763,4848289280.000
2015-03-23,33.98,34.43,33.50,34.10,118975623,4038058496.000
2015-03-24,34.00,34.30,33.34,33.41,101950951,3436252160.000
2015-03-25,33.10,33.42,32.01,32.23,112123890,3652387584.000
2015-03-26,31.85,33.14,31.56,32.29,94349779,3054692096.000
2015-03-27,32.06,32.49,31.78,32.09,59795214,1920110080.000
2015-03-30,32.44,33.68,32.04,33.62,133287809,4388877312.000
2015-03-31,34.30,35.00,33.69,33.90,158591112,5446757376.000
2015-04-01,34.55,34.99,34.18,34.46,117825721,4070903296.000
2015-04-02,34.67,34.88,33.60,34.01,95612075,3255757312.000
2015-04-03,33.75,34.40,33.66,34.10,81748920,2781207808.000
2015-04-07,34.31,34.86,33.91,34.78,125808958,4322703872.000
2015-04-08,34.86,36.25,34.18,35.65,187741820,6632167936.000
2015-04-09,35.65,37.10,35.01,35.06,167450271,6025032192.000
2015-04-10,34.88,35.99,34.75,35.87,116657599,4134952704.000
数据来源:通达信
