601088 中国神华 日线 前复权
      日期	    开盘	    最高	    最低	    收盘	    成交量	    成交额
2011-03-02,21.97,22.58,21.97,22.37,31166786,804685248.000
2011-03-03,22.56,22.57,21.87,21.93,26357870,677850176.000
2011-03-04,21.92,22.38,21.65,22.27,24572974,629086272.000
2011-03-07,22.73,24.85,22.73,24.85,95280331,2640932352.000
2011-03-08,25.88,26.05,24.91,25.49,115219886,3346175488.000
2011-03-09,25.17,25.55,24.87,25.07,52208115,1498835456.000
2011-03-10,24.96,24.96,23.77,23.93,63678824,1763460224.000
2011-03-11,23.75,24.12,23.36,23.46,45172142,1233379584.000
2011-03-14,23.71,24.27,23.21,23.92,47153578,1286247936.000
2011-03-15,23.53,23.65,22.55,23.17,42520889,1127860608.000
2011-03-16,23.31,24.56,23.25,24.36,70570224,1950304896.000
2011-03-17,24.16,25.67,23.83,24.56,82045058,2332568576.000
2011-03-18,25.29,25.43,24.56,24.86,43337547,1237111296.000
2011-03-21,25.03,25.68,24.47,24.75,40450055,1161797376.000
2011-03-22,24.86,25.01,24.06,24.67,27519850,771875712.000
2011-03-23,24.77,25.40,24.57,25.23,29122373,834089536.000
2011-03-24,25.30,25.43,24.91,24.95,22182460,636509696.000
2011-03-25,25.02,25.97,24.78,25.67,56942102,1657875328.000
2011-03-28,25.68,27.00,25.68,26.07,58359066,1746521344.000
2011-03-29,25.96,26.52,25.41,25.53,33736895,994958592.000
2011-03-30,25.56,26.00,25.03,25.46,30835798,892552960.000
2011-03-31,25.43,26.03,25.18,25.57,20268025,590965824.000
2011-04-01,25.76,26.28,25.00,26.10,37532497,1093944448.000
2011-04-06,25.95,26.67,25.83,26.29,50612829,1512827904.000
2011-04-07,26.36,26.56,26.04,26.11,21729520,646023424.000
2011-04-08,26.18,26.70,26.18,26.40,27725187,832692352.000
2011-04-11,26.65,28.58,26.65,27.35,83570468,2620258304.000
2011-04-12,27.08,27.84,26.88,27.02,37313234,1152418048.000
2011-04-13,26.78,27.61,26.28,27.49,37849030,1154397056.000
2011-04-14,27.38,27.45,26.61,27.11,24074323,735211136.000
2011-04-15,26.78,27.49,26.48,26.90,26244731,796923328.000
2011-04-18,26.63,27.55,26.46,27.22,25141242,769408000.000
2011-04-19,26.88,26.88,25.78,25.80,31798395,947152512.000
2011-04-20,26.19,26.33,25.87,25.91,23106112,683663616.000
2011-04-21,26.28,26.67,26.10,26.62,17759819,532548896.000
2011-04-22,26.54,26.60,25.98,26.23,12789190,380481024.000
2011-04-25,25.99,26.22,25.20,25.28,20062926,583459200.000
2011-04-26,25.27,25.66,25.16,25.26,14987144,433029792.000
2011-04-27,25.48,25.94,25.39,25.54,18566134,542038400.000
2011-04-28,25.90,26.44,25.63,25.72,31237751,923898368.000
2011-04-29,25.79,26.27,25.28,26.13,26424444,775185920.000
2011-05-03,26.06,26.48,25.83,26.29,19466942,579061760.000
2011-05-04,25.95,25.95,24.33,24.60,40636215,1157411072.000
2011-05-05,24.60,24.77,24.31,24.51,15633547,438399648.000
2011-05-06,23.78,24.51,23.41,24.07,28187870,771751488.000
2011-05-09,24.08,24.57,24.02,24.27,16389585,455208736.000
2011-05-10,24.43,24.81,24.40,24.56,12946781,364168352.000
2011-05-11,24.80,24.82,24.28,24.47,10876213,305362688.000
2011-05-12,24.08,24.36,23.79,23.95,11733789,322975616.000
2011-05-13,24.17,24.60,24.08,24.56,15914727,443796800.000
2011-05-16,24.48,24.86,24.06,24.12,11652966,325833920.000
2011-05-17,24.14,25.48,24.11,24.75,20743734,589093440.000
2011-05-18,24.63,25.28,24.53,25.01,13517882,385426432.000
2011-05-19,25.13,25.35,24.72,24.84,11965708,341548000.000
2011-05-20,24.85,25.11,24.65,24.99,9670941,274929568.000
2011-05-23,24.89,25.10,24.06,24.10,12740045,357049280.000
2011-05-24,23.90,24.36,23.90,24.05,12096415,334279904.000
2011-05-25,24.03,24.37,23.58,23.82,12429404,342400064.000
2011-05-26,24.16,24.28,23.74,23.85,8355128,229621024.000
2011-05-30,24.51,24.76,24.23,24.31,25084482,702742464.000
2011-05-31,24.12,25.00,24.12,24.84,30469783,856166784.000
2011-06-01,24.83,25.41,24.70,25.08,28692139,821573952.000
2011-06-02,24.60,25.43,24.38,25.35,32685002,928879616.000
2011-06-03,25.23,25.50,25.00,25.06,18461169,531149984.000
2011-06-07,24.78,24.97,24.28,24.82,15768211,443190272.000
2011-06-08,24.71,25.06,24.51,24.95,10729795,304513440.000
2011-06-09,24.97,25.24,24.61,24.63,13886253,393975680.000
2011-06-10,24.83,24.85,24.08,24.69,16071832,448359456.000
2011-06-13,24.51,24.73,24.09,24.54,11030996,299373280.000
2011-06-14,24.46,25.42,24.28,25.28,18868204,524477600.000
2011-06-15,25.23,26.07,25.14,25.71,21398769,609957504.000
2011-06-16,25.41,25.78,25.26,25.37,12060055,341472384.000
2011-06-17,25.53,25.73,25.11,25.15,15922887,447962368.000
2011-06-20,24.90,25.48,24.90,25.24,12390408,346897888.000
2011-06-21,25.49,26.18,25.29,26.05,24310137,693904064.000
2011-06-22,26.09,26.28,25.91,26.03,18198050,525171104.000
2011-06-23,26.08,27.04,26.03,26.85,32887208,966432320.000
2011-06-24,26.63,27.28,26.61,26.86,33175855,987780288.000
2011-06-27,26.88,27.06,26.58,26.88,19377141,573314688.000
2011-06-28,26.97,26.97,26.23,26.74,14220562,417360064.000
2011-06-29,26.78,27.13,26.45,26.57,16984545,502553472.000
2011-06-30,26.61,27.80,26.61,27.37,33052705,998333120.000
2011-07-01,27.38,28.38,27.32,28.13,44784584,1380210432.000
2011-07-04,28.62,28.92,28.16,28.31,40744252,1272929792.000
2011-07-05,28.33,28.88,27.83,28.83,32942520,1022088960.000
2011-07-06,29.18,29.71,28.24,28.31,63713868,2025480960.000
2011-07-07,28.28,28.70,27.83,27.93,34369731,1065100928.000
2011-07-08,27.98,28.72,27.98,28.64,26061033,811265344.000
2011-07-11,28.38,28.43,27.98,28.12,20687166,640437120.000
2011-07-12,27.54,27.73,26.89,26.99,36011778,1080683520.000
2011-07-13,27.08,27.81,27.08,27.51,24971963,755281408.000
2011-07-14,27.73,28.41,27.51,27.63,26312266,809337856.000
2011-07-15,27.46,27.75,27.03,27.63,18583228,561386496.000
2011-07-18,27.48,27.63,27.18,27.39,17508312,527167136.000
2011-07-19,27.18,27.53,26.84,27.21,17257911,517821536.000
2011-07-20,27.44,27.57,26.61,26.86,15031521,447506432.000
2011-07-21,26.99,27.12,26.57,26.61,11713664,345353248.000
2011-07-22,26.80,27.48,26.80,27.21,21064605,632083584.000
2011-07-25,27.04,27.58,26.83,26.92,23793981,710515200.000
2011-07-26,26.94,27.03,26.23,26.88,12317537,363756992.000
2011-07-27,26.57,27.41,26.41,27.24,14139101,422190976.000
2011-07-28,26.86,27.83,26.81,27.63,25468789,771405760.000
2011-07-29,27.50,27.69,26.74,26.92,16179798,484112832.000
2011-08-01,27.11,27.45,26.84,26.98,12787669,382381632.000
2011-08-02,26.76,26.98,26.33,26.90,14074400,413711168.000
2011-08-03,26.48,27.21,26.44,26.73,12270741,363533792.000
2011-08-04,26.73,27.08,26.67,26.83,8448782,250303248.000
2011-08-05,25.74,26.24,25.63,26.01,30081701,862979008.000
2011-08-08,25.58,26.01,24.43,24.64,29290662,816467712.000
2011-08-09,23.53,24.68,23.20,24.63,37967257,1014629568.000
2011-08-10,25.13,25.23,24.59,24.66,20643621,572744064.000
2011-08-11,24.28,25.03,24.28,24.95,18211427,500882752.000
2011-08-12,25.03,25.31,24.75,24.87,11753071,326762432.000
2011-08-15,25.11,25.17,24.47,25.16,16361268,451893184.000
2011-08-16,25.13,25.20,24.86,24.91,11120130,308818624.000
2011-08-17,24.88,25.12,24.43,24.52,15829863,434411808.000
2011-08-18,24.47,24.55,23.23,23.30,37116580,981461696.000
2011-08-19,22.71,22.93,22.24,22.82,38225393,967500480.000
2011-08-22,22.65,22.98,22.23,22.47,17945280,455190752.000
2011-08-23,22.66,22.93,22.30,22.84,13046773,330898144.000
2011-08-24,23.07,23.23,22.76,22.83,16356868,422077568.000
2011-08-25,22.94,24.33,22.86,24.19,27922860,739060096.000
2011-08-26,24.00,24.23,23.88,24.07,14669287,393122080.000
2011-08-29,24.00,24.07,23.63,23.79,17005713,452265984.000
2011-08-30,24.13,24.59,23.83,23.91,16645814,448962176.000
2011-08-31,23.94,24.21,23.57,24.18,13012262,347782528.000
2011-09-01,24.20,24.52,24.01,24.15,10718230,289728576.000
2011-09-02,24.13,24.26,23.54,23.71,9951932,264621504.000
2011-09-05,23.35,23.38,22.62,22.86,17797793,456195424.000
2011-09-06,22.48,22.93,22.33,22.88,12592934,319156576.000
2011-09-07,22.98,23.52,22.82,23.49,11672180,303693216.000
2011-09-08,23.69,23.72,23.18,23.25,8556337,224036304.000
2011-09-09,23.41,23.92,22.83,23.02,15195827,393386912.000
2011-09-13,22.71,22.89,22.53,22.71,7266922,184951920.000
2011-09-14,22.93,23.00,22.32,22.87,11408661,289934944.000
2011-09-15,22.84,23.00,22.63,22.63,9135035,233729664.000
2011-09-16,22.83,23.23,22.74,22.96,14604944,376693888.000
2011-09-19,22.73,22.78,22.38,22.42,12316592,311748864.000
2011-09-20,22.34,22.78,22.34,22.57,10710115,270986624.000
2011-09-21,22.53,24.06,22.50,23.82,24403672,642861632.000
2011-09-22,23.43,23.56,22.88,22.92,16759550,435666784.000
2011-09-23,22.43,23.21,22.31,23.09,17088802,433955936.000
2011-09-26,22.69,23.36,22.51,22.75,11896461,305265280.000
2011-09-27,23.11,23.55,22.89,23.31,15972861,415357280.000
2011-09-28,23.57,23.68,23.02,23.17,19718793,516428736.000
2011-09-29,23.01,23.33,22.93,23.17,13942324,361839648.000
2011-09-30,23.19,23.29,22.42,22.57,21639339,550275840.000
2011-10-10,22.67,22.88,22.43,22.50,9647341,245278976.000
2011-10-11,23.21,23.33,20.83,21.44,35247837,872503040.000
2011-10-12,21.25,22.43,20.81,22.18,28870320,706269696.000
2011-10-13,22.12,22.38,21.86,22.32,16985886,423290272.000
2011-10-14,22.33,22.61,22.20,22.48,10195171,256931136.000
2011-10-17,22.63,23.26,22.63,22.97,16473564,424625472.000
2011-10-18,22.76,22.93,22.19,22.26,9460590,239001840.000
2011-10-19,22.46,22.76,22.33,22.47,11979929,303360544.000
2011-10-20,22.26,22.42,21.44,21.96,17112086,422246432.000
2011-10-21,21.97,22.12,21.53,21.76,6739595,165635648.000
2011-10-24,21.93,22.80,21.79,22.58,12737169,320073920.000
2011-10-25,22.71,23.49,22.48,23.26,19352212,499447520.000
2011-10-26,23.13,23.73,23.13,23.36,22104498,579982080.000
2011-10-27,23.42,23.69,23.25,23.63,14287456,376118784.000
2011-10-28,24.01,24.80,24.01,24.44,30056156,818720000.000
2011-10-31,24.52,24.54,24.05,24.21,11262954,304328832.000
2011-11-01,23.93,24.37,23.80,24.04,14768679,396844608.000
2011-11-02,23.68,24.52,23.52,24.44,15032203,400832224.000
2011-11-03,24.46,24.76,24.37,24.45,22700746,619805632.000
2011-11-04,24.73,24.85,24.40,24.50,16541425,453209312.000
2011-11-07,24.23,24.68,24.09,24.40,10989644,298831872.000
2011-11-08,24.55,24.89,24.40,24.67,14715938,404239936.000
2011-11-09,24.82,25.07,24.51,24.82,12654928,348197568.000
2011-11-10,24.51,24.62,24.13,24.18,11007710,298988160.000
2011-11-11,24.43,24.53,24.12,24.28,7311350,198341712.000
2011-11-14,24.60,25.41,24.54,25.39,27002228,752769344.000
2011-11-15,25.37,26.10,25.27,25.67,23450394,668272256.000
2011-11-16,25.65,25.71,24.45,24.64,18061935,500690880.000
2011-11-17,24.76,24.93,24.41,24.62,10082650,276700128.000
2011-11-18,24.37,24.41,23.54,23.86,13834695,369720256.000
2011-11-21,23.86,23.93,23.01,23.45,20406974,533323328.000
2011-11-22,23.18,23.47,22.92,23.29,11810349,306739808.000
2011-11-23,23.38,23.42,22.62,22.81,16437984,422360768.000
2011-11-24,22.58,23.09,22.52,23.01,12760779,326647552.000
2011-11-25,22.90,23.07,22.66,22.78,8497392,217604544.000
2011-11-28,22.93,23.29,22.83,23.04,8633981,223131728.000
2011-11-29,23.33,23.48,23.05,23.38,8868632,230924464.000
2011-11-30,23.20,23.31,22.45,22.62,16727208,425753568.000
2011-12-01,23.24,23.83,23.17,23.28,23071652,605652928.000
2011-12-02,23.16,23.26,22.73,22.84,8921139,229319152.000
2011-12-05,22.92,23.13,22.63,22.78,9919607,254519104.000
2011-12-06,22.76,22.98,22.49,22.83,11428163,291443840.000
2011-12-07,22.83,23.06,22.70,22.99,8337270,213820336.000
2011-12-08,22.92,23.21,22.72,23.00,7962468,204422144.000
2011-12-09,22.85,22.93,22.64,22.74,8417618,215103104.000
2011-12-12,22.73,22.73,22.38,22.48,7535566,190534144.000
2011-12-13,22.44,22.58,22.21,22.25,12166768,306469440.000
2011-12-14,22.27,22.40,22.08,22.13,6910838,172884080.000
2011-12-15,21.88,22.07,21.13,21.28,12167168,294454496.000
2011-12-16,21.39,21.78,21.22,21.68,9209744,222743616.000
2011-12-19,21.43,21.72,20.83,21.58,9067173,216684496.000
2011-12-20,21.48,21.92,21.27,21.49,9899506,241047664.000
2011-12-21,21.83,21.92,21.43,21.47,9378965,229861024.000
2011-12-22,21.24,21.94,21.24,21.82,10004061,244617328.000
2011-12-23,21.77,22.28,21.77,22.13,9866744,245151456.000
2011-12-26,21.98,22.18,21.71,21.78,4680499,115374496.000
2011-12-27,21.92,22.16,21.71,21.73,5891921,145189472.000
2011-12-28,21.75,22.07,21.39,21.89,8870791,217024208.000
2011-12-29,21.81,22.18,21.73,22.14,8163116,201893152.000
2011-12-30,22.15,22.63,22.08,22.56,8476976,212641056.000
2012-01-04,22.71,22.85,21.68,21.83,12125625,304078368.000
2012-01-05,21.71,22.09,21.43,21.52,10113656,247970640.000
2012-01-06,21.54,21.68,21.32,21.50,7806934,189508384.000
2012-01-09,21.52,23.29,21.35,23.24,30466962,772634496.000
2012-01-10,23.33,24.13,23.14,23.99,28340378,750352640.000
2012-01-11,23.93,24.20,23.56,23.72,19943137,530920832.000
2012-01-12,23.62,24.22,23.46,23.72,14431278,385026976.000
2012-01-13,23.92,24.00,23.36,23.56,14746818,389753664.000
2012-01-16,23.33,23.86,23.13,23.25,14249917,374818144.000
2012-01-17,23.27,24.82,22.93,24.61,24851500,665417984.000
2012-01-18,24.43,24.73,24.01,24.11,16064930,434226560.000
2012-01-19,24.21,24.71,23.98,24.33,14667617,398202176.000
2012-01-20,24.44,25.07,24.30,24.71,16165586,444645632.000
2012-01-30,24.72,24.76,23.84,23.91,11671444,315042304.000
2012-01-31,24.12,24.24,23.85,24.08,12813487,343277472.000
2012-02-01,24.03,24.47,23.74,23.80,10947546,294343104.000
2012-02-02,24.00,24.50,23.86,24.47,14257528,384824832.000
2012-02-03,24.33,24.68,24.21,24.58,9621688,261838128.000
2012-02-06,24.73,25.06,24.29,24.58,15068496,414963296.000
2012-02-07,24.36,24.51,23.93,24.12,10764570,289833952.000
2012-02-08,24.14,25.29,24.08,24.86,20449854,561660352.000
2012-02-09,24.76,24.90,24.59,24.76,16000538,440138944.000
2012-02-10,24.53,24.90,24.39,24.68,12912172,354101024.000
2012-02-13,24.47,24.85,24.25,24.37,11635826,317010464.000
2012-02-14,24.48,24.48,24.15,24.37,10560302,285534016.000
2012-02-15,24.35,24.64,24.18,24.54,12617476,343714656.000
2012-02-16,24.43,24.47,24.13,24.34,12635262,341684320.000
2012-02-17,24.54,24.60,24.18,24.32,10152602,275523552.000
2012-02-20,24.55,24.82,24.40,24.45,15566884,425733504.000
2012-02-21,24.53,24.61,24.26,24.58,9140309,249155040.000
2012-02-22,24.58,24.83,24.40,24.79,15318038,420339904.000
2012-02-23,24.77,25.11,24.66,24.99,16885300,467851232.000
2012-02-24,25.08,25.61,24.99,25.35,23662616,664395904.000
2012-02-27,25.50,25.88,25.23,25.24,21173368,598720832.000
2012-02-28,25.23,25.45,25.00,25.14,16957318,473408224.000
2012-02-29,25.09,25.09,24.73,24.82,12221892,337993408.000
2012-03-01,24.75,24.87,24.67,24.73,10051510,276725952.000
2012-03-02,24.88,25.29,24.86,25.04,15256660,424974144.000
2012-03-05,25.07,25.40,24.81,24.88,14099250,393161312.000
2012-03-06,24.83,24.95,24.08,24.12,15970292,434084480.000
2012-03-07,23.88,24.13,23.68,23.76,14016248,374394912.000
2012-03-08,23.93,24.11,23.82,23.97,10971905,293360096.000
2012-03-09,24.11,24.42,24.03,24.30,18005571,486108352.000
2012-03-12,24.40,24.40,23.75,24.00,15045566,402544000.000
2012-03-13,23.97,24.43,23.79,24.38,17132121,461228480.000
2012-03-14,24.44,24.53,23.33,23.58,30595307,820303360.000
2012-03-15,23.64,23.92,23.20,23.41,15614373,411310240.000
2012-03-16,23.42,23.63,23.05,23.53,14662852,384077312.000
2012-03-19,23.36,23.58,23.21,23.51,13910563,364435136.000
2012-03-20,23.63,23.81,23.21,23.25,18934130,496848064.000
2012-03-21,23.39,23.69,23.25,23.52,13445829,352734208.000
2012-03-22,23.57,23.60,23.26,23.33,8289061,216902784.000
2012-03-23,23.33,23.43,23.04,23.14,8962437,232680256.000
2012-03-26,23.23,23.46,23.13,23.42,12588471,328288128.000
2012-03-27,23.55,23.59,23.42,23.48,7145796,187771136.000
2012-03-28,23.33,23.52,22.61,22.72,12909151,332938848.000
2012-03-29,22.73,22.87,22.43,22.49,10145317,258182432.000
2012-03-30,22.53,22.97,22.52,22.84,13316435,339922656.000
2012-04-05,22.68,23.23,22.44,23.14,15779510,403965312.000
2012-04-06,23.04,23.30,22.81,23.24,12862124,332216224.000
2012-04-09,22.93,23.02,22.73,22.75,10958807,280601088.000
2012-04-10,22.75,22.98,22.55,22.94,7177390,183501376.000
2012-04-11,22.75,23.07,22.63,22.88,7637925,195478240.000
2012-04-12,22.89,23.55,22.85,23.47,19210947,501544576.000
2012-04-13,23.48,23.81,23.39,23.68,14307695,376848768.000
2012-04-16,23.53,23.78,23.38,23.60,9181733,242088928.000
2012-04-17,23.56,23.62,23.04,23.14,11412653,297377760.000
2012-04-18,23.22,23.83,23.12,23.76,15319079,404132000.000
2012-04-19,23.76,24.06,23.66,23.87,13051084,348333920.000
2012-04-20,23.92,24.07,23.74,23.97,10429889,278517184.000
2012-04-23,23.94,23.97,23.59,23.63,11217706,297571264.000
2012-04-24,23.65,24.30,23.23,23.66,20406518,539136832.000
2012-04-25,23.58,24.02,23.49,23.83,14433505,383761184.000
2012-04-26,23.86,24.19,23.72,24.04,14263274,381575776.000
2012-04-27,23.98,24.21,23.87,24.12,11800962,316651680.000
2012-05-02,24.38,25.13,24.21,24.85,35489558,974964096.000
2012-05-03,24.83,25.03,24.64,24.77,23220969,641512512.000
2012-05-04,24.73,25.03,24.53,24.93,18975727,523540736.000
2012-05-07,24.77,24.77,24.27,24.52,32543770,886192960.000
2012-05-08,24.49,24.69,24.33,24.52,18224869,496979104.000
2012-05-09,24.35,24.39,24.01,24.19,16263138,437996064.000
2012-05-10,24.16,24.26,24.00,24.14,8094944,217814368.000
2012-05-11,24.06,24.22,23.70,23.72,13882353,370583712.000
2012-05-14,23.86,23.92,23.46,23.50,13235428,349728288.000
2012-05-15,23.28,23.40,23.11,23.18,18583722,482738656.000
2012-05-16,23.12,23.16,22.88,22.90,12430494,320447840.000
2012-05-17,22.92,23.30,22.92,23.23,9007386,233526336.000
2012-05-18,23.07,23.13,22.78,22.87,10250811,263421904.000
2012-05-21,22.90,23.44,22.89,23.23,13227933,343372640.000
2012-05-22,23.41,23.69,23.21,23.49,18403897,483067840.000
2012-05-23,23.36,23.47,23.08,23.16,8620367,224629952.000
2012-05-24,23.32,23.73,23.15,23.21,17466283,458088640.000
2012-05-28,22.88,23.63,22.84,23.57,16618769,434482016.000
2012-05-29,23.58,24.02,23.57,23.90,15589091,414478880.000
2012-05-30,23.93,23.97,23.52,23.66,9694747,256586592.000
2012-05-31,23.38,23.48,23.15,23.24,14327484,372907840.000
2012-06-01,23.24,23.47,22.93,23.12,11568344,300206016.000
2012-06-04,22.80,22.80,22.40,22.44,23553494,595895360.000
2012-06-05,22.49,22.93,22.48,22.61,16811555,427924608.000
2012-06-06,22.60,22.72,22.20,22.27,14065804,353685152.000
2012-06-07,22.43,22.51,21.98,22.06,17381011,434200896.000
2012-06-08,22.23,22.26,21.96,22.12,15487157,385128608.000
2012-06-11,22.26,22.38,21.83,22.31,10840225,259669136.000
2012-06-12,22.08,22.11,21.67,21.72,9773728,231358816.000
2012-06-13,21.86,21.92,21.51,21.91,12042311,283781856.000
2012-06-14,21.72,21.79,21.48,21.62,11043801,259163424.000
2012-06-15,21.70,21.95,21.48,21.94,13237929,312398688.000
2012-06-18,21.99,22.38,21.93,22.19,14251744,342455648.000
2012-06-19,22.13,22.22,21.97,21.99,6310132,151102640.000
2012-06-20,22.05,22.22,21.93,22.05,5900237,141331488.000
2012-06-21,21.94,21.95,21.48,21.51,9632917,226075520.000
2012-06-25,21.33,21.35,20.73,20.74,18302023,418947136.000
2012-06-26,20.68,20.68,20.29,20.58,12074490,270419008.000
2012-06-27,20.51,20.63,20.32,20.40,8582691,191502896.000
2012-06-28,20.40,20.52,20.15,20.18,8456564,187279152.000
2012-06-29,20.11,20.66,20.01,20.61,11188512,249034128.000
2012-07-02,21.01,21.01,20.08,20.24,18135496,403617504.000
2012-07-03,20.33,20.39,19.93,20.24,14160274,312183616.000
2012-07-04,20.35,20.63,20.35,20.52,17554968,392525248.000
2012-07-05,20.35,20.53,19.97,20.32,11490484,253220448.000
2012-07-06,20.33,20.88,20.27,20.73,11844611,265353904.000
2012-07-09,20.49,20.79,19.95,19.99,15979609,354184128.000
2012-07-10,19.99,20.12,19.84,19.97,7958599,173737200.000
2012-07-11,19.93,20.26,19.87,20.23,8032163,176345840.000
2012-07-12,20.13,21.23,20.01,20.95,25740410,582628352.000
2012-07-13,20.93,21.05,20.61,20.76,9555784,216597600.000
2012-07-16,20.74,20.88,20.61,20.63,8101599,182997760.000
2012-07-17,20.65,20.98,20.65,20.84,9675757,219616720.000
2012-07-18,20.83,20.98,20.53,20.92,7948469,180432144.000
2012-07-19,20.88,20.99,20.77,20.78,6746460,153670480.000
2012-07-20,20.79,20.83,20.37,20.38,6652332,149054384.000
2012-07-23,20.25,20.27,20.02,20.09,4744299,104451368.000
2012-07-24,20.07,20.23,20.01,20.10,6627804,145682912.000
2012-07-25,20.11,20.13,19.81,19.81,6089828,132694616.000
2012-07-26,19.81,19.93,19.72,19.79,6629480,143572272.000
2012-07-27,19.84,20.04,19.75,19.84,11547120,250982176.000
2012-07-30,19.83,20.32,19.83,20.11,10712632,236080224.000
2012-07-31,20.15,20.42,20.08,20.30,8198207,181389728.000
2012-08-01,20.43,20.60,20.23,20.45,6425101,143268928.000
2012-08-02,20.43,20.48,20.11,20.18,7654119,169625184.000
2012-08-03,20.15,20.73,20.15,20.58,8978947,200552160.000
2012-08-06,20.53,20.96,20.53,20.80,11536701,261541680.000
2012-08-07,20.76,20.90,20.60,20.80,6140673,138935632.000
2012-08-08,20.88,21.07,20.77,20.81,8637074,196591808.000
2012-08-09,20.80,20.92,20.69,20.88,6017770,136569440.000
2012-08-10,20.81,20.88,20.51,20.62,7495223,169041792.000
2012-08-13,20.60,20.78,20.32,20.49,8113520,182145840.000
2012-08-14,20.51,20.78,20.46,20.66,5064182,114030272.000
2012-08-15,20.61,20.67,20.20,20.31,5502415,122495264.000
2012-08-16,20.35,20.37,20.21,20.26,2762447,61217776.000
2012-08-17,20.25,20.36,20.19,20.28,5277635,116891400.000
2012-08-20,20.16,20.28,20.01,20.23,4640729,102071824.000
2012-08-21,20.21,20.42,20.13,20.28,5021406,111185000.000
2012-08-22,20.26,20.36,20.09,20.25,5041644,111492624.000
2012-08-23,20.30,20.51,20.26,20.43,6247935,139157952.000
2012-08-24,20.38,20.48,20.03,20.06,5891473,130087296.000
2012-08-27,20.18,20.23,19.46,19.49,9085796,196615776.000
2012-08-28,19.46,19.91,19.43,19.65,6273851,135138160.000
2012-08-29,19.58,19.96,19.49,19.56,7579221,163573024.000
2012-08-30,19.32,19.73,19.32,19.67,6254935,134440576.000
2012-08-31,19.61,20.02,19.33,19.58,7931639,171726512.000
2012-09-03,19.67,19.98,19.61,19.75,8323051,180056848.000
2012-09-04,19.73,19.94,19.42,19.57,8247919,177038672.000
2012-09-05,19.44,19.57,19.06,19.17,7472400,157634688.000
2012-09-06,19.38,19.63,19.33,19.63,8342187,178142064.000
2012-09-07,19.79,21.23,19.72,20.63,28526725,638876608.000
2012-09-10,20.68,20.88,20.53,20.68,11208126,252698848.000
2012-09-11,20.60,20.60,20.19,20.52,6680563,148484608.000
2012-09-12,20.71,20.83,20.34,20.73,8755026,197364656.000
2012-09-13,20.68,20.86,20.63,20.66,7179438,162571040.000
2012-09-14,21.02,21.28,20.79,21.10,20898947,479537792.000
2012-09-17,21.08,21.08,20.51,20.52,9724452,220420960.000
2012-09-18,20.50,20.51,20.08,20.10,6936774,153102944.000
2012-09-19,19.97,20.11,19.79,20.03,8064427,175821840.000
2012-09-20,19.93,19.94,19.37,19.41,7853947,168618656.000
2012-09-21,19.41,19.90,19.39,19.75,7303615,157425280.000
2012-09-24,19.54,20.04,19.25,19.86,7222881,155284784.000
2012-09-25,19.73,20.00,19.64,19.94,6606454,143614544.000
2012-09-26,19.94,20.04,19.76,19.84,6605022,143781216.000
2012-09-27,19.81,21.08,19.75,20.64,14922706,334017248.000
2012-09-28,20.31,21.21,20.31,21.14,23733825,542318656.000
2012-10-08,21.08,21.21,20.55,20.78,7077080,160493600.000
2012-10-09,20.93,21.49,20.90,21.12,13257488,306523264.000
2012-10-10,21.10,21.23,21.01,21.07,5388575,123634312.000
2012-10-11,20.99,21.03,20.72,20.82,7596480,172767168.000
2012-10-12,20.93,21.17,20.67,21.00,7922164,180747296.000
2012-10-15,20.92,21.05,20.73,20.90,4118178,93507496.000
2012-10-16,20.93,21.05,20.62,20.74,7068681,160344944.000
2012-10-17,20.82,21.39,20.63,21.13,15793634,361375776.000
2012-10-18,21.17,21.61,21.17,21.57,16889158,394482880.000
2012-10-19,21.49,21.70,21.41,21.43,6355826,148790736.000
2012-10-22,21.38,21.76,21.28,21.66,8535196,199838512.000
2012-10-23,21.61,21.67,21.23,21.30,5638310,131273584.000
2012-10-24,21.12,21.47,21.08,21.40,5595140,129810456.000
2012-10-25,21.35,21.46,21.15,21.26,4831127,112234424.000
2012-10-26,21.31,21.40,20.87,20.93,7052093,161736096.000
2012-10-29,20.88,21.12,20.60,20.73,5662037,128615056.000
2012-10-30,20.78,21.15,20.73,20.92,5883023,134271408.000
2012-10-31,20.89,21.20,20.83,21.13,6031716,138464368.000
2012-11-01,21.14,21.63,21.13,21.39,6255859,145715888.000
2012-11-02,21.43,21.61,21.33,21.46,6117425,142722208.000
2012-11-05,21.45,21.81,21.43,21.50,8008797,188203424.000
2012-11-06,21.50,21.59,21.04,21.39,5930988,137173840.000
2012-11-07,21.39,21.52,21.12,21.31,3783949,87606080.000
2012-11-08,21.12,21.20,20.71,20.78,5748246,131019784.000
2012-11-09,20.81,20.87,20.69,20.80,3329457,75402888.000
2012-11-12,20.87,21.07,20.79,20.94,3633780,82900736.000
2012-11-13,21.00,21.00,20.54,20.54,4247360,95787184.000
2012-11-14,20.55,20.78,20.54,20.73,3629784,81784904.000
2012-11-15,20.59,20.68,20.20,20.24,4484091,100092072.000
2012-11-16,20.20,20.33,19.69,19.85,5506716,120016736.000
2012-11-19,19.84,19.99,19.81,19.87,3427027,74553824.000
2012-11-20,19.95,20.02,19.49,19.50,5361191,115764392.000
2012-11-21,19.53,19.90,19.46,19.81,5358938,115278328.000
2012-11-22,19.72,19.83,19.50,19.64,5192426,111855888.000
2012-11-23,19.79,19.97,19.63,19.86,8766738,190174496.000
2012-11-26,19.78,19.91,19.65,19.74,5043362,109297072.000
2012-11-27,19.63,19.92,19.51,19.75,7461750,161759600.000
2012-11-28,19.72,19.87,19.65,19.87,8144329,176134544.000
2012-11-29,19.87,19.98,19.70,19.82,6059087,131784944.000
2012-11-30,19.80,20.03,19.71,19.86,7232926,156928272.000
2012-12-03,19.90,19.92,19.53,19.55,6189210,133847536.000
2012-12-04,19.57,19.90,19.56,19.70,8930379,192467280.000
2012-12-05,19.74,20.62,19.49,20.21,19664190,431293760.000
2012-12-06,20.21,20.32,20.04,20.24,11009382,242456112.000
2012-12-07,20.39,21.02,20.23,20.83,20673287,466181600.000
2012-12-10,20.96,21.08,20.76,20.89,13910779,316382400.000
2012-12-11,20.83,21.07,20.60,20.82,11459425,259882816.000
2012-12-12,20.82,20.95,20.66,20.82,9438988,214063248.000
2012-12-13,20.80,20.81,20.49,20.68,8535911,192232704.000
2012-12-14,20.78,21.45,20.68,21.41,27894221,642036480.000
2012-12-17,21.36,22.33,21.32,21.50,34597778,819297856.000
2012-12-18,21.48,21.93,21.34,21.53,19007799,445867520.000
2012-12-19,21.53,21.99,21.48,21.80,15700450,371858080.000
2012-12-20,21.69,21.90,21.44,21.68,15122067,355728544.000
2012-12-21,21.79,22.18,21.39,21.44,21817992,515401728.000
2012-12-24,21.47,21.75,21.32,21.47,11891706,277957792.000
2012-12-25,21.43,22.30,21.21,22.12,26344017,628453248.000
2012-12-26,22.07,22.43,21.99,22.24,19400541,466898176.000
2012-12-27,22.35,22.78,22.28,22.59,25264359,617378560.000
2012-12-28,22.76,23.05,22.57,22.99,21044168,519602688.000
2012-12-31,22.99,23.57,22.96,23.48,24294581,610831424.000
2013-01-04,23.73,23.83,22.91,23.30,23987747,604733568.000
2013-01-07,23.27,23.60,23.03,23.29,14672385,368872768.000
2013-01-08,23.15,23.23,22.65,23.12,12382125,307403680.000
2013-01-09,23.02,23.52,22.98,23.48,13226271,331966720.000
2013-01-10,23.43,23.46,22.79,23.01,15983650,399436064.000
2013-01-11,23.03,23.11,22.34,22.47,17112539,419188800.000
2013-01-14,22.47,23.25,22.37,23.07,22094817,545048320.000
2013-01-15,23.04,23.14,22.85,22.93,23674687,588268736.000
2013-01-16,22.93,23.21,22.56,22.66,24511700,605209216.000
2013-01-17,22.67,22.73,22.23,22.42,14673397,356437024.000
2013-01-18,22.68,23.01,22.45,22.84,14268963,351776640.000
2013-01-21,22.88,23.17,22.53,22.96,20672814,512038144.000
2013-01-22,22.92,22.92,22.46,22.52,18368562,450419840.000
2013-01-23,22.43,22.52,22.13,22.25,15612255,377255776.000
2013-01-24,22.24,22.61,21.79,21.92,22287622,536552192.000
2013-01-25,22.08,22.13,21.87,22.00,11319554,270232928.000
2013-01-28,22.13,22.40,22.08,22.32,16047934,387314816.000
2013-01-29,22.33,22.48,22.02,22.25,23080366,556277888.000
2013-01-30,22.31,22.45,22.19,22.41,24212867,586357504.000
2013-01-31,22.39,22.83,22.34,22.68,25790318,631752448.000
2013-02-01,22.75,22.83,22.53,22.73,22068176,541321216.000
2013-02-04,22.83,23.39,22.73,23.06,36624157,912699136.000
2013-02-05,23.02,23.41,22.93,23.22,31537001,790023552.000
2013-02-06,23.22,23.22,22.94,23.00,14534798,362355296.000
2013-02-07,22.97,23.10,22.69,22.86,16710540,413147488.000
2013-02-08,22.86,23.12,22.86,22.97,14177475,353129984.000
2013-02-18,23.02,23.05,22.28,22.35,21102152,514926976.000
2013-02-19,22.35,22.48,22.02,22.06,18639022,449418624.000
2013-02-20,22.05,22.31,22.05,22.14,14989654,360106336.000
2013-02-21,21.93,21.93,20.92,21.06,36119412,833800832.000
2013-02-22,21.10,21.13,20.73,20.88,20259027,461209056.000
2013-02-25,20.98,21.01,20.71,20.80,11509958,261252432.000
2013-02-26,20.58,20.76,20.40,20.41,19671184,441688000.000
2013-02-27,20.51,20.72,20.42,20.64,11917385,267183248.000
2013-02-28,20.81,21.12,20.57,21.08,19526520,444888000.000
2013-03-01,21.04,21.07,20.46,20.77,17988186,406682592.000
2013-03-04,20.58,20.92,20.03,20.10,26944383,596690880.000
2013-03-05,20.20,20.28,20.00,20.19,19814817,435437952.000
2013-03-06,20.33,20.36,20.09,20.28,18117552,400103424.000
2013-03-07,20.19,20.72,20.03,20.42,28096374,626060288.000
2013-03-08,20.38,20.71,20.20,20.45,17410767,388734144.000
2013-03-11,20.43,20.43,20.08,20.23,14640544,323077696.000
2013-03-12,20.23,20.48,20.02,20.12,17108653,378310848.000
2013-03-13,20.12,20.28,19.86,19.95,14698118,321777920.000
2013-03-14,19.88,20.07,19.74,19.86,14541081,315895936.000
2013-03-15,19.85,20.20,19.63,19.98,20153510,439017056.000
2013-03-18,19.89,20.05,19.73,19.75,10699370,232338768.000
2013-03-19,19.85,20.03,19.76,19.95,9810281,213457472.000
2013-03-20,19.95,20.29,19.88,20.27,17992821,396053760.000
2013-03-21,20.28,20.34,20.10,20.19,13320971,294272352.000
2013-03-22,20.13,20.26,20.10,20.19,10467698,230645952.000
2013-03-25,20.51,20.54,20.22,20.30,20565422,456883872.000
2013-03-26,20.26,20.32,19.98,20.12,12728384,280366656.000
2013-03-27,20.18,20.29,19.96,20.07,9294812,204413408.000
2013-03-28,19.93,19.97,19.74,19.92,15379326,333858080.000
2013-03-29,20.02,20.04,19.89,19.91,7418715,161835424.000
2013-04-01,19.74,19.90,19.71,19.76,8901175,192667904.000
2013-04-02,19.81,19.92,19.71,19.83,6916514,149945776.000
2013-04-03,19.92,20.23,19.83,19.98,8730223,190704608.000
2013-04-08,19.72,19.89,19.48,19.71,13160145,283016512.000
2013-04-09,19.80,19.84,19.60,19.76,10396655,224710256.000
2013-04-10,19.73,19.89,19.66,19.88,9582206,207174416.000
2013-04-11,19.98,20.01,19.62,19.65,9137126,197593584.000
2013-04-12,19.64,19.71,19.49,19.58,6834691,146700720.000
2013-04-15,19.54,19.66,19.29,19.32,9552234,203210512.000
2013-04-16,19.26,19.28,18.86,19.02,21671859,452609280.000
2013-04-17,19.02,19.03,18.86,18.95,10156351,211309312.000
2013-04-18,18.91,19.21,18.88,19.01,8786675,183576944.000
2013-04-19,19.07,19.56,19.01,19.45,15660040,332178944.000
2013-04-22,19.36,19.46,19.26,19.38,7998847,169763808.000
2013-04-23,19.38,19.38,18.73,18.77,14732378,305777952.000
2013-04-24,18.84,19.13,18.74,18.93,9799712,203608464.000
2013-04-25,18.92,19.01,18.67,18.82,12391479,256250992.000
2013-04-26,18.94,19.01,18.61,18.62,9284215,191756432.000
2013-05-02,18.58,18.67,18.24,18.40,10268245,207947072.000
2013-05-03,18.52,18.89,18.40,18.63,12066006,248046416.000
2013-05-06,18.73,18.93,18.72,18.79,9134287,189008064.000
2013-05-07,18.69,18.92,18.64,18.82,7943090,164114624.000
2013-05-08,18.93,19.09,18.84,18.91,9642706,201087792.000
2013-05-09,18.93,19.00,18.63,18.67,7891942,162628016.000
2013-05-10,18.67,19.04,18.65,19.03,9810513,203905760.000
2013-05-13,19.08,19.19,18.93,19.05,8992385,188219904.000
2013-05-14,18.96,19.07,18.41,18.64,8223170,168927680.000
2013-05-15,18.63,18.66,18.50,18.58,4765318,97341120.000
2013-05-16,18.54,18.84,18.47,18.76,8946378,183908800.000
2013-05-17,18.78,19.33,18.73,19.28,20117719,421599520.000
2013-05-20,19.29,19.34,19.12,19.15,15251213,321511232.000
2013-05-21,19.16,19.30,19.07,19.19,9263217,195188896.000
2013-05-22,19.20,19.25,19.10,19.20,7596239,159856640.000
2013-05-23,19.13,19.19,18.89,18.92,11593940,241945680.000
2013-05-24,19.06,19.12,18.91,19.00,7167041,149647856.000
2013-05-27,19.02,19.07,18.76,18.81,8682158,180413744.000
2013-05-28,18.74,18.98,18.55,18.97,15520104,319393344.000
2013-05-29,18.93,19.04,18.90,18.91,8668496,180549712.000
2013-05-30,18.83,18.93,18.78,18.80,9781622,202695744.000
2013-05-31,18.82,18.92,18.60,18.61,14293943,294357024.000
2013-06-03,18.59,18.78,18.48,18.59,11959763,245087728.000
2013-06-04,18.60,18.61,18.36,18.40,11134825,226279600.000
2013-06-05,18.42,18.53,18.39,18.49,5054304,102838224.000
2013-06-06,18.48,18.60,18.43,18.49,5917491,120473192.000
2013-06-07,18.43,18.52,18.29,18.32,8924987,180916288.000
2013-06-13,18.21,18.21,17.04,17.41,20208441,391280768.000
2013-06-14,17.37,17.43,17.23,17.26,11974803,229622432.000
2013-06-17,17.25,17.32,17.05,17.05,9834562,187161952.000
2013-06-18,17.06,17.08,16.62,16.79,12465487,232971360.000
2013-06-19,16.76,16.77,16.22,16.55,15676017,286828992.000
2013-06-20,16.36,16.52,16.21,16.23,9416207,170990976.000
2013-06-21,16.07,16.42,15.96,16.12,11292545,204446560.000
2013-06-24,16.14,16.20,15.61,15.63,16065337,285674304.000
2013-06-25,15.55,15.74,14.51,15.65,20299632,348274848.000
2013-06-26,15.63,15.65,14.90,15.12,16899233,287349824.000
2013-06-27,15.18,15.30,14.64,14.80,20538144,344550880.000
2013-06-28,14.78,15.42,14.66,15.07,16505800,279101440.000
2013-07-01,14.99,15.21,14.81,15.03,6794530,114634880.000
2013-07-02,15.03,15.15,14.88,15.06,7386983,124591600.000
2013-07-03,15.05,15.05,14.77,14.85,7131679,119350008.000
2013-07-04,14.78,15.44,14.69,15.33,16788313,286204768.000
2013-07-05,15.43,15.48,15.24,15.35,14609459,251841808.000
2013-07-08,15.09,15.09,14.71,14.76,9958492,157117424.000
2013-07-09,14.75,14.94,14.60,14.90,10172321,158998688.000
2013-07-10,14.81,15.51,14.71,15.32,12753226,203943632.000
2013-07-11,15.33,16.09,15.29,15.83,21098912,350527328.000
2013-07-12,15.79,15.79,15.31,15.34,17983753,295573376.000
2013-07-15,15.40,15.58,15.21,15.33,12706313,206801824.000
2013-07-16,15.30,15.36,15.15,15.28,8909960,143905856.000
2013-07-17,15.28,15.68,15.24,15.37,17880817,293632992.000
2013-07-18,15.31,15.49,15.15,15.19,9546271,154308944.000
2013-07-19,15.26,15.39,14.99,15.01,10682739,172339792.000
2013-07-22,15.01,15.12,14.73,14.90,9985559,157758912.000
2013-07-23,15.02,15.38,14.92,15.31,15260111,246689664.000
2013-07-24,15.19,15.28,14.87,15.00,11214848,178475776.000
2013-07-25,15.13,15.16,14.85,15.06,12123438,193012672.000
2013-07-26,14.99,15.11,14.91,14.99,8239012,131156152.000
2013-07-29,14.94,14.95,14.78,14.84,9904176,155992400.000
2013-07-30,15.04,15.15,14.88,14.94,9158378,145683104.000
2013-07-31,15.04,15.21,14.86,15.09,7595707,120876480.000
2013-08-01,15.14,15.45,15.08,15.22,16975146,274965856.000
2013-08-02,15.31,15.50,15.19,15.28,16132203,261861024.000
2013-08-05,15.32,16.08,15.24,15.49,12710195,208282752.000
2013-08-06,15.41,15.58,15.27,15.47,17840267,291490464.000
2013-08-07,15.43,15.53,15.29,15.30,15865042,258797168.000
2013-08-08,15.26,15.37,15.11,15.20,9258099,149377296.000
2013-08-09,15.30,15.42,15.17,15.25,18863891,305526592.000
2013-08-12,15.39,16.24,15.31,16.23,50915985,854114560.000
2013-08-13,16.25,16.27,16.01,16.22,23616574,403170880.000
2013-08-14,16.24,16.43,16.04,16.08,19094412,326799872.000
2013-08-15,16.06,16.25,15.84,15.86,17812361,302183968.000
2013-08-16,15.77,17.54,15.60,15.75,29058432,493231488.000
2013-08-19,15.88,15.94,15.57,15.81,15363947,255566464.000
2013-08-20,15.79,15.87,15.53,15.57,17292683,286709376.000
2013-08-21,15.70,15.71,15.44,15.56,13165092,217056736.000
2013-08-22,15.53,15.71,15.44,15.52,11410029,188467936.000
2013-08-23,15.67,15.72,15.38,15.59,13628799,224656192.000
2013-08-26,15.69,15.95,15.60,15.90,19723251,329503232.000
2013-08-27,15.88,15.89,15.61,15.71,15120589,251763648.000
2013-08-28,15.75,16.02,15.59,15.91,28367088,475225248.000
2013-08-29,15.88,15.91,15.61,15.69,12209195,203153552.000
2013-08-30,15.64,15.78,15.60,15.67,10370132,172025360.000
2013-09-02,15.75,15.86,15.63,15.81,12498896,208552192.000
2013-09-03,15.93,16.17,15.87,16.06,18235848,309380288.000
2013-09-04,16.01,16.22,15.98,16.12,11549612,196437392.000
2013-09-05,16.12,16.20,16.02,16.05,8514674,144869008.000
2013-09-06,16.04,16.17,15.99,16.11,9993876,169974112.000
2013-09-09,16.15,16.60,16.12,16.53,23616288,409046176.000
2013-09-10,16.54,16.97,16.43,16.90,27162579,480631296.000
2013-09-11,16.92,17.26,16.92,16.98,31116791,561091648.000
2013-09-12,16.99,17.18,16.71,16.90,23080332,411439616.000
2013-09-13,16.88,17.07,16.49,16.52,19364723,340409568.000
2013-09-16,16.64,16.66,16.24,16.28,19436567,337474816.000
2013-09-17,16.34,16.35,16.14,16.15,11784552,202278752.000
2013-09-18,16.19,16.21,16.07,16.18,10280236,175471776.000
2013-09-23,16.24,16.33,16.15,16.29,12060757,207161792.000
2013-09-24,16.22,16.24,15.88,15.92,15517163,262603792.000
2013-09-25,15.94,16.09,15.90,16.00,10779268,181934832.000
2013-09-26,15.98,15.98,15.69,15.72,12880615,214525168.000
2013-09-27,15.80,15.86,15.69,15.78,10280629,171639552.000
2013-09-30,15.81,15.89,15.64,15.76,11965416,199359472.000
2013-10-08,15.69,15.88,15.47,15.84,11182993,185892224.000
2013-10-09,15.79,15.79,15.62,15.74,9855912,163668256.000
2013-10-10,15.75,15.75,15.43,15.48,12797564,210847472.000
2013-10-11,15.58,15.75,15.55,15.67,11211739,186098272.000
2013-10-14,15.70,15.95,15.70,15.83,16615816,278427616.000
2013-10-15,15.84,15.88,15.65,15.78,10923009,182189920.000
2013-10-16,15.70,15.72,15.51,15.55,10357816,170752704.000
2013-10-17,15.69,16.05,15.62,15.83,17498154,293531232.000
2013-10-18,15.85,16.00,15.75,15.92,10991050,184727712.000
2013-10-21,15.96,16.19,15.77,16.14,17632587,298333632.000
2013-10-22,16.11,16.25,15.96,16.07,14833242,252062624.000
2013-10-23,16.08,16.20,15.82,15.85,15327455,259228880.000
2013-10-24,15.80,15.81,15.42,15.44,15863794,261078656.000
2013-10-25,15.44,15.52,15.14,15.25,10883328,177402416.000
2013-10-28,15.29,15.38,15.15,15.30,10955820,177413184.000
2013-10-29,15.34,15.45,15.20,15.36,14015606,227474112.000
2013-10-30,15.33,15.62,15.24,15.49,11581980,189560512.000
2013-10-31,15.52,15.57,15.29,15.43,8888820,144990800.000
2013-11-01,15.56,15.59,15.40,15.51,9496063,155804672.000
2013-11-04,15.60,15.64,15.32,15.49,9045417,148125312.000
2013-11-05,15.36,15.52,15.28,15.47,7844905,127678720.000
2013-11-06,15.40,15.65,15.34,15.37,9474104,155043408.000
2013-11-07,15.46,15.46,15.32,15.43,6445477,105072536.000
2013-11-08,15.40,15.46,15.13,15.18,11272169,182422752.000
2013-11-11,15.18,15.20,15.08,15.11,7582827,121579880.000
2013-11-12,15.17,15.34,15.09,15.23,8711451,140295664.000
2013-11-13,15.17,15.19,15.00,15.06,9951639,158979968.000
2013-11-14,15.19,15.24,15.06,15.10,7263483,116443488.000
2013-11-15,15.13,15.40,15.10,15.32,13948216,226093472.000
2013-11-18,15.40,15.68,15.27,15.67,20535241,337883488.000
2013-11-19,15.75,15.80,15.60,15.64,16939698,280989984.000
2013-11-20,15.87,15.93,15.64,15.80,14275261,237950192.000
2013-11-21,15.79,15.95,15.72,15.81,20076798,336294688.000
2013-11-22,15.90,15.97,15.78,15.86,15229303,255464208.000
2013-11-25,15.86,15.94,15.64,15.65,10013219,167595520.000
2013-11-26,15.69,15.73,15.56,15.64,6686347,110618728.000
2013-11-27,15.65,15.92,15.62,15.89,12062832,201665632.000
2013-11-28,15.99,16.29,15.98,16.15,23181800,396147648.000
2013-11-29,16.15,16.17,15.98,16.00,10628353,180554672.000
2013-12-02,15.90,16.21,15.74,16.18,25855854,437454432.000
2013-12-03,16.15,16.28,16.04,16.21,13418494,229166192.000
2013-12-04,16.19,16.44,16.09,16.33,18569690,319590272.000
2013-12-05,16.36,16.46,16.20,16.30,11505808,198151552.000
2013-12-06,16.25,16.25,15.97,16.14,16322064,277500352.000
2013-12-09,16.16,16.20,15.99,16.06,7720954,131114296.000
2013-12-10,16.06,16.13,15.88,15.91,9204503,155542688.000
2013-12-11,15.90,15.91,15.55,15.58,14610099,242288464.000
2013-12-12,15.51,15.64,15.44,15.53,9091910,149383904.000
2013-12-13,15.40,15.46,15.30,15.36,11441489,186332592.000
2013-12-16,15.36,15.44,15.09,15.13,14075957,227203632.000
2013-12-17,15.20,15.22,15.09,15.16,8695313,139738432.000
2013-12-18,15.16,15.24,15.13,15.22,7317415,117744080.000
2013-12-19,15.24,15.35,15.15,15.19,11060493,178354944.000
2013-12-20,15.21,15.23,14.66,14.72,18916158,300049664.000
2013-12-23,14.79,14.99,14.75,14.84,6824390,107588240.000
2013-12-24,14.99,15.18,14.82,14.90,9263880,146986592.000
2013-12-25,14.91,15.03,14.88,14.92,5311215,84112072.000
2013-12-26,14.90,14.96,14.50,14.66,13549028,211299504.000
2013-12-27,14.74,14.94,14.45,14.79,8600891,134928688.000
2013-12-30,14.89,15.03,14.72,14.88,9128289,143746016.000
2013-12-31,14.79,15.06,14.74,14.91,10555833,166761664.000
2014-01-02,14.88,14.92,14.69,14.72,8493684,133166864.000
2014-01-03,14.64,14.68,14.42,14.46,12086571,186110560.000
2014-01-06,14.42,14.43,13.92,13.93,14097161,210556608.000
2014-01-07,13.84,14.07,13.81,13.91,7271915,107880808.000
2014-01-08,13.94,14.14,13.51,13.65,13095264,192128912.000
2014-01-09,13.65,13.77,13.49,13.53,8444153,122583584.000
2014-01-10,13.53,13.77,13.49,13.58,10494758,152179808.000
2014-01-13,13.58,13.72,13.53,13.65,6280489,91322528.000
2014-01-14,13.66,13.82,13.62,13.72,6186300,90411536.000
2014-01-15,13.71,13.73,13.54,13.62,5459811,79295584.000
2014-01-16,13.62,13.74,13.50,13.59,6740525,97860080.000
2014-01-17,13.54,13.58,13.31,13.32,9587515,137086336.000
2014-01-20,13.30,13.30,13.06,13.18,8188568,114931248.000
2014-01-21,13.18,13.28,13.17,13.24,4766322,67404144.000
2014-01-22,13.27,13.49,13.19,13.48,8436680,120717840.000
2014-01-23,13.49,13.51,13.34,13.34,6329619,90513880.000
2014-01-24,13.34,13.58,13.30,13.46,8612848,123690072.000
2014-01-27,13.40,13.42,13.09,13.18,12875083,181576720.000
2014-01-28,13.21,13.31,13.08,13.12,10475245,147443984.000
2014-01-29,13.18,13.28,13.10,13.16,6158792,86737224.000
2014-01-30,13.16,13.16,12.90,12.93,9406288,130692600.000
2014-02-07,13.00,13.07,12.95,13.05,7941493,110449008.000
2014-02-10,13.07,13.23,13.05,13.22,14201366,200085232.000
2014-02-11,13.19,13.36,13.10,13.35,26546094,375993440.000
2014-02-12,13.30,13.33,13.21,13.27,13295111,188332496.000
2014-02-13,13.25,13.27,13.12,13.13,14007553,197646336.000
2014-02-14,13.13,13.23,13.11,13.17,11534232,162321760.000
2014-02-17,13.22,13.43,13.21,13.38,21374699,303736832.000
2014-02-18,13.36,13.37,13.12,13.15,12818039,181029920.000
2014-02-19,13.16,13.42,13.10,13.35,20849097,296249856.000
2014-02-20,13.34,13.58,13.34,13.41,23159872,332961920.000
2014-02-21,13.40,13.50,13.29,13.48,16034228,229667552.000
2014-02-24,13.44,13.44,13.09,13.14,13753369,193976672.000
2014-02-25,13.15,13.19,12.76,12.84,14558596,202654320.000
2014-02-26,12.78,12.89,12.70,12.84,10476295,143415456.000
2014-02-27,12.84,12.88,12.67,12.84,12480095,170666224.000
2014-02-28,12.84,12.92,12.74,12.89,11127964,152739888.000
2014-03-03,12.79,12.83,12.59,12.71,15449601,210140448.000
2014-03-04,12.64,12.68,12.45,12.56,14481807,194947456.000
2014-03-05,12.57,12.81,12.56,12.65,13130758,178292400.000
2014-03-06,12.55,12.74,12.40,12.69,10003236,134962224.000
2014-03-07,12.67,12.76,12.51,12.54,9815473,132788480.000
2014-03-10,12.44,12.47,11.98,12.00,27129621,355962080.000
2014-03-11,12.00,12.11,11.75,11.94,19187893,245285616.000
2014-03-12,11.87,12.12,11.77,11.97,12322875,158554832.000
2014-03-13,12.02,12.32,11.93,12.27,16380579,214494368.000
2014-03-14,12.15,12.26,12.08,12.15,9727012,127156112.000
2014-03-17,12.27,12.31,12.10,12.21,8989676,118059968.000
2014-03-18,12.22,12.34,12.13,12.23,8205840,107932104.000
2014-03-19,12.18,12.42,12.14,12.41,10571194,139278256.000
2014-03-20,12.42,12.46,12.19,12.20,10109453,134123928.000
2014-03-21,12.19,12.74,12.18,12.61,22465273,301724736.000
2014-03-24,12.66,12.97,12.64,12.81,19429697,266602800.000
2014-03-25,12.79,12.89,12.64,12.71,9380060,128038408.000
2014-03-26,12.81,12.87,12.70,12.82,9582305,131194656.000
2014-03-27,12.79,12.85,12.55,12.66,10726127,146096400.000
2014-03-28,12.70,12.91,12.68,12.88,15032463,206629536.000
2014-03-31,12.90,13.00,12.83,12.92,17083345,236305120.000
2014-04-01,12.95,13.06,12.95,12.96,10147288,141199712.000
2014-04-02,13.02,13.27,12.98,13.26,18140812,255164992.000
2014-04-03,13.34,13.38,13.04,13.07,11518227,162455744.000
2014-04-04,13.05,13.16,12.93,13.10,9284682,129595440.000
2014-04-08,13.10,13.57,13.10,13.47,24073821,345209664.000
2014-04-09,13.52,13.77,13.49,13.66,20568358,299004832.000
2014-04-10,13.67,14.77,13.38,14.17,68620837,1030276032.000
2014-04-11,14.18,14.35,13.94,14.14,45268204,682378752.000
2014-04-14,14.04,14.12,13.77,13.96,29928843,443583424.000
2014-04-15,13.89,13.94,13.54,13.60,18366055,268062832.000
2014-04-16,13.52,13.75,13.52,13.69,10696362,156023312.000
2014-04-17,13.76,13.76,13.46,13.47,9499528,137662112.000
2014-04-18,13.39,13.59,13.30,13.44,13008661,186461552.000
2014-04-21,13.33,13.51,13.22,13.24,9568594,136447920.000
2014-04-22,13.21,13.29,13.07,13.22,8362920,117746736.000
2014-04-23,13.22,13.22,13.07,13.13,8102349,113775080.000
2014-04-24,13.16,13.27,13.09,13.20,7195484,101534304.000
2014-04-25,13.37,13.37,13.13,13.15,6785352,96000968.000
2014-04-28,13.07,13.28,13.06,13.14,9680779,136012592.000
2014-04-29,13.11,13.34,13.11,13.25,10842142,153492704.000
2014-04-30,13.25,13.37,13.22,13.30,7813871,111089080.000
2014-05-05,13.29,13.33,12.90,13.09,15993727,223557680.000
2014-05-06,13.04,13.09,12.86,12.88,10639254,147714816.000
2014-05-07,12.84,13.06,12.80,12.95,9424312,130769880.000
2014-05-08,12.94,13.36,12.90,13.08,12677645,178746080.000
2014-05-09,13.18,13.23,13.10,13.21,7637677,107516104.000
2014-05-12,13.28,14.08,13.18,13.87,51581988,758951808.000
2014-05-13,13.76,13.88,13.43,13.53,21658752,314309600.000
2014-05-14,13.54,13.73,13.41,13.60,17547687,254107968.000
2014-05-15,13.50,13.67,13.44,13.65,13931380,201879040.000
2014-05-16,13.64,13.64,13.45,13.49,9249150,133551168.000
2014-05-19,13.47,13.47,13.16,13.27,7340968,104047672.000
2014-05-20,13.33,13.41,13.24,13.26,4673420,66510876.000
2014-05-21,13.13,13.47,13.11,13.38,9809768,139680944.000
2014-05-22,13.34,13.56,13.29,13.40,10732875,154244224.000
2014-05-23,13.45,13.50,13.35,13.46,4356888,62402392.000
2014-05-26,13.58,13.67,13.46,13.48,7540237,109005784.000
2014-05-27,13.47,13.50,13.40,13.46,5387573,77474144.000
2014-05-28,13.45,13.51,13.30,13.48,8029263,115186904.000
2014-05-29,13.48,13.49,13.41,13.44,6342646,91098408.000
2014-05-30,13.41,13.44,13.36,13.41,7841855,112250208.000
2014-06-03,13.40,13.56,13.39,13.42,5948013,85498024.000
2014-06-04,13.46,13.46,13.23,13.33,6961674,98982720.000
2014-06-05,13.33,13.50,13.26,13.47,4020096,57409428.000
2014-06-06,13.47,13.51,13.37,13.42,12764223,183248448.000
2014-06-09,13.37,13.50,13.34,13.43,7213743,103388792.000
2014-06-10,13.43,13.50,13.38,13.47,11322883,162545504.000
2014-06-11,13.48,13.56,13.42,13.51,9663936,139424368.000
2014-06-12,13.46,13.56,13.37,13.45,5755135,82703528.000
2014-06-13,13.43,13.60,13.42,13.49,10005695,144445360.000
2014-06-16,13.55,13.68,13.50,13.66,11161996,162087072.000
2014-06-17,13.66,13.70,13.57,13.58,7472257,108470504.000
2014-06-18,13.54,13.65,13.52,13.59,7776976,112898032.000
2014-06-19,13.59,13.89,13.51,13.61,15759135,230127536.000
2014-06-20,13.59,13.73,13.58,13.61,6038243,87858464.000
2014-06-23,13.61,13.83,13.61,13.66,8202749,119983192.000
2014-06-24,13.67,13.74,13.58,13.69,4878610,71116736.000
2014-06-25,13.67,13.77,13.57,13.68,7512131,109653016.000
2014-06-26,13.68,13.79,13.68,13.77,6878709,100842608.000
2014-06-27,13.74,13.78,13.53,13.54,9674362,140573616.000
2014-06-30,13.59,13.73,13.59,13.63,7813221,113925352.000
2014-07-01,13.71,13.71,13.55,13.60,6415059,93234608.000
2014-07-02,13.62,13.88,13.62,13.77,12177112,178484592.000
2014-07-03,13.76,13.82,13.66,13.77,9409972,137786240.000
2014-07-04,13.83,13.87,13.74,13.84,9904724,145865184.000
2014-07-07,13.85,13.91,13.79,13.86,7635593,112722128.000
2014-07-08,13.84,13.91,13.76,13.89,6932639,102283000.000
2014-07-09,13.89,13.92,13.67,13.73,9927236,146408816.000
2014-07-10,13.73,13.87,13.73,13.80,8734060,128587848.000
2014-07-11,13.81,13.92,13.80,13.87,15641641,230974144.000
2014-07-14,13.94,13.94,13.68,13.84,18016926,248291312.000
2014-07-15,13.81,13.89,13.75,13.80,9752911,134702944.000
2014-07-16,13.79,13.89,13.76,13.85,13054095,180577728.000
2014-07-17,13.88,13.88,13.75,13.76,7873233,108745080.000
2014-07-18,13.75,13.82,13.67,13.70,8979904,123405920.000
2014-07-21,13.71,13.73,13.45,13.62,10188149,138359072.000
2014-07-22,13.59,13.84,13.52,13.77,11838732,162555040.000
2014-07-23,13.77,14.03,13.76,13.88,15902218,221062688.000
2014-07-24,13.90,14.41,13.90,14.30,35061558,498166176.000
2014-07-25,14.30,14.83,14.22,14.76,34071584,496572704.000
2014-07-28,14.82,15.67,14.81,15.30,44376737,681440576.000
2014-07-29,15.31,15.45,15.03,15.07,26281106,400016800.000
2014-07-30,15.09,15.55,15.08,15.13,32953255,504005472.000
2014-07-31,15.13,15.44,15.08,15.37,17640456,268294784.000
2014-08-01,15.33,16.09,15.24,15.69,54080001,851254080.000
2014-08-04,15.73,16.16,15.61,16.10,32343153,517773760.000
2014-08-05,16.07,16.17,15.78,15.85,26369638,420612352.000
2014-08-06,15.79,16.00,15.46,15.76,19297779,303233952.000
2014-08-07,15.76,15.86,15.31,15.40,25399967,395318816.000
2014-08-08,15.39,15.54,15.32,15.47,9010516,139194896.000
2014-08-11,15.50,15.81,15.41,15.78,15854306,248388176.000
2014-08-12,15.73,15.79,15.50,15.62,13613603,212741520.000
2014-08-13,15.64,15.78,15.47,15.64,24156775,377195104.000
2014-08-14,15.59,15.69,15.41,15.50,15023421,233476976.000
2014-08-15,15.50,15.58,15.34,15.49,18859923,291545792.000
2014-08-18,15.49,15.65,15.37,15.47,15515223,240537440.000
2014-08-19,15.45,15.63,15.40,15.51,15044029,233450832.000
2014-08-20,15.44,15.46,15.30,15.33,14317970,220168176.000
2014-08-21,15.33,15.35,14.93,15.12,22319220,336574368.000
2014-08-22,15.11,15.23,15.04,15.15,11633843,176000592.000
2014-08-25,15.10,15.11,14.82,14.87,14680376,219409312.000
2014-08-26,14.86,14.95,14.80,14.83,12205223,181483776.000
2014-08-27,14.81,14.93,14.81,14.87,7892853,117447936.000
2014-08-28,14.91,15.02,14.82,14.85,9540259,142430480.000
2014-08-29,14.92,15.06,14.81,15.04,7728561,115683312.000
2014-09-01,15.09,15.18,15.01,15.05,11205879,169106608.000
2014-09-02,15.14,15.23,14.97,15.21,15154481,228651664.000
2014-09-03,15.21,15.45,15.18,15.44,16624763,255532512.000
2014-09-04,15.48,15.55,15.39,15.52,17473556,270599424.000
2014-09-05,15.60,15.70,15.54,15.69,20398438,318681728.000
2014-09-09,15.70,15.81,15.63,15.70,14463279,227290416.000
2014-09-10,15.65,15.67,15.35,15.41,15206707,234796704.000
2014-09-11,15.45,15.57,15.28,15.34,16604856,255636240.000
2014-09-12,15.30,15.39,15.26,15.39,10087089,154660128.000
2014-09-15,15.39,15.54,15.31,15.46,19243581,296858464.000
2014-09-16,15.47,15.55,15.20,15.21,19768402,304187232.000
2014-09-17,15.30,15.39,15.20,15.24,12064015,184424272.000
2014-09-18,15.22,15.36,15.12,15.25,13586498,206882016.000
2014-09-19,15.26,15.35,15.15,15.32,10171104,155052944.000
2014-09-22,15.24,15.29,15.00,15.03,13061202,197159856.000
2014-09-23,15.10,15.16,15.01,15.11,8579803,129479240.000
2014-09-24,15.04,15.48,15.02,15.44,22042434,337317568.000
2014-09-25,15.55,15.58,15.34,15.42,18135367,280687040.000
2014-09-26,15.40,15.50,15.30,15.43,12178815,187881472.000
2014-09-29,15.48,15.52,15.35,15.47,18810601,290279456.000
2014-09-30,15.61,15.83,15.52,15.56,39345211,616470976.000
2014-10-08,15.59,15.60,15.30,15.40,23888709,368147488.000
2014-10-09,15.41,15.54,15.39,15.45,23079178,356544416.000
2014-10-10,15.51,15.68,15.29,15.36,37927471,586530176.000
2014-10-13,15.36,15.46,15.14,15.41,25104403,384402048.000
2014-10-14,15.40,15.40,15.17,15.22,16376211,250319184.000
2014-10-15,15.19,15.23,15.06,15.18,15918618,241024272.000
2014-10-16,15.12,15.27,15.04,15.08,18547507,280861888.000
2014-10-17,15.10,15.15,14.77,14.81,27790824,413326592.000
2014-10-20,14.83,14.89,14.74,14.87,12996032,192732368.000
2014-10-21,14.87,14.97,14.81,14.83,11604946,172773760.000
2014-10-22,14.83,14.95,14.81,14.84,11619608,172876288.000
2014-10-23,14.92,14.92,14.57,14.58,16237959,239364608.000
2014-10-24,14.61,14.67,14.53,14.56,10780245,157282656.000
2014-10-27,14.51,14.51,14.22,14.30,11961080,170921584.000
2014-10-28,14.35,14.58,14.28,14.56,13900357,200367200.000
2014-10-29,14.63,14.90,14.56,14.77,19455426,286557920.000
2014-10-30,14.78,14.94,14.68,14.72,26078864,385671328.000
2014-10-31,14.72,15.16,14.71,15.15,38330333,574811968.000
2014-11-03,15.21,15.25,15.01,15.06,25668454,387560960.000
2014-11-04,15.01,15.50,14.94,15.31,41267957,629433024.000
2014-11-05,15.25,15.51,15.11,15.24,31719420,485442304.000
2014-11-06,15.30,15.36,15.11,15.25,23997933,365715104.000
2014-11-07,15.15,15.31,14.90,15.00,37390450,564360896.000
2014-11-10,15.17,15.35,15.06,15.34,38952063,592769472.000
2014-11-11,15.38,15.77,15.25,15.41,65214268,1010641856.000
2014-11-12,15.40,15.57,15.35,15.53,36443897,563543808.000
2014-11-13,15.57,15.61,15.33,15.41,40463306,625515200.000
2014-11-14,15.45,15.54,15.33,15.49,43079580,665226432.000
2014-11-17,15.92,15.95,15.36,15.39,50001401,780725632.000
2014-11-18,15.37,15.38,15.06,15.11,33122539,502510944.000
2014-11-19,15.03,15.08,14.88,14.90,24029526,358911616.000
2014-11-20,14.88,14.98,14.82,14.89,20087652,299145696.000
2014-11-21,14.84,15.05,14.83,15.03,24200809,361809632.000
2014-11-24,15.13,15.52,15.13,15.44,55266944,849228864.000
2014-11-25,15.43,15.64,15.38,15.59,44531621,692438528.000
2014-11-26,15.64,15.67,15.40,15.64,44575825,692796224.000
2014-11-27,15.72,16.15,15.66,15.95,79524914,1264870400.000
2014-11-28,15.99,16.00,15.57,15.99,78753453,1241094912.000
2014-12-01,16.07,17.15,16.07,16.35,116392203,1934173312.000
2014-12-02,16.41,16.97,16.16,16.80,102216424,1687727488.000
2014-12-03,16.84,17.72,16.84,17.17,125671624,2174701568.000
2014-12-04,17.35,18.71,17.34,18.58,146023622,2619860736.000
2014-12-05,18.71,18.76,17.41,17.95,155543604,2815458560.000
2014-12-08,17.80,18.90,17.50,18.75,133505540,2449683712.000
2014-12-09,18.47,19.49,17.35,17.52,166673201,3109723136.000
2014-12-10,17.57,17.96,17.32,17.89,79722228,1409379456.000
2014-12-11,17.62,18.17,17.43,17.62,80078259,1416911744.000
2014-12-12,17.71,17.86,17.51,17.61,55321139,976865344.000
2014-12-15,17.58,17.58,17.12,17.33,62390313,1077288064.000
2014-12-16,17.25,17.91,17.15,17.85,89088358,1567280384.000
2014-12-17,17.85,17.98,17.42,17.68,81297328,1435575680.000
2014-12-18,17.80,18.09,17.69,18.00,87567154,1567631104.000
2014-12-19,17.89,19.40,17.68,18.98,144534323,2713630976.000
2014-12-22,19.31,20.76,19.31,20.28,183209435,3681353728.000
2014-12-23,20.00,20.01,18.94,19.12,93525803,1822989312.000
2014-12-24,19.20,19.32,18.01,18.29,84156741,1565628544.000
2014-12-25,18.35,18.87,18.33,18.85,65992456,1225692928.000
2014-12-26,18.80,19.48,18.67,19.40,72044181,1378030464.000
2014-12-29,19.66,20.50,19.01,19.39,105700963,2100026112.000
2014-12-30,19.70,20.10,19.31,19.80,87708792,1728969216.000
2014-12-31,19.84,20.38,19.65,20.29,93831505,1884496512.000
2015-01-05,20.32,22.32,20.32,22.32,134852821,2929278464.000
2015-01-06,23.16,24.24,22.59,22.86,259963534,6067142144.000
2015-01-07,22.22,23.09,22.02,22.86,125097113,2832676608.000
2015-01-08,22.70,23.50,22.10,22.37,122192239,2781806336.000
2015-01-09,22.00,22.69,21.44,21.56,129945861,2848045824.000
2015-01-12,21.36,21.42,20.72,20.83,82626489,1738825216.000
2015-01-13,20.73,21.09,20.53,20.70,54346699,1130436480.000
2015-01-14,20.73,21.02,20.38,20.54,50003830,1036401472.000
2015-01-15,20.71,21.50,20.50,21.49,71341998,1495671424.000
2015-01-16,21.59,22.30,21.52,21.68,79498924,1738313344.000
2015-01-19,20.50,20.59,19.51,19.51,109754572,2192371456.000
2015-01-20,19.25,19.75,19.16,19.57,90997322,1774390912.000
2015-01-21,19.55,20.47,19.31,20.40,100480707,2004609792.000
2015-01-22,20.50,20.95,20.16,20.44,87669844,1802637824.000
2015-01-23,20.69,20.80,20.06,20.16,74310857,1512173056.000
2015-01-26,20.08,20.28,19.82,20.27,51904306,1041466496.000
2015-01-27,20.21,20.37,19.50,19.79,63554286,1264669056.000
2015-01-28,19.62,19.82,19.37,19.47,43443721,848930304.000
2015-01-29,19.16,19.60,19.08,19.36,43613488,844967488.000
2015-01-30,19.49,19.60,19.02,19.05,41707761,805471424.000
2015-02-02,18.70,18.95,18.51,18.53,41114312,769188416.000
2015-02-03,18.90,19.15,18.56,19.13,41333842,778204352.000
2015-02-04,19.27,19.53,18.95,18.97,46132713,890424960.000
2015-02-05,19.39,19.46,18.55,18.56,46637403,887220864.000
2015-02-06,18.30,18.31,17.70,17.92,59751354,1079314816.000
2015-02-09,17.90,18.14,17.72,17.83,43129325,771962944.000
2015-02-10,17.85,18.30,17.85,18.21,36192826,656551936.000
2015-02-11,18.18,18.45,18.13,18.28,26051437,476677696.000
2015-02-12,18.23,18.34,17.93,18.29,23752162,431199744.000
2015-02-13,18.39,18.64,18.29,18.43,45193321,834304768.000
2015-02-16,18.48,18.48,18.25,18.40,35551608,652056704.000
2015-02-17,18.42,18.47,18.30,18.39,39864695,732734592.000
2015-02-25,18.37,18.38,17.79,17.94,57781784,1042709312.000
2015-02-26,17.89,18.63,17.74,18.56,69838349,1272073472.000
2015-02-27,18.48,18.80,18.40,18.60,53692694,997371392.000
2015-03-02,18.69,19.00,18.47,18.90,59450624,1117493632.000
2015-03-03,18.76,18.76,18.10,18.17,71234475,1310791680.000
2015-03-04,18.25,18.42,18.10,18.31,39717020,725226560.000
2015-03-05,18.11,18.20,17.78,17.91,51508125,924842816.000
2015-03-06,17.89,18.25,17.78,18.07,48486306,875139200.000
2015-03-09,17.90,18.28,17.50,18.25,61519129,1098695296.000
2015-03-10,18.13,18.30,18.01,18.04,51209869,929837248.000
2015-03-11,18.00,18.18,17.69,17.84,62477750,1121487872.000
2015-03-12,17.92,18.38,17.78,18.36,79113731,1433911552.000
2015-03-13,18.38,19.11,18.36,18.70,102639044,1922940928.000
2015-03-16,18.70,18.93,18.53,18.89,77577897,1457683584.000
2015-03-17,18.94,19.15,18.83,19.04,108652752,2061990016.000
2015-03-18,19.10,19.66,19.10,19.65,116035070,2259268864.000
2015-03-19,19.68,20.08,19.51,19.75,109727069,2172730880.000
2015-03-20,19.68,19.87,19.46,19.66,81431885,1600450560.000
2015-03-23,19.86,20.12,19.71,19.99,92022948,1834604416.000
2015-03-24,20.04,20.17,19.28,19.66,109423516,2161779456.000
2015-03-25,19.63,19.63,19.15,19.23,102047215,1972573696.000
2015-03-26,19.23,19.77,19.09,19.62,96693211,1884911616.000
2015-03-27,19.68,19.98,19.60,19.73,87449438,1730410368.000
2015-03-30,19.77,20.50,19.69,20.44,133186264,2683366400.000
2015-03-31,20.78,20.88,20.03,20.09,128375353,2624631808.000
2015-04-01,20.07,20.45,19.95,20.32,89250717,1804740096.000
2015-04-02,20.37,20.70,20.17,20.63,132168238,2701878016.000
2015-04-03,20.45,20.70,20.32,20.52,99057715,2028489472.000
2015-04-07,20.64,21.18,20.54,21.13,147976298,3096917248.000
2015-04-08,21.14,21.16,20.50,20.93,111539633,2324745728.000
2015-04-09,20.84,20.95,20.20,20.58,104293418,2146112896.000
2015-04-10,20.53,21.00,20.47,20.99,106644930,2221184256.000
数据来源:通达信
