601169 北京银行 日线 前复权
      日期	    开盘	    最高	    最低	    收盘	    成交量	    成交额
2011-03-02,7.36,7.60,7.33,7.49,67471858,803563136.000
2011-03-03,7.52,7.77,7.46,7.61,102316295,1240996736.000
2011-03-04,7.57,7.69,7.53,7.66,48139193,581105600.000
2011-03-07,7.68,7.80,7.65,7.71,69171266,845068928.000
2011-03-08,7.72,7.78,7.65,7.69,35832677,437688352.000
2011-03-09,7.73,7.88,7.72,7.74,56639798,699461056.000
2011-03-10,7.72,7.73,7.53,7.53,38283519,460920800.000
2011-03-11,7.52,7.58,7.44,7.46,22336301,266536848.000
2011-03-14,7.49,7.55,7.44,7.48,18233001,216504160.000
2011-03-15,7.46,7.46,7.23,7.32,38156954,443825952.000
2011-03-16,7.32,7.43,7.29,7.42,22515222,263528976.000
2011-03-17,7.35,7.35,7.25,7.28,25189672,292601824.000
2011-03-18,7.35,7.48,7.27,7.40,24746064,288437024.000
2011-03-21,7.35,7.39,7.28,7.30,19695501,229619456.000
2011-03-22,7.34,7.43,7.28,7.41,31000366,363902400.000
2011-03-23,7.40,7.51,7.35,7.48,28890025,342027840.000
2011-03-24,7.49,7.51,7.42,7.44,18171128,215259296.000
2011-03-25,7.46,7.63,7.44,7.58,40107624,482263488.000
2011-03-28,7.66,7.71,7.58,7.60,38076507,461291040.000
2011-03-29,7.60,7.83,7.57,7.68,62989090,769508992.000
2011-03-30,7.68,7.83,7.64,7.71,51772373,635284032.000
2011-03-31,7.71,7.72,7.53,7.54,26761398,323415168.000
2011-04-01,7.55,7.77,7.55,7.76,36389867,444032256.000
2011-04-06,7.80,8.07,7.80,7.99,98272022,1237279360.000
2011-04-11,7.83,7.88,7.66,7.70,101212837,1242012928.000
2011-04-12,7.67,7.71,7.61,7.66,42353130,514461152.000
2011-04-13,7.61,7.77,7.58,7.76,58088232,705750528.000
2011-04-14,7.79,7.92,7.71,7.75,57142529,706828544.000
2011-04-15,7.70,7.89,7.69,7.83,42425680,524310720.000
2011-04-18,7.79,7.94,7.74,7.82,40883826,506861024.000
2011-04-19,7.75,7.77,7.63,7.64,29293104,356428000.000
2011-04-20,7.71,7.73,7.60,7.64,22122658,268488960.000
2011-04-21,7.69,7.75,7.64,7.70,22676462,276400000.000
2011-04-22,7.69,7.69,7.54,7.55,27094025,326706880.000
2011-04-25,7.52,7.58,7.46,7.52,23275660,277817728.000
2011-04-26,7.51,7.61,7.48,7.51,27500851,328835392.000
2011-04-27,7.55,7.58,7.47,7.51,22087119,264025968.000
2011-04-28,7.53,7.76,7.53,7.60,62827175,763724928.000
2011-05-03,7.52,7.53,7.37,7.44,47500313,559860352.000
2011-05-04,7.41,7.41,7.11,7.16,56485394,651992704.000
2011-05-05,7.14,7.23,7.12,7.17,27253843,312313856.000
2011-05-06,7.14,7.21,7.12,7.15,22882595,261481456.000
2011-05-09,7.18,7.20,7.12,7.16,17847771,203777424.000
2011-05-10,7.16,7.23,7.14,7.21,18035284,206838512.000
2011-05-11,7.21,7.25,7.17,7.19,21094501,242329728.000
2011-05-12,7.17,7.17,7.03,7.05,29054299,329775744.000
2011-05-13,7.07,7.12,6.96,7.10,25605929,287760576.000
2011-05-16,7.05,7.10,6.99,7.01,16627661,186878416.000
2011-05-17,6.99,7.10,6.98,7.06,17930155,201945856.000
2011-05-18,7.04,7.17,7.04,7.12,18849765,213975376.000
2011-05-19,7.14,7.16,7.06,7.08,13059693,148186000.000
2011-05-20,7.06,7.15,7.06,7.12,12917673,146775536.000
2011-05-23,7.12,7.12,6.92,6.93,23038161,257375632.000
2011-05-24,6.91,6.96,6.89,6.93,20429977,226578528.000
2011-05-25,6.92,6.94,6.83,6.84,14835907,163855312.000
2011-05-26,6.89,6.89,6.80,6.81,16205820,177915568.000
2011-05-27,6.82,6.89,6.79,6.83,20695948,226756656.000
2011-05-30,6.80,6.88,6.75,6.83,16039551,175466368.000
2011-05-31,6.86,6.89,6.82,6.89,15439232,169667056.000
2011-06-01,6.86,6.88,6.78,6.80,24429721,266546720.000
2011-06-02,6.76,6.76,6.42,6.48,41446047,437853632.000
2011-06-03,6.48,6.55,6.46,6.50,21478968,224734496.000
2011-06-07,6.48,6.51,6.44,6.50,12133312,126690824.000
2011-06-08,6.50,6.51,6.39,6.44,23617695,244499088.000
2011-06-09,6.43,6.44,6.36,6.37,17218419,177971408.000
2011-06-10,6.38,6.46,6.35,6.45,22675423,233991984.000
2011-06-13,6.41,6.41,6.25,6.32,25636314,256247424.000
2011-06-14,6.29,6.42,6.29,6.36,29217599,293973792.000
2011-06-15,6.33,6.35,6.21,6.22,38495930,381904960.000
2011-06-16,6.18,6.18,6.07,6.09,32894335,319106368.000
2011-06-17,6.10,6.24,5.99,6.04,49759757,480179136.000
2011-06-20,6.04,6.11,6.02,6.04,26948019,258912864.000
2011-06-21,6.07,6.13,6.06,6.11,25552476,247014096.000
2011-06-22,6.13,6.13,6.04,6.11,26926033,260681072.000
2011-06-23,6.07,6.25,6.04,6.22,25594330,249765264.000
2011-06-24,6.18,6.48,6.18,6.41,49275944,494578400.000
2011-06-27,6.39,6.44,6.33,6.37,29442884,296752768.000
2011-06-28,6.39,6.40,6.25,6.31,24513952,244664960.000
2011-06-29,6.32,6.34,6.25,6.25,20071984,199470608.000
2011-06-30,6.26,6.36,6.25,6.30,30816446,307908256.000
2011-07-01,6.33,6.36,6.25,6.28,32792058,326509536.000
2011-07-04,6.32,6.49,6.30,6.48,47221761,478248160.000
2011-07-05,6.48,6.55,6.42,6.48,31131700,317947968.000
2011-07-06,6.45,6.45,6.34,6.40,21538976,217253984.000
2011-07-07,6.45,6.50,6.36,6.37,36639931,371710848.000
2011-07-08,6.38,6.48,6.36,6.43,27783121,281888704.000
2011-07-11,6.39,6.41,6.34,6.36,21408436,215521392.000
2011-07-12,6.33,6.33,6.22,6.23,23680602,234945024.000
2011-07-13,6.25,6.35,6.24,6.33,23725999,236600448.000
2011-07-14,6.32,6.36,6.29,6.35,22339090,223267088.000
2011-07-15,6.33,6.38,6.30,6.38,22499758,226047760.000
2011-07-18,6.39,6.41,6.34,6.37,21883250,220667056.000
2011-07-19,6.34,6.34,6.26,6.27,18709968,186063680.000
2011-07-20,6.32,6.32,6.23,6.27,12528087,124437072.000
2011-07-21,6.29,6.29,6.20,6.21,20957621,206500560.000
2011-07-22,6.23,6.25,6.18,6.20,21860538,215087088.000
2011-07-25,6.17,6.18,5.98,5.98,29282527,282469760.000
2011-07-26,5.99,6.02,5.97,6.00,14814473,141244384.000
2011-07-27,5.98,6.03,5.97,6.02,17252816,164808960.000
2011-07-28,6.00,6.00,5.93,5.95,15987649,151494128.000
2011-07-29,5.97,6.29,5.94,6.14,35336526,343057184.000
2011-08-01,6.09,6.13,6.04,6.07,16739778,161463920.000
2011-08-02,6.02,6.03,5.95,6.01,12111658,115177408.000
2011-08-03,5.95,6.07,5.93,6.02,10898626,103881840.000
2011-08-04,6.04,6.07,6.00,6.02,7957266,76274008.000
2011-08-05,5.86,5.94,5.84,5.89,17013936,159505968.000
2011-08-08,5.85,5.93,5.59,5.64,33783411,308642208.000
2011-08-09,5.52,5.68,5.45,5.66,36390703,324550656.000
2011-08-10,5.71,5.77,5.66,5.68,27709062,252993312.000
2011-08-11,5.59,5.79,5.56,5.76,27004194,246377808.000
2011-08-12,5.79,5.82,5.72,5.75,20085487,184659392.000
2011-08-15,5.74,5.94,5.72,5.92,29998685,279486976.000
2011-08-16,5.90,5.98,5.84,5.86,24140009,227004992.000
2011-08-17,5.86,5.92,5.85,5.88,15859972,148737104.000
2011-08-18,5.90,5.90,5.75,5.77,14167056,131564632.000
2011-08-19,5.66,5.74,5.63,5.69,15520195,140976688.000
2011-08-22,5.70,5.76,5.63,5.67,10344090,93978656.000
2011-08-23,5.68,5.82,5.66,5.80,15624935,143507424.000
2011-08-24,5.83,6.00,5.81,5.88,37208830,350435872.000
2011-08-25,5.92,6.23,5.88,6.19,70467004,684268416.000
2011-08-26,6.15,6.27,6.13,6.27,35169574,345911136.000
2011-08-29,6.16,6.16,5.98,6.07,30621563,295320224.000
2011-08-30,6.14,6.27,6.09,6.13,43586578,428454304.000
2011-08-31,6.13,6.24,6.07,6.17,30090651,293474656.000
2011-09-01,6.21,6.32,6.16,6.23,44198174,437131200.000
2011-09-02,6.20,6.25,6.09,6.12,20963346,204806160.000
2011-09-05,6.05,6.07,5.98,5.99,20318903,194182144.000
2011-09-06,5.95,6.01,5.91,5.99,22190606,210302816.000
2011-09-07,6.03,6.18,5.98,6.15,23956159,231661968.000
2011-09-08,6.16,6.17,6.06,6.07,18942015,183691472.000
2011-09-09,6.09,6.23,6.07,6.18,22408761,218661312.000
2011-09-13,6.05,6.17,6.05,6.16,17751340,172225520.000
2011-09-14,6.17,6.20,5.98,6.13,22272057,215508864.000
2011-09-15,6.14,6.16,6.04,6.04,19521120,188831344.000
2011-09-16,6.11,6.18,6.07,6.09,15052657,146209280.000
2011-09-19,6.04,6.04,5.91,5.93,16650210,157949536.000
2011-09-20,5.92,6.03,5.91,6.01,11024708,104687672.000
2011-09-21,6.00,6.20,5.96,6.16,23657603,229959552.000
2011-09-22,6.14,6.27,6.04,6.07,35815002,350406144.000
2011-09-23,6.00,6.13,5.94,6.09,20653462,197626896.000
2011-09-26,6.05,6.08,5.82,5.84,22294536,210704624.000
2011-09-27,5.91,5.97,5.86,5.93,13959068,131537488.000
2011-09-28,5.96,5.98,5.77,5.79,13215221,123611936.000
2011-09-29,5.77,5.89,5.70,5.79,16037233,148376304.000
2011-09-30,5.80,5.88,5.75,5.79,15624739,144619824.000
2011-10-10,5.79,5.82,5.70,5.74,10416087,95392648.000
2011-10-11,5.98,6.04,5.82,5.85,23447128,221260320.000
2011-10-12,5.82,6.14,5.82,6.11,35295346,339747168.000
2011-10-13,6.09,6.13,6.04,6.11,20194029,195285360.000
2011-10-14,6.10,6.18,6.04,6.16,19692432,190924368.000
2011-10-17,6.17,6.29,6.13,6.22,21047595,207619520.000
2011-10-18,6.16,6.22,6.05,6.07,19097695,185284224.000
2011-10-19,6.09,6.27,6.09,6.18,25690679,251758304.000
2011-10-20,6.15,6.16,6.00,6.07,20457113,197454464.000
2011-10-21,6.05,6.26,6.05,6.20,30949616,303681472.000
2011-10-24,6.21,6.48,6.15,6.40,53555636,537818624.000
2011-10-25,6.39,6.49,6.29,6.42,42848130,433219936.000
2011-10-26,6.36,6.49,6.34,6.43,39628263,403412704.000
2011-10-27,6.45,6.47,6.37,6.43,26367857,267087952.000
2011-10-28,6.53,6.60,6.46,6.50,42991539,442244288.000
2011-10-31,6.51,6.52,6.39,6.43,20874684,212358640.000
2011-11-01,6.36,6.55,6.35,6.43,21769466,222330592.000
2011-11-02,6.36,6.61,6.34,6.59,26567329,271594208.000
2011-11-03,6.60,6.61,6.48,6.48,31020496,320430272.000
2011-11-04,6.57,6.57,6.47,6.50,20659338,212230656.000
2011-11-07,6.46,6.46,6.36,6.38,20433354,206822448.000
2011-11-08,6.43,6.47,6.39,6.41,14026181,142286752.000
2011-11-09,6.45,6.49,6.39,6.48,13501414,137246912.000
2011-11-10,6.40,6.43,6.29,6.29,27216721,273481440.000
2011-11-11,6.31,6.37,6.29,6.32,11381442,113891976.000
2011-11-14,6.38,6.47,6.34,6.39,23175184,234481648.000
2011-11-15,6.39,6.40,6.27,6.31,21449282,214330656.000
2011-11-16,6.32,6.32,6.11,6.16,28321836,278004032.000
2011-11-17,6.15,6.19,6.12,6.13,12954457,126416120.000
2011-11-18,6.09,6.16,6.02,6.04,18944980,183100944.000
2011-11-21,6.07,6.09,6.01,6.09,8847165,84859664.000
2011-11-22,6.02,6.11,6.00,6.10,10115420,97488008.000
2011-11-23,6.11,6.11,5.95,5.98,15259851,145629936.000
2011-11-24,5.91,6.05,5.91,6.01,10896809,103802512.000
2011-11-25,5.98,6.00,5.93,5.95,8229209,78050752.000
2011-11-28,5.98,6.04,5.95,5.98,9247966,88097384.000
2011-11-29,6.03,6.08,6.00,6.07,14709068,141232752.000
2011-11-30,6.04,6.07,5.87,5.91,17341865,163639040.000
2011-12-01,6.09,6.26,6.04,6.11,45599269,444396640.000
2011-12-02,6.04,6.13,6.02,6.09,15970343,154179552.000
2011-12-05,6.07,6.17,6.04,6.10,21691516,210712640.000
2011-12-06,6.11,6.16,6.08,6.10,11920948,115493992.000
2011-12-07,6.09,6.19,6.07,6.18,15982899,155725680.000
2011-12-08,6.18,6.24,6.11,6.16,14212955,138778656.000
2011-12-09,6.11,6.16,6.06,6.08,8725992,84517944.000
2011-12-12,6.09,6.13,6.02,6.11,11488616,111090080.000
2011-12-13,6.11,6.13,5.95,5.95,18795878,181080064.000
2011-12-14,5.95,6.00,5.93,5.96,10425536,98825112.000
2011-12-15,5.96,5.99,5.88,5.89,12476251,117849440.000
2011-12-16,5.90,6.11,5.88,6.07,16161230,153543040.000
2011-12-19,6.04,6.07,5.88,6.03,17327047,164353872.000
2011-12-20,6.00,6.13,5.97,5.98,21473032,206458848.000
2011-12-21,6.04,6.07,5.88,5.89,16537484,157232048.000
2011-12-23,5.93,5.98,5.88,5.92,13635772,128681296.000
2011-12-26,5.91,5.94,5.86,5.86,11518479,108074744.000
2011-12-27,5.86,5.88,5.75,5.76,17975887,166422288.000
2011-12-28,5.77,5.82,5.63,5.75,17540474,159984784.000
2011-12-29,5.73,5.79,5.70,5.75,15138922,138673888.000
2011-12-30,5.77,5.85,5.76,5.82,12971313,120247448.000
2012-01-04,5.84,5.86,5.73,5.74,12161878,112743040.000
2012-01-05,5.73,6.00,5.73,5.80,36135756,338371328.000
2012-01-06,5.82,5.89,5.80,5.88,18149454,169094480.000
2012-01-09,5.89,6.08,5.84,6.05,32830475,312716832.000
2012-01-10,6.06,6.15,6.02,6.13,30611277,296021536.000
2012-01-11,6.14,6.16,6.05,6.08,19157484,185170592.000
2012-01-12,6.08,6.20,6.07,6.15,28788236,280893184.000
2012-01-13,6.13,6.20,6.04,6.12,24778029,240768016.000
2012-01-16,6.07,6.16,6.03,6.09,14352045,139211904.000
2012-01-17,6.08,6.29,5.93,6.27,52945207,513494848.000
2012-01-18,6.23,6.24,6.08,6.13,30384140,297157600.000
2012-01-19,6.11,6.27,6.11,6.24,34439204,338469920.000
2012-01-20,6.26,6.41,6.24,6.39,57538891,577320640.000
2012-01-30,6.36,6.37,6.27,6.29,24964793,249309328.000
2012-01-31,6.33,6.37,6.28,6.32,35809597,358172384.000
2012-02-01,6.31,6.35,6.22,6.23,21584154,214745168.000
2012-02-02,6.27,6.47,6.24,6.45,46948241,472407392.000
2012-02-03,6.42,6.53,6.38,6.48,38712678,395375808.000
2012-02-06,6.49,6.50,6.36,6.43,27518099,279429216.000
2012-02-07,6.40,6.41,6.27,6.32,22342174,223442352.000
2012-02-08,6.32,6.59,6.31,6.54,39876460,407555104.000
2012-02-09,6.50,6.56,6.50,6.51,21570713,221986528.000
2012-02-10,6.50,6.55,6.45,6.47,21531315,220602544.000
2012-02-13,6.41,6.50,6.38,6.42,17514408,177998752.000
2012-02-14,6.39,6.43,6.35,6.38,15186911,153136800.000
2012-02-15,6.36,6.45,6.36,6.41,17231176,174288544.000
2012-02-16,6.41,6.47,6.36,6.43,19223997,194591488.000
2012-02-17,6.45,6.48,6.38,6.45,19835805,201680752.000
2012-02-20,6.54,6.57,6.41,6.41,36681867,375180608.000
2012-02-21,6.41,6.48,6.38,6.47,15303304,155540400.000
2012-02-22,6.48,6.52,6.42,6.47,23007850,234821536.000
2012-02-23,6.49,6.52,6.45,6.51,25312350,259018960.000
2012-02-24,6.50,6.59,6.47,6.59,42093883,433423264.000
2012-02-27,6.63,6.75,6.61,6.61,51619495,542210304.000
2012-02-28,6.61,6.88,6.60,6.82,86285841,919534144.000
2012-03-07,6.58,6.61,6.47,6.48,52792850,545124928.000
2012-03-08,6.52,6.57,6.48,6.50,29320160,301583136.000
2012-03-09,6.50,6.54,6.47,6.52,24700708,253314752.000
2012-03-12,6.52,6.52,6.42,6.48,26387632,269452960.000
2012-03-13,6.47,6.56,6.44,6.54,26714382,274666240.000
2012-03-14,6.60,6.66,6.43,6.43,49717098,513483552.000
2012-03-15,6.44,6.50,6.37,6.38,28549760,290352544.000
2012-03-16,6.41,6.44,6.32,6.41,22481924,226464784.000
2012-03-19,6.38,6.47,6.35,6.42,18456173,186785888.000
2012-03-20,6.40,6.44,6.33,6.34,17138455,172343648.000
2012-03-21,6.38,6.40,6.30,6.34,12797251,128318096.000
2012-03-22,6.34,6.46,6.27,6.37,18256694,183711120.000
2012-03-23,6.34,6.38,6.30,6.32,11562542,115711600.000
2012-03-26,6.32,6.38,6.32,6.37,9307636,93520200.000
2012-03-27,6.38,6.40,6.25,6.29,21125633,211062096.000
2012-03-28,6.29,6.31,6.13,6.14,19389206,191324176.000
2012-03-29,6.14,6.16,6.07,6.09,13529059,131362064.000
2012-03-30,6.13,6.21,6.09,6.20,13513149,132143808.000
2012-04-05,6.14,6.20,6.09,6.20,23687822,230970032.000
2012-04-06,6.17,6.19,6.11,6.17,19639156,191278544.000
2012-04-09,6.12,6.13,6.05,6.05,12826131,124053160.000
2012-04-10,6.04,6.11,6.01,6.09,13670038,131533528.000
2012-04-11,6.06,6.12,6.03,6.06,11450088,110407720.000
2012-04-12,6.08,6.27,6.04,6.25,28050969,274514048.000
2012-04-13,6.22,6.25,6.18,6.20,19431384,191292544.000
2012-04-16,6.18,6.23,6.17,6.20,8430634,82822808.000
2012-04-17,6.20,6.23,6.15,6.16,10485446,102826080.000
2012-04-18,6.16,6.29,6.16,6.27,15963379,157860608.000
2012-04-19,6.25,6.30,6.24,6.27,10413887,103286720.000
2012-04-20,6.26,6.41,6.25,6.40,26391977,265012304.000
2012-04-23,6.38,6.43,6.31,6.32,21840675,219493760.000
2012-04-24,6.39,6.80,6.38,6.58,89234210,926453440.000
2012-04-25,6.54,6.67,6.53,6.61,47936276,499776448.000
2012-04-26,6.67,6.69,6.54,6.60,30350712,315748832.000
2012-04-27,6.59,6.65,6.58,6.61,21274017,221649904.000
2012-05-02,6.73,6.76,6.65,6.73,40592604,428641792.000
2012-05-03,6.70,6.74,6.61,6.63,29122852,305410528.000
2012-05-04,6.63,6.73,6.56,6.71,35924205,375966496.000
2012-05-07,6.66,6.73,6.63,6.73,34428511,362474432.000
2012-05-08,6.70,6.72,6.63,6.68,31301775,328838688.000
2012-05-09,6.63,6.63,6.52,6.53,21082299,218362080.000
2012-05-10,6.54,6.56,6.48,6.50,18827576,193716160.000
2012-05-11,6.50,6.57,6.45,6.45,18787157,192835488.000
2012-05-14,6.52,6.53,6.36,6.38,25699463,262414256.000
2012-05-15,6.36,6.40,6.34,6.37,17659849,177774144.000
2012-05-16,6.38,6.38,6.25,6.26,21275663,212186160.000
2012-05-17,6.28,6.36,6.25,6.35,17481527,174437936.000
2012-05-18,6.30,6.30,6.18,6.20,30964543,305374080.000
2012-05-21,6.20,6.21,6.12,6.16,31433990,307766048.000
2012-05-22,6.19,6.23,6.17,6.23,30253535,297268480.000
2012-05-23,6.22,6.25,6.18,6.20,22835161,224737648.000
2012-05-24,6.20,6.25,6.17,6.18,20603568,202834528.000
2012-05-25,6.19,6.26,6.18,6.22,17636494,173688240.000
2012-05-28,6.22,6.30,6.18,6.29,22661310,223998816.000
2012-05-29,6.28,6.36,6.20,6.34,31907399,317626816.000
2012-05-31,6.24,6.27,6.20,6.25,21301006,210251424.000
2012-06-01,6.24,6.29,6.20,6.22,15097254,149130432.000
2012-06-04,6.15,6.15,6.00,6.02,29889346,287697824.000
2012-06-05,6.03,6.04,5.98,6.01,16910186,161490208.000
2012-06-06,6.02,6.05,5.99,6.04,13272692,127047128.000
2012-06-07,6.09,6.11,5.98,6.00,14433657,138405424.000
2012-06-08,6.01,6.02,5.83,5.86,33932066,317352704.000
2012-06-11,5.88,5.90,5.82,5.88,17193368,160413264.000
2012-06-12,5.86,5.91,5.79,5.87,14883422,138605600.000
2012-06-13,5.89,5.95,5.83,5.93,19197056,179962592.000
2012-06-14,5.89,5.89,5.84,5.86,13151252,122839456.000
2012-06-15,5.88,6.09,5.87,6.04,31964903,303928960.000
2012-06-18,6.04,6.04,5.98,6.00,13523264,129092368.000
2012-06-19,6.00,6.06,5.98,6.00,12492705,119518296.000
2012-06-20,6.02,6.10,6.00,6.05,14193514,136431408.000
2012-06-21,6.04,6.04,5.94,5.98,11725140,111547552.000
2012-06-25,5.95,6.03,5.95,5.95,15083848,143904768.000
2012-06-26,5.95,6.04,5.94,6.02,15345020,146562944.000
2012-06-27,6.00,6.09,5.99,6.04,17329275,166476032.000
2012-06-28,6.04,6.09,6.03,6.08,18709992,180412704.000
2012-06-29,6.07,6.18,6.06,6.16,18732401,182459472.000
2012-07-02,6.16,6.17,6.07,6.16,13614684,131911616.000
2012-07-03,6.13,6.22,6.11,6.16,17584481,172088512.000
2012-07-04,6.15,6.25,6.13,6.17,18381986,180321056.000
2012-07-05,6.16,6.22,6.14,6.18,21415364,209672848.000
2012-07-06,6.08,6.22,6.04,6.18,22028449,213985040.000
2012-07-09,6.16,6.18,5.89,5.91,24105129,230421216.000
2012-07-10,5.95,6.00,5.85,5.88,15944097,149612304.000
2012-07-11,5.86,5.91,5.83,5.85,9573268,72860376.000
2012-07-12,5.82,5.85,5.63,5.73,32615571,242404720.000
2012-07-13,5.73,5.83,5.71,5.74,10439766,78165672.000
2012-07-16,5.75,5.76,5.60,5.68,12238640,90632472.000
2012-07-17,5.68,5.78,5.68,5.76,11252622,83969848.000
2012-07-18,5.76,5.81,5.69,5.78,9089143,68022376.000
2012-07-19,5.79,5.83,5.75,5.76,11231017,84509696.000
2012-07-20,5.73,5.77,5.64,5.65,13905863,103134768.000
2012-07-23,5.63,5.66,5.54,5.55,16125838,117496528.000
2012-07-24,5.53,5.60,5.52,5.56,7950124,57678480.000
2012-07-25,5.56,5.63,5.55,5.60,6811162,49718160.000
2012-07-26,5.58,5.67,5.58,5.62,7469654,54723428.000
2012-07-27,5.63,5.75,5.60,5.69,13629652,101135992.000
2012-07-30,5.71,5.81,5.70,5.75,14233090,106786312.000
2012-07-31,5.75,5.83,5.73,5.81,13155427,98974136.000
2012-08-01,5.79,5.85,5.73,5.80,13757968,103526072.000
2012-08-02,5.78,5.87,5.76,5.84,13302197,100544400.000
2012-08-03,5.83,5.85,5.79,5.83,6885970,52072056.000
2012-08-06,5.82,5.84,5.78,5.82,11475643,86724768.000
2012-08-07,5.81,5.83,5.77,5.79,13666894,103118272.000
2012-08-08,5.79,5.85,5.79,5.82,7860856,59473888.000
2012-08-09,5.82,5.83,5.77,5.82,8135668,61342496.000
2012-08-10,5.83,5.88,5.82,5.83,10641661,80783488.000
2012-08-13,5.83,5.85,5.78,5.80,10661978,80704528.000
2012-08-14,5.81,5.83,5.79,5.83,7364464,55652432.000
2012-08-15,5.80,5.83,5.70,5.72,7487052,55977484.000
2012-08-16,5.71,5.73,5.63,5.65,8491367,62622836.000
2012-08-17,5.65,5.68,5.62,5.67,8119895,59771268.000
2012-08-20,5.63,5.66,5.57,5.63,6442074,46998388.000
2012-08-21,5.62,5.65,5.58,5.61,10297606,75312680.000
2012-08-22,5.61,5.63,5.57,5.60,8090980,59042780.000
2012-08-23,5.60,5.63,5.56,5.59,9013244,65633032.000
2012-08-24,5.58,5.58,5.53,5.53,8790920,63709744.000
2012-08-27,5.53,5.55,5.49,5.54,9385306,67644336.000
2012-08-28,5.54,5.67,5.52,5.65,13284806,97060864.000
2012-08-29,5.60,5.65,5.57,5.61,9749624,71151792.000
2012-08-30,5.60,5.64,5.58,5.62,9211127,67450416.000
2012-08-31,5.60,5.68,5.60,5.63,11053867,81206064.000
2012-09-03,5.62,5.63,5.57,5.59,11232590,81955744.000
2012-09-04,5.57,5.59,5.49,5.52,11580670,83834992.000
2012-09-05,5.50,5.53,5.45,5.48,8662581,62003244.000
2012-09-06,5.48,5.52,5.46,5.50,8261540,59222388.000
2012-09-07,5.53,5.77,5.51,5.61,31990913,235302272.000
2012-09-10,5.63,5.66,5.58,5.63,21292947,155464064.000
2012-09-11,5.60,5.60,5.51,5.55,17873510,129272320.000
2012-09-12,5.58,5.60,5.48,5.52,17849704,128715968.000
2012-09-13,5.51,5.55,5.50,5.51,12659934,91308608.000
2012-09-14,5.53,5.58,5.49,5.54,16989080,122915616.000
2012-09-17,5.53,5.54,5.48,5.48,12236146,87854312.000
2012-09-18,5.48,5.48,5.39,5.41,12115603,86053016.000
2012-09-19,5.42,5.43,5.38,5.40,10312351,72764624.000
2012-09-20,5.38,5.38,5.26,5.28,14455277,100766136.000
2012-09-21,5.27,5.28,5.20,5.23,15688919,107716072.000
2012-09-24,5.19,5.21,5.09,5.18,15709742,106115384.000
2012-09-25,5.15,5.15,5.09,5.11,10927439,73437648.000
2012-09-26,5.10,5.13,5.02,5.06,11061896,73839696.000
2012-09-27,5.06,5.27,5.04,5.18,21528986,146031440.000
2012-09-28,5.13,5.27,5.10,5.24,21771481,148295888.000
2012-10-08,5.25,5.27,5.17,5.19,10472402,71739544.000
2012-10-09,5.21,5.33,5.21,5.31,16173347,112139744.000
2012-10-10,5.30,5.36,5.29,5.32,12737453,88666352.000
2012-10-11,5.28,5.32,5.27,5.29,8294122,57484616.000
2012-10-12,5.33,5.36,5.28,5.31,11532108,80367600.000
2012-10-15,5.32,5.32,5.23,5.24,10320297,71051744.000
2012-10-16,5.24,5.33,5.23,5.30,16849387,116537392.000
2012-10-17,5.30,5.33,5.25,5.30,12332059,85504832.000
2012-10-18,5.32,5.37,5.29,5.36,16243538,113621976.000
2012-10-19,5.35,5.37,5.33,5.33,7790513,54493240.000
2012-10-22,5.31,5.39,5.29,5.38,9639791,67402432.000
2012-10-23,5.38,5.40,5.30,5.32,12508320,87532432.000
2012-10-24,5.32,5.34,5.29,5.33,9861125,68674456.000
2012-10-25,5.33,5.34,5.28,5.29,10303564,71551784.000
2012-10-26,5.30,5.31,5.14,5.19,11611536,79475208.000
2012-10-29,5.21,5.21,5.15,5.17,8937624,60692028.000
2012-10-30,5.17,5.22,5.14,5.20,9911071,67449872.000
2012-10-31,5.23,5.25,5.21,5.23,7834800,53725932.000
2012-11-01,5.24,5.37,5.23,5.34,16949915,118028432.000
2012-11-02,5.35,5.49,5.35,5.48,42691420,303171808.000
2012-11-05,5.48,5.63,5.48,5.58,36218655,263422880.000
2012-11-06,5.57,5.58,5.46,5.58,22603334,163011120.000
2012-11-07,5.56,5.62,5.52,5.54,15675118,113649408.000
2012-11-08,5.50,5.53,5.43,5.43,12822309,91679160.000
2012-11-09,5.42,5.49,5.40,5.43,13027492,92562072.000
2012-11-12,5.43,5.56,5.43,5.55,25515821,183690640.000
2012-11-13,5.55,5.57,5.46,5.49,25792281,185202336.000
2012-11-14,5.50,5.53,5.47,5.50,17844347,128038656.000
2012-11-15,5.47,5.51,5.40,5.40,11685577,83368168.000
2012-11-16,5.40,5.43,5.30,5.38,17816165,124821672.000
2012-11-19,5.37,5.38,5.33,5.38,12980502,90914448.000
2012-11-20,5.38,5.43,5.33,5.36,14970292,105568088.000
2012-11-21,5.37,5.57,5.37,5.55,31955998,228056688.000
2012-11-22,5.52,5.54,5.46,5.52,14303541,102693088.000
2012-11-23,5.53,5.61,5.50,5.58,20199232,146820880.000
2012-11-26,5.57,5.61,5.52,5.56,13628623,98805952.000
2012-11-27,5.53,5.60,5.53,5.57,23055694,167626704.000
2012-11-28,5.53,5.58,5.50,5.53,12761254,92227296.000
2012-11-29,5.49,5.55,5.47,5.50,13272778,95348480.000
2012-11-30,5.49,5.54,5.47,5.52,14231938,102204304.000
2012-12-03,5.50,5.53,5.38,5.43,35980716,257126864.000
2012-12-04,5.42,5.55,5.39,5.53,22280265,159043552.000
2012-12-05,5.52,5.82,5.49,5.77,64938242,486016256.000
2012-12-06,5.77,6.08,5.76,6.05,101646761,786648960.000
2012-12-07,6.02,6.28,6.00,6.18,91154749,726569856.000
2012-12-10,6.23,6.33,6.18,6.23,71087473,575048256.000
2012-12-11,6.20,6.34,6.18,6.30,46862642,380493376.000
2012-12-12,6.27,6.47,6.24,6.35,48005172,394453760.000
2012-12-13,6.30,6.40,6.26,6.30,31808945,260356528.000
2012-12-14,6.30,6.98,6.30,6.90,98866486,845999616.000
2012-12-17,7.03,7.10,6.86,6.93,80378526,722656320.000
2012-12-18,6.89,7.22,6.87,7.13,72791684,661561216.000
2012-12-19,7.08,7.18,6.98,7.07,57020344,518136192.000
2012-12-20,7.01,7.08,6.86,7.03,45016495,402376608.000
2012-12-21,7.06,7.06,6.85,6.99,51846031,462372800.000
2012-12-24,6.98,7.13,6.93,7.02,51042619,461866560.000
2012-12-25,7.01,7.32,6.98,7.26,85860683,792162752.000
2012-12-26,7.19,7.25,7.03,7.15,58464793,533752640.000
2012-12-27,7.17,7.20,6.83,6.93,93476473,833454912.000
2012-12-28,6.93,7.13,6.88,7.03,61856726,557197184.000
2012-12-31,7.05,7.30,7.03,7.27,79815040,739438656.000
2013-01-04,7.36,7.47,7.17,7.27,48503277,453646944.000
2013-01-07,7.24,7.45,7.20,7.39,48447347,456681664.000
2013-01-08,7.38,7.48,7.07,7.18,45001805,415878272.000
2013-01-09,7.17,7.19,7.01,7.08,43332155,394051712.000
2013-01-10,7.08,7.18,7.04,7.10,41135514,374404736.000
2013-01-11,7.10,7.14,6.79,6.85,44066237,392194784.000
2013-01-14,6.78,7.32,6.77,7.31,78983830,718544000.000
2013-01-15,7.27,7.42,7.20,7.32,54443226,507514560.000
2013-01-16,7.28,7.28,6.89,7.10,53166052,483821024.000
2013-01-17,7.03,7.11,6.93,7.04,28768894,258609152.000
2013-01-18,7.09,7.19,7.02,7.16,38591268,352798112.000
2013-01-21,7.17,7.23,7.01,7.22,61519900,562050048.000
2013-01-22,7.18,7.53,7.08,7.39,132992925,1257602304.000
2013-01-23,7.34,7.83,7.32,7.68,126142831,1228997120.000
2013-01-24,7.71,8.02,7.43,7.55,123700422,1226510208.000
2013-01-25,7.57,7.80,7.56,7.70,45302287,443127232.000
2013-01-28,7.74,8.12,7.74,8.08,111695591,1135728768.000
2013-01-29,8.08,8.28,7.99,8.11,88456484,914608832.000
2013-01-30,8.14,8.15,7.92,7.97,71154980,723536000.000
2013-01-31,7.99,8.03,7.82,7.98,54190008,545986176.000
2013-02-01,7.99,8.26,7.87,8.23,78504086,811084352.000
2013-02-04,8.25,8.43,8.12,8.18,92601084,973009216.000
2013-02-05,8.05,8.14,7.88,8.02,60916377,620310528.000
2013-02-06,7.98,8.05,7.88,7.99,62301516,630577344.000
2013-02-07,7.99,8.00,7.53,7.68,98313934,967844416.000
2013-02-08,7.68,7.75,7.54,7.68,68574024,670296640.000
2013-02-18,7.72,7.81,7.67,7.72,46470539,458178336.000
2013-02-19,7.70,7.75,7.58,7.68,44147461,430793216.000
2013-02-20,7.68,7.69,7.34,7.54,57921716,554341312.000
2013-02-21,7.42,7.43,7.12,7.26,68339785,634668096.000
2013-02-22,7.21,7.38,7.17,7.31,39210563,365465408.000
2013-02-25,7.32,7.42,7.22,7.27,34429007,321130592.000
2013-02-26,7.21,7.47,7.16,7.21,63218649,593990720.000
2013-02-27,7.23,7.41,7.18,7.27,50727542,472829536.000
2013-02-28,7.35,7.59,7.24,7.57,55206335,525286624.000
2013-03-01,7.57,7.62,7.35,7.47,42078073,401715296.000
2013-03-04,7.35,7.35,6.89,6.97,75919716,691910912.000
2013-03-05,6.98,7.48,6.94,7.43,83189266,767177152.000
2013-03-06,7.48,7.60,7.38,7.45,77977691,747428160.000
2013-03-07,7.44,7.44,7.09,7.17,80674040,747103808.000
2013-03-08,7.21,7.29,7.08,7.20,62191716,571415040.000
2013-03-11,7.15,7.24,7.03,7.21,33650309,308207392.000
2013-03-12,7.18,7.28,7.04,7.13,30596925,280037632.000
2013-03-13,7.10,7.16,6.98,7.13,43669154,395501408.000
2013-03-14,7.09,7.21,7.05,7.15,31289561,287016576.000
2013-03-15,7.19,7.45,7.09,7.23,146806180,1374641920.000
2013-03-18,7.12,7.23,7.02,7.07,40566490,370493536.000
2013-03-19,7.12,7.18,7.04,7.15,21357949,194544304.000
2013-03-20,7.15,7.48,7.14,7.48,61258093,578406464.000
2013-03-21,7.47,7.53,7.40,7.43,35090090,335258816.000
2013-03-22,7.43,7.54,7.39,7.49,25488384,243669520.000
2013-03-25,7.54,7.65,7.48,7.48,32214019,311384832.000
2013-03-26,7.47,7.48,7.25,7.28,33010034,308402560.000
2013-03-27,7.30,7.46,7.26,7.32,28713254,270076736.000
2013-03-28,7.02,7.02,6.54,6.82,84988817,747784192.000
2013-03-29,6.87,6.92,6.80,6.87,22265116,196222880.000
2013-04-01,6.82,6.91,6.76,6.77,23336489,204322272.000
2013-04-02,6.78,6.88,6.73,6.79,17960668,156829712.000
2013-04-03,6.84,6.89,6.79,6.83,12519265,110063272.000
2013-04-08,6.68,6.74,6.63,6.72,26940132,231703488.000
2013-04-09,6.73,6.81,6.68,6.71,27496889,238059760.000
2013-04-10,6.69,6.73,6.65,6.68,12906054,110982400.000
2013-04-11,6.73,6.77,6.68,6.68,12487401,108065352.000
2013-04-12,6.69,6.73,6.65,6.72,17161659,147967824.000
2013-04-15,6.73,6.78,6.62,6.67,19477715,167023840.000
2013-04-16,6.64,6.68,6.56,6.67,26483750,225849744.000
2013-04-17,6.67,6.68,6.50,6.51,37851314,319378112.000
2013-04-18,6.47,6.59,6.41,6.50,35201828,293682336.000
2013-04-19,6.52,6.85,6.50,6.83,50905724,439323680.000
2013-04-22,6.79,6.87,6.77,6.81,25237767,221101200.000
2013-04-23,6.85,6.88,6.53,6.56,25473619,217349456.000
2013-04-24,6.57,6.77,6.54,6.68,18404405,157423232.000
2013-04-25,6.56,6.77,6.56,6.69,20991640,180029408.000
2013-04-26,6.73,6.93,6.73,6.84,43843654,385676640.000
2013-05-02,6.84,6.88,6.77,6.88,27475396,241250688.000
2013-05-03,6.89,7.11,6.88,7.01,44574557,400065504.000
2013-05-06,7.02,7.17,6.98,7.06,29388766,266745712.000
2013-05-07,7.00,7.05,6.93,6.94,30368564,271996896.000
2013-05-08,7.00,7.09,6.98,7.03,30844060,278155872.000
2013-05-09,7.00,7.08,6.84,6.93,22694887,202109200.000
2013-05-10,6.91,7.03,6.88,6.99,17706429,158514928.000
2013-05-13,7.03,7.03,6.92,6.94,19243484,171820112.000
2013-05-14,6.93,6.97,6.81,6.85,23380830,206134240.000
2013-05-15,6.86,6.89,6.83,6.88,16363549,144201808.000
2013-05-16,6.87,7.01,6.71,7.01,61383956,539828800.000
2013-05-17,6.98,7.09,6.88,7.06,52944694,474697280.000
2013-05-20,7.08,7.23,7.04,7.16,53053907,485261504.000
2013-05-21,7.13,7.15,7.07,7.13,27539716,250872592.000
2013-05-22,7.13,7.17,7.09,7.14,23097751,210864032.000
2013-05-23,7.10,7.13,6.94,6.98,27255138,246324272.000
2013-05-24,7.02,7.08,6.98,7.04,20237740,182686688.000
2013-05-27,7.08,7.10,7.00,7.01,22130341,199873920.000
2013-05-28,7.03,7.18,6.97,7.18,36847960,334998176.000
2013-05-29,7.18,7.23,7.13,7.15,30683117,282183616.000
2013-05-30,7.12,7.18,7.08,7.11,21387977,195318048.000
2013-05-31,7.13,7.17,7.08,7.10,25180858,229927520.000
2013-06-03,7.10,7.13,7.05,7.08,25109603,227996320.000
2013-06-04,7.06,7.08,6.97,7.02,24980366,224937184.000
2013-06-05,7.01,7.03,6.88,6.91,24110888,214755264.000
2013-06-06,6.92,6.93,6.82,6.82,27156808,239480832.000
2013-06-07,6.83,6.87,6.68,6.73,20380019,177507216.000
2013-06-13,6.67,6.67,6.43,6.57,37376582,313435616.000
2013-06-14,6.60,6.60,6.52,6.55,22199459,187435824.000
2013-06-17,6.60,6.61,6.51,6.53,18772233,158348304.000
2013-06-18,6.58,6.62,6.53,6.58,16716561,141737392.000
2013-06-19,6.56,6.56,6.41,6.51,15553825,129801888.000
2013-06-20,6.47,6.52,6.23,6.25,23079775,189613584.000
2013-06-21,6.19,6.31,6.16,6.23,19509274,157402448.000
2013-06-24,6.22,6.22,5.64,5.68,55383076,420157088.000
2013-06-25,5.60,5.83,5.39,5.79,51730366,378082432.000
2013-06-26,5.98,6.02,5.66,5.77,40193422,303442016.000
2013-06-27,5.79,5.93,5.77,5.91,35430066,269311680.000
2013-06-28,5.88,6.18,5.84,6.16,33819404,265373904.000
2013-07-01,6.12,6.14,5.99,6.09,17413730,136896192.000
2013-07-02,6.09,6.13,5.93,6.00,21256614,164956592.000
2013-07-03,5.95,5.96,5.80,5.85,24512475,186584320.000
2013-07-04,5.81,5.99,5.78,5.88,17662732,135164288.000
2013-07-05,5.92,5.95,5.87,5.88,12719032,97435688.000
2013-07-08,5.77,5.83,5.68,5.70,17036845,127167152.000
2013-07-09,5.73,5.77,5.72,5.74,10698897,79897552.000
2013-07-10,5.75,5.95,5.73,5.94,17815537,135019952.000
2013-07-11,5.94,6.58,5.93,6.58,88375594,730263040.000
2013-07-12,6.51,6.56,6.18,6.25,50911466,418453376.000
2013-07-15,6.32,6.43,6.23,6.29,42160713,343875392.000
2013-07-16,6.30,6.39,6.18,6.36,29675741,240329424.000
2013-07-17,6.33,6.41,6.23,6.30,24831760,203011152.000
2013-07-18,6.29,6.36,6.18,6.21,29833414,240878448.000
2013-07-19,6.24,6.33,6.11,6.11,28933617,232484688.000
2013-07-22,6.05,6.05,5.87,6.01,24792939,182131168.000
2013-07-23,6.04,6.23,5.97,6.13,25730673,193662144.000
2013-07-24,6.08,6.08,5.93,5.99,23051435,170276384.000
2013-07-25,6.04,6.07,5.95,6.02,14883742,110087768.000
2013-07-26,6.02,6.06,5.98,6.02,12775369,94602360.000
2013-07-29,5.92,5.92,5.76,5.83,24434250,175050464.000
2013-07-30,5.86,6.03,5.83,5.91,16989969,123587656.000
2013-07-31,5.98,6.03,5.89,5.97,12822816,93832816.000
2013-08-01,5.97,6.10,5.96,6.06,19633777,145830240.000
2013-08-02,6.11,6.14,6.02,6.07,15014336,112025488.000
2013-08-05,6.08,6.10,6.02,6.09,14030600,104564872.000
2013-08-06,6.05,6.11,5.99,6.07,18666592,138818896.000
2013-08-07,6.06,6.13,6.03,6.04,20965245,156586912.000
2013-08-08,6.02,6.09,6.00,6.02,12735465,94566368.000
2013-08-09,6.07,6.09,5.97,6.05,15007465,111325984.000
2013-08-12,6.08,6.23,6.05,6.23,36328217,274850784.000
2013-08-13,6.23,6.29,6.19,6.26,27719079,212531584.000
2013-08-14,6.28,6.38,6.20,6.23,28153961,217900784.000
2013-08-15,6.23,6.28,6.14,6.16,19370977,148345824.000
2013-08-16,6.13,6.79,6.04,6.16,70703938,546755456.000
2013-08-19,6.09,6.32,6.08,6.28,28623947,218135328.000
2013-08-20,6.24,6.44,6.23,6.37,50387575,393399936.000
2013-08-21,6.41,6.41,6.25,6.29,21193088,163888720.000
2013-08-22,6.27,6.38,6.24,6.26,19033345,147548400.000
2013-08-23,6.30,6.32,6.06,6.17,26192174,198901472.000
2013-08-26,6.17,6.31,6.15,6.28,23564611,180897536.000
2013-08-27,6.28,6.33,6.23,6.28,21272322,163705440.000
2013-08-28,6.25,6.33,6.17,6.25,22177811,170388256.000
2013-08-29,6.34,6.40,6.30,6.33,34078305,265802640.000
2013-08-30,6.33,6.51,6.30,6.45,42235084,332611520.000
2013-09-02,6.50,6.53,6.35,6.43,33274991,263515904.000
2013-09-03,6.47,6.58,6.43,6.57,34447920,276165632.000
2013-09-04,6.54,6.59,6.53,6.54,20173330,162342560.000
2013-09-05,6.53,6.56,6.50,6.51,14720753,117799120.000
2013-09-06,6.48,6.67,6.47,6.58,23000556,185334528.000
2013-09-09,6.63,7.18,6.63,7.05,91950322,784383104.000
2013-09-10,7.05,7.09,6.93,7.04,52212861,447289472.000
2013-09-11,7.12,7.24,7.03,7.04,43592138,381037856.000
2013-09-12,7.03,7.43,6.98,7.27,81120203,720116928.000
2013-09-13,7.21,7.39,7.15,7.19,41773171,370883936.000
2013-09-16,7.27,7.32,7.06,7.11,33845132,296678496.000
2013-09-17,7.15,7.17,6.91,6.94,30842129,266071344.000
2013-09-18,6.94,7.02,6.85,7.00,26284001,223647264.000
2013-09-23,7.05,7.08,6.85,6.95,40283897,341882592.000
2013-09-24,6.93,6.93,6.71,6.76,33128399,275444224.000
2013-09-25,6.75,6.82,6.70,6.73,20979997,173777360.000
2013-09-26,6.73,6.74,6.55,6.61,26123338,212213584.000
2013-09-27,6.61,6.68,6.57,6.64,17631489,143180016.000
2013-09-30,6.70,6.72,6.54,6.58,24306288,196787792.000
2013-10-08,6.57,6.69,6.49,6.65,20409865,165019536.000
2013-10-09,6.60,6.76,6.60,6.67,21343954,174858688.000
2013-10-10,6.68,6.71,6.58,6.63,19647918,160034704.000
2013-10-11,6.67,6.78,6.66,6.74,31144686,256841056.000
2013-10-14,6.73,6.73,6.63,6.66,23250480,190274144.000
2013-10-15,6.67,6.68,6.53,6.55,26346376,212961424.000
2013-10-16,6.54,6.57,6.48,6.53,20609336,165126752.000
2013-10-17,6.57,6.58,6.48,6.52,14462944,116108128.000
2013-10-18,6.53,6.61,6.51,6.53,16332614,131330864.000
2013-10-21,6.53,6.58,6.43,6.58,32911745,262663952.000
2013-10-22,6.54,6.56,6.48,6.49,18027226,143990624.000
2013-10-23,6.53,6.73,6.50,6.56,38666521,314075232.000
2013-10-24,6.54,6.63,6.49,6.54,25018555,201446352.000
2013-10-25,6.54,6.67,6.53,6.58,35459305,287261856.000
2013-10-28,6.60,6.62,6.53,6.59,20254008,163438832.000
2013-10-29,6.62,6.88,6.62,6.78,63960864,529755776.000
2013-10-30,6.77,6.85,6.70,6.82,31166759,258931888.000
2013-10-31,6.67,6.67,6.47,6.53,86181698,692091712.000
2013-11-01,6.53,6.57,6.49,6.55,28591780,229214800.000
2013-11-04,6.58,6.58,6.45,6.48,31874216,254651088.000
2013-11-05,6.48,6.48,6.33,6.41,40141390,314718784.000
2013-11-06,6.37,6.39,6.33,6.35,22237011,173673024.000
2013-11-07,6.35,6.38,6.33,6.38,15355267,119968200.000
2013-11-08,6.37,6.40,6.32,6.34,16731353,130554096.000
2013-11-11,6.33,6.34,6.28,6.28,19182461,148562432.000
2013-11-12,6.30,6.36,6.28,6.32,27776677,215601264.000
2013-11-13,6.28,6.30,6.16,6.18,28199381,215228592.000
2013-11-14,6.19,6.19,6.11,6.16,16250133,122825992.000
2013-11-15,6.17,6.33,6.16,6.23,29805666,229074160.000
2013-11-18,6.27,6.51,6.24,6.48,53418816,418037568.000
2013-11-19,6.42,6.46,6.37,6.38,37821797,297178272.000
2013-11-20,6.43,6.47,6.38,6.42,21807394,171776272.000
2013-11-21,6.42,6.42,6.30,6.37,21343240,166305856.000
2013-11-22,6.38,6.39,6.31,6.33,15447785,120541600.000
2013-11-25,6.31,6.38,6.28,6.30,18812464,146208128.000
2013-11-26,6.31,6.34,6.29,6.31,10212282,79200456.000
2013-11-27,6.31,6.38,6.29,6.35,20672599,160928192.000
2013-11-28,6.36,6.45,6.33,6.40,26267983,206510256.000
2013-11-29,6.43,6.45,6.38,6.41,17750665,139595168.000
2013-12-02,6.39,6.55,6.39,6.48,57065221,453938400.000
2013-12-03,6.48,6.53,6.44,6.48,35267302,280835200.000
2013-12-04,6.45,6.57,6.45,6.53,49702843,398382080.000
2013-12-05,6.53,6.55,6.50,6.51,23222041,185742880.000
2013-12-06,6.50,6.52,6.46,6.48,19135246,152192448.000
2013-12-09,6.49,6.51,6.43,6.44,15011296,119189888.000
2013-12-10,6.46,6.50,6.44,6.47,19135376,152039408.000
2013-12-11,6.43,6.46,6.34,6.36,19998767,156853664.000
2013-12-12,6.34,6.38,6.33,6.33,10797686,84127704.000
2013-12-13,6.28,6.33,6.23,6.29,26546934,204603936.000
2013-12-16,6.28,6.33,6.24,6.24,19667023,151828016.000
2013-12-17,6.24,6.28,6.18,6.19,17928594,137106768.000
2013-12-18,6.20,6.25,6.18,6.20,15993237,121848744.000
2013-12-19,6.22,6.24,6.11,6.13,23383765,176930528.000
2013-12-20,6.13,6.14,5.79,5.90,29961327,222434544.000
2013-12-23,5.95,6.03,5.92,5.98,16894011,123945176.000
2013-12-24,6.03,6.03,5.93,5.98,13173301,96973600.000
2013-12-25,5.98,6.00,5.93,5.98,9973080,73221760.000
2013-12-26,5.98,5.98,5.88,5.91,17789858,129577848.000
2013-12-27,5.93,6.08,5.91,6.03,23439718,173163968.000
2013-12-30,6.06,6.09,6.00,6.02,20405301,151757792.000
2013-12-31,6.02,6.15,5.98,6.11,31726771,237324960.000
2014-01-02,6.07,6.08,6.01,6.03,21246787,157556560.000
2014-01-03,6.01,6.02,5.89,5.93,30269535,220681408.000
2014-01-06,5.93,5.93,5.84,5.86,24889168,179594272.000
2014-01-07,5.81,5.88,5.81,5.85,14666252,105400944.000
2014-01-08,5.85,5.89,5.81,5.86,19297205,138959296.000
2014-01-09,5.86,5.91,5.82,5.85,22108195,159398752.000
2014-01-10,5.83,5.87,5.79,5.83,25694094,183910048.000
2014-01-13,5.83,5.87,5.80,5.83,20620133,147829952.000
2014-01-14,5.83,5.85,5.79,5.83,20618765,147696944.000
2014-01-15,5.83,5.84,5.73,5.74,30185406,214236672.000
2014-01-16,5.75,5.75,5.69,5.72,30306293,213304496.000
2014-01-17,5.71,5.72,5.64,5.64,27280326,190557776.000
2014-01-20,5.63,5.68,5.62,5.64,12781896,88917048.000
2014-01-21,5.64,5.76,5.64,5.69,15991059,112381440.000
2014-01-22,5.71,5.81,5.70,5.80,24831912,176468592.000
2014-01-23,5.80,5.80,5.73,5.74,14706992,104207928.000
2014-01-24,5.73,5.81,5.71,5.76,17144810,121685664.000
2014-01-27,5.74,5.76,5.72,5.73,20866352,147324896.000
2014-01-28,5.75,5.81,5.74,5.80,20250062,144065232.000
2014-01-29,5.80,5.87,5.79,5.85,16724205,120260776.000
2014-01-30,5.83,5.84,5.78,5.79,11427225,81676600.000
2014-02-07,5.75,5.78,5.72,5.78,14042411,99345472.000
2014-02-10,5.81,5.87,5.78,5.85,26924884,193218176.000
2014-02-11,5.83,6.03,5.82,5.95,47789400,349214400.000
2014-02-12,5.93,6.03,5.90,5.97,30436349,223363424.000
2014-02-13,5.93,6.13,5.92,6.04,57211590,424537088.000
2014-02-14,6.01,6.05,5.98,6.02,23301122,172148736.000
2014-02-17,6.04,6.08,5.98,6.00,27573308,203492304.000
2014-02-18,5.99,6.00,5.86,5.88,25162492,183083360.000
2014-02-19,5.88,6.48,5.88,6.48,116558261,899787328.000
2014-02-20,6.78,6.99,6.54,6.66,290820910,2414560256.000
2014-02-21,6.58,6.65,6.32,6.39,125623302,998672768.000
2014-02-24,6.28,6.28,6.02,6.12,100494779,758509888.000
2014-02-25,6.15,6.33,6.00,6.07,96304149,731022208.000
2014-02-26,6.01,6.23,6.01,6.16,57201356,431021280.000
2014-02-27,6.16,6.46,6.04,6.28,113047063,869487232.000
2014-02-28,6.21,6.39,6.12,6.24,65547650,503032352.000
2014-03-03,6.18,6.23,6.10,6.16,61708906,467269376.000
2014-03-04,6.10,6.15,6.00,6.11,55876815,416556736.000
2014-03-05,6.11,6.11,5.93,5.94,60283141,444835040.000
2014-03-06,5.93,6.00,5.83,5.98,49611413,361684192.000
2014-03-07,5.93,6.08,5.91,5.96,35916277,265055296.000
2014-03-10,5.89,5.94,5.74,5.76,42645761,306774048.000
2014-03-11,5.73,5.82,5.70,5.74,36090886,255292416.000
2014-03-12,5.73,6.07,5.73,5.93,68486448,498262464.000
2014-03-13,5.98,6.14,5.89,5.99,62512083,462442240.000
2014-03-14,5.93,5.95,5.80,5.86,50479725,363932992.000
2014-03-17,5.89,5.90,5.82,5.88,19618569,141346864.000
2014-03-18,5.88,5.89,5.83,5.85,23170200,166910752.000
2014-03-19,5.83,5.83,5.74,5.81,26045130,185143824.000
2014-03-20,5.79,5.89,5.76,5.77,25515628,183039104.000
2014-03-21,5.76,6.11,5.75,6.05,75311732,551084224.000
2014-03-24,6.13,6.30,6.07,6.17,104152420,793827776.000
2014-03-25,6.14,6.18,6.08,6.13,39356866,296366336.000
2014-03-26,6.23,6.28,6.10,6.12,29137356,220725536.000
2014-03-27,6.13,6.27,6.08,6.13,50633809,384067872.000
2014-03-28,6.12,6.23,6.11,6.15,33896869,257067360.000
2014-03-31,6.19,6.21,6.11,6.18,27038619,204789488.000
2014-04-01,6.16,6.22,6.13,6.18,21155667,160592896.000
2014-04-02,6.18,6.28,6.16,6.25,34769622,265946016.000
2014-04-03,6.27,6.28,6.13,6.16,28328118,216335744.000
2014-04-04,6.14,6.22,6.12,6.20,17231017,130787936.000
2014-04-08,6.19,6.47,6.18,6.39,72732409,568415104.000
2014-04-09,6.38,6.43,6.34,6.38,31869648,249639616.000
2014-04-10,6.40,6.48,6.33,6.43,45203452,355236480.000
2014-04-11,6.41,6.53,6.38,6.48,45823214,363073504.000
2014-04-14,6.44,6.48,6.32,6.40,30016045,235440288.000
2014-04-15,6.38,6.38,6.22,6.23,29586495,228027808.000
2014-04-16,6.21,6.31,6.20,6.24,18435585,141684544.000
2014-04-17,6.29,6.29,6.20,6.20,17816685,136352960.000
2014-04-18,6.18,6.20,6.12,6.17,27013399,204130944.000
2014-04-21,6.14,6.19,6.06,6.07,31718042,239090656.000
2014-04-22,6.06,6.16,6.05,6.14,23458490,175933728.000
2014-04-23,6.13,6.19,6.10,6.13,26017691,196315104.000
2014-04-24,6.13,6.18,6.10,6.13,16211131,122390952.000
2014-04-25,6.15,6.25,6.10,6.13,31904059,242574272.000
2014-04-28,6.13,6.22,6.11,6.18,32922909,249288672.000
2014-04-29,6.13,6.22,6.10,6.20,37386168,283017792.000
2014-04-30,6.23,6.24,6.16,6.20,24560685,186919104.000
2014-05-05,6.17,6.18,6.08,6.11,24774544,186274112.000
2014-05-06,6.08,6.15,6.08,6.10,17922269,134747680.000
2014-05-07,6.11,6.11,6.05,6.07,20857617,155834608.000
2014-05-08,6.08,6.13,6.05,6.08,24832414,185903200.000
2014-05-09,6.07,6.08,6.01,6.06,22834252,169923520.000
2014-05-12,6.10,6.19,6.08,6.17,40897260,308756800.000
2014-05-13,6.17,6.18,6.12,6.15,19309173,145998784.000
2014-05-14,6.14,6.21,6.13,6.19,23659050,179771696.000
2014-05-15,6.18,6.23,6.14,6.15,23046579,175520272.000
2014-05-16,6.15,6.24,6.15,6.22,32229106,246065024.000
2014-05-19,6.20,6.20,6.12,6.17,33818462,256006272.000
2014-05-20,6.18,6.19,6.14,6.18,21018868,159332576.000
2014-05-22,6.22,6.30,6.19,6.23,31425799,241550608.000
2014-05-23,6.23,6.31,6.22,6.29,18892218,145656768.000
2014-05-26,6.33,6.37,6.31,6.35,27143499,211603584.000
2014-05-27,6.35,6.40,6.31,6.37,26332343,205809056.000
2014-05-28,6.35,6.43,6.33,6.42,25418797,199359616.000
2014-05-29,6.42,6.47,6.40,6.42,34876028,275831680.000
2014-05-30,6.42,6.43,6.33,6.39,27073374,212570848.000
2014-06-03,6.42,6.44,6.38,6.38,14351243,112957488.000
2014-06-04,6.38,6.40,6.28,6.33,18153441,140947264.000
2014-06-05,6.33,6.48,6.30,6.47,23653032,186248960.000
2014-06-06,6.48,6.50,6.38,6.45,23825522,188737680.000
2014-06-09,6.43,6.53,6.42,6.43,24568938,195472128.000
2014-06-10,6.44,6.51,6.40,6.48,20973404,166504608.000
2014-06-11,6.47,6.54,6.46,6.51,19421451,155174624.000
2014-06-12,6.51,6.55,6.47,6.50,12720638,101568848.000
2014-06-13,6.48,6.62,6.46,6.59,32759654,264044192.000
2014-06-16,6.57,6.62,6.53,6.60,26378463,212988944.000
2014-06-17,6.58,6.58,6.48,6.52,19456825,155792704.000
2014-06-18,6.52,6.53,6.43,6.44,14907509,118632160.000
2014-06-19,6.44,6.49,6.38,6.42,23308626,184626304.000
2014-06-20,6.43,6.49,6.37,6.48,24499629,193704192.000
2014-06-23,6.47,6.52,6.45,6.48,16101148,128143688.000
2014-06-24,6.48,6.54,6.47,6.52,17985915,143886176.000
2014-06-25,6.53,6.57,6.49,6.56,17750858,142188768.000
2014-06-26,6.56,6.60,6.53,6.54,22668114,182785472.000
2014-06-27,6.54,6.56,6.50,6.52,22096877,177313616.000
2014-06-30,6.52,6.57,6.51,6.57,20403867,164037568.000
2014-07-01,6.58,6.61,6.57,6.59,18112216,146541952.000
2014-07-02,6.60,6.62,6.58,6.60,14517992,117613336.000
2014-07-03,6.62,6.67,6.61,6.66,20192460,164681360.000
2014-07-04,6.66,6.70,6.63,6.68,19632224,160793536.000
2014-07-07,6.68,6.70,6.64,6.70,12790166,104711384.000
2014-07-08,6.68,6.73,6.67,6.72,16604676,136553088.000
2014-07-09,6.70,6.73,6.56,6.58,21707219,176931248.000
2014-07-10,6.58,6.64,6.58,6.63,19807004,160609936.000
2014-07-11,6.63,6.74,6.63,6.71,18221068,149852064.000
2014-07-14,6.71,6.77,6.69,6.73,15852703,130897480.000
2014-07-15,6.73,6.75,6.66,6.68,23305724,191306064.000
2014-07-16,6.68,6.76,6.67,6.69,34310779,283017024.000
2014-07-17,6.69,6.80,6.68,6.79,31487756,213299104.000
2014-07-18,6.79,6.80,6.73,6.77,26344023,178289312.000
2014-07-21,6.77,6.78,6.70,6.71,16687526,112170960.000
2014-07-22,6.69,6.80,6.66,6.73,22741558,153216640.000
2014-07-23,6.73,6.77,6.70,6.74,25671359,172924624.000
2014-07-24,6.74,7.13,6.73,6.97,88051494,613439104.000
2014-07-25,7.01,7.10,6.90,7.07,57560254,403814400.000
2014-07-28,7.07,7.42,7.07,7.26,116903034,856935552.000
2014-07-29,7.29,7.38,7.27,7.31,72444286,530688032.000
2014-07-30,7.29,7.36,7.17,7.22,50466753,365966432.000
2014-07-31,7.23,7.36,7.18,7.35,50534479,368033344.000
2014-08-01,7.34,7.43,7.27,7.28,64213273,473434240.000
2014-08-04,7.25,7.41,7.24,7.39,40371104,296062560.000
2014-08-05,7.40,7.40,7.28,7.33,32083285,235305440.000
2014-08-06,7.29,7.31,7.20,7.31,31171285,226189088.000
2014-08-07,7.30,7.31,7.17,7.18,35203959,253831216.000
2014-08-08,7.20,7.22,7.15,7.20,20018389,143759216.000
2014-08-11,7.23,7.27,7.20,7.25,21328563,154548816.000
2014-08-12,7.24,7.25,7.11,7.15,32420866,232027200.000
2014-08-13,7.15,7.18,7.07,7.12,25927415,184571872.000
2014-08-14,7.12,7.15,7.05,7.06,28870373,204689888.000
2014-08-15,7.06,7.11,7.03,7.08,28424943,201003808.000
2014-08-18,7.09,7.16,7.08,7.10,31019068,220555248.000
2014-08-19,7.11,7.13,7.05,7.09,24124429,170959184.000
2014-08-20,7.09,7.10,7.04,7.06,23538226,166213952.000
2014-08-21,7.05,7.06,6.95,7.00,26744114,187031040.000
2014-08-22,7.00,7.14,6.99,7.14,37970021,269253344.000
2014-08-25,7.13,7.13,7.06,7.07,28063243,199488176.000
2014-08-26,7.06,7.22,7.05,7.19,68729567,492493952.000
2014-08-27,7.18,7.35,7.16,7.33,66560972,484366976.000
2014-08-28,7.28,7.30,7.17,7.18,48314224,350191008.000
2014-08-29,7.23,7.39,7.20,7.33,50154659,367499104.000
2014-09-01,7.32,7.40,7.30,7.36,50958092,375583616.000
2014-09-02,7.35,7.51,7.30,7.48,65320791,483400960.000
2014-09-03,7.50,7.85,7.49,7.71,87798853,678683648.000
2014-09-04,7.72,7.93,7.67,7.89,68309222,532267104.000
2014-09-05,7.89,7.97,7.82,7.91,59788201,472710816.000
2014-09-09,7.91,7.94,7.65,7.71,57640159,446156672.000
2014-09-10,7.66,7.68,7.60,7.65,28341894,216529280.000
2014-09-11,7.62,7.76,7.54,7.61,42444777,324954432.000
2014-09-12,7.60,7.68,7.55,7.68,23977499,182593840.000
2014-09-15,7.60,7.83,7.58,7.80,49361016,381584960.000
2014-09-16,7.81,7.84,7.69,7.70,68813999,535168992.000
2014-09-17,7.82,7.90,7.75,7.87,58515890,458294400.000
2014-09-18,7.82,8.13,7.79,7.90,84203639,669435200.000
2014-09-19,7.90,8.03,7.83,7.98,53801745,426431520.000
2014-09-22,7.91,8.00,7.78,7.86,43337112,342860960.000
2014-09-23,7.84,8.12,7.83,8.09,54429603,437068128.000
2014-09-24,8.00,8.19,8.00,8.14,60496784,491849792.000
2014-09-25,8.19,8.22,7.95,7.99,53021969,426111552.000
2014-09-26,7.97,8.00,7.88,7.97,21817054,173308112.000
2014-09-29,7.95,8.03,7.92,8.02,34808714,278160928.000
2014-09-30,7.99,8.06,7.96,8.03,36334937,291584512.000
2014-10-08,8.01,8.03,7.94,8.01,29962802,239115392.000
2014-10-09,8.00,8.11,7.98,8.08,41558458,335174336.000
2014-10-10,8.02,8.08,7.97,8.02,31643485,253886304.000
2014-10-13,7.95,7.95,7.70,7.82,32696172,254999248.000
2014-10-14,7.79,7.86,7.71,7.76,21521484,167513472.000
2014-10-15,7.75,7.87,7.72,7.84,17362881,135378864.000
2014-10-16,7.80,8.05,7.77,7.86,42666171,337683968.000
2014-10-17,7.87,7.89,7.74,7.79,24823133,193703360.000
2014-10-20,7.81,7.88,7.76,7.79,15517357,121052040.000
2014-10-21,7.78,7.82,7.70,7.71,16939836,131284112.000
2014-10-22,7.71,7.84,7.70,7.76,21885129,170414624.000
2014-10-23,7.77,7.91,7.75,7.78,26195730,205299024.000
2014-10-24,7.78,7.85,7.72,7.75,15800758,122845328.000
2014-10-27,7.72,7.77,7.60,7.62,18004527,137977072.000
2014-10-28,7.62,7.75,7.61,7.74,19888983,152317808.000
2014-10-29,7.76,7.94,7.71,7.85,30530223,238617968.000
2014-10-30,7.85,8.04,7.81,7.98,40879438,323740224.000
2014-10-31,8.00,8.75,7.97,8.43,180841667,1510772480.000
2014-11-03,8.40,8.50,8.23,8.30,83788720,697732672.000
2014-11-04,8.21,8.27,8.14,8.20,57378193,470643744.000
2014-11-05,8.19,8.23,8.07,8.10,58153728,472334016.000
2014-11-06,8.14,8.16,8.08,8.13,38444735,312481152.000
2014-11-07,8.13,8.48,8.09,8.17,104900814,867421248.000
2014-11-10,8.30,8.42,8.17,8.34,75927488,628876160.000
2014-11-11,8.38,8.71,8.33,8.45,149361045,1276068736.000
2014-11-12,8.44,8.49,8.27,8.48,52183091,437132192.000
2014-11-13,8.49,8.64,8.37,8.39,59716497,507036384.000
2014-11-14,8.37,8.44,8.16,8.26,47576461,392364096.000
2014-11-17,8.26,8.40,8.16,8.18,36991899,305273216.000
2014-11-18,8.18,8.22,8.06,8.10,36826961,299636960.000
2014-11-19,8.11,8.14,7.96,8.06,39864334,320405248.000
2014-11-20,8.00,8.11,7.95,8.03,35827538,288144512.000
2014-11-21,8.00,8.22,7.99,8.20,48431806,393012224.000
2014-11-24,8.07,8.37,7.98,8.22,101360668,830578048.000
2014-11-25,8.21,8.32,8.06,8.24,61167095,501001536.000
2014-11-26,8.26,8.54,8.22,8.42,104078023,871155520.000
2014-11-27,8.47,8.63,8.37,8.52,116662881,991895104.000
2014-11-28,8.48,9.30,8.44,9.18,282893156,2519523840.000
2014-12-01,9.16,9.51,8.90,8.92,220575597,2019294976.000
2014-12-02,8.82,9.50,8.77,9.35,239519153,2198870272.000
2014-12-03,9.35,9.60,9.10,9.25,218072991,2044704000.000
2014-12-04,9.28,9.76,9.14,9.75,242104775,2295260672.000
2014-12-05,9.79,10.34,9.49,9.92,296462186,2930012928.000
2014-12-08,9.68,10.22,9.57,10.00,221166665,2191624704.000
2014-12-09,9.90,10.18,9.00,9.11,226719076,2214322432.000
2014-12-10,9.10,9.70,8.90,9.60,168436510,1563950976.000
2014-12-11,9.50,9.89,9.40,9.57,138017375,1333569280.000
2014-12-12,9.60,9.80,9.41,9.44,96904642,928966208.000
2014-12-15,9.36,9.36,9.10,9.25,79567537,732557312.000
2014-12-16,9.25,9.66,9.20,9.65,124743741,1180757888.000
2014-12-17,9.70,10.61,9.57,10.30,291049880,2938160640.000
2014-12-18,10.33,10.38,9.85,10.02,151872639,1533006592.000
2014-12-19,10.04,10.22,9.82,10.09,133789072,1346030464.000
2014-12-22,10.20,10.86,10.07,10.43,233438916,2454071552.000
2014-12-23,10.26,10.47,9.93,9.97,134827215,1374305536.000
2014-12-24,9.99,10.08,9.40,9.58,123187744,1195355520.000
2014-12-25,9.83,10.16,9.63,10.05,135330098,1342940288.000
2014-12-26,10.06,10.40,9.97,10.35,164684982,1679009024.000
2014-12-29,10.68,10.86,10.10,10.26,190880588,2013541888.000
2014-12-30,10.24,10.68,10.18,10.65,179121946,1884819584.000
2014-12-31,10.90,11.10,10.67,10.93,228669740,2498162944.000
2015-01-05,11.03,11.18,10.66,11.03,211180729,2310126080.000
2015-01-06,10.85,11.21,10.70,10.82,184284063,2011730176.000
2015-01-07,10.69,10.78,10.45,10.60,148957983,1580696960.000
2015-01-08,10.61,10.75,10.20,10.26,116160510,1204975872.000
2015-01-09,10.25,11.29,10.20,10.72,322999852,3521086976.000
2015-01-12,10.60,11.13,10.39,10.94,258231419,2778414080.000
2015-01-13,10.88,10.98,10.67,10.81,113934520,1233658368.000
2015-01-14,10.91,11.16,10.73,10.91,135232043,1483940352.000
2015-01-15,10.87,11.45,10.68,11.41,186393996,2063766272.000
2015-01-16,11.36,11.86,11.31,11.53,229103459,2658890240.000
2015-01-19,10.75,11.10,10.38,10.38,182072155,1944265472.000
2015-01-20,10.30,10.65,10.00,10.29,196085301,2024205440.000
2015-01-21,10.32,10.99,10.22,10.88,172298582,1829369472.000
2015-01-22,10.85,10.86,10.53,10.70,133342777,1428434048.000
2015-01-23,10.75,11.00,10.68,10.75,133220791,1443678336.000
2015-01-26,10.74,10.78,10.53,10.72,81321070,863590208.000
2015-01-27,10.73,10.76,10.30,10.44,106830662,1118844928.000
2015-01-28,10.33,10.54,10.23,10.31,83388695,863442560.000
2015-01-29,10.18,10.27,10.09,10.17,65416679,665161792.000
2015-01-30,10.34,10.55,10.18,10.37,123843961,1286084096.000
2015-02-02,10.10,10.24,10.01,10.04,74125649,749874752.000
2015-02-03,10.18,10.25,9.99,10.23,79443369,803764096.000
2015-02-04,10.25,10.30,10.02,10.04,64146954,652572224.000
2015-02-05,10.60,10.66,9.98,10.00,187501824,1951201024.000
2015-02-06,9.95,10.07,9.50,9.66,101549668,1001271744.000
2015-02-09,9.60,9.83,9.41,9.70,74636467,719188416.000
2015-02-10,9.68,9.88,9.64,9.86,58689944,574996928.000
2015-02-11,9.86,9.92,9.79,9.85,35762591,352248032.000
2015-02-12,10.10,10.15,9.92,10.00,72315310,724668608.000
2015-02-13,10.08,10.23,9.96,10.07,85994053,869115072.000
2015-02-16,10.07,10.10,9.96,10.07,48501020,486016096.000
2015-02-17,10.09,10.20,10.09,10.12,51282485,520061600.000
2015-02-25,10.12,10.23,9.99,10.10,84154759,852363200.000
2015-02-26,10.02,10.49,10.02,10.47,114576279,1178577152.000
2015-02-27,10.41,10.74,10.38,10.44,86835885,916059904.000
2015-03-02,10.49,10.51,10.35,10.45,77800403,811275584.000
2015-03-03,10.36,10.41,10.01,10.05,81603012,828796096.000
2015-03-04,10.12,10.14,9.94,10.02,58373518,585684096.000
2015-03-05,9.90,9.99,9.77,9.85,63235342,624080960.000
2015-03-06,9.85,10.01,9.85,9.89,48251480,479016960.000
2015-03-09,9.90,10.88,9.89,10.80,269033784,2834546944.000
2015-03-10,10.60,10.72,10.36,10.38,179494290,1883588224.000
2015-03-11,10.40,10.77,10.39,10.47,117527769,1239885696.000
2015-03-12,10.74,11.50,10.60,11.08,311925705,3462622976.000
2015-03-13,11.10,11.53,10.87,11.06,221096873,2474203136.000
2015-03-16,11.19,11.25,10.90,11.07,305252554,3360371712.000
2015-03-17,11.10,11.17,10.92,11.09,247645282,2729321216.000
2015-03-18,11.07,11.27,11.04,11.20,215838769,2404743680.000
2015-03-19,11.19,11.19,11.00,11.03,141489282,1565585152.000
2015-03-20,11.03,11.32,10.93,11.14,202585765,2250289408.000
2015-03-23,11.18,11.26,11.11,11.20,181116721,2026819968.000
2015-03-24,11.20,11.26,11.07,11.18,175811010,1960096128.000
2015-03-25,11.11,11.12,10.81,10.86,144875220,1588018304.000
2015-03-26,10.78,11.07,10.63,10.88,175389878,1904389504.000
2015-03-27,10.80,10.95,10.66,10.79,153219003,1653480320.000
2015-03-30,10.89,11.17,10.80,11.10,255096959,2807423232.000
2015-03-31,11.23,11.37,10.87,10.91,262556241,2925659136.000
2015-04-01,10.91,11.03,10.84,10.94,203235583,2221289472.000
2015-04-02,11.03,11.06,10.81,10.89,151041564,1648997120.000
2015-04-03,10.82,11.19,10.79,11.07,218093036,2395983360.000
2015-04-07,11.29,11.38,11.15,11.27,365182624,4107752192.000
2015-04-08,11.28,11.76,11.24,11.75,466334059,5363244544.000
2015-04-09,11.74,12.07,11.48,11.62,370316772,4332267008.000
2015-04-10,11.60,12.01,11.49,11.97,358125697,4217856512.000
数据来源:通达信
