601299 中国北车 日线 前复权
      日期	    开盘	    最高	    最低	    收盘	    成交量	    成交额
2011-03-02,6.81,6.82,6.61,6.71,130292069,1039900288.000
2011-03-03,6.70,6.70,6.49,6.51,154308365,1214116864.000
2011-03-04,6.49,6.65,6.48,6.62,86600852,678136000.000
2011-03-07,6.64,6.83,6.57,6.77,135692811,1091200128.000
2011-03-08,6.77,6.77,6.64,6.70,79065094,631939712.000
2011-03-09,6.70,6.96,6.66,6.89,173220910,1417552000.000
2011-03-10,6.87,6.93,6.77,6.78,95241777,778150656.000
2011-03-11,6.74,6.78,6.62,6.65,81607701,652513600.000
2011-03-14,6.58,6.64,6.49,6.55,80067835,624699904.000
2011-03-15,6.53,6.53,6.21,6.37,115152685,872836352.000
2011-03-16,6.39,6.44,6.32,6.41,72760643,553922624.000
2011-03-17,6.33,6.56,6.22,6.41,87735551,665924352.000
2011-03-18,6.48,6.49,6.35,6.44,52636718,401803744.000
2011-03-21,6.40,6.51,6.40,6.48,61150540,471869088.000
2011-03-22,6.49,6.65,6.37,6.62,104254306,814449664.000
2011-03-23,6.65,6.85,6.65,6.79,140825959,1142515840.000
2011-03-24,6.76,6.79,6.65,6.67,64571594,518251744.000
2011-03-25,6.67,6.70,6.52,6.61,105644222,829590848.000
2011-03-28,6.62,6.69,6.53,6.58,79441915,626297536.000
2011-03-29,6.56,6.57,6.41,6.43,70616523,545880448.000
2011-03-30,6.43,6.46,6.15,6.18,133562473,991830656.000
2011-03-31,6.21,6.25,6.11,6.21,58737209,432654336.000
2011-04-01,6.21,6.23,6.11,6.18,49050978,358900032.000
2011-04-06,6.16,6.16,6.01,6.07,81103175,585285184.000
2011-04-07,6.08,6.28,6.05,6.27,98578860,729167296.000
2011-04-08,6.23,6.32,6.21,6.27,60168494,448606688.000
2011-04-11,6.28,6.41,6.28,6.36,99219347,752502080.000
2011-04-12,6.35,6.47,6.29,6.33,75536234,574207168.000
2011-04-13,6.33,6.49,6.26,6.43,56120797,428623776.000
2011-04-14,6.44,6.45,6.21,6.24,92109890,692756928.000
2011-04-15,6.21,6.28,6.05,6.15,78386163,572567936.000
2011-04-18,6.12,6.15,6.06,6.14,61556672,446689248.000
2011-04-19,6.11,6.11,6.04,6.05,46907014,338136992.000
2011-04-20,6.06,6.19,6.06,6.10,40631560,295758688.000
2011-04-21,6.13,6.17,6.09,6.14,42663455,311053184.000
2011-04-22,6.12,6.13,6.05,6.06,42539044,307324224.000
2011-04-25,6.08,6.18,5.94,6.13,76442336,553760384.000
2011-04-26,6.12,6.13,6.05,6.06,51569202,373260000.000
2011-04-27,6.09,6.10,5.96,5.98,44262221,315543584.000
2011-04-29,5.81,5.89,5.74,5.89,35775092,248347664.000
2011-05-03,5.87,5.88,5.66,5.80,68387158,465983872.000
2011-05-04,5.74,5.83,5.69,5.71,49403700,336209504.000
2011-05-05,5.65,5.69,5.55,5.57,53977524,359520608.000
2011-05-06,5.52,5.61,5.49,5.57,45742877,300529760.000
2011-05-09,5.64,5.96,5.62,5.85,110000481,761943808.000
2011-05-10,5.83,5.88,5.79,5.83,36640278,253173312.000
2011-05-11,5.85,5.98,5.83,5.84,50344138,353694912.000
2011-05-12,5.85,5.85,5.68,5.70,34819022,238492304.000
2011-05-13,5.68,5.76,5.63,5.75,26622534,179479472.000
2011-05-16,5.81,5.85,5.69,5.71,24083777,165155744.000
2011-05-17,5.72,5.81,5.65,5.73,27559100,187240448.000
2011-05-18,5.73,5.81,5.66,5.76,19502887,133124488.000
2011-05-19,5.75,5.77,5.66,5.68,25179691,170419152.000
2011-05-20,5.68,5.69,5.59,5.61,23409083,156147568.000
2011-05-23,5.69,5.76,5.51,5.52,32401077,216141472.000
2011-05-24,5.49,5.49,5.37,5.45,27491079,176648096.000
2011-05-25,5.46,5.72,5.42,5.55,43842936,289409088.000
2011-05-26,5.57,5.63,5.44,5.46,29186056,191343280.000
2011-05-27,5.45,5.55,5.45,5.50,34034425,221714224.000
2011-05-30,5.51,5.53,5.42,5.51,18733857,121819440.000
2011-05-31,5.53,5.61,5.49,5.60,28957423,190483568.000
2011-06-01,5.61,5.61,5.51,5.55,26298930,171442288.000
2011-06-02,5.48,5.57,5.45,5.47,25363113,163371632.000
2011-06-03,5.49,5.55,5.47,5.53,27899009,180971344.000
2011-06-07,5.56,5.69,5.54,5.68,57605391,381891232.000
2011-06-08,5.69,5.78,5.60,5.74,49963116,335091648.000
2011-06-09,5.72,5.73,5.59,5.60,33280701,221667440.000
2011-06-10,5.57,5.65,5.57,5.65,26771503,176550112.000
2011-06-13,5.64,5.72,5.59,5.71,28585349,190658496.000
2011-06-14,5.73,5.78,5.69,5.77,57203772,386479392.000
2011-06-15,5.77,5.97,5.58,5.61,91217653,617116928.000
2011-06-16,5.57,5.66,5.53,5.53,36218955,237561968.000
2011-06-17,5.53,5.57,5.42,5.43,31701999,204104960.000
2011-06-20,5.43,5.50,5.38,5.41,20057327,127604392.000
2011-06-21,5.43,5.48,5.27,5.37,39322907,246023152.000
2011-06-22,5.35,5.38,5.29,5.34,22597161,141189248.000
2011-06-23,5.32,5.41,5.29,5.40,22136920,138945584.000
2011-06-24,5.39,5.65,5.37,5.61,77276909,504430272.000
2011-06-27,5.57,5.77,5.55,5.66,66954347,448012352.000
2011-06-28,5.63,5.75,5.61,5.68,44842437,299846496.000
2011-06-29,5.69,5.73,5.62,5.67,41099373,274404512.000
2011-06-30,5.65,5.74,5.65,5.69,56221572,378177664.000
2011-07-01,5.73,5.73,5.63,5.65,31726923,211183456.000
2011-07-04,5.67,5.75,5.65,5.73,43893675,295022432.000
2011-07-05,5.73,5.77,5.67,5.71,43808993,294153760.000
2011-07-06,5.69,5.75,5.66,5.72,40458167,271359488.000
2011-07-07,5.72,5.85,5.69,5.76,80401152,546894720.000
2011-07-08,5.80,5.84,5.72,5.78,44686462,304388992.000
2011-07-11,5.76,5.76,5.66,5.70,42228855,283217184.000
2011-07-12,5.67,5.67,5.51,5.52,55252014,362205248.000
2011-07-13,5.52,5.64,5.52,5.61,42449335,277507072.000
2011-07-14,5.59,5.62,5.53,5.57,44255355,289482112.000
2011-07-15,5.57,5.61,5.54,5.58,30023556,196635616.000
2011-07-18,5.59,5.69,5.58,5.69,60871479,404609248.000
2011-07-19,5.71,5.81,5.71,5.73,85019379,576268224.000
2011-07-21,5.70,5.70,5.57,5.57,39985705,264493040.000
2011-07-22,5.58,5.60,5.52,5.53,25887088,168788352.000
2011-07-25,5.13,5.26,5.01,5.03,209272057,1252667264.000
2011-07-26,4.96,4.96,4.77,4.84,109943533,618267136.000
2011-07-27,4.81,4.94,4.79,4.89,72204214,410621632.000
2011-07-28,4.86,4.94,4.82,4.89,48497424,275967200.000
2011-07-29,4.90,4.91,4.80,4.81,36506999,205100496.000
2011-08-01,4.79,4.80,4.65,4.67,81638707,444654624.000
2011-08-02,4.65,4.65,4.47,4.56,87022165,455414880.000
2011-08-03,4.49,4.57,4.48,4.53,29931282,156689344.000
2011-08-04,4.56,4.60,4.53,4.60,49783911,263223456.000
2011-08-05,4.49,4.53,4.43,4.48,41247574,214049744.000
2011-08-08,4.40,4.46,4.23,4.34,65924627,330511936.000
2011-08-09,4.25,4.37,4.23,4.35,54804395,271508096.000
2011-08-10,4.38,4.39,4.29,4.31,78004491,389346304.000
2011-08-12,4.22,4.49,4.20,4.41,154980638,772978176.000
2011-08-15,4.37,4.38,4.31,4.37,77153245,387314304.000
2011-08-16,4.37,4.45,4.33,4.35,63671879,322746880.000
2011-08-17,4.33,4.35,4.26,4.27,51524812,255009488.000
2011-08-18,4.27,4.28,4.15,4.16,62467481,302442944.000
2011-08-19,4.08,4.10,4.01,4.06,58416763,271310208.000
2011-08-22,4.05,4.08,3.97,4.00,44435151,204820336.000
2011-08-23,4.01,4.09,3.97,4.06,45208611,209274976.000
2011-08-24,4.07,4.09,4.01,4.01,33870102,157036240.000
2011-08-25,4.03,4.14,4.01,4.13,62828711,294720992.000
2011-08-26,4.12,4.20,4.10,4.17,60411821,289015200.000
2011-08-29,4.13,4.14,4.09,4.09,32508336,153398992.000
2011-08-30,4.13,4.17,4.07,4.07,30485929,144284128.000
2011-08-31,4.06,4.10,4.02,4.08,22094432,102875416.000
2011-09-01,4.09,4.09,4.02,4.03,23888105,110916776.000
2011-09-02,4.01,4.03,3.93,3.96,36919599,167837472.000
2011-09-05,3.92,3.93,3.85,3.88,26766747,118643744.000
2011-09-06,3.86,3.93,3.85,3.91,22066022,98347056.000
2011-09-07,3.94,3.98,3.92,3.97,23020684,104025720.000
2011-09-08,4.00,4.00,3.93,3.93,16586221,75181672.000
2011-09-09,3.94,3.98,3.92,3.94,13619692,61512464.000
2011-09-13,3.89,3.96,3.86,3.96,19291273,86161656.000
2011-09-14,3.97,3.99,3.90,3.97,16654841,75284976.000
2011-09-15,3.97,4.09,3.97,4.05,46525587,214608416.000
2011-09-16,4.06,4.07,4.01,4.02,23506647,108548792.000
2011-09-19,4.00,4.00,3.92,3.93,16948757,76497816.000
2011-09-20,3.93,4.00,3.93,3.97,17626436,79942792.000
2011-09-21,3.97,4.25,3.94,4.18,116254633,553460288.000
2011-09-22,4.13,4.18,4.05,4.05,60397389,285423136.000
2011-09-23,3.99,4.06,3.97,4.05,41360218,190318976.000
2011-09-26,4.06,4.19,4.03,4.09,61679895,291309312.000
2011-09-27,4.12,4.17,4.09,4.16,43292968,205842928.000
2011-09-28,4.10,4.15,4.07,4.09,43413678,204418528.000
2011-09-29,4.06,4.09,3.94,3.99,30287865,139825664.000
2011-09-30,4.01,4.02,3.92,3.95,31427712,141943424.000
2011-10-10,3.92,3.93,3.85,3.89,23868733,105895544.000
2011-10-11,3.97,4.01,3.85,3.91,23806201,107041384.000
2011-10-12,3.89,4.14,3.86,4.09,72292677,336364768.000
2011-10-13,4.09,4.27,4.09,4.25,102214146,496248608.000
2011-10-14,4.21,4.32,4.18,4.26,66110231,323812416.000
2011-10-17,4.26,4.34,4.25,4.29,54729671,271149344.000
2011-10-18,4.25,4.28,4.17,4.18,43529431,211181488.000
2011-10-19,4.18,4.30,4.14,4.25,48530108,236927072.000
2011-10-20,4.22,4.29,4.15,4.25,61698843,298590208.000
2011-10-21,4.23,4.33,4.20,4.26,47095236,232311776.000
2011-10-24,4.29,4.37,4.21,4.35,86825986,429591424.000
2011-10-26,4.42,4.75,4.40,4.51,176597885,932186816.000
2011-10-27,4.52,4.57,4.44,4.45,68915311,358612736.000
2011-10-28,4.50,4.64,4.49,4.54,77849777,410926240.000
2011-10-31,4.53,4.53,4.43,4.51,47320492,245116528.000
2011-11-01,4.45,4.61,4.44,4.53,66766579,351320352.000
2011-11-02,4.49,4.73,4.45,4.70,108021746,578296064.000
2011-11-03,4.73,4.74,4.65,4.67,76247688,415551104.000
2011-11-04,4.71,4.81,4.63,4.69,54620376,297594976.000
2011-11-07,4.65,4.68,4.58,4.60,46181223,247397984.000
2011-11-08,4.58,4.61,4.44,4.45,58491472,303318400.000
2011-11-09,4.45,4.50,4.38,4.47,42927541,220363072.000
2011-11-10,4.43,4.45,4.37,4.39,35930805,182963152.000
2011-11-11,4.41,4.45,4.37,4.41,24646262,125634560.000
2011-11-14,4.45,4.47,4.43,4.45,46573711,239729968.000
2011-11-15,4.46,4.48,4.40,4.46,35266654,181015344.000
2011-11-16,4.46,4.46,4.33,4.37,52655078,265271200.000
2011-11-17,4.37,4.43,4.31,4.41,30596598,154243120.000
2011-11-18,4.37,4.45,4.34,4.40,27031570,136761168.000
2011-11-21,4.40,4.44,4.37,4.44,24038380,122794104.000
2011-11-22,4.40,4.43,4.33,4.41,19306582,97696512.000
2011-11-23,4.41,4.41,4.32,4.33,18757807,94128488.000
2011-11-24,4.29,4.37,4.20,4.37,28627679,140728160.000
2011-11-25,4.33,4.33,4.26,4.26,14785652,73143392.000
2011-11-28,4.27,4.31,4.24,4.28,13052280,64305424.000
2011-11-29,4.33,4.36,4.29,4.32,13492849,67165664.000
2011-11-30,4.31,4.33,4.12,4.22,22238145,108323376.000
2011-12-01,4.29,4.35,4.26,4.33,27999071,139369824.000
2011-12-02,4.33,4.38,4.29,4.37,29195655,146677840.000
2011-12-05,4.37,4.37,4.23,4.35,16979012,84147776.000
2011-12-06,4.31,4.33,4.26,4.33,10761885,53313776.000
2011-12-07,4.33,4.33,4.29,4.33,14791985,73571648.000
2011-12-08,4.32,4.34,4.25,4.32,14878808,73725992.000
2011-12-09,4.28,4.32,4.25,4.28,12921446,63802896.000
2011-12-12,4.28,4.28,4.21,4.24,11044090,53962816.000
2011-12-13,4.23,4.23,4.02,4.06,25862147,120972320.000
2011-12-14,4.04,4.07,3.97,4.01,18783421,86007376.000
2011-12-15,3.97,4.01,3.89,3.91,21930942,98544576.000
2011-12-16,3.91,4.00,3.86,3.98,30214407,134941648.000
2011-12-19,3.94,3.97,3.89,3.93,19734275,88546808.000
2011-12-20,3.93,3.97,3.92,3.92,13801304,62177880.000
2011-12-21,3.94,3.97,3.85,3.89,11672784,52233356.000
2011-12-22,3.87,3.90,3.81,3.87,19311205,85135224.000
2011-12-23,3.87,3.97,3.85,3.91,21021344,94010512.000
2011-12-26,3.89,3.89,3.69,3.76,48071323,208297280.000
2011-12-27,3.72,3.84,3.64,3.73,29793641,125909696.000
2011-12-28,3.70,3.73,3.63,3.68,25156143,104987440.000
2011-12-29,3.69,3.77,3.68,3.72,41224324,174339072.000
2011-12-30,3.73,3.74,3.69,3.73,20493394,86723448.000
2012-01-04,3.75,3.76,3.65,3.66,26342240,111422704.000
2012-01-05,3.65,3.73,3.61,3.65,25413741,105944032.000
2012-01-06,3.65,3.73,3.63,3.69,22030452,92053264.000
2012-01-09,3.69,3.77,3.65,3.77,50629911,214211008.000
2012-01-10,3.75,3.90,3.73,3.89,63922468,279582528.000
2012-01-11,3.89,3.91,3.84,3.89,37268603,164829584.000
2012-01-12,3.86,3.92,3.84,3.87,35768427,158200720.000
2012-01-13,3.86,3.86,3.77,3.78,31185992,135339600.000
2012-01-16,3.75,3.77,3.69,3.70,24952039,105669232.000
2012-01-17,3.69,3.93,3.69,3.92,64790792,282418144.000
2012-01-18,3.89,3.95,3.83,3.85,42802265,189818464.000
2012-01-19,3.85,3.92,3.82,3.90,43437358,192577936.000
2012-01-20,3.90,3.94,3.87,3.93,31776777,141971904.000
2012-01-30,3.96,3.96,3.86,3.87,22762116,101333544.000
2012-01-31,3.87,3.89,3.81,3.85,23518025,102996640.000
2012-02-01,3.84,3.86,3.81,3.82,15362095,67152272.000
2012-02-02,3.84,3.89,3.81,3.89,23093014,101613832.000
2012-02-06,3.89,3.89,3.85,3.88,26613601,117627032.000
2012-02-07,3.86,3.87,3.81,3.85,20088702,88111376.000
2012-02-08,3.84,3.93,3.82,3.90,38509807,170811264.000
2012-02-09,3.89,3.94,3.88,3.90,49318186,220360848.000
2012-02-10,3.89,3.97,3.88,3.93,57358706,258191184.000
2012-02-13,3.92,3.96,3.89,3.96,35016369,157087808.000
2012-02-14,3.97,3.98,3.91,3.93,29535733,133011176.000
2012-02-15,3.92,3.98,3.91,3.96,35387053,159992464.000
2012-02-16,3.96,4.03,3.94,3.98,47711871,217499168.000
2012-02-17,4.00,4.01,3.97,3.98,25154929,115057032.000
2012-02-20,4.01,4.04,3.97,3.97,36880179,168501696.000
2012-02-21,3.97,3.97,3.93,3.97,28281288,127828120.000
2012-02-22,3.96,4.05,3.96,4.01,80137436,367562816.000
2012-02-23,4.01,4.05,4.00,4.02,74418151,343551264.000
2012-02-24,4.03,4.15,4.00,4.13,111592640,523413952.000
2012-03-06,4.12,4.17,4.04,4.08,53874134,239961568.000
2012-03-07,4.03,4.07,3.96,4.03,36048862,157247584.000
2012-03-08,4.03,4.07,4.00,4.03,42131488,184471312.000
2012-03-09,4.05,4.06,4.01,4.04,36166505,158373856.000
2012-03-12,4.04,4.06,3.98,4.01,35729486,156401216.000
2012-03-13,3.99,4.04,3.96,4.03,43396839,188608192.000
2012-03-14,4.05,4.11,3.90,3.92,108410343,474714688.000
2012-03-15,3.91,3.96,3.85,3.92,52975731,226015888.000
2012-03-16,3.92,3.95,3.88,3.94,25431735,108565344.000
2012-03-19,3.92,3.98,3.88,3.96,37485443,160660944.000
2012-03-20,3.94,3.99,3.91,3.96,37715908,161876128.000
2012-03-21,3.96,4.01,3.92,3.96,31560422,136284752.000
2012-03-22,3.99,4.08,3.97,4.00,66954545,292474272.000
2012-03-23,4.00,4.00,3.91,3.93,25499959,109531552.000
2012-03-26,3.91,3.96,3.85,3.92,30566287,129732296.000
2012-03-27,3.92,3.93,3.86,3.91,21465491,91281256.000
2012-03-28,3.89,3.91,3.80,3.81,28685061,120278208.000
2012-03-29,3.79,3.81,3.66,3.76,32097487,131463656.000
2012-03-30,3.74,3.79,3.71,3.76,19654426,80610184.000
2012-04-05,3.80,3.87,3.77,3.84,38623189,160786800.000
2012-04-06,3.81,3.85,3.79,3.81,18078619,75289896.000
2012-04-09,3.82,3.82,3.76,3.78,15462629,63881992.000
2012-04-10,3.78,3.82,3.70,3.81,21489622,88413520.000
2012-04-11,3.77,3.81,3.71,3.76,29201851,119769544.000
2012-04-12,3.78,3.83,3.73,3.82,53582842,221237264.000
2012-04-13,3.81,3.84,3.78,3.82,49350240,205298944.000
2012-04-16,3.81,3.91,3.79,3.87,70549059,297477600.000
2012-04-17,3.89,3.91,3.84,3.86,37778412,159515600.000
2012-04-18,3.89,4.11,3.88,4.02,107038663,466904544.000
2012-04-19,4.02,4.04,3.96,4.00,46052465,200423664.000
2012-04-20,4.03,4.20,4.03,4.14,109827934,492405152.000
2012-04-23,4.15,4.24,4.10,4.13,84073199,380414656.000
2012-04-24,4.11,4.16,3.99,4.14,66478988,294293856.000
2012-04-25,4.13,4.28,4.08,4.22,120401986,546018112.000
2012-04-26,4.22,4.24,4.16,4.18,57022550,259135040.000
2012-04-27,4.19,4.21,4.12,4.14,37458186,168810096.000
2012-05-02,4.18,4.22,4.13,4.19,70426981,319105152.000
2012-05-03,4.17,4.18,4.10,4.11,56169744,251756128.000
2012-05-04,4.16,4.18,4.10,4.15,59003638,265147872.000
2012-05-07,4.11,4.15,4.08,4.12,45926595,204847168.000
2012-05-08,4.13,4.14,4.07,4.10,40238173,179195952.000
2012-05-09,4.07,4.08,3.97,3.98,49528300,216611456.000
2012-05-10,3.97,4.00,3.95,3.97,44572730,192810176.000
2012-05-11,3.96,4.00,3.95,3.99,30817806,133212032.000
2012-05-14,4.00,4.03,3.94,3.95,31361093,136183232.000
2012-05-15,3.92,3.93,3.87,3.91,23083053,98008312.000
2012-05-16,3.91,3.92,3.82,3.82,27771891,116685632.000
2012-05-17,3.83,3.91,3.82,3.89,22788036,96178672.000
2012-05-18,3.86,3.87,3.80,3.81,23287483,97390696.000
2012-05-21,3.88,4.09,3.88,3.93,100172309,433084832.000
2012-05-22,3.95,3.99,3.92,3.97,39689553,170844416.000
2012-05-24,4.02,4.10,4.01,4.01,77504591,341178336.000
2012-05-25,4.02,4.13,3.97,4.07,71429111,315911552.000
2012-05-28,4.07,4.20,4.02,4.16,88040494,393835040.000
2012-05-29,4.17,4.18,4.09,4.13,69633134,311971328.000
2012-05-30,4.12,4.18,4.07,4.13,52366043,233823440.000
2012-05-31,4.08,4.11,4.02,4.03,44104560,194343184.000
2012-06-01,4.03,4.05,3.98,4.00,28118507,122832432.000
2012-06-04,3.93,3.94,3.84,3.85,43727548,184983088.000
2012-06-05,3.87,3.88,3.82,3.84,21502711,90311696.000
2012-06-06,3.84,3.87,3.80,3.83,26946696,112759248.000
2012-06-07,3.87,3.88,3.80,3.80,18498140,77418456.000
2012-06-08,3.85,3.85,3.73,3.74,35509883,146374336.000
2012-06-11,3.76,3.79,3.74,3.79,23389849,96298768.000
2012-06-12,3.76,3.78,3.73,3.76,30542338,125245056.000
2012-06-13,3.78,3.84,3.74,3.83,40162531,166029696.000
2012-06-14,3.80,3.82,3.74,3.76,29366304,121387592.000
2012-06-15,3.77,3.79,3.74,3.79,24370138,100266472.000
2012-06-18,3.80,3.82,3.79,3.81,17050644,70868952.000
2012-06-19,3.81,3.87,3.78,3.84,37018811,155023552.000
2012-06-20,3.85,3.85,3.81,3.82,14213774,59366276.000
2012-06-21,3.81,3.82,3.73,3.77,26911783,110658912.000
2012-06-25,3.75,3.77,3.68,3.70,26601128,108616368.000
2012-06-26,3.68,3.71,3.65,3.68,18677545,75172136.000
2012-06-27,3.69,3.71,3.68,3.68,12153145,49111584.000
2012-06-28,3.69,3.71,3.63,3.64,17614996,70953880.000
2012-06-29,3.64,3.67,3.58,3.66,22421056,89080144.000
2012-07-02,3.68,3.70,3.59,3.61,30253554,120481112.000
2012-07-03,3.63,3.66,3.61,3.62,17898954,70296880.000
2012-07-04,3.62,3.64,3.50,3.52,49412061,190277968.000
2012-07-05,3.50,3.51,3.41,3.44,31197653,116784688.000
2012-07-06,3.48,3.54,3.42,3.51,26156273,98677472.000
2012-07-09,3.49,3.51,3.40,3.40,21059316,78876216.000
2012-07-10,3.40,3.41,3.35,3.37,19736838,72488776.000
2012-07-11,3.41,3.54,3.41,3.48,44142834,167202560.000
2012-07-12,3.45,3.50,3.45,3.48,26028309,98242512.000
2012-07-13,3.48,3.52,3.46,3.51,27151282,103142400.000
2012-07-16,3.51,3.51,3.42,3.42,22539577,84766048.000
2012-07-17,3.40,3.47,3.40,3.43,17539267,65492184.000
2012-07-18,3.41,3.46,3.40,3.46,15115124,56362808.000
2012-07-19,3.49,3.52,3.47,3.50,23987540,91000488.000
2012-07-20,3.48,3.51,3.46,3.49,18299384,69312976.000
2012-07-23,3.46,3.46,3.38,3.39,18554731,68978376.000
2012-07-24,3.38,3.41,3.36,3.38,20189723,74388112.000
2012-07-25,3.38,3.40,3.37,3.38,13937603,51400876.000
2012-07-26,3.38,3.39,3.35,3.36,15363587,56360104.000
2012-07-27,3.38,3.39,3.35,3.36,13071259,47998088.000
2012-07-30,3.39,3.39,3.36,3.37,19641381,72209624.000
2012-07-31,3.38,3.41,3.37,3.37,23382430,86230848.000
2012-08-01,3.38,3.49,3.37,3.46,32603341,122076864.000
2012-08-02,3.46,3.49,3.44,3.45,15845064,59565616.000
2012-08-03,3.46,3.48,3.43,3.47,19366676,72711400.000
2012-08-06,3.45,3.51,3.44,3.49,24247150,91495432.000
2012-08-07,3.49,3.52,3.46,3.48,17110049,64706788.000
2012-08-08,3.48,3.49,3.45,3.47,16645789,62699388.000
2012-08-09,3.49,3.50,3.45,3.48,16751539,63285028.000
2012-08-10,3.48,3.50,3.45,3.47,16836195,63544624.000
2012-08-13,3.46,3.47,3.39,3.39,21842350,81334176.000
2012-08-14,3.39,3.42,3.37,3.42,15048463,55564672.000
2012-08-15,3.40,3.41,3.37,3.37,10487117,38598192.000
2012-08-16,3.38,3.39,3.36,3.37,7972246,29270344.000
2012-08-17,3.38,3.42,3.37,3.41,13568512,49994532.000
2012-08-20,3.39,3.40,3.31,3.35,17973146,65589420.000
2012-08-21,3.35,3.38,3.33,3.36,16270314,59580072.000
2012-08-22,3.36,3.38,3.30,3.32,20526028,74466384.000
2012-08-23,3.32,3.34,3.30,3.32,12903446,46677996.000
2012-08-24,3.31,3.33,3.26,3.27,17187096,61754252.000
2012-08-27,3.25,3.26,3.10,3.12,33402421,115506392.000
2012-08-28,3.12,3.18,3.12,3.16,23285424,80367080.000
2012-08-29,3.15,3.16,3.13,3.15,11803485,40668612.000
2012-08-30,3.16,3.21,3.13,3.16,22019632,76346248.000
2012-08-31,3.15,3.17,3.13,3.15,12518469,43178188.000
2012-09-03,3.15,3.18,3.13,3.16,20286301,70128448.000
2012-09-04,3.16,3.17,3.09,3.11,20483559,69978960.000
2012-09-05,3.10,3.10,3.06,3.08,21657866,73069776.000
2012-09-06,3.22,3.29,3.19,3.23,73712385,260667776.000
2012-09-07,3.25,3.56,3.25,3.49,132773429,494504576.000
2012-09-10,3.51,3.55,3.47,3.52,62904344,239612080.000
2012-09-11,3.51,3.51,3.43,3.48,37671764,141962000.000
2012-09-12,3.50,3.53,3.42,3.47,27573598,104037872.000
2012-09-13,3.47,3.48,3.42,3.42,23468675,87747648.000
2012-09-14,3.44,3.47,3.36,3.43,35069721,130520120.000
2012-09-17,3.40,3.42,3.27,3.28,29840928,108665056.000
2012-09-18,3.26,3.28,3.21,3.23,18705318,66281944.000
2012-09-19,3.24,3.34,3.22,3.29,20536320,73450480.000
2012-09-20,3.28,3.28,3.16,3.21,25579151,89692432.000
2012-09-21,3.21,3.22,3.13,3.16,23395859,81258832.000
2012-09-24,3.15,3.21,3.09,3.16,29172676,100798192.000
2012-09-25,3.16,3.17,3.11,3.15,13216935,45386084.000
2012-09-26,3.15,3.15,3.10,3.13,14239492,48810976.000
2012-09-27,3.10,3.27,3.10,3.22,30509574,106959136.000
2012-09-28,3.22,3.37,3.19,3.34,50355504,181201952.000
2012-10-08,3.33,3.39,3.28,3.31,23613973,85599136.000
2012-10-09,3.33,3.44,3.32,3.42,47320038,175335008.000
2012-10-10,3.40,3.46,3.38,3.44,23246801,86517160.000
2012-10-11,3.45,3.55,3.44,3.46,72974016,277247296.000
2012-10-12,3.46,3.55,3.44,3.47,36554047,138667200.000
2012-10-15,3.47,3.50,3.39,3.42,30765101,114931640.000
2012-10-16,3.43,3.45,3.38,3.41,29214182,108733520.000
2012-10-17,3.42,3.48,3.39,3.45,35211929,131534640.000
2012-10-18,3.47,3.55,3.45,3.54,39135670,149463776.000
2012-10-19,3.53,3.58,3.50,3.56,34272898,131850096.000
2012-10-22,3.54,3.56,3.51,3.55,22847176,87695360.000
2012-10-23,3.56,3.65,3.56,3.58,55155455,215801920.000
2012-10-24,3.56,3.61,3.53,3.55,23862652,92333856.000
2012-10-25,3.55,3.57,3.44,3.45,39183026,149114416.000
2012-10-26,3.45,3.48,3.39,3.42,30395778,113295552.000
2012-10-29,3.43,3.47,3.41,3.45,16042158,60039052.000
2012-10-30,3.44,3.57,3.43,3.55,41752228,159135536.000
2012-10-31,3.55,3.75,3.53,3.69,100913546,401518752.000
2012-11-01,3.70,3.82,3.68,3.71,84710062,342307520.000
2012-11-02,3.70,3.77,3.68,3.75,33423199,134866624.000
2012-11-05,3.78,3.85,3.75,3.82,69597840,285890464.000
2012-11-06,3.84,3.84,3.70,3.78,46532694,188801072.000
2012-11-07,3.76,3.80,3.73,3.75,21037217,85505184.000
2012-11-08,3.73,3.81,3.71,3.72,48864886,198825968.000
2012-11-09,3.73,3.87,3.71,3.85,95858326,395360384.000
2012-11-12,3.85,3.97,3.82,3.94,93975055,396514976.000
2012-11-13,3.93,3.93,3.81,3.85,53868796,224247920.000
2012-11-14,3.85,3.93,3.76,3.82,44053480,182394272.000
2012-11-15,3.82,3.85,3.71,3.75,40592326,166166192.000
2012-11-16,3.74,3.84,3.71,3.78,38619015,156930608.000
2012-11-19,3.76,3.86,3.72,3.84,40456275,165864400.000
2012-11-20,3.84,3.88,3.73,3.74,25312339,103693984.000
2012-11-21,3.76,3.81,3.74,3.81,19360829,78938216.000
2012-11-22,3.80,3.82,3.77,3.81,16587920,67902304.000
2012-11-23,3.80,3.89,3.78,3.88,40143302,166965376.000
2012-11-26,3.85,4.03,3.85,3.95,57951798,246225808.000
2012-11-27,3.95,4.00,3.88,3.96,53645599,227035984.000
2012-11-28,3.93,3.93,3.80,3.80,43061031,178315328.000
2012-11-29,3.78,3.86,3.77,3.82,31365022,129429992.000
2012-11-30,3.81,3.97,3.80,3.93,46092140,194542480.000
2012-12-03,3.93,4.01,3.90,3.94,52842520,225602736.000
2012-12-04,3.94,4.00,3.91,3.98,38724721,164896832.000
2012-12-05,3.98,4.19,3.97,4.17,95000497,419059296.000
2012-12-06,4.17,4.19,4.08,4.13,51613525,228372928.000
2012-12-07,4.12,4.19,4.08,4.14,54931470,243568224.000
2012-12-10,4.14,4.34,4.09,4.20,75594807,342052064.000
2012-12-11,4.19,4.22,4.12,4.15,33844007,150939968.000
2012-12-12,4.15,4.22,4.11,4.18,31944538,142621152.000
2012-12-13,4.16,4.21,4.14,4.17,28527346,127970544.000
2012-12-14,4.19,4.34,4.15,4.32,61978061,284126528.000
2012-12-17,4.34,4.42,4.25,4.31,59466635,274892256.000
2012-12-18,4.34,4.38,4.30,4.32,38112690,176527984.000
2012-12-19,4.30,4.32,4.22,4.27,41602481,190252656.000
2012-12-20,4.27,4.27,4.12,4.19,58353196,261409104.000
2012-12-21,4.19,4.32,4.16,4.26,47929050,218716832.000
2012-12-24,4.26,4.31,4.17,4.22,32765358,148577104.000
2012-12-25,4.20,4.33,4.16,4.28,59343776,271820160.000
2012-12-26,4.29,4.30,4.21,4.27,51755735,234892096.000
2012-12-27,4.27,4.30,4.19,4.19,45567019,206242560.000
2012-12-28,4.19,4.21,4.11,4.20,53539091,238615856.000
2012-12-31,4.19,4.23,4.13,4.21,52529868,235223696.000
2013-01-04,4.22,4.40,4.18,4.36,119224634,551348672.000
2013-01-07,4.34,4.45,4.30,4.40,75318770,352664928.000
2013-01-08,4.42,4.44,4.31,4.40,47809957,222225552.000
2013-01-09,4.37,4.37,4.26,4.31,44494080,205384048.000
2013-01-10,4.31,4.36,4.29,4.32,44018786,204057104.000
2013-01-11,4.32,4.34,4.18,4.20,42890065,195685664.000
2013-01-14,4.19,4.34,4.19,4.33,42617702,195179680.000
2013-01-15,4.33,4.48,4.29,4.43,70139008,329105408.000
2013-01-16,4.41,4.44,4.28,4.33,40984082,190253440.000
2013-01-17,4.32,4.33,4.21,4.26,35773839,162965440.000
2013-01-18,4.29,4.45,4.20,4.42,108018738,500954816.000
2013-01-21,4.40,4.56,4.36,4.49,83643780,399272864.000
2013-01-22,4.47,4.51,4.37,4.40,61538273,292450880.000
2013-01-23,4.40,4.42,4.34,4.41,32633616,152679248.000
2013-01-24,4.39,4.44,4.21,4.28,56555761,261854400.000
2013-01-25,4.30,4.31,4.16,4.16,46557344,210263696.000
2013-01-28,4.19,4.34,4.18,4.32,51707478,236289456.000
2013-01-29,4.32,4.36,4.27,4.31,39015106,179992096.000
2013-01-30,4.32,4.37,4.29,4.34,29884854,138666560.000
2013-01-31,4.33,4.36,4.23,4.25,36684568,168100272.000
2013-02-01,4.25,4.30,4.23,4.29,57178142,260575312.000
2013-02-04,4.29,4.30,4.19,4.22,60930666,276657344.000
2013-02-05,4.21,4.67,4.21,4.67,206173129,1004548992.000
2013-02-06,4.78,4.79,4.49,4.65,162783240,799043840.000
2013-02-07,4.58,4.68,4.53,4.63,66399918,326379520.000
2013-02-08,4.63,4.69,4.58,4.63,74199227,365636480.000
2013-02-18,4.66,4.67,4.59,4.63,51530597,253582144.000
2013-02-19,4.66,4.90,4.65,4.73,112132089,569791616.000
2013-02-20,4.71,4.72,4.57,4.68,45556135,225498976.000
2013-02-21,4.62,4.65,4.47,4.51,65076747,316091008.000
2013-02-22,4.52,4.56,4.50,4.53,33010183,159373584.000
2013-02-25,4.54,4.67,4.51,4.62,41721588,204128976.000
2013-02-26,4.59,4.61,4.41,4.45,52743661,253900784.000
2013-02-27,4.44,4.52,4.30,4.37,47842507,223789840.000
2013-02-28,4.38,4.53,4.33,4.49,49704177,235577888.000
2013-03-01,4.49,4.51,4.38,4.45,38196163,180566416.000
2013-03-04,4.43,4.45,4.30,4.33,43779415,204208160.000
2013-03-05,4.34,4.44,4.32,4.41,34426032,161081104.000
2013-03-06,4.44,4.59,4.41,4.52,39857110,191985360.000
2013-03-07,4.48,4.58,4.44,4.48,25654842,123444640.000
2013-03-08,4.48,4.50,4.38,4.41,34911696,165074048.000
2013-03-11,4.41,4.51,4.38,4.42,27911399,132344208.000
2013-03-12,4.43,4.44,4.21,4.25,39610488,182167344.000
2013-03-13,4.23,4.25,3.93,4.03,63661060,278093824.000
2013-03-14,4.02,4.03,3.94,3.96,38383281,163985792.000
2013-03-15,4.00,4.13,4.00,4.04,43923989,191716128.000
2013-03-18,4.04,4.09,4.00,4.01,20410535,88665184.000
2013-03-19,4.05,4.06,3.88,3.95,37757904,160793312.000
2013-03-20,3.93,4.05,3.92,4.03,38834059,166986672.000
2013-03-21,4.04,4.09,4.01,4.04,28801198,125422904.000
2013-03-22,4.05,4.08,3.99,4.03,26440071,114494888.000
2013-03-25,4.03,4.07,3.99,4.04,20600649,89071832.000
2013-03-26,4.00,4.01,3.91,3.94,26293939,111492432.000
2013-03-27,3.95,3.98,3.91,3.93,21036726,89141816.000
2013-03-28,3.91,3.91,3.60,3.70,60545828,245989712.000
2013-03-29,3.72,3.77,3.66,3.68,39143973,156761024.000
2013-04-01,3.66,3.68,3.55,3.59,44997402,175933760.000
2013-04-02,3.61,3.65,3.58,3.60,57732884,225450784.000
2013-04-03,3.60,3.68,3.59,3.63,38332434,150644896.000
2013-04-08,3.59,3.61,3.56,3.60,30625996,119121800.000
2013-04-09,3.62,3.66,3.58,3.66,24010218,94571560.000
2013-04-10,3.66,3.92,3.66,3.87,79568338,326968800.000
2013-04-11,3.89,4.00,3.84,3.85,62138127,262256624.000
2013-04-12,3.84,3.90,3.80,3.85,21229602,88003048.000
2013-04-15,3.86,3.87,3.71,3.75,21076274,85579408.000
2013-04-16,3.72,3.85,3.71,3.85,26578342,108896400.000
2013-04-17,3.84,3.85,3.74,3.80,25937644,106430272.000
2013-04-18,3.80,3.81,3.75,3.80,17824676,72809240.000
2013-04-19,3.81,3.90,3.80,3.87,37475748,155558640.000
2013-04-22,3.84,3.89,3.82,3.85,23239604,96352920.000
2013-04-23,3.84,3.84,3.69,3.71,36886747,149172080.000
2013-04-24,3.72,3.79,3.71,3.77,25473808,103124408.000
2013-04-25,3.77,3.80,3.70,3.74,19475995,78740536.000
2013-04-26,3.76,3.78,3.71,3.73,13007525,52466456.000
2013-05-02,3.75,3.76,3.69,3.70,18684739,75140192.000
2013-05-03,3.73,3.89,3.73,3.85,43352273,178913136.000
2013-05-06,3.88,3.94,3.86,3.91,41209834,173223280.000
2013-05-07,3.90,3.97,3.89,3.94,32787883,138732144.000
2013-05-08,3.97,4.04,3.96,3.97,33890520,145686528.000
2013-05-09,3.97,3.98,3.91,3.92,22669038,96159544.000
2013-05-10,3.92,3.97,3.89,3.93,22143018,93493936.000
2013-05-13,3.94,4.12,3.89,4.09,60072446,261999168.000
2013-05-14,4.07,4.08,3.99,4.03,24420460,105579904.000
2013-05-15,4.03,4.09,4.00,4.08,24146314,105486512.000
2013-05-16,4.11,4.14,4.05,4.10,30449531,133795304.000
2013-05-17,4.12,4.20,4.08,4.18,50514942,224948496.000
2013-05-20,4.20,4.25,4.15,4.21,40625640,183061568.000
2013-05-21,4.20,4.21,4.16,4.19,24048795,107730408.000
2013-05-22,4.19,4.27,4.16,4.22,26309057,118996944.000
2013-05-23,4.22,4.26,4.06,4.15,34213441,153697024.000
2013-05-24,4.17,4.26,4.17,4.25,36510695,165596560.000
2013-05-27,4.25,4.27,4.20,4.24,24892538,113057296.000
2013-05-28,4.25,4.45,4.25,4.42,59174053,276039872.000
2013-05-29,4.45,4.51,4.39,4.41,37002236,175536000.000
2013-05-30,4.41,4.47,4.36,4.40,35747556,168407776.000
2013-05-31,4.42,4.46,4.35,4.37,30779334,144922896.000
2013-06-03,4.38,4.43,4.37,4.37,26174906,123057600.000
2013-06-04,4.36,4.37,4.11,4.16,64090552,289040512.000
2013-06-05,4.16,4.19,4.10,4.16,26309170,116654656.000
2013-06-06,4.16,4.19,4.14,4.16,21726242,96882704.000
2013-06-07,4.17,4.19,4.01,4.06,26636909,116641792.000
2013-06-13,3.99,3.99,3.77,3.80,44127085,182631456.000
2013-06-14,3.81,3.84,3.71,3.81,45040048,183390112.000
2013-06-17,3.82,4.09,3.78,3.98,43396074,184073616.000
2013-06-18,3.97,4.03,3.89,3.99,21340162,91149376.000
2013-06-19,3.99,4.00,3.89,3.99,17134966,72573368.000
2013-06-20,3.94,3.98,3.82,3.84,27112433,114142232.000
2013-06-21,3.78,3.90,3.73,3.88,26477872,109213856.000
2013-06-24,3.86,3.88,3.60,3.66,42837616,172694576.000
2013-06-25,3.60,3.70,3.32,3.67,46575718,180199648.000
2013-06-26,3.68,3.74,3.57,3.65,38878596,153216496.000
2013-06-27,3.65,3.74,3.55,3.59,39872353,157113904.000
2013-06-28,3.58,3.64,3.43,3.46,78689209,300416576.000
2013-07-01,3.48,3.52,3.43,3.50,34384053,129549896.000
2013-07-02,3.51,3.52,3.43,3.45,37349480,140725456.000
2013-07-03,3.45,3.46,3.40,3.43,18956610,70656328.000
2013-07-04,3.48,3.60,3.48,3.56,46103171,177232992.000
2013-07-05,3.56,3.58,3.51,3.52,18512959,70965152.000
2013-07-08,3.49,3.49,3.38,3.38,28082303,104267688.000
2013-07-09,3.40,3.42,3.36,3.39,20890868,77071600.000
2013-07-10,3.45,3.57,3.45,3.55,42430576,162449792.000
2013-07-11,3.60,3.80,3.58,3.72,72296680,290567616.000
2013-07-12,3.71,3.89,3.71,3.79,60600091,249670224.000
2013-07-15,3.79,3.91,3.76,3.90,51939269,214843232.000
2013-07-16,3.87,4.03,3.80,3.96,61621876,261133584.000
2013-07-17,3.95,4.07,3.91,3.92,46461950,199708784.000
2013-07-18,3.90,3.96,3.80,3.81,46135807,192493888.000
2013-07-19,3.85,3.88,3.73,3.74,42543509,174194288.000
2013-07-22,3.75,3.86,3.70,3.84,26790726,109325808.000
2013-07-23,3.84,4.25,3.84,4.17,95831341,426515776.000
2013-07-24,4.15,4.37,4.09,4.24,86447020,391926528.000
2013-07-25,4.40,4.48,4.27,4.32,78679989,359935168.000
2013-07-26,4.29,4.32,4.17,4.18,44527299,197016832.000
2013-07-29,4.16,4.16,4.08,4.10,35959409,155349920.000
2013-07-30,4.13,4.29,4.04,4.16,48856705,213532160.000
2013-07-31,4.14,4.25,4.09,4.13,34621903,150983280.000
2013-08-01,4.18,4.32,4.17,4.25,40587762,180513792.000
2013-08-02,4.28,4.31,4.18,4.19,40018350,178011472.000
2013-08-05,4.25,4.33,4.23,4.29,36646946,164390992.000
2013-08-06,4.34,4.34,4.22,4.27,32216388,143776848.000
2013-08-07,4.32,4.32,4.17,4.18,33725539,149926688.000
2013-08-08,4.25,4.30,4.15,4.20,24193939,106943936.000
2013-08-09,4.25,4.26,4.11,4.17,31139129,136240704.000
2013-08-12,4.18,4.30,4.14,4.29,57370164,253250800.000
2013-08-13,4.33,4.37,4.28,4.31,34431126,155238032.000
2013-08-14,4.32,4.33,4.19,4.22,42941646,191256448.000
2013-08-15,4.22,4.28,4.19,4.22,45972619,203817440.000
2013-08-16,4.20,4.66,4.14,4.16,97046766,433061152.000
2013-08-19,4.12,4.16,4.09,4.14,46195758,199923344.000
2013-08-20,4.21,4.30,4.17,4.20,69373002,307461856.000
2013-08-21,4.20,4.22,4.15,4.19,20838150,91402168.000
2013-08-22,4.20,4.20,4.10,4.13,36788668,159710720.000
2013-08-23,4.14,4.16,3.99,4.00,45023862,191148016.000
2013-08-26,4.03,4.07,3.97,4.07,29594825,125260672.000
2013-08-27,4.06,4.11,4.02,4.08,23154812,98682880.000
2013-08-28,4.03,4.08,3.99,4.04,28535828,120867104.000
2013-08-29,4.04,4.13,4.02,4.12,54687860,234155616.000
2013-08-30,4.09,4.18,4.08,4.16,50339829,218793200.000
2013-09-02,4.16,4.26,4.12,4.23,40825868,179249008.000
2013-09-03,4.22,4.26,4.20,4.25,52656974,233608032.000
2013-09-04,4.25,4.26,4.13,4.14,31945661,139683520.000
2013-09-05,4.14,4.14,4.05,4.05,28511547,121766840.000
2013-09-06,4.04,4.10,4.00,4.05,42891949,181833200.000
2013-09-09,4.16,4.19,4.06,4.12,71046499,306827456.000
2013-09-10,4.13,4.30,4.07,4.28,115199250,507162368.000
2013-09-11,4.31,4.47,4.29,4.34,124493863,569634560.000
2013-09-12,4.33,4.40,4.23,4.32,65692039,297173344.000
2013-09-13,4.36,4.42,4.24,4.31,49490898,223601808.000
2013-09-16,4.34,4.37,4.19,4.21,61958165,275852224.000
2013-09-17,4.25,4.27,4.15,4.19,46930284,206641792.000
2013-09-18,4.17,4.18,4.10,4.15,32165124,139383376.000
2013-09-23,4.16,4.19,4.13,4.17,41255754,179883312.000
2013-09-24,4.17,4.18,4.04,4.06,63473369,271834784.000
2013-09-25,4.06,4.07,4.00,4.01,42832968,181409792.000
2013-09-26,4.01,4.03,3.92,3.93,32431663,134942800.000
2013-09-27,3.92,3.93,3.85,3.89,35847251,146211808.000
2013-09-30,3.90,3.96,3.86,3.96,34024061,139691632.000
2013-10-08,3.95,4.02,3.92,4.01,23033031,96040256.000
2013-10-09,4.00,4.01,3.94,3.98,31554120,131494472.000
2013-10-10,3.97,4.00,3.90,3.93,26709004,110839296.000
2013-10-11,3.95,3.98,3.92,3.97,34447358,143022016.000
2013-10-14,4.17,4.39,4.15,4.39,170523494,770703360.000
2013-10-15,4.58,4.58,4.27,4.38,236999815,1101101696.000
2013-10-16,4.31,4.45,4.20,4.30,93309503,420261184.000
2013-10-17,4.31,4.34,4.20,4.21,43007630,192097408.000
2013-10-18,4.30,4.41,4.28,4.35,93869416,426921120.000
2013-10-21,4.48,4.56,4.40,4.50,135981577,638044352.000
2013-10-22,4.52,4.94,4.45,4.79,235630835,1164942592.000
2013-10-23,4.81,5.17,4.79,4.83,164879388,845847040.000
2013-10-24,4.83,5.09,4.73,4.99,151838472,784705216.000
2013-10-25,4.96,5.02,4.81,4.87,88779504,454017504.000
2013-10-28,4.91,5.12,4.91,5.04,93475198,488486624.000
2013-10-29,5.10,5.12,4.76,4.88,99537352,506997568.000
2013-10-30,4.89,5.39,4.82,5.32,189531106,1019004160.000
2013-10-31,5.23,5.33,5.19,5.23,79551815,434037088.000
2013-11-01,5.25,5.32,5.06,5.14,86894220,467294240.000
2013-11-04,5.19,5.43,5.10,5.35,96740893,528269952.000
2013-11-05,5.29,5.38,5.19,5.35,81817987,449789280.000
2013-11-06,5.29,5.40,5.21,5.23,54626924,299231456.000
2013-11-07,5.20,5.32,5.03,5.04,74506646,398746848.000
2013-11-08,5.06,5.10,4.86,4.93,76717752,395002496.000
2013-11-11,5.06,5.37,5.01,5.36,102789956,556210304.000
2013-11-12,5.35,5.44,5.24,5.35,76078499,421209248.000
2013-11-13,5.30,5.32,5.19,5.21,52831880,287706592.000
2013-11-14,5.24,5.25,5.09,5.22,51474669,276107840.000
2013-11-15,5.21,5.50,5.14,5.29,111433379,618367296.000
2013-11-18,5.33,5.46,5.19,5.38,118830164,653933312.000
2013-11-19,5.40,5.47,5.30,5.39,64376813,360211680.000
2013-11-20,5.42,5.46,5.32,5.41,57271227,320276448.000
2013-11-21,5.35,5.43,5.23,5.30,81936836,452193984.000
2013-11-22,5.30,5.33,4.99,5.03,129925219,691009856.000
2013-11-25,5.03,5.36,5.03,5.31,132320002,718347584.000
2013-11-26,5.36,5.40,5.27,5.32,65802315,363475776.000
2013-11-27,5.36,5.55,5.34,5.41,104774996,592210688.000
2013-11-28,5.44,5.57,5.41,5.50,96698897,552801728.000
2013-11-29,5.53,5.56,5.41,5.45,51730665,291935328.000
2013-12-02,5.38,5.48,5.26,5.30,70151014,389618464.000
2013-12-03,5.32,5.43,5.27,5.42,37358695,207771856.000
2013-12-04,5.44,5.60,5.39,5.51,74877482,429178496.000
2013-12-05,5.54,5.60,5.45,5.48,43393807,247921920.000
2013-12-06,5.49,5.50,5.34,5.41,44393547,248622112.000
2013-12-09,5.41,5.45,5.28,5.35,38866569,215395424.000
2013-12-10,5.34,5.35,5.19,5.24,67707963,368526080.000
2013-12-11,5.18,5.19,5.03,5.12,79346967,420086784.000
2013-12-12,5.10,5.29,5.03,5.22,70161637,375246720.000
2013-12-13,5.14,5.21,5.11,5.15,24710464,132280680.000
2013-12-16,5.12,5.15,4.95,4.96,46225778,240902880.000
2013-12-17,4.98,5.05,4.90,5.02,33341945,172552496.000
2013-12-18,5.02,5.03,4.94,4.96,21940342,113618968.000
2013-12-19,5.03,5.03,4.88,4.90,38983968,200408480.000
2013-12-20,4.88,4.92,4.65,4.71,78056529,386368160.000
2013-12-23,4.71,4.71,4.56,4.64,54590218,263024784.000
2013-12-24,4.64,4.75,4.61,4.70,47006928,230385472.000
2013-12-25,4.70,4.73,4.59,4.72,45960414,222343248.000
2013-12-26,4.71,4.71,4.52,4.54,58110117,278382688.000
2013-12-27,4.54,4.62,4.51,4.60,56165710,268211904.000
2013-12-30,4.63,4.71,4.63,4.67,38958659,189937824.000
2013-12-31,4.64,4.73,4.62,4.72,30629000,149449216.000
2014-01-02,4.71,4.79,4.65,4.69,37793997,185511072.000
2014-01-03,4.67,4.68,4.51,4.55,46899603,223678544.000
2014-01-06,4.50,4.51,4.31,4.33,50900676,232807136.000
2014-01-07,4.37,4.45,4.33,4.37,35739582,163883232.000
2014-01-08,4.37,4.45,4.30,4.36,42394600,194065408.000
2014-01-09,4.35,4.47,4.33,4.41,39765373,183876720.000
2014-01-10,4.41,4.45,4.27,4.30,38021194,172433360.000
2014-01-13,4.29,4.35,4.24,4.30,20745223,93257048.000
2014-01-14,4.30,4.38,4.22,4.36,27927720,126097616.000
2014-01-15,4.36,4.38,4.27,4.33,25235964,113831120.000
2014-01-16,4.32,4.34,4.24,4.27,35758414,160234080.000
2014-01-17,4.25,4.25,4.09,4.12,47489349,205721536.000
2014-01-20,4.12,4.17,4.07,4.09,21561386,93111488.000
2014-01-21,4.09,4.24,4.09,4.15,36103800,157960064.000
2014-01-22,4.16,4.35,4.16,4.34,86621700,387341024.000
2014-01-23,4.34,4.39,4.30,4.37,46357137,211039552.000
2014-01-24,4.35,4.41,4.32,4.36,36217657,165241296.000
2014-01-27,4.32,4.32,4.19,4.23,43576839,193189808.000
2014-01-28,4.23,4.26,4.17,4.23,35785186,157652272.000
2014-01-29,4.25,4.39,4.14,4.23,94446469,417483520.000
2014-01-30,4.17,4.25,4.07,4.10,66839512,290239136.000
2014-02-07,4.07,4.09,4.01,4.08,39879788,169252288.000
2014-02-10,4.11,4.38,4.10,4.31,92205031,409234496.000
2014-02-11,4.29,4.32,4.24,4.30,51112995,229186896.000
2014-02-12,4.31,4.35,4.28,4.31,42659327,192335104.000
2014-02-13,4.30,4.30,4.22,4.23,46234173,206119728.000
2014-02-14,4.23,4.37,4.21,4.37,85852385,387593312.000
2014-02-17,4.38,4.40,4.34,4.38,49332447,225376992.000
2014-02-18,4.36,4.37,4.27,4.29,38846817,174865456.000
2014-02-19,4.28,4.36,4.24,4.34,48644836,218963872.000
2014-02-20,4.35,4.52,4.33,4.39,115046829,531243232.000
2014-02-21,4.39,4.39,4.27,4.33,52399864,236783056.000
2014-02-24,4.28,4.28,4.12,4.17,46771032,204972096.000
2014-02-25,4.16,4.21,4.03,4.11,51538938,223650128.000
2014-02-26,4.04,4.12,4.00,4.06,36807842,156522048.000
2014-02-27,4.10,4.19,4.06,4.19,60529753,262178608.000
2014-02-28,4.15,4.20,4.06,4.15,36881218,159836608.000
2014-03-03,4.13,4.31,4.11,4.26,51072177,226064576.000
2014-03-04,4.22,4.24,4.15,4.19,32550528,142916560.000
2014-03-05,4.20,4.28,4.11,4.14,39345988,173056480.000
2014-03-06,4.11,4.16,4.04,4.13,44417075,191327168.000
2014-03-07,4.13,4.21,4.09,4.11,38174514,165927392.000
2014-03-10,4.05,4.08,3.98,4.03,51237002,216438752.000
2014-03-11,4.00,4.05,3.99,4.05,30563489,128733920.000
2014-03-12,4.03,4.04,3.97,4.02,30477272,128034936.000
2014-03-13,4.02,4.08,3.99,4.07,31426535,133510224.000
2014-03-14,4.05,4.05,3.99,4.00,22789787,95994120.000
2014-03-17,4.00,4.06,3.99,4.06,30308963,127842872.000
2014-03-18,4.14,4.18,4.09,4.10,68044617,294538784.000
2014-03-19,4.11,4.12,4.00,4.08,32966575,140626112.000
2014-03-20,4.10,4.26,4.07,4.17,98264604,431849120.000
2014-03-21,4.15,4.40,4.12,4.32,131936048,592545984.000
2014-03-24,4.33,4.56,4.33,4.49,132999191,622555072.000
2014-03-25,4.51,4.55,4.42,4.50,51443786,240596576.000
2014-03-26,4.50,4.52,4.39,4.42,42311495,195721616.000
2014-03-27,4.41,4.48,4.35,4.37,37008749,170480800.000
2014-03-28,4.35,4.46,4.35,4.40,37211199,171676784.000
2014-03-31,4.46,4.49,4.36,4.44,46128316,213703824.000
2014-04-01,4.42,4.58,4.42,4.55,74000793,349720320.000
2014-04-02,4.60,4.72,4.58,4.65,100298703,487504704.000
2014-04-03,4.80,4.88,4.58,4.61,107061672,527615520.000
2014-04-04,4.58,4.63,4.51,4.58,44858476,214153952.000
2014-04-08,4.56,4.70,4.55,4.68,45625465,220718352.000
2014-04-09,4.70,4.80,4.63,4.66,74300219,364862112.000
2014-04-10,4.66,4.78,4.60,4.70,91033076,445167168.000
2014-04-11,4.69,4.72,4.59,4.61,52870764,255200000.000
2014-04-14,4.58,4.63,4.53,4.56,34675312,165497184.000
2014-04-15,4.56,4.56,4.42,4.46,55722060,260725488.000
2014-04-16,4.46,4.53,4.44,4.49,40347641,189514928.000
2014-04-17,4.49,4.54,4.46,4.49,22695144,106583152.000
2014-04-18,4.45,4.45,4.33,4.37,88084939,402866912.000
2014-04-21,4.30,4.39,4.25,4.26,47213322,213238368.000
2014-04-22,4.26,4.28,4.18,4.26,39837967,176505696.000
2014-04-23,4.27,4.40,4.25,4.37,70471058,320753216.000
2014-04-24,4.36,4.39,4.31,4.34,20483593,93187360.000
2014-04-25,4.37,4.41,4.32,4.32,27773372,126611696.000
2014-04-28,4.31,4.34,4.24,4.25,29916387,134222336.000
2014-04-29,4.23,4.31,4.21,4.30,24777854,110532504.000
2014-04-30,4.31,4.33,4.27,4.29,31708636,142470240.000
2014-05-05,4.48,4.51,4.35,4.39,91784523,422515552.000
2014-05-06,4.41,4.47,4.39,4.45,47376011,219680832.000
2014-05-07,4.45,4.59,4.41,4.52,85195492,401888128.000
2014-05-08,4.52,4.60,4.47,4.48,60224557,285291552.000
2014-05-09,4.50,4.50,4.38,4.41,38829388,179705152.000
2014-05-12,4.47,4.52,4.42,4.50,55433444,259173744.000
2014-05-13,4.52,4.56,4.47,4.50,46751103,220683056.000
2014-05-14,4.51,4.52,4.43,4.46,20025839,93568304.000
2014-05-15,4.45,4.45,4.33,4.34,35842614,164592720.000
2014-05-16,4.33,4.36,4.32,4.35,20612746,93564952.000
2014-05-19,4.34,4.35,4.18,4.21,42871607,190120192.000
2014-05-20,4.25,4.28,4.21,4.23,26082568,115789128.000
2014-05-21,4.23,4.28,4.20,4.28,22415272,99682792.000
2014-05-22,4.27,4.32,4.21,4.23,39039807,173933104.000
2014-05-23,4.21,4.25,4.19,4.24,25854522,114225696.000
2014-05-26,4.25,4.27,4.23,4.26,20632778,91747952.000
2014-05-27,4.26,4.26,4.21,4.22,23951442,106108952.000
2014-05-28,4.21,4.25,4.20,4.24,22127221,97833328.000
2014-05-29,4.25,4.26,4.20,4.21,19440017,86099512.000
2014-05-30,4.21,4.22,4.16,4.17,27844188,121864512.000
2014-06-03,4.17,4.20,4.12,4.13,28114658,122451896.000
2014-06-04,4.13,4.15,4.09,4.15,21974884,94994056.000
2014-06-05,4.15,4.18,4.11,4.18,17612409,76544400.000
2014-06-06,4.17,4.19,4.11,4.14,17250941,75129776.000
2014-06-09,4.12,4.17,4.06,4.08,37260895,160579744.000
2014-06-10,4.11,4.16,4.06,4.16,36007125,155724816.000
2014-06-11,4.17,4.19,4.11,4.15,30813682,134013160.000
2014-06-12,4.14,4.18,4.12,4.18,30817706,134111968.000
2014-06-13,4.18,4.32,4.17,4.28,70639294,314311776.000
2014-06-16,4.29,4.33,4.28,4.31,42967391,193556496.000
2014-06-17,4.32,4.32,4.24,4.27,33707328,150518528.000
2014-06-18,4.26,4.27,4.21,4.22,24122729,106778656.000
2014-06-19,4.23,4.28,4.16,4.18,38554411,170597600.000
2014-06-20,4.17,4.25,4.15,4.24,25912632,113748336.000
2014-06-23,4.24,4.26,4.17,4.19,32990269,145304688.000
2014-06-24,4.19,4.23,4.16,4.20,18574223,81553880.000
2014-06-25,4.19,4.20,4.13,4.16,19685225,85788832.000
2014-06-26,4.16,4.19,4.16,4.18,19981032,87468496.000
2014-06-27,4.18,4.24,4.16,4.22,35547324,156678112.000
2014-06-30,4.23,4.41,4.21,4.34,67200294,303990528.000
2014-07-01,4.36,4.37,4.30,4.35,40199005,182562096.000
2014-07-02,4.35,4.40,4.32,4.39,56750124,259103264.000
2014-07-03,4.37,4.42,4.35,4.38,33149929,152109456.000
2014-07-04,4.40,4.49,4.40,4.46,50287969,233486016.000
2014-07-07,4.53,4.66,4.53,4.63,105024205,505382784.000
2014-07-08,4.66,4.67,4.56,4.62,60044733,289046112.000
2014-07-09,4.61,4.66,4.57,4.62,81047281,391118176.000
2014-07-10,4.65,4.65,4.54,4.58,57661266,264287344.000
2014-07-11,4.58,4.68,4.58,4.65,70270147,326454208.000
2014-07-14,4.70,4.77,4.64,4.77,93759618,441917664.000
2014-07-15,4.76,4.83,4.70,4.73,62439111,297819328.000
2014-07-16,4.72,4.76,4.57,4.60,82245069,381798208.000
2014-07-17,4.62,4.68,4.59,4.64,43214966,199954000.000
2014-07-18,4.62,4.68,4.60,4.65,44620410,207198160.000
2014-07-21,4.63,4.70,4.61,4.69,38960728,181176064.000
2014-07-22,4.68,4.73,4.66,4.72,56140334,263940448.000
2014-07-23,4.71,4.84,4.68,4.80,126018141,599255296.000
2014-07-24,4.77,4.88,4.75,4.81,110597010,533102176.000
2014-07-25,4.82,4.92,4.79,4.91,109157403,528799296.000
2014-07-28,4.93,5.02,4.90,5.01,121544863,603354048.000
2014-07-29,5.03,5.03,4.95,5.00,92013812,459643648.000
2014-07-30,4.98,4.99,4.86,4.87,81190024,399196192.000
2014-07-31,4.90,4.97,4.86,4.95,54786282,269185568.000
2014-08-01,4.94,4.97,4.88,4.89,48780502,240550672.000
2014-08-04,4.93,5.08,4.93,5.07,107970328,542341504.000
2014-08-05,5.07,5.08,5.01,5.05,52548547,265051552.000
2014-08-06,5.03,5.06,4.98,5.03,54510999,273213568.000
2014-08-07,5.03,5.04,4.93,4.95,64635183,321292896.000
2014-08-08,4.95,4.97,4.87,4.94,57719658,283996800.000
2014-08-11,4.92,5.05,4.91,5.02,51868607,259735040.000
2014-08-12,5.01,5.02,4.97,4.99,31432106,156787232.000
2014-08-13,4.98,5.00,4.90,4.95,49351108,244001408.000
2014-08-14,4.92,5.02,4.92,4.95,66155261,329647200.000
2014-08-15,4.95,5.15,4.93,5.09,91290842,462785056.000
2014-08-18,5.13,5.27,5.13,5.16,111396049,579067840.000
2014-08-19,5.16,5.18,5.13,5.14,44318432,228085040.000
2014-08-20,5.14,5.17,5.11,5.11,48746136,250474560.000
2014-08-21,5.10,5.15,5.00,5.06,53763213,271899616.000
2014-08-22,5.08,5.10,5.02,5.05,71447800,360820800.000
2014-08-25,5.12,5.16,5.05,5.06,58870651,300315936.000
2014-08-26,5.06,5.08,4.89,4.90,86648666,430241952.000
2014-08-27,4.90,4.94,4.89,4.91,49386945,242683376.000
2014-08-28,4.91,4.96,4.91,4.91,37297013,183797264.000
2014-08-29,4.91,5.01,4.91,5.00,41219592,204446080.000
2014-09-01,5.00,5.13,5.00,5.09,64509386,328516576.000
2014-09-02,5.12,5.13,5.06,5.11,74765692,380904832.000
2014-09-03,5.13,5.15,5.09,5.12,98173090,502992256.000
2014-09-05,5.29,5.38,5.18,5.25,145015006,762652032.000
2014-09-09,5.25,5.28,5.18,5.26,67128970,351662560.000
2014-09-10,5.27,5.33,5.22,5.29,72335375,382406592.000
2014-09-11,5.34,5.36,5.23,5.26,85105501,450972992.000
2014-09-12,5.23,5.30,5.23,5.29,47335946,249155440.000
2014-09-15,5.28,5.29,5.22,5.25,47658355,250264336.000
2014-09-16,5.25,5.35,5.19,5.20,118288591,622848256.000
2014-09-17,5.20,5.26,5.17,5.21,68472726,357550624.000
2014-09-18,5.20,5.23,5.17,5.20,45892071,238732624.000
2014-09-19,5.22,5.24,5.17,5.21,39389252,204989888.000
2014-09-22,5.20,5.21,5.03,5.07,64878576,331562528.000
2014-09-23,5.07,5.12,5.06,5.12,34255738,174693392.000
2014-09-24,5.10,5.24,5.09,5.23,79643470,412687040.000
2014-09-25,5.26,5.33,5.23,5.24,81492672,430370720.000
2014-09-26,5.24,5.29,5.20,5.26,41790984,219506352.000
2014-09-29,5.26,5.31,5.24,5.28,55001176,290069888.000
2014-09-30,5.28,5.31,5.26,5.27,49870093,263133936.000
2014-10-08,5.30,5.36,5.29,5.35,77434772,413202464.000
2014-10-09,5.35,5.38,5.31,5.35,63057151,337148000.000
2014-10-10,5.33,5.34,5.28,5.31,56615770,300390368.000
2014-10-13,5.31,5.34,5.25,5.32,63296175,335793344.000
2014-10-14,5.34,5.47,5.34,5.42,116382766,631476992.000
2014-10-15,5.44,5.48,5.39,5.43,67837038,368427008.000
2014-10-16,5.41,5.97,5.40,5.97,225508002,1308032384.000
2014-10-17,6.05,6.34,5.87,6.14,472093026,2873682432.000
2014-10-20,6.12,6.16,6.01,6.09,189100764,1148288896.000
2014-10-21,6.21,6.28,6.06,6.10,201804975,1244012672.000
2014-10-22,6.04,6.20,5.92,6.07,182529343,1106441216.000
2014-10-23,6.05,6.67,5.97,6.39,354562718,2247949312.000
2014-10-24,6.51,6.85,6.39,6.45,351629273,2319976192.000
2014-12-31,7.10,7.10,7.10,7.10,2149348,15260371.000
2015-01-05,7.81,7.81,7.81,7.81,1601764,12509777.000
2015-01-06,8.59,8.59,8.59,8.59,5017619,43101348.000
2015-01-07,9.45,9.45,9.45,9.45,4944952,46729796.000
2015-01-08,10.40,10.40,10.40,10.40,13724901,142738976.000
2015-01-09,11.44,11.44,11.29,11.44,433453523,4954183680.000
2015-01-12,11.49,11.84,10.80,10.83,690689927,7808429056.000
2015-01-13,10.71,11.19,10.50,10.96,333582669,3601301504.000
2015-01-14,11.17,11.27,10.83,10.88,199093751,2195305216.000
2015-01-15,10.73,11.97,10.63,11.97,427840416,4929293824.000
2015-01-16,12.05,13.17,11.91,13.17,567808284,7282767872.000
2015-01-19,12.20,13.10,11.85,12.39,533816694,6618020352.000
2015-01-20,12.65,13.63,12.65,13.63,528038831,7040018432.000
2015-01-21,14.25,14.99,13.81,14.09,635752048,9198379008.000
2015-01-22,14.00,14.64,13.65,14.26,365621264,5137507840.000
2015-01-23,14.23,14.36,13.83,13.88,229318823,3217578496.000
2015-01-26,14.07,14.90,14.07,14.28,291098636,4213478400.000
2015-01-27,14.65,14.78,14.09,14.49,263888543,3786982912.000
2015-01-28,14.45,14.45,13.90,13.98,175129939,2478909184.000
2015-01-29,13.96,14.43,13.84,13.99,195072913,2768417280.000
2015-01-30,13.97,13.97,12.72,12.89,304039948,4014035200.000
2015-02-02,12.20,12.47,11.60,11.60,286635196,3435129856.000
2015-02-03,11.60,12.15,11.60,12.01,217909758,2594326784.000
2015-02-04,12.03,12.67,11.98,12.33,246794167,3031925760.000
2015-02-05,12.59,12.59,11.71,11.76,173235383,2099511936.000
2015-02-06,11.75,11.99,11.21,11.44,183503511,2125226624.000
2015-02-09,11.38,11.82,11.16,11.68,152104232,1758035968.000
2015-02-10,11.65,12.15,11.56,12.05,160828403,1910233472.000
2015-02-11,12.15,12.17,11.83,11.96,103563173,1238452352.000
2015-02-12,12.07,13.16,12.00,12.89,305145098,3905442304.000
2015-02-13,12.77,13.02,12.62,12.89,194188243,2487094528.000
2015-02-16,12.87,12.99,12.71,12.90,127751629,1643872640.000
2015-02-17,13.02,13.59,13.02,13.24,135961601,1809795456.000
2015-02-25,13.41,13.43,12.70,12.89,166065896,2158054144.000
2015-02-26,12.73,13.37,12.01,12.98,247419003,3138176000.000
2015-02-27,12.78,13.09,12.65,12.84,134014002,1723536512.000
2015-03-02,12.88,12.97,12.61,12.79,127188369,1620509824.000
2015-03-03,12.66,12.70,12.26,12.27,180062602,2234659840.000
2015-03-04,12.20,12.88,12.18,12.49,132202043,1662382848.000
2015-03-05,12.40,13.74,12.19,13.35,268942913,3511504896.000
2015-03-06,13.50,14.50,13.39,14.42,449125703,6312437760.000
2015-03-10,14.77,15.28,13.80,13.84,351548546,5081967104.000
2015-03-11,14.07,14.19,13.57,13.72,169860029,2342313216.000
2015-03-12,13.75,13.94,13.30,13.74,177449774,2408701440.000
2015-03-13,13.85,14.08,13.62,13.86,135568920,1880876288.000
2015-03-16,13.86,13.93,13.61,13.87,156308240,2155565312.000
2015-03-17,13.92,14.16,13.82,13.92,182286274,2545340928.000
2015-03-18,14.01,15.31,13.94,15.31,421461546,6192979456.000
2015-03-19,15.76,16.49,15.01,15.89,453007164,7191641088.000
2015-03-20,15.85,16.19,15.58,15.96,293653290,4659530240.000
2015-03-23,16.13,16.78,16.01,16.41,251000635,4109467648.000
2015-03-24,16.40,16.41,15.65,16.09,253582974,4065762048.000
2015-03-25,16.00,17.63,15.48,17.07,302999803,4965976064.000
2015-03-26,17.07,18.78,17.00,18.78,425476327,7694569472.000
2015-03-27,19.09,19.16,18.20,18.41,248511177,4622901248.000
2015-04-07,20.19,20.25,19.78,20.25,64685455,1307380352.000
2015-04-08,22.28,22.28,22.28,22.28,28916605,644261952.000
2015-04-09,24.51,24.51,22.45,24.36,480208982,11463822336.000
2015-04-10,24.34,24.34,23.13,23.87,226620083,5407442432.000
数据来源:通达信
