601818 光大银行 日线 前复权
      日期	    开盘	    最高	    最低	    收盘	    成交量	    成交额
2011-03-02,3.41,3.49,3.39,3.46,175982658,687456256.000
2011-03-03,3.45,3.62,3.43,3.52,352840640,1411748480.000
2011-03-04,3.51,3.54,3.47,3.53,160411695,636154368.000
2011-03-07,3.56,3.59,3.51,3.55,206286987,826484416.000
2011-03-08,3.54,3.58,3.49,3.51,132894196,529619296.000
2011-03-09,3.52,3.56,3.50,3.51,129987922,518235680.000
2011-03-10,3.50,3.51,3.39,3.41,178689034,694972032.000
2011-03-11,3.39,3.42,3.39,3.40,85619567,330706240.000
2011-03-15,3.40,3.40,3.31,3.36,136523745,519117888.000
2011-03-16,3.35,3.38,3.34,3.38,66560447,254069392.000
2011-03-17,3.35,3.36,3.32,3.33,68100521,258673136.000
2011-03-18,3.35,3.39,3.34,3.38,57181084,218090688.000
2011-03-21,3.36,3.38,3.34,3.35,55900877,213134800.000
2011-03-22,3.36,3.39,3.32,3.38,84736453,324123840.000
2011-03-23,3.36,3.40,3.35,3.39,97224224,372934784.000
2011-03-24,3.38,3.39,3.35,3.36,57070779,218374960.000
2011-03-25,3.37,3.42,3.36,3.40,123321936,476621888.000
2011-03-28,3.42,3.49,3.41,3.42,124117867,484545888.000
2011-03-29,3.40,3.54,3.38,3.47,249488780,980713344.000
2011-03-30,3.46,3.48,3.42,3.44,114787923,448634112.000
2011-03-31,3.44,3.45,3.36,3.37,80379615,309663712.000
2011-04-01,3.38,3.48,3.37,3.46,107779610,420388256.000
2011-04-06,3.44,3.56,3.43,3.53,201237006,800829952.000
2011-04-07,3.54,3.59,3.53,3.54,168605955,675773248.000
2011-04-08,3.54,3.54,3.49,3.53,102519977,407204512.000
2011-04-11,3.52,3.58,3.49,3.51,143031602,570421824.000
2011-04-12,3.51,3.54,3.46,3.51,151157664,598594560.000
2011-04-13,3.49,3.56,3.46,3.56,218004305,865086784.000
2011-04-14,3.56,3.64,3.55,3.56,277309516,1125746944.000
2011-04-18,3.58,3.60,3.50,3.55,189141631,758734208.000
2011-04-19,3.51,3.52,3.46,3.47,113657089,447656896.000
2011-04-20,3.48,3.49,3.44,3.46,89088332,349707776.000
2011-04-21,3.47,3.53,3.45,3.48,92703495,365581888.000
2011-04-22,3.47,3.48,3.44,3.45,77651890,304002944.000
2011-04-25,3.44,3.45,3.38,3.39,103321623,399176000.000
2011-04-26,3.38,3.41,3.37,3.39,63579981,244713280.000
2011-04-27,3.40,3.43,3.37,3.39,64356326,248470320.000
2011-04-28,3.41,3.48,3.39,3.41,134779117,524508864.000
2011-04-29,3.40,3.41,3.29,3.36,129945807,492612128.000
2011-05-03,3.36,3.37,3.32,3.36,61402152,233411072.000
2011-05-04,3.34,3.34,3.29,3.30,80853857,305196288.000
2011-05-05,3.29,3.35,3.27,3.33,63301765,238836784.000
2011-05-06,3.30,3.33,3.29,3.31,37688167,142049696.000
2011-05-09,3.31,3.33,3.30,3.33,37422703,141270000.000
2011-05-10,3.33,3.34,3.30,3.34,35326138,133681112.000
2011-05-11,3.32,3.33,3.30,3.31,40460548,152771760.000
2011-05-12,3.30,3.31,3.27,3.28,46146226,173268864.000
2011-05-13,3.27,3.31,3.27,3.31,44724788,167562896.000
2011-05-16,3.30,3.31,3.28,3.28,28093892,105349088.000
2011-05-17,3.28,3.32,3.26,3.30,43594767,163701904.000
2011-05-18,3.28,3.33,3.28,3.32,40557969,152975024.000
2011-05-19,3.32,3.33,3.29,3.29,28866857,108770176.000
2011-05-20,3.30,3.37,3.29,3.34,70759532,268758496.000
2011-05-23,3.32,3.33,3.20,3.22,104493751,388597248.000
2011-05-24,3.21,3.23,3.17,3.18,53607555,195860592.000
2011-05-25,3.19,3.19,3.10,3.11,55283182,199156336.000
2011-05-26,3.13,3.15,3.08,3.09,48938136,174894672.000
2011-05-27,3.10,3.12,3.03,3.04,70527466,249150000.000
2011-05-31,3.06,3.09,3.03,3.08,50906790,179053360.000
2011-06-01,3.08,3.09,3.05,3.07,32297276,113897624.000
2011-06-02,3.04,3.05,2.92,2.94,107726234,368818624.000
2011-06-03,2.94,2.99,2.93,2.98,49519258,169633408.000
2011-06-07,2.97,3.00,2.95,2.99,31593500,108475448.000
2011-06-08,2.98,2.99,2.94,2.98,63324870,216259744.000
2011-06-09,2.96,2.97,2.92,2.93,34991605,119106728.000
2011-06-10,2.94,2.97,2.93,2.97,35556520,121158592.000
2011-06-13,2.96,2.98,2.93,2.97,33695697,114955912.000
2011-06-14,2.96,3.02,2.95,3.00,52499828,181618864.000
2011-06-15,2.99,3.00,2.97,2.99,27137290,93452272.000
2011-06-16,3.01,3.02,2.96,2.96,32051166,107020312.000
2011-06-17,2.96,2.98,2.95,2.96,21967343,73012200.000
2011-06-20,2.95,2.96,2.88,2.93,36196071,118932248.000
2011-06-21,2.93,2.94,2.88,2.94,41480447,135814912.000
2011-06-22,2.93,2.96,2.89,2.94,42322776,139122736.000
2011-06-23,2.92,2.97,2.90,2.97,53426858,176262352.000
2011-06-24,2.95,3.08,2.94,3.04,107662577,364419840.000
2011-06-27,3.04,3.05,3.01,3.04,53234337,180526496.000
2011-06-28,3.04,3.04,3.00,3.02,32576024,109977024.000
2011-06-29,3.02,3.03,2.96,2.97,40502445,135670560.000
2011-06-30,2.97,3.01,2.95,2.99,69178028,230957504.000
2011-07-01,2.99,3.01,2.95,2.97,73598285,245577056.000
2011-07-04,2.98,3.04,2.97,3.03,85374514,287833376.000
2011-07-05,3.03,3.03,3.00,3.02,44581810,150417984.000
2011-07-06,3.00,3.01,2.96,2.98,59847791,199703520.000
2011-07-07,3.01,3.03,2.97,2.98,70115120,235089904.000
2011-07-08,2.98,3.06,2.97,3.02,121617380,411593312.000
2011-07-11,3.01,3.02,2.97,3.01,44016167,147752496.000
2011-07-12,2.99,2.99,2.95,2.96,52913877,176348208.000
2011-07-13,2.96,3.00,2.96,3.00,46021052,153912832.000
2011-07-14,2.99,3.00,2.97,2.99,45322964,151524304.000
2011-07-15,2.98,3.01,2.97,3.01,65027892,217938320.000
2011-07-18,3.00,3.01,2.98,2.99,44662287,149816912.000
2011-07-19,2.98,2.99,2.96,2.97,52743776,175596768.000
2011-07-20,2.98,2.99,2.94,2.96,41640758,138145968.000
2011-07-21,2.96,2.97,2.91,2.92,44179307,145319232.000
2011-07-22,2.93,2.94,2.91,2.92,40058205,131662032.000
2011-07-25,2.91,2.92,2.82,2.84,68799732,222169424.000
2011-07-26,2.83,2.84,2.80,2.82,41033556,130457936.000
2011-07-27,2.82,2.83,2.79,2.83,38685080,122688536.000
2011-07-28,2.80,2.81,2.77,2.78,43551971,136954800.000
2011-07-29,2.78,2.99,2.77,2.90,121484737,394943392.000
2011-08-01,2.85,2.90,2.83,2.85,58834676,189194496.000
2011-08-02,2.84,2.87,2.78,2.85,56471877,179487248.000
2011-08-03,2.82,2.87,2.80,2.83,31887707,101983032.000
2011-08-04,2.84,2.86,2.82,2.83,20796448,66397060.000
2011-08-05,2.76,2.79,2.74,2.77,55486063,173654672.000
2011-08-08,2.74,2.82,2.67,2.70,100157207,310136640.000
2011-08-09,2.66,2.75,2.62,2.72,89812183,274081056.000
2011-08-10,2.76,2.78,2.71,2.72,56663466,175802592.000
2011-08-11,2.67,2.77,2.66,2.75,59204823,182980736.000
2011-08-12,2.76,2.78,2.73,2.76,55566383,173110336.000
2011-08-15,2.75,2.83,2.72,2.81,91933589,288537472.000
2011-08-16,2.79,2.82,2.74,2.77,84229602,263908496.000
2011-08-17,2.75,2.76,2.72,2.74,54439704,168517184.000
2011-08-18,2.74,2.74,2.69,2.70,48373340,148648592.000
2011-08-19,2.66,2.68,2.65,2.68,48921656,148086528.000
2011-08-22,2.67,2.70,2.66,2.67,25578783,77690944.000
2011-08-23,2.68,2.72,2.67,2.72,37986202,116134456.000
2011-08-24,2.72,2.75,2.69,2.70,43202880,133137088.000
2011-08-25,2.70,2.83,2.70,2.82,171269606,539271936.000
2011-08-26,2.80,2.82,2.77,2.80,57530071,181373632.000
2011-08-29,2.80,2.80,2.71,2.72,71091362,219971232.000
2011-08-30,2.74,2.78,2.71,2.71,43869157,136075808.000
2011-08-31,2.72,2.74,2.70,2.72,23272339,71614704.000
2011-09-01,2.72,2.76,2.71,2.73,31412940,97154440.000
2011-09-02,2.72,2.73,2.68,2.69,39222963,119943808.000
2011-09-05,2.67,2.70,2.66,2.67,32777110,99374464.000
2011-09-06,2.66,2.69,2.65,2.67,29582977,89647064.000
2011-09-07,2.68,2.72,2.66,2.71,40084937,122465040.000
2011-09-08,2.72,2.72,2.69,2.69,24326446,74376600.000
2011-09-09,2.69,2.73,2.69,2.71,27458066,84205576.000
2011-09-13,2.68,2.69,2.66,2.68,26472574,80293944.000
2011-09-14,2.69,2.69,2.64,2.68,40168945,121517040.000
2011-09-15,2.68,2.70,2.66,2.68,39280782,119543248.000
2011-09-16,2.70,2.72,2.69,2.71,55537358,170137600.000
2011-09-19,2.69,2.70,2.66,2.66,21466010,65084072.000
2011-09-21,2.68,2.74,2.66,2.73,64515590,198419312.000
2011-09-22,2.70,2.72,2.64,2.66,50509214,153340864.000
2011-09-23,2.64,2.67,2.62,2.66,40786164,122513664.000
2011-09-26,2.65,2.67,2.62,2.63,26093853,78226256.000
2011-09-27,2.64,2.66,2.62,2.64,29185423,87427080.000
2011-09-28,2.65,2.66,2.60,2.61,24884336,74288880.000
2011-09-29,2.60,2.61,2.57,2.58,33980875,100155808.000
2011-09-30,2.58,2.61,2.57,2.59,26875689,79183264.000
2011-10-10,2.59,2.60,2.54,2.56,24773239,72537760.000
2011-10-11,2.64,2.67,2.57,2.60,42012352,124865248.000
2011-10-12,2.59,2.69,2.56,2.68,80598157,243064048.000
2011-10-13,2.66,2.67,2.64,2.67,47559125,143475984.000
2011-10-14,2.65,2.67,2.62,2.65,28643026,85955200.000
2011-10-17,2.65,2.68,2.63,2.65,26074891,78572528.000
2011-10-18,2.63,2.64,2.59,2.60,32287846,95978160.000
2011-10-19,2.61,2.64,2.59,2.60,23271647,69094256.000
2011-10-20,2.59,2.60,2.55,2.56,30333427,88741336.000
2011-10-21,2.57,2.58,2.53,2.54,51596635,150414144.000
2011-10-24,2.55,2.61,2.52,2.59,87508272,256427872.000
2011-10-25,2.58,2.62,2.57,2.61,77494591,229260976.000
2011-10-26,2.59,2.65,2.58,2.62,69465795,207172640.000
2011-10-27,2.62,2.65,2.61,2.64,49905079,149471744.000
2011-10-28,2.67,2.69,2.65,2.67,72656767,220406976.000
2011-10-31,2.67,2.68,2.64,2.65,47041280,141726416.000
2011-11-01,2.63,2.69,2.62,2.65,59344376,179254240.000
2011-11-02,2.62,2.68,2.60,2.67,62317673,186751152.000
2011-11-03,2.68,2.69,2.66,2.68,83131273,252502064.000
2011-11-04,2.69,2.70,2.67,2.70,63845621,194542880.000
2011-11-07,2.69,2.69,2.65,2.66,36123577,109462968.000
2011-11-08,2.66,2.68,2.64,2.65,32938127,99468896.000
2011-11-09,2.66,2.68,2.64,2.67,34573871,104483344.000
2011-11-10,2.65,2.66,2.62,2.62,44371170,132974128.000
2011-11-11,2.63,2.64,2.61,2.62,26145897,77987336.000
2011-11-14,2.63,2.66,2.63,2.66,38289023,115180016.000
2011-11-15,2.64,2.66,2.62,2.64,26796168,80345920.000
2011-11-16,2.64,2.64,2.57,2.58,51466846,152233104.000
2011-11-17,2.58,2.59,2.56,2.57,24010288,70453072.000
2011-11-18,2.56,2.57,2.53,2.54,37832068,110094600.000
2011-11-21,2.54,2.55,2.52,2.55,31977110,92557672.000
2011-11-22,2.54,2.55,2.52,2.54,23139280,67069496.000
2011-11-23,2.55,2.55,2.51,2.52,31882545,91946432.000
2011-11-24,2.51,2.53,2.49,2.51,28224674,80936272.000
2011-11-25,2.51,2.52,2.49,2.50,27365073,78279136.000
2011-11-28,2.51,2.51,2.49,2.50,17857154,51088592.000
2011-11-29,2.52,2.54,2.51,2.53,31480075,90760944.000
2011-11-30,2.53,2.53,2.44,2.46,42615377,120681408.000
2011-12-01,2.53,2.56,2.50,2.50,86311796,249391088.000
2011-12-02,2.49,2.50,2.45,2.48,37936185,107355832.000
2011-12-05,2.48,2.49,2.45,2.47,30959553,87654800.000
2011-12-06,2.46,2.47,2.44,2.46,26941956,75818760.000
2011-12-07,2.46,2.48,2.45,2.46,18373520,51906968.000
2011-12-08,2.46,2.48,2.44,2.47,33904944,95721304.000
2011-12-09,2.46,2.47,2.45,2.45,20065792,56505456.000
2011-12-12,2.45,2.47,2.45,2.46,18048761,50850544.000
2011-12-13,2.45,2.46,2.40,2.41,44341580,123990728.000
2011-12-14,2.41,2.42,2.37,2.39,24182437,66618088.000
2011-12-15,2.38,2.39,2.34,2.36,37739387,102678272.000
2011-12-16,2.35,2.41,2.34,2.39,38310581,104589232.000
2011-12-19,2.38,2.40,2.35,2.40,40063442,109558416.000
2011-12-21,2.42,2.44,2.39,2.40,58956630,163888528.000
2011-12-22,2.38,2.44,2.38,2.41,42340405,116991232.000
2011-12-23,2.41,2.46,2.41,2.44,36175187,101134720.000
2011-12-26,2.42,2.47,2.42,2.44,32094177,90096880.000
2011-12-27,2.43,2.48,2.43,2.44,39417722,110975360.000
2011-12-28,2.43,2.46,2.38,2.45,50125001,139391008.000
2011-12-29,2.43,2.48,2.42,2.46,36269807,102163384.000
2011-12-30,2.46,2.52,2.45,2.52,64712917,184181072.000
2012-01-04,2.52,2.59,2.50,2.53,86858697,252173552.000
2012-01-05,2.51,2.61,2.51,2.56,72819316,213520208.000
2012-01-06,2.55,2.58,2.52,2.54,48712133,141704000.000
2012-01-09,2.53,2.59,2.52,2.58,44848777,131132192.000
2012-01-10,2.57,2.62,2.54,2.61,74354322,218680864.000
2012-01-11,2.60,2.61,2.58,2.58,39294348,116203904.000
2012-01-12,2.58,2.63,2.57,2.59,35424712,104939600.000
2012-01-13,2.60,2.61,2.55,2.58,41244337,121236792.000
2012-01-16,2.56,2.59,2.54,2.55,27092437,79070960.000
2012-01-17,2.55,2.63,2.52,2.62,63525095,186668368.000
2012-01-18,2.61,2.62,2.56,2.57,36581824,108183784.000
2012-01-19,2.58,2.62,2.57,2.62,41482810,122988784.000
2012-01-20,2.63,2.68,2.62,2.68,68201565,205584224.000
2012-01-30,2.68,2.68,2.63,2.64,41919986,126115672.000
2012-01-31,2.63,2.65,2.62,2.64,19197830,57513484.000
2012-02-01,2.63,2.64,2.58,2.59,34487800,102405096.000
2012-02-02,2.59,2.66,2.59,2.65,45023506,134189312.000
2012-02-03,2.64,2.68,2.61,2.66,55528734,167044384.000
2012-02-06,2.65,2.68,2.64,2.66,47492374,143456448.000
2012-02-07,2.65,2.66,2.60,2.62,27307555,81514264.000
2012-02-08,2.62,2.69,2.61,2.68,47354007,142804288.000
2012-02-09,2.67,2.68,2.65,2.67,36233201,109580504.000
2012-02-10,2.65,2.69,2.65,2.65,44360343,134377792.000
2012-02-13,2.64,2.68,2.63,2.64,30554651,91940600.000
2012-02-14,2.64,2.64,2.61,2.62,20851936,62245792.000
2012-02-15,2.62,2.64,2.61,2.63,32591831,97374208.000
2012-02-16,2.63,2.64,2.60,2.61,39634163,117982152.000
2012-02-17,2.62,2.64,2.61,2.62,23401113,69827328.000
2012-02-20,2.65,2.67,2.62,2.63,40490100,121714240.000
2012-02-21,2.64,2.65,2.61,2.64,24805219,74242464.000
2012-02-22,2.64,2.66,2.62,2.65,57322903,171676256.000
2012-02-23,2.65,2.66,2.63,2.66,62892949,189169344.000
2012-02-24,2.66,2.70,2.64,2.69,82090776,248619344.000
2012-02-27,2.70,2.75,2.68,2.70,114463825,351967872.000
2012-02-28,2.71,2.78,2.70,2.74,118006126,366549856.000
2012-02-29,2.74,2.74,2.70,2.72,45564234,140389216.000
2012-03-01,2.71,2.74,2.70,2.71,41983413,129479592.000
2012-03-02,2.71,2.75,2.71,2.74,59405078,183339088.000
2012-03-05,2.74,2.76,2.70,2.70,54844365,169532480.000
2012-03-06,2.71,2.71,2.67,2.67,42164825,128337336.000
2012-03-07,2.64,2.67,2.64,2.65,32669095,98422152.000
2012-03-08,2.65,2.68,2.65,2.66,28138832,85042384.000
2012-03-09,2.67,2.67,2.63,2.65,63884867,191884480.000
2012-03-12,2.64,2.65,2.62,2.63,34720855,103882064.000
2012-03-13,2.63,2.66,2.62,2.66,38265889,115062912.000
2012-03-14,2.67,2.69,2.61,2.61,96834862,291902592.000
2012-03-15,2.61,2.63,2.60,2.60,50211019,149533568.000
2012-03-16,2.60,2.62,2.59,2.61,31227501,92570216.000
2012-03-19,2.60,2.61,2.57,2.59,40798330,120347552.000
2012-03-20,2.59,2.60,2.55,2.56,40774671,119295480.000
2012-03-21,2.57,2.58,2.55,2.56,28404202,83126408.000
2012-03-22,2.56,2.61,2.55,2.58,30229873,88687288.000
2012-03-23,2.57,2.58,2.55,2.57,25940702,75895168.000
2012-03-26,2.57,2.58,2.56,2.58,12371575,36239804.000
2012-03-27,2.58,2.59,2.56,2.57,15287275,44784140.000
2012-03-28,2.56,2.57,2.51,2.52,31969300,92790624.000
2012-03-29,2.51,2.51,2.45,2.46,31898665,90762264.000
2012-03-30,2.47,2.50,2.46,2.49,25585157,72633416.000
2012-04-05,2.48,2.51,2.45,2.49,53098306,150624192.000
2012-04-06,2.49,2.50,2.47,2.49,29449538,83700464.000
2012-04-09,2.48,2.48,2.44,2.44,28756319,81084784.000
2012-04-10,2.45,2.48,2.44,2.48,22262717,62741568.000
2012-04-11,2.46,2.49,2.45,2.47,20522087,58014680.000
2012-04-12,2.47,2.53,2.46,2.52,49916697,142864368.000
2012-04-13,2.53,2.53,2.50,2.51,40578797,116484672.000
2012-04-16,2.50,2.51,2.49,2.50,24332397,69593752.000
2012-04-17,2.50,2.52,2.49,2.51,22842409,65465160.000
2012-04-18,2.51,2.57,2.50,2.56,45700947,132805456.000
2012-04-19,2.56,2.57,2.54,2.55,23333245,67887384.000
2012-04-20,2.55,2.60,2.54,2.59,43965814,129152160.000
2012-04-23,2.59,2.60,2.57,2.59,42499963,125222840.000
2012-04-24,2.58,2.71,2.57,2.65,137569200,414733408.000
2012-04-25,2.64,2.65,2.62,2.64,60803190,182050288.000
2012-04-26,2.64,2.65,2.61,2.62,35472199,105908160.000
2012-04-27,2.65,2.68,2.64,2.67,61862826,186812368.000
2012-05-02,2.71,2.73,2.68,2.71,120241459,369274976.000
2012-05-03,2.72,2.72,2.69,2.70,45048297,137909568.000
2012-05-04,2.70,2.72,2.69,2.71,79887048,244841552.000
2012-05-07,2.70,2.71,2.68,2.71,50176142,153299824.000
2012-05-08,2.70,2.73,2.69,2.72,99759155,306327296.000
2012-05-09,2.71,2.71,2.67,2.68,53460626,162933152.000
2012-05-10,2.67,2.70,2.67,2.69,41116025,125280336.000
2012-05-11,2.68,2.70,2.66,2.66,38323026,116666952.000
2012-05-14,2.69,2.69,2.65,2.65,39360747,119240536.000
2012-05-16,2.65,2.65,2.58,2.59,50475240,150052144.000
2012-05-17,2.59,2.63,2.58,2.61,31929979,94683192.000
2012-05-18,2.60,2.61,2.58,2.59,31552857,93163680.000
2012-05-21,2.59,2.60,2.57,2.59,23754270,70082832.000
2012-05-22,2.60,2.62,2.59,2.61,34220681,101324496.000
2012-05-23,2.61,2.62,2.58,2.60,34918910,103335040.000
2012-05-24,2.59,2.62,2.58,2.60,27207881,80650384.000
2012-05-25,2.61,2.63,2.60,2.62,29233452,86987120.000
2012-05-28,2.62,2.66,2.61,2.66,47787219,143042128.000
2012-05-29,2.66,2.71,2.64,2.70,58856276,178819632.000
2012-05-30,2.70,2.71,2.67,2.68,39102769,119005864.000
2012-05-31,2.68,2.68,2.65,2.65,27780432,80361528.000
2012-06-01,2.66,2.67,2.63,2.64,25201642,72721544.000
2012-06-04,2.63,2.63,2.59,2.59,30332415,86040928.000
2012-06-05,2.59,2.61,2.59,2.60,23590979,66797840.000
2012-06-06,2.60,2.62,2.60,2.61,16501384,46826840.000
2012-06-07,2.63,2.64,2.59,2.60,21134039,60201120.000
2012-06-08,2.61,2.61,2.56,2.57,35058005,98353440.000
2012-06-11,2.58,2.60,2.57,2.59,17444698,49044156.000
2012-06-12,2.58,2.59,2.53,2.56,24902327,69352224.000
2012-06-13,2.56,2.59,2.55,2.58,20226815,56595552.000
2012-06-14,2.58,2.58,2.53,2.53,28025283,77956704.000
2012-06-15,2.55,2.61,2.54,2.61,43729088,122918360.000
2012-06-18,2.61,2.61,2.59,2.60,21937323,62041584.000
2012-06-19,2.59,2.63,2.58,2.60,23138551,65497440.000
2012-06-20,2.61,2.63,2.60,2.61,22784429,64896652.000
2012-06-21,2.61,2.62,2.59,2.59,21342508,60426800.000
2012-06-25,2.58,2.62,2.58,2.58,28521359,80893592.000
2012-06-26,2.59,2.61,2.57,2.59,20924448,59088820.000
2012-06-27,2.58,2.59,2.56,2.58,18919342,53084088.000
2012-06-28,2.58,2.60,2.56,2.58,26269328,73802752.000
2012-06-29,2.59,2.62,2.57,2.61,26699477,75683408.000
2012-07-02,2.61,2.62,2.59,2.61,27338941,77518272.000
2012-07-03,2.61,2.64,2.59,2.60,29690927,84582624.000
2012-07-04,2.61,2.64,2.59,2.62,37807202,107780856.000
2012-07-05,2.60,2.62,2.58,2.60,31399643,88678600.000
2012-07-06,2.57,2.59,2.55,2.57,32314888,90291704.000
2012-07-09,2.57,2.58,2.52,2.53,30490552,84684056.000
2012-07-10,2.53,2.55,2.52,2.54,18779541,52074552.000
2012-07-11,2.53,2.55,2.53,2.53,15958882,44203184.000
2012-07-12,2.53,2.55,2.49,2.51,45433310,124425584.000
2012-07-13,2.51,2.53,2.50,2.52,17376338,47710432.000
2012-07-16,2.53,2.53,2.50,2.51,26902665,73918048.000
2012-07-17,2.51,2.53,2.50,2.52,22515932,61844172.000
2012-07-18,2.52,2.53,2.50,2.52,17622423,48400520.000
2012-07-19,2.52,2.54,2.51,2.53,27974648,77181688.000
2012-07-20,2.53,2.54,2.51,2.52,17639140,48470396.000
2012-07-23,2.51,2.52,2.47,2.49,20592511,56030248.000
2012-07-24,2.48,2.50,2.47,2.47,19185261,51984692.000
2012-07-25,2.48,2.49,2.47,2.47,10822226,29338854.000
2012-07-26,2.47,2.49,2.47,2.48,14289259,38735808.000
2012-07-27,2.49,2.52,2.48,2.51,33470561,91586232.000
2012-07-30,2.52,2.55,2.51,2.52,28301985,78066936.000
2012-07-31,2.53,2.55,2.52,2.55,36241821,100283152.000
2012-08-01,2.55,2.55,2.52,2.53,22847462,63242844.000
2012-08-02,2.53,2.54,2.52,2.53,15961728,44081992.000
2012-08-03,2.53,2.54,2.52,2.53,19668989,54349304.000
2012-08-06,2.53,2.55,2.52,2.53,22870058,63242472.000
2012-08-07,2.53,2.55,2.52,2.54,21800304,60167720.000
2012-08-08,2.54,2.56,2.53,2.55,26301715,73152056.000
2012-08-09,2.55,2.56,2.52,2.55,17479930,48398820.000
2012-08-10,2.56,2.58,2.55,2.56,26510069,74010848.000
2012-08-13,2.56,2.58,2.54,2.55,29762995,83140200.000
2012-08-14,2.56,2.57,2.54,2.56,21527265,60109496.000
2012-08-15,2.56,2.57,2.53,2.53,11073015,30717010.000
2012-08-16,2.53,2.54,2.52,2.52,10008863,27638460.000
2012-08-17,2.53,2.55,2.52,2.54,18212646,50368540.000
2012-08-20,2.53,2.54,2.51,2.52,13805199,37985428.000
2012-08-21,2.53,2.55,2.52,2.52,26876900,74218320.000
2012-08-22,2.53,2.54,2.51,2.53,16994731,46814708.000
2012-08-23,2.53,2.54,2.52,2.52,23844699,65822004.000
2012-08-24,2.52,2.53,2.51,2.51,20914072,57558112.000
2012-08-27,2.52,2.54,2.51,2.52,29719894,81881952.000
2012-08-28,2.52,2.55,2.51,2.54,25908371,71590896.000
2012-08-29,2.53,2.55,2.52,2.54,29022200,80333776.000
2012-08-30,2.54,2.57,2.53,2.57,34383234,95817840.000
2012-08-31,2.57,2.57,2.54,2.54,22227254,61968144.000
2012-09-03,2.54,2.56,2.51,2.52,31456128,86907872.000
2012-09-04,2.52,2.53,2.47,2.49,34848627,94917496.000
2012-09-05,2.48,2.49,2.46,2.48,19915946,53841640.000
2012-09-06,2.48,2.49,2.45,2.48,28935342,78088752.000
2012-09-07,2.49,2.57,2.47,2.55,73184763,201974320.000
2012-09-10,2.54,2.55,2.52,2.53,29374605,81010016.000
2012-09-11,2.52,2.53,2.49,2.52,19614106,53670364.000
2012-09-12,2.52,2.53,2.49,2.52,22240869,60963388.000
2012-09-13,2.51,2.52,2.50,2.50,20376047,55825968.000
2012-09-14,2.51,2.53,2.50,2.50,34257085,94059768.000
2012-09-17,2.51,2.51,2.48,2.48,24658692,67299488.000
2012-09-18,2.48,2.49,2.46,2.46,20865282,56352460.000
2012-09-19,2.47,2.47,2.45,2.46,21393194,57524884.000
2012-09-20,2.45,2.46,2.40,2.43,29702826,79054168.000
2012-09-21,2.42,2.43,2.40,2.40,27512857,72676672.000
2012-09-24,2.39,2.40,2.37,2.39,24170951,63130736.000
2012-09-25,2.39,2.39,2.36,2.37,16053887,41835016.000
2012-09-26,2.36,2.38,2.36,2.37,15380715,39944728.000
2012-09-27,2.37,2.46,2.36,2.42,35862223,94803792.000
2012-09-28,2.40,2.45,2.39,2.43,36585868,96781384.000
2012-10-08,2.43,2.44,2.38,2.40,22023927,58197176.000
2012-10-09,2.41,2.47,2.40,2.45,45284566,121199568.000
2012-10-10,2.45,2.47,2.44,2.45,20576868,55221056.000
2012-10-11,2.45,2.46,2.43,2.45,23891692,64009948.000
2012-10-12,2.46,2.48,2.45,2.46,23641540,63737392.000
2012-10-15,2.47,2.47,2.44,2.45,14341038,38435312.000
2012-10-16,2.45,2.47,2.44,2.46,22209897,59662760.000
2012-10-17,2.46,2.48,2.44,2.47,25578782,68835296.000
2012-10-18,2.48,2.50,2.46,2.49,29966315,81369936.000
2012-10-19,2.48,2.50,2.47,2.49,17456663,47407840.000
2012-10-22,2.48,2.51,2.47,2.50,25079895,68180304.000
2012-10-23,2.50,2.51,2.48,2.48,18949528,51603796.000
2012-10-24,2.48,2.50,2.47,2.49,15421299,41958992.000
2012-10-25,2.49,2.52,2.49,2.49,34450749,94237056.000
2012-10-26,2.50,2.50,2.44,2.45,19574154,52826236.000
2012-10-29,2.46,2.46,2.43,2.44,16514636,44178080.000
2012-10-30,2.44,2.46,2.42,2.44,27562594,73705272.000
2012-10-31,2.44,2.45,2.43,2.44,14535927,38834572.000
2012-11-01,2.43,2.49,2.43,2.49,42544828,114485720.000
2012-11-02,2.48,2.50,2.46,2.50,37008196,100423856.000
2012-11-05,2.49,2.49,2.40,2.42,350803089,930542144.000
2012-11-06,2.41,2.42,2.38,2.40,102588557,269051840.000
2012-11-07,2.40,2.40,2.38,2.40,62582480,164133184.000
2012-11-08,2.39,2.39,2.36,2.36,73025193,190169408.000
2012-11-09,2.37,2.38,2.36,2.37,102574018,266733328.000
2012-11-12,2.37,2.38,2.36,2.38,102740922,267210352.000
2012-11-13,2.37,2.38,2.34,2.36,72679066,187904016.000
2012-11-14,2.35,2.37,2.35,2.37,29158643,75485008.000
2012-11-15,2.36,2.36,2.33,2.34,40333236,104013968.000
2012-11-16,2.33,2.35,2.32,2.33,33599851,86141272.000
2012-11-19,2.34,2.35,2.33,2.34,20177405,51771980.000
2012-11-20,2.35,2.35,2.33,2.34,17802574,45751852.000
2012-11-21,2.34,2.37,2.33,2.36,41203651,106267400.000
2012-11-22,2.35,2.36,2.34,2.35,23999894,61898800.000
2012-11-23,2.35,2.38,2.35,2.37,60797284,157906624.000
2012-11-26,2.36,2.37,2.35,2.36,23225093,60076260.000
2012-11-27,2.35,2.37,2.34,2.36,40227827,104107968.000
2012-11-28,2.35,2.36,2.34,2.36,37409286,96554120.000
2012-11-29,2.36,2.36,2.34,2.35,37828647,97724016.000
2012-11-30,2.35,2.36,2.34,2.35,39070207,100810400.000
2012-12-03,2.34,2.35,2.33,2.33,36609021,93985632.000
2012-12-04,2.33,2.35,2.32,2.34,35221729,90444304.000
2012-12-05,2.34,2.42,2.33,2.41,205408834,538432320.000
2012-12-06,2.40,2.42,2.38,2.39,134186563,352692928.000
2012-12-07,2.39,2.46,2.38,2.46,247136011,658073856.000
2012-12-10,2.48,2.50,2.45,2.48,163236239,441270048.000
2012-12-11,2.47,2.52,2.46,2.49,176294822,480285056.000
2012-12-12,2.49,2.54,2.48,2.51,117789607,322244608.000
2012-12-13,2.50,2.51,2.46,2.48,72528978,196736384.000
2012-12-14,2.48,2.69,2.47,2.66,361412130,1023586368.000
2012-12-17,2.68,2.71,2.64,2.66,263421336,765488512.000
2012-12-18,2.66,2.74,2.65,2.69,244458740,717194368.000
2012-12-19,2.68,2.72,2.67,2.69,125773160,367395168.000
2012-12-20,2.68,2.68,2.60,2.67,149654250,429531008.000
2012-12-21,2.66,2.67,2.60,2.61,107006796,305825952.000
2012-12-24,2.61,2.69,2.61,2.65,94395969,271955648.000
2012-12-25,2.64,2.78,2.63,2.75,212737744,629984128.000
2012-12-26,2.77,2.77,2.72,2.75,99326143,295988960.000
2012-12-27,2.75,2.77,2.70,2.71,104202977,308563072.000
2012-12-28,2.72,2.76,2.70,2.75,119171410,353206592.000
2012-12-31,2.75,2.84,2.75,2.82,161137942,488659392.000
2013-01-04,2.88,2.92,2.80,2.84,174675064,538085056.000
2013-01-07,2.84,2.87,2.80,2.83,182882588,560371008.000
2013-01-08,2.84,2.85,2.76,2.78,160635434,485541376.000
2013-01-09,2.80,2.84,2.78,2.80,165150123,500838080.000
2013-01-10,2.80,2.83,2.78,2.80,98934841,299797248.000
2013-01-11,2.80,2.81,2.70,2.72,146333267,436267712.000
2013-01-14,2.71,2.85,2.70,2.84,289794258,878239488.000
2013-01-15,2.83,2.85,2.81,2.82,175098152,534960992.000
2013-01-16,2.81,2.83,2.73,2.78,133610435,403048128.000
2013-01-17,2.77,2.78,2.74,2.76,94598119,282778240.000
2013-01-18,2.77,2.83,2.75,2.81,120598800,364576928.000
2013-01-21,2.82,2.85,2.79,2.84,212430695,649335424.000
2013-01-22,2.84,3.13,2.81,2.99,598719717,1908728192.000
2013-01-23,2.95,3.10,2.94,3.09,458705560,1497550336.000
2013-01-24,3.10,3.27,3.06,3.11,482651491,1635008896.000
2013-01-25,3.13,3.14,3.09,3.12,161331868,540325120.000
2013-01-28,3.13,3.25,3.13,3.25,296710428,1019224832.000
2013-01-29,3.25,3.29,3.19,3.26,331812338,1154067968.000
2013-01-30,3.26,3.28,3.19,3.23,295539744,1019738944.000
2013-01-31,3.23,3.26,3.18,3.25,224152701,775716480.000
2013-02-01,3.24,3.36,3.22,3.35,336824558,1189613184.000
2013-02-04,3.40,3.48,3.37,3.44,420870310,1541194240.000
2013-02-05,3.39,3.44,3.35,3.42,237196934,860554112.000
2013-02-06,3.40,3.57,3.39,3.54,277116538,1029417536.000
2013-02-07,3.53,3.54,3.30,3.42,296417451,1083891200.000
2013-02-08,3.40,3.42,3.31,3.35,174233127,628036352.000
2013-02-18,3.39,3.41,3.29,3.30,172166280,615969024.000
2013-02-19,3.30,3.31,3.19,3.24,213914773,743022592.000
2013-02-20,3.25,3.25,3.14,3.21,209712797,716212160.000
2013-02-21,3.17,3.17,3.03,3.05,245397214,814094272.000
2013-02-22,3.04,3.10,3.02,3.05,149020257,491221088.000
2013-02-25,3.07,3.13,3.05,3.08,141303758,468463488.000
2013-02-26,3.05,3.18,3.03,3.06,210261512,704816704.000
2013-02-27,3.08,3.14,3.04,3.10,158389231,524879616.000
2013-02-28,3.13,3.21,3.08,3.20,185227559,626488128.000
2013-03-01,3.20,3.23,3.12,3.18,135622138,461972320.000
2013-03-04,3.11,3.13,2.96,2.99,178184534,584487040.000
2013-03-05,2.98,3.15,2.98,3.14,196999453,649912640.000
2013-03-06,3.20,3.20,3.14,3.17,163785654,556936960.000
2013-03-07,3.13,3.15,3.02,3.06,147683771,490125312.000
2013-03-08,3.06,3.09,3.03,3.06,70375528,231382448.000
2013-03-11,3.05,3.06,2.98,3.02,67002423,217651504.000
2013-03-12,3.01,3.06,2.95,2.99,109250928,352558912.000
2013-03-13,2.97,2.98,2.92,2.94,88490667,281036064.000
2013-03-14,2.94,2.99,2.92,2.95,74982431,239134176.000
2013-03-15,2.95,3.06,2.92,3.00,130625322,421542752.000
2013-03-18,2.98,3.01,2.93,2.94,77610906,247885232.000
2013-03-19,2.94,2.98,2.92,2.97,69781455,221732912.000
2013-03-20,2.96,3.17,2.96,3.17,285423060,951085440.000
2013-03-21,3.17,3.19,3.12,3.14,207821837,704166848.000
2013-03-22,3.13,3.18,3.12,3.15,110941817,375264672.000
2013-03-25,3.16,3.18,3.11,3.12,119815270,403390720.000
2013-03-26,3.10,3.11,3.02,3.06,117180197,384228256.000
2013-03-27,3.07,3.12,3.03,3.05,99553456,328205824.000
2013-03-28,2.97,2.97,2.78,2.90,234490523,729989760.000
2013-03-29,2.89,3.01,2.87,2.99,210295657,670195968.000
2013-04-01,2.95,2.99,2.93,2.95,59216404,188353008.000
2013-04-02,2.91,2.95,2.88,2.90,87418613,273958848.000
2013-04-03,2.91,2.94,2.89,2.90,50349328,158224352.000
2013-04-08,2.87,2.88,2.83,2.88,64683431,199161920.000
2013-04-09,2.88,2.92,2.87,2.87,54727404,170582416.000
2013-04-10,2.87,2.88,2.81,2.84,51831691,159010560.000
2013-04-11,2.85,2.87,2.82,2.83,44894232,137616112.000
2013-04-12,2.82,2.84,2.78,2.79,47834467,145480928.000
2013-04-15,2.79,2.81,2.78,2.81,57192153,173033776.000
2013-04-16,2.79,2.82,2.77,2.81,55392251,167496592.000
2013-04-17,2.81,2.81,2.75,2.78,43279065,130161848.000
2013-04-18,2.77,2.79,2.74,2.79,50432163,151009248.000
2013-04-19,2.79,2.91,2.78,2.88,114990614,354732288.000
2013-04-22,2.86,2.90,2.85,2.88,76657275,237958208.000
2013-04-23,2.89,2.90,2.76,2.77,105966731,320558880.000
2013-04-24,2.77,2.83,2.75,2.81,109282454,330119072.000
2013-04-25,2.79,2.81,2.75,2.77,63822094,191863824.000
2013-04-26,2.77,2.79,2.75,2.77,55031877,165066320.000
2013-05-02,2.79,2.82,2.77,2.82,81480338,246695088.000
2013-05-03,2.82,2.92,2.82,2.88,106612130,331812768.000
2013-05-06,2.88,2.95,2.88,2.93,96662538,304584416.000
2013-05-07,2.92,2.94,2.89,2.91,50102309,157351440.000
2013-05-08,2.92,2.97,2.90,2.91,68753119,217102496.000
2013-05-09,2.91,2.93,2.86,2.88,60852399,189793728.000
2013-05-10,2.87,2.92,2.85,2.91,69060724,215555280.000
2013-05-13,2.89,2.91,2.86,2.89,54636834,170082112.000
2013-05-14,2.87,2.89,2.83,2.87,47980011,148053888.000
2013-05-15,2.87,2.88,2.85,2.88,33890192,104956456.000
2013-05-16,2.86,2.93,2.84,2.92,90269388,281807552.000
2013-05-17,2.91,2.96,2.90,2.95,91393442,288843936.000
2013-05-20,2.97,3.00,2.94,2.97,155756039,498856608.000
2013-05-21,2.96,2.97,2.92,2.95,79159439,251016592.000
2013-05-22,2.95,2.95,2.93,2.95,61628479,195417616.000
2013-05-23,2.94,2.95,2.89,2.89,73416203,230840688.000
2013-05-24,2.89,2.93,2.89,2.92,63328507,198936928.000
2013-05-27,2.91,2.92,2.89,2.90,45830222,143521472.000
2013-05-28,2.90,2.95,2.88,2.95,107162669,337413280.000
2013-05-29,2.95,2.97,2.92,2.93,90234117,286475744.000
2013-05-30,2.92,2.95,2.91,2.92,59698674,188586144.000
2013-05-31,2.93,2.95,2.90,2.90,52177864,164570704.000
2013-06-03,2.90,2.92,2.89,2.92,55782706,174892560.000
2013-06-04,2.91,2.92,2.88,2.89,52976920,165527312.000
2013-06-05,2.89,2.90,2.86,2.87,42028153,130560656.000
2013-06-06,2.88,2.89,2.83,2.83,45158456,136526064.000
2013-06-07,2.84,2.86,2.80,2.81,63204083,189145888.000
2013-06-13,2.79,2.79,2.69,2.73,101821368,294751808.000
2013-06-14,2.74,2.76,2.72,2.76,88579063,257478064.000
2013-06-17,2.83,2.86,2.81,2.82,97215618,291341376.000
2013-06-18,2.83,2.85,2.80,2.83,61099935,182856512.000
2013-06-19,2.81,2.81,2.74,2.78,59827764,176072576.000
2013-06-20,2.76,2.79,2.70,2.72,89512401,259757520.000
2013-06-21,2.69,2.79,2.67,2.74,96746857,282193376.000
2013-06-24,2.73,2.73,2.55,2.57,146715380,408686976.000
2013-06-25,2.55,2.60,2.36,2.59,199944425,533217280.000
2013-06-26,2.59,2.60,2.51,2.55,120964407,328262912.000
2013-06-27,2.55,2.60,2.55,2.59,108217166,296879680.000
2013-06-28,2.59,2.73,2.56,2.72,143136182,403638624.000
2013-07-01,2.67,2.75,2.66,2.74,92480217,266796240.000
2013-07-02,2.74,2.74,2.69,2.70,65350377,188114848.000
2013-07-03,2.69,2.69,2.60,2.62,54509685,153048704.000
2013-07-04,2.60,2.68,2.59,2.64,56065285,157015568.000
2013-07-05,2.65,2.67,2.62,2.62,34185030,96304840.000
2013-07-08,2.60,2.64,2.55,2.61,55858805,154604720.000
2013-07-09,2.59,2.64,2.59,2.61,41952412,117147480.000
2013-07-10,2.61,2.67,2.60,2.66,44401139,124623720.000
2013-07-11,2.67,2.86,2.66,2.80,204235041,600820736.000
2013-07-12,2.78,2.80,2.70,2.71,99559635,291804416.000
2013-07-15,2.73,2.81,2.71,2.73,65714573,191849088.000
2013-07-16,2.71,2.75,2.70,2.74,42030875,121596104.000
2013-07-17,2.74,2.75,2.68,2.68,49986436,144189584.000
2013-07-18,2.68,2.69,2.60,2.62,70042369,196554528.000
2013-07-19,2.63,2.63,2.56,2.56,59383427,164318000.000
2013-07-22,2.54,2.56,2.51,2.54,76252611,206284016.000
2013-07-23,2.55,2.62,2.53,2.58,85551048,235247904.000
2013-07-24,2.56,2.57,2.50,2.53,80565413,217358784.000
2013-07-25,2.54,2.55,2.52,2.53,43483569,117605336.000
2013-07-26,2.52,2.54,2.51,2.51,35599055,95693112.000
2013-07-29,2.50,2.50,2.45,2.45,57773629,152346016.000
2013-07-30,2.47,2.52,2.46,2.48,49386062,131463448.000
2013-07-31,2.50,2.52,2.48,2.49,31857729,84972216.000
2013-08-01,2.50,2.55,2.49,2.54,70225527,189454928.000
2013-08-02,2.55,2.58,2.53,2.54,45880311,124848408.000
2013-08-05,2.54,2.57,2.52,2.56,36459795,98951224.000
2013-08-06,2.56,2.57,2.54,2.55,47646013,129859520.000
2013-08-07,2.55,2.58,2.52,2.53,55868734,151990272.000
2013-08-08,2.53,2.56,2.51,2.52,37633519,101681696.000
2013-08-09,2.54,2.55,2.50,2.53,37701251,101657144.000
2013-08-12,2.52,2.62,2.52,2.62,99931255,274689952.000
2013-08-13,2.61,2.64,2.59,2.62,61807444,172003472.000
2013-08-14,2.62,2.66,2.59,2.61,66238117,185334064.000
2013-08-15,2.60,2.63,2.57,2.58,50473989,139930480.000
2013-08-16,2.58,2.86,2.56,2.59,208902179,591279744.000
2013-08-19,2.56,2.62,2.54,2.59,113438487,311170176.000
2013-08-20,2.58,2.63,2.57,2.58,86114012,237793504.000
2013-08-21,2.59,2.59,2.53,2.56,92283612,251143168.000
2013-08-22,2.55,2.58,2.54,2.54,58212631,158576128.000
2013-08-23,2.55,2.56,2.46,2.51,81227259,218049104.000
2013-08-26,2.51,2.56,2.49,2.55,75168111,203150704.000
2013-08-27,2.55,2.57,2.53,2.55,66622792,181034416.000
2013-08-28,2.54,2.55,2.52,2.53,64521579,174470128.000
2013-08-29,2.55,2.56,2.52,2.53,56800033,153820496.000
2013-08-30,2.53,2.55,2.52,2.54,81113117,219310960.000
2013-09-02,2.54,2.56,2.52,2.54,74023146,200456288.000
2013-09-03,2.54,2.60,2.53,2.58,133867874,366558272.000
2013-09-04,2.57,2.59,2.55,2.58,85842965,235192768.000
2013-09-05,2.57,2.58,2.54,2.55,52237581,142481184.000
2013-09-06,2.55,2.58,2.54,2.57,98046339,267912400.000
2013-09-09,2.58,2.83,2.58,2.79,441947070,1274918144.000
2013-09-10,2.78,2.78,2.70,2.75,243924264,707713984.000
2013-09-11,2.75,2.78,2.73,2.74,159695116,467240704.000
2013-09-12,2.73,2.89,2.72,2.84,328758706,980863488.000
2013-09-13,2.81,2.86,2.80,2.81,163823811,490266368.000
2013-09-16,2.83,2.84,2.75,2.79,189018061,560377408.000
2013-09-17,2.79,2.81,2.71,2.71,119387637,349926560.000
2013-09-18,2.73,2.79,2.69,2.76,113481333,328474112.000
2013-09-23,2.75,2.79,2.75,2.78,92445966,272467616.000
2013-09-24,2.78,2.78,2.69,2.72,97148543,280500960.000
2013-09-25,2.72,2.74,2.70,2.70,63213624,182476464.000
2013-09-26,2.69,2.70,2.62,2.64,72792440,205206896.000
2013-09-27,2.63,2.65,2.62,2.65,40791268,114523864.000
2013-09-30,2.66,2.68,2.65,2.68,54427376,154529840.000
2013-10-08,2.66,2.70,2.65,2.69,53726466,152768528.000
2013-10-09,2.68,2.72,2.67,2.70,53997824,154641984.000
2013-10-10,2.70,2.70,2.65,2.66,52086990,147920096.000
2013-10-11,2.68,2.71,2.67,2.70,62364993,178712672.000
2013-10-14,2.70,2.71,2.66,2.68,50544192,144323520.000
2013-10-15,2.68,2.69,2.66,2.66,47463987,134686304.000
2013-10-16,2.66,2.66,2.63,2.64,52135410,146930400.000
2013-10-17,2.66,2.67,2.63,2.64,48900498,137990096.000
2013-10-18,2.64,2.69,2.62,2.66,68903412,194947088.000
2013-10-21,2.66,2.69,2.65,2.69,65610527,186334176.000
2013-10-22,2.68,2.69,2.65,2.66,42899809,121538336.000
2013-10-23,2.66,2.72,2.65,2.66,96561573,275414400.000
2013-10-24,2.65,2.67,2.63,2.64,59101291,166538704.000
2013-10-25,2.64,2.68,2.63,2.64,81439376,229957248.000
2013-10-28,2.65,2.66,2.63,2.66,46639757,131315800.000
2013-10-29,2.65,2.74,2.64,2.70,175036318,500649376.000
2013-10-30,2.69,2.72,2.67,2.71,96124689,275594400.000
2013-10-31,2.71,2.71,2.67,2.68,71121942,202702224.000
2013-11-01,2.68,2.72,2.68,2.71,66547790,190869072.000
2013-11-04,2.72,2.73,2.69,2.71,71998033,207436656.000
2013-11-05,2.69,2.71,2.67,2.71,63219570,180877440.000
2013-11-06,2.69,2.70,2.67,2.67,50858670,145291360.000
2013-11-07,2.68,2.69,2.66,2.68,47902619,136128288.000
2013-11-08,2.68,2.69,2.66,2.67,32760132,93129352.000
2013-11-11,2.66,2.69,2.65,2.67,45453670,129037328.000
2013-11-12,2.68,2.69,2.67,2.69,47332165,134966448.000
2013-11-13,2.67,2.68,2.62,2.64,66596432,187599696.000
2013-11-14,2.64,2.65,2.62,2.62,48252474,135070528.000
2013-11-15,2.63,2.68,2.62,2.65,63341051,179028320.000
2013-11-18,2.66,2.72,2.65,2.71,152738619,435789408.000
2013-11-19,2.71,2.71,2.68,2.69,101198862,289250688.000
2013-11-20,2.70,2.71,2.68,2.70,60111949,171882304.000
2013-11-21,2.68,2.69,2.66,2.68,79512130,226260784.000
2013-11-22,2.69,2.70,2.66,2.67,66271450,188996000.000
2013-11-25,2.67,2.68,2.66,2.66,56699199,161179360.000
2013-11-26,2.66,2.67,2.65,2.66,40477093,114440680.000
2013-11-27,2.66,2.68,2.65,2.67,65094575,184633632.000
2013-11-28,2.67,2.71,2.66,2.68,114144695,326084256.000
2013-11-29,2.69,2.69,2.67,2.68,53396229,152243712.000
2013-12-02,2.68,2.73,2.67,2.69,216185986,619629312.000
2013-12-03,2.69,2.70,2.67,2.69,100248431,286135904.000
2013-12-04,2.68,2.73,2.68,2.71,175393214,505115552.000
2013-12-05,2.72,2.73,2.69,2.71,107811353,310119584.000
2013-12-06,2.71,2.72,2.70,2.71,65048826,187205184.000
2013-12-09,2.71,2.72,2.69,2.70,54972824,158152416.000
2013-12-10,2.71,2.72,2.70,2.72,73849449,212696624.000
2013-12-11,2.71,2.72,2.67,2.67,73261602,209386864.000
2013-12-12,2.67,2.68,2.66,2.66,48831063,138670064.000
2013-12-13,2.65,2.67,2.64,2.65,62849513,177404576.000
2013-12-16,2.66,2.67,2.63,2.64,59927401,168982576.000
2013-12-17,2.65,2.65,2.62,2.63,47142379,132318112.000
2013-12-18,2.63,2.65,2.62,2.63,39334858,110226488.000
2013-12-19,2.64,2.65,2.60,2.61,50920692,142298576.000
2013-12-20,2.61,2.62,2.46,2.50,95292041,259596720.000
2013-12-23,2.52,2.54,2.50,2.52,45773379,123181184.000
2013-12-24,2.53,2.54,2.49,2.50,54993494,147606096.000
2013-12-25,2.51,2.51,2.48,2.49,47302874,125887752.000
2013-12-26,2.49,2.50,2.43,2.44,67690037,177786304.000
2013-12-27,2.44,2.49,2.43,2.47,58394939,153951104.000
2013-12-30,2.48,2.49,2.45,2.46,55553926,146379856.000
2013-12-31,2.45,2.52,2.45,2.49,59592933,158389712.000
2014-01-02,2.48,2.49,2.46,2.47,42926052,113359584.000
2014-01-03,2.46,2.47,2.43,2.44,59661591,155746896.000
2014-01-06,2.44,2.45,2.37,2.40,96237286,246791088.000
2014-01-07,2.39,2.41,2.38,2.40,50939399,130391240.000
2014-01-08,2.40,2.42,2.38,2.40,61620024,158356064.000
2014-01-09,2.39,2.41,2.37,2.38,60436003,154835248.000
2014-01-10,2.37,2.39,2.36,2.36,65307600,166243008.000
2014-01-13,2.38,2.39,2.36,2.38,52948420,134849280.000
2014-01-14,2.38,2.40,2.37,2.39,41915446,107045120.000
2014-01-15,2.39,2.39,2.36,2.37,38984091,98999776.000
2014-01-16,2.37,2.38,2.36,2.36,45603254,115695936.000
2014-01-17,2.36,2.37,2.32,2.33,71655701,179374336.000
2014-01-20,2.33,2.33,2.29,2.30,49656951,123267808.000
2014-01-21,2.31,2.33,2.30,2.32,40832247,101579536.000
2014-01-22,2.31,2.36,2.31,2.34,131314166,329236832.000
2014-01-23,2.34,2.35,2.31,2.31,72164458,179768192.000
2014-01-24,2.31,2.33,2.29,2.32,83847232,208263904.000
2014-01-27,2.31,2.32,2.29,2.30,71931965,177795344.000
2014-01-28,2.31,2.34,2.30,2.33,66163859,165125632.000
2014-01-29,2.34,2.36,2.32,2.35,83474087,209446864.000
2014-01-30,2.34,2.35,2.31,2.32,49018686,122253824.000
2014-02-07,2.31,2.32,2.30,2.31,41694437,103281264.000
2014-02-10,2.32,2.35,2.31,2.34,73820548,185093696.000
2014-02-11,2.34,2.42,2.33,2.41,182221797,467220384.000
2014-02-12,2.40,2.43,2.38,2.39,173063116,444195808.000
2014-02-13,2.38,2.47,2.35,2.41,405869583,1045317952.000
2014-02-14,2.40,2.41,2.37,2.39,190714444,486867360.000
2014-02-17,2.40,2.40,2.36,2.38,143873464,366206784.000
2014-02-18,2.38,2.38,2.33,2.33,137408104,346081696.000
2014-02-19,2.33,2.42,2.33,2.40,285692023,726371840.000
2014-02-20,2.40,2.43,2.36,2.37,213081234,546945600.000
2014-02-21,2.37,2.37,2.33,2.35,107491447,270993696.000
2014-02-24,2.33,2.34,2.29,2.31,118942030,294877024.000
2014-02-25,2.31,2.32,2.26,2.26,141937975,349729440.000
2014-02-26,2.26,2.28,2.24,2.26,138293603,335551936.000
2014-02-27,2.26,2.32,2.25,2.29,174791223,427982368.000
2014-02-28,2.28,2.29,2.25,2.28,103273493,252070432.000
2014-03-03,2.28,2.29,2.26,2.27,95561380,233250288.000
2014-03-04,2.26,2.28,2.24,2.27,94836523,230224512.000
2014-03-05,2.27,2.27,2.25,2.26,71260071,173052128.000
2014-03-06,2.25,2.29,2.21,2.25,261784196,632690240.000
2014-03-07,2.25,2.27,2.24,2.25,171197563,414683904.000
2014-03-10,2.24,2.24,2.19,2.20,146112362,348178208.000
2014-03-11,2.20,2.21,2.18,2.19,91873713,216898096.000
2014-03-12,2.18,2.22,2.17,2.20,122051609,288207552.000
2014-03-13,2.21,2.28,2.20,2.23,206366135,496023936.000
2014-03-14,2.21,2.22,2.18,2.21,125530862,297202912.000
2014-03-17,2.21,2.21,2.19,2.21,76315958,180935328.000
2014-03-18,2.21,2.22,2.19,2.20,60005195,142317232.000
2014-03-19,2.19,2.20,2.17,2.19,65897879,155210240.000
2014-03-20,2.19,2.21,2.17,2.17,81729480,193080128.000
2014-03-21,2.17,2.26,2.16,2.25,222523495,532744544.000
2014-03-24,2.26,2.34,2.24,2.30,298661730,733997312.000
2014-03-25,2.29,2.30,2.26,2.27,126404300,310061856.000
2014-03-26,2.28,2.29,2.27,2.28,64013193,156783712.000
2014-03-27,2.28,2.33,2.26,2.28,116702875,287181568.000
2014-03-28,2.29,2.33,2.28,2.31,149707698,371119776.000
2014-03-31,2.31,2.33,2.29,2.31,107795572,266918816.000
2014-04-01,2.31,2.32,2.29,2.31,75617675,187307408.000
2014-04-02,2.31,2.36,2.31,2.34,117267476,293089504.000
2014-04-03,2.35,2.35,2.29,2.29,130660729,324645824.000
2014-04-04,2.29,2.32,2.28,2.32,53723944,132778592.000
2014-04-08,2.31,2.40,2.31,2.38,237621719,600734400.000
2014-04-09,2.37,2.39,2.36,2.38,122276465,311751200.000
2014-04-10,2.38,2.43,2.37,2.40,141896433,363873984.000
2014-04-11,2.40,2.43,2.39,2.42,120092270,310088352.000
2014-04-14,2.41,2.42,2.39,2.41,84139355,216511216.000
2014-04-15,2.40,2.40,2.34,2.36,87496775,221882208.000
2014-04-16,2.35,2.38,2.34,2.36,50215920,127071656.000
2014-04-17,2.37,2.37,2.34,2.34,42746047,107784240.000
2014-04-18,2.34,2.35,2.32,2.34,57778825,144620448.000
2014-04-21,2.33,2.35,2.30,2.30,51663118,129161536.000
2014-04-22,2.30,2.32,2.28,2.31,76413012,188789936.000
2014-04-23,2.30,2.32,2.29,2.30,66328048,163963216.000
2014-04-24,2.30,2.32,2.28,2.30,64383851,159158384.000
2014-04-25,2.30,2.35,2.29,2.31,92108414,229820688.000
2014-04-28,2.31,2.33,2.29,2.30,82362208,203892064.000
2014-04-29,2.28,2.28,2.23,2.28,135447939,329233600.000
2014-04-30,2.27,2.30,2.26,2.29,78853626,192765664.000
2014-05-05,2.28,2.29,2.25,2.26,70840389,172295520.000
2014-05-06,2.26,2.28,2.25,2.26,58610968,142662000.000
2014-05-07,2.27,2.27,2.25,2.26,47020759,114206520.000
2014-05-08,2.25,2.29,2.25,2.26,54382974,132611160.000
2014-05-09,2.27,2.27,2.25,2.26,33928264,82510776.000
2014-05-12,2.27,2.31,2.26,2.29,71108450,174762544.000
2014-05-13,2.29,2.30,2.28,2.29,41338705,101726192.000
2014-05-14,2.29,2.31,2.28,2.29,47178241,116385552.000
2014-05-15,2.30,2.31,2.29,2.30,46649335,115214920.000
2014-05-16,2.29,2.31,2.29,2.30,42572162,105036312.000
2014-05-19,2.29,2.30,2.26,2.27,53271624,130299696.000
2014-05-20,2.28,2.29,2.27,2.28,75318491,184408960.000
2014-05-21,2.27,2.30,2.26,2.30,68551925,168196912.000
2014-05-22,2.29,2.32,2.28,2.30,70755795,175062880.000
2014-05-23,2.30,2.31,2.29,2.31,41784047,103309072.000
2014-05-26,2.32,2.32,2.30,2.31,35678416,88565328.000
2014-05-27,2.31,2.32,2.30,2.31,55800362,138394160.000
2014-05-28,2.31,2.32,2.29,2.32,59166406,146609072.000
2014-05-29,2.32,2.33,2.30,2.30,52521223,130559616.000
2014-05-30,2.31,2.31,2.30,2.30,38768511,95892800.000
2014-06-03,2.31,2.32,2.30,2.31,56900102,141206496.000
2014-06-04,2.31,2.32,2.28,2.29,96101722,236738768.000
2014-06-05,2.29,2.32,2.29,2.31,60735755,150298208.000
2014-06-06,2.31,2.32,2.29,2.30,48277472,119532032.000
2014-06-09,2.30,2.33,2.29,2.31,68963330,171290144.000
2014-06-10,2.31,2.33,2.30,2.33,81835614,203484256.000
2014-06-11,2.33,2.33,2.31,2.32,74072504,184436208.000
2014-06-12,2.32,2.33,2.31,2.33,57977101,144601408.000
2014-06-13,2.32,2.37,2.32,2.37,115193681,290583456.000
2014-06-16,2.36,2.41,2.35,2.41,137573462,351355680.000
2014-06-17,2.39,2.40,2.37,2.38,71747466,183207088.000
2014-06-18,2.38,2.38,2.31,2.33,184349818,463660992.000
2014-06-19,2.32,2.34,2.31,2.31,95646000,238969984.000
2014-06-20,2.31,2.35,2.31,2.33,63093380,157739488.000
2014-06-23,2.34,2.36,2.33,2.34,53618883,134920656.000
2014-06-24,2.34,2.37,2.34,2.36,46863507,118369544.000
2014-06-25,2.36,2.36,2.34,2.35,59025170,148541376.000
2014-06-26,2.36,2.37,2.35,2.36,56357797,142634272.000
2014-06-27,2.35,2.37,2.35,2.36,58800999,148467872.000
2014-06-30,2.36,2.39,2.35,2.37,61955343,157649408.000
2014-07-01,2.38,2.39,2.36,2.38,42025225,106822304.000
2014-07-02,2.38,2.38,2.36,2.37,48572728,123418064.000
2014-07-03,2.37,2.39,2.36,2.38,59379867,151315200.000
2014-07-04,2.38,2.40,2.37,2.39,71162571,182087008.000
2014-07-07,2.39,2.40,2.38,2.39,41943131,107462048.000
2014-07-08,2.39,2.40,2.38,2.39,55503743,142053568.000
2014-07-09,2.39,2.40,2.36,2.36,109096869,277859680.000
2014-07-10,2.37,2.38,2.36,2.37,56206446,142818928.000
2014-07-11,2.37,2.39,2.36,2.36,78875419,200711072.000
2014-07-14,2.37,2.38,2.35,2.38,96023465,243345200.000
2014-07-15,2.37,2.39,2.36,2.39,94438303,240372688.000
2014-07-16,2.38,2.39,2.37,2.39,116722144,297994752.000
2014-07-17,2.40,2.41,2.39,2.39,87970519,210858432.000
2014-07-18,2.39,2.41,2.39,2.39,80460939,192873248.000
2014-07-21,2.40,2.41,2.39,2.41,63888041,153246192.000
2014-07-22,2.40,2.42,2.39,2.41,96505232,232468784.000
2014-07-23,2.41,2.43,2.40,2.42,109969103,265908080.000
2014-07-24,2.42,2.48,2.42,2.47,189680259,465857344.000
2014-07-25,2.47,2.50,2.47,2.49,116360204,288732640.000
2014-07-28,2.50,2.63,2.50,2.60,347651896,898446336.000
2014-07-29,2.60,2.65,2.58,2.63,225198595,589915328.000
2014-07-30,2.62,2.66,2.59,2.59,218867951,573039104.000
2014-07-31,2.59,2.62,2.58,2.62,154107298,401080480.000
2014-08-01,2.61,2.77,2.60,2.66,457601840,1233234816.000
2014-08-04,2.80,2.84,2.74,2.78,529921830,1478527744.000
2014-08-05,2.75,2.78,2.73,2.76,211714443,583160512.000
2014-08-06,2.75,2.75,2.68,2.74,169205614,460752864.000
2014-08-07,2.74,2.75,2.69,2.69,136971035,372389248.000
2014-08-08,2.69,2.74,2.68,2.72,116765546,316634848.000
2014-08-11,2.72,2.77,2.72,2.76,117513212,323794112.000
2014-08-12,2.76,2.76,2.72,2.74,108891654,297987456.000
2014-08-13,2.74,2.76,2.72,2.74,93536601,255738768.000
2014-08-14,2.73,2.74,2.71,2.71,79112075,215530720.000
2014-08-15,2.71,2.74,2.69,2.72,76946783,209085120.000
2014-08-18,2.72,2.74,2.71,2.72,63694527,173452544.000
2014-08-19,2.72,2.73,2.70,2.71,80814934,219051632.000
2014-08-20,2.71,2.71,2.68,2.70,112490100,303464704.000
2014-08-21,2.70,2.71,2.65,2.67,108987480,291575232.000
2014-08-22,2.67,2.70,2.66,2.69,67958643,182594560.000
2014-08-25,2.69,2.70,2.67,2.68,74737579,200272512.000
2014-08-26,2.67,2.69,2.66,2.68,70701066,189272432.000
2014-08-27,2.68,2.69,2.66,2.67,60494737,161722816.000
2014-08-28,2.66,2.67,2.62,2.62,81728195,216859680.000
2014-08-29,2.64,2.67,2.63,2.67,47752540,126590624.000
2014-09-01,2.66,2.67,2.64,2.65,106063215,281656384.000
2014-09-02,2.66,2.70,2.64,2.68,121363547,323335072.000
2014-09-03,2.69,2.73,2.69,2.71,110497359,299902976.000
2014-09-04,2.72,2.74,2.69,2.73,106019940,287943680.000
2014-09-05,2.74,2.76,2.73,2.75,125869809,345617856.000
2014-09-09,2.75,2.75,2.71,2.73,110235875,300735904.000
2014-09-10,2.72,2.73,2.70,2.72,96417697,261731936.000
2014-09-11,2.71,2.75,2.71,2.72,94560743,257790288.000
2014-09-12,2.71,2.74,2.71,2.74,75103297,204511568.000
2014-09-15,2.74,2.74,2.70,2.71,94742352,257554016.000
2014-09-16,2.72,2.84,2.70,2.75,307528148,851143168.000
2014-09-17,2.75,2.75,2.71,2.74,165339655,451975424.000
2014-09-18,2.73,2.83,2.72,2.77,222187188,614993856.000
2014-09-19,2.76,2.79,2.74,2.78,150017508,414960064.000
2014-09-22,2.77,2.77,2.67,2.69,162755115,442563456.000
2014-09-23,2.69,2.73,2.68,2.73,91271738,247191808.000
2014-09-24,2.71,2.78,2.71,2.77,149729742,411991168.000
2014-09-25,2.77,2.79,2.75,2.76,122566977,339477440.000
2014-09-26,2.75,2.77,2.74,2.76,64198605,176894128.000
2014-09-29,2.76,2.78,2.76,2.78,119584531,330949984.000
2014-09-30,2.77,2.78,2.76,2.77,86326076,239019792.000
2014-10-08,2.77,2.78,2.75,2.78,97706483,270189472.000
2014-10-09,2.77,2.79,2.76,2.77,87555703,243025360.000
2014-10-10,2.76,2.77,2.74,2.75,116107489,320145440.000
2014-10-13,2.75,2.76,2.71,2.74,101589442,277250752.000
2014-10-14,2.73,2.74,2.70,2.71,120923513,328691616.000
2014-10-15,2.71,2.74,2.68,2.72,147855235,400350528.000
2014-10-16,2.70,2.78,2.69,2.73,254522016,696552704.000
2014-10-17,2.71,2.72,2.68,2.70,155063065,418363552.000
2014-10-20,2.71,2.73,2.69,2.71,102419829,277488032.000
2014-10-21,2.71,2.72,2.68,2.69,65835482,177634976.000
2014-10-22,2.69,2.71,2.68,2.69,85584687,230787968.000
2014-10-23,2.69,2.71,2.65,2.66,119900523,321357440.000
2014-10-24,2.67,2.67,2.65,2.65,66828168,177738912.000
2014-10-27,2.65,2.66,2.61,2.62,86975384,228547312.000
2014-10-28,2.62,2.66,2.62,2.65,88497768,233316032.000
2014-10-29,2.66,2.70,2.64,2.69,150854160,402431648.000
2014-10-30,2.69,2.81,2.67,2.81,395671586,1087872384.000
2014-10-31,2.81,3.01,2.80,2.98,793932635,2305152256.000
2014-11-03,2.99,3.00,2.90,2.93,388155309,1139611904.000
2014-11-04,2.92,2.94,2.89,2.91,250215393,729100736.000
2014-11-05,2.91,2.92,2.84,2.87,277295918,795644160.000
2014-11-06,2.88,2.90,2.85,2.87,155174791,445221568.000
2014-11-07,2.87,2.98,2.85,2.89,365919023,1065801216.000
2014-11-10,2.92,3.00,2.92,2.97,392941099,1160207360.000
2014-11-11,3.00,3.20,3.00,3.08,967164019,2999122432.000
2014-11-12,3.05,3.09,3.01,3.09,259348067,791710912.000
2014-11-13,3.10,3.16,3.03,3.06,332133654,1028712704.000
2014-11-14,3.06,3.07,2.99,3.03,214610143,648153664.000
2014-11-17,3.12,3.13,2.97,2.98,236918453,715986432.000
2014-11-18,2.99,2.99,2.87,2.90,290713436,846617152.000
2014-11-19,2.89,2.90,2.85,2.88,183054867,525655456.000
2014-11-20,2.86,2.90,2.86,2.88,145489385,418374720.000
2014-11-21,2.88,2.95,2.85,2.93,229378694,666043584.000
2014-11-24,2.88,2.99,2.80,2.94,456785815,1336856704.000
2014-11-25,2.94,2.99,2.90,2.99,298391632,878253184.000
2014-11-26,3.00,3.29,2.99,3.20,806361322,2544822016.000
2014-11-27,3.22,3.50,3.22,3.45,1230706500,4137758720.000
2014-11-28,3.51,3.80,3.43,3.80,1455532069,5341157376.000
2014-12-01,3.95,4.18,3.82,3.91,1511237146,6018227712.000
2014-12-02,3.86,4.29,3.77,4.20,1304267554,5200087552.000
2014-12-03,4.16,4.28,3.95,4.00,1401740300,5789149696.000
2014-12-04,4.00,4.25,3.90,4.24,1327723704,5402773504.000
2014-12-05,4.26,4.52,4.08,4.23,1500647439,6420197376.000
2014-12-08,4.11,4.34,4.00,4.24,1306499347,5450406400.000
2014-12-09,4.29,4.65,3.82,4.00,1673458097,7309108224.000
2014-12-10,4.03,4.15,3.72,4.09,1147752507,4538194432.000
2014-12-11,3.98,4.11,3.92,3.96,795220871,3188417536.000
2014-12-12,3.96,4.03,3.87,3.91,576045699,2273708032.000
2014-12-15,3.85,3.86,3.74,3.84,514061828,1951344128.000
2014-12-16,3.83,4.11,3.81,4.10,841573996,3328970752.000
2014-12-17,4.15,4.48,4.08,4.38,1593458385,6790768128.000
2014-12-18,4.45,4.45,4.18,4.23,850964778,3654752768.000
2014-12-19,4.24,4.44,4.15,4.35,909291925,3928742656.000
2014-12-22,4.36,4.69,4.31,4.53,1572329116,7127351296.000
2014-12-23,4.44,4.52,4.20,4.24,823887987,3605604864.000
2014-12-24,4.26,4.31,3.97,4.04,743404124,3055182336.000
2014-12-25,4.10,4.27,4.05,4.23,704721251,2940226560.000
2014-12-26,4.25,4.55,4.23,4.50,1161351779,5120089088.000
2014-12-29,4.67,4.76,4.38,4.49,1290297331,5956511744.000
2014-12-30,4.52,4.89,4.46,4.84,1479431489,6942062592.000
2014-12-31,4.78,4.96,4.66,4.88,1212742633,5856748544.000
2015-01-05,4.92,5.10,4.85,4.92,1153340435,5716280320.000
2015-01-06,4.83,5.05,4.80,4.83,917545117,4483556352.000
2015-01-07,4.75,4.85,4.68,4.76,633742264,3009661184.000
2015-01-08,4.75,4.79,4.52,4.55,562565982,2600012288.000
2015-01-09,4.52,4.85,4.48,4.60,808903411,3779071744.000
2015-01-12,4.56,4.65,4.48,4.52,478261838,2178732032.000
2015-01-13,4.51,4.63,4.51,4.56,317244665,1447894016.000
2015-01-14,4.60,4.73,4.58,4.64,464596907,2162181888.000
2015-01-15,4.65,4.81,4.58,4.80,573354252,2697656576.000
2015-01-16,4.86,4.92,4.75,4.84,771858363,3744094208.000
2015-01-19,4.48,4.56,4.36,4.36,748381834,3326626048.000
2015-01-20,4.27,4.39,4.18,4.28,715350134,3066006272.000
2015-01-21,4.31,4.53,4.24,4.50,711455394,3127699200.000
2015-01-22,4.48,4.48,4.38,4.44,475151234,2107715456.000
2015-01-23,4.45,4.54,4.41,4.44,542072487,2425639424.000
2015-01-26,4.44,4.44,4.33,4.39,352499242,1540968448.000
2015-01-27,4.40,4.42,4.22,4.30,446968399,1921217408.000
2015-01-28,4.26,4.35,4.21,4.26,352135332,1503472896.000
2015-01-29,4.20,4.22,4.13,4.18,356719350,1489314176.000
2015-01-30,4.21,4.24,4.14,4.17,258056500,1081725952.000
2015-02-02,4.08,4.09,3.99,4.00,353465313,1427367424.000
2015-02-03,4.05,4.14,4.00,4.13,328221745,1334486528.000
2015-02-04,4.14,4.18,4.04,4.05,275014056,1131327104.000
2015-02-05,4.25,4.27,4.03,4.03,508075996,2115313024.000
2015-02-06,4.00,4.06,3.89,3.95,303198450,1210351232.000
2015-02-09,3.95,4.03,3.87,3.97,262571657,1037469632.000
2015-02-10,3.98,4.16,3.95,4.12,363269082,1481766784.000
2015-02-11,4.12,4.13,4.06,4.10,198021832,809165184.000
2015-02-12,4.11,4.13,4.04,4.10,162130715,661186752.000
2015-02-13,4.10,4.18,4.08,4.11,304667098,1257178496.000
2015-02-16,4.10,4.10,4.06,4.08,193391369,788531328.000
2015-02-17,4.09,4.14,4.08,4.09,163670917,672067520.000
2015-02-25,4.09,4.10,4.02,4.04,185181705,751306752.000
2015-02-26,4.04,4.15,4.00,4.14,320778422,1310528384.000
2015-02-27,4.14,4.16,4.08,4.11,262467782,1081607808.000
2015-03-02,4.12,4.14,4.08,4.13,356823752,1464203392.000
2015-03-03,4.10,4.11,3.98,3.99,371396557,1497622528.000
2015-03-04,4.00,4.01,3.95,3.97,228500777,908229696.000
2015-03-05,3.95,3.96,3.85,3.88,318441706,1238778240.000
2015-03-06,3.88,3.93,3.86,3.89,191596935,747122240.000
2015-03-09,3.92,4.15,3.86,4.10,657312813,2647640832.000
2015-03-10,4.06,4.07,3.99,4.01,355677738,1431132416.000
2015-03-11,4.02,4.10,4.01,4.03,278088520,1127185024.000
2015-03-12,4.10,4.28,4.06,4.19,846851021,3532594176.000
2015-03-13,4.19,4.30,4.16,4.20,579022856,2449672704.000
2015-03-16,4.23,4.26,4.17,4.24,480245463,2029502464.000
2015-03-17,4.51,4.59,4.35,4.42,1060597641,4700220416.000
2015-03-18,4.47,4.85,4.44,4.84,1477495265,6869717504.000
2015-03-19,4.76,4.77,4.65,4.70,913925402,4294823936.000
2015-03-20,4.68,4.84,4.60,4.72,926002574,4364316160.000
2015-03-23,4.76,4.83,4.71,4.75,713914455,3404118528.000
2015-03-24,4.74,4.82,4.64,4.68,811452017,3809886976.000
2015-03-25,4.66,4.68,4.48,4.53,681572668,3108928000.000
2015-03-26,4.49,4.61,4.42,4.54,481678120,2183268608.000
2015-03-27,4.54,4.75,4.47,4.63,765782561,3553378560.000
2015-03-30,4.80,4.92,4.67,4.86,1236852926,5954427392.000
2015-03-31,4.95,5.02,4.72,4.73,1012160199,4942957056.000
2015-04-01,4.73,4.95,4.67,4.83,764892172,3686584064.000
2015-04-02,4.85,4.92,4.73,4.81,628863157,3023583488.000
2015-04-03,4.76,4.86,4.73,4.83,584446734,2812883456.000
2015-04-07,4.92,5.10,4.85,5.05,1239165723,6158789632.000
2015-04-08,5.09,5.31,5.06,5.25,1353130095,7030077952.000
2015-04-09,5.26,5.41,5.12,5.15,1139642755,5963398144.000
2015-04-10,5.12,5.37,5.09,5.34,1026017607,5394876416.000
数据来源:通达信
