600999 招商证券 日线 前复权
      日期	    开盘	    最高	    最低	    收盘	    成交量	    成交额
2011-03-02,14.79,14.79,14.44,14.57,6348737,125943752.000
2011-03-03,14.59,14.82,14.39,14.61,8245172,163879280.000
2011-03-04,14.52,14.75,14.36,14.69,8697694,171544032.000
2011-03-07,14.73,15.09,14.73,14.92,16194403,328399456.000
2011-03-08,15.06,15.08,14.83,14.98,9151366,186186896.000
2011-03-09,15.01,15.24,15.01,15.12,11621740,239296240.000
2011-03-10,15.09,15.09,14.72,14.79,6899336,139140576.000
2011-03-11,14.72,14.86,14.39,14.51,5286789,105481128.000
2011-03-14,14.40,14.59,14.39,14.56,3658769,72066928.000
2011-03-15,14.46,14.46,13.94,14.12,7443805,143463136.000
2011-03-16,14.10,14.27,14.06,14.18,5286933,102051272.000
2011-03-17,14.06,14.13,13.82,13.91,5428142,103421344.000
2011-03-18,14.04,14.12,13.56,13.77,8703064,164621040.000
2011-03-21,13.77,13.89,13.69,13.75,3635171,68314056.000
2011-03-22,13.85,13.87,13.62,13.76,5272759,98855824.000
2011-03-23,13.77,14.03,13.76,13.96,5981119,113432896.000
2011-03-24,13.94,13.98,13.85,13.86,4300098,81501640.000
2011-03-25,13.83,14.02,13.83,13.95,8004452,152298880.000
2011-03-28,13.99,14.08,13.89,13.92,11012878,210275840.000
2011-03-29,13.94,14.02,13.63,13.66,9217147,174288352.000
2011-03-30,13.66,13.74,13.48,13.52,5128605,95120152.000
2011-03-31,13.59,13.77,13.50,13.62,4971940,92512560.000
2011-04-01,13.68,13.73,13.52,13.71,4733258,87971216.000
2011-04-06,13.62,14.36,13.61,14.17,10697298,205166688.000
2011-04-07,14.18,14.22,14.05,14.14,6822004,131341776.000
2011-04-08,14.15,14.32,14.09,14.27,7107555,137863600.000
2011-04-11,14.32,14.40,14.04,14.08,4855263,94088040.000
2011-04-12,14.07,14.27,13.99,14.06,6293931,121179352.000
2011-04-13,14.09,14.46,14.06,14.42,6950510,135174688.000
2011-04-14,14.42,14.47,14.22,14.24,5615157,109826720.000
2011-04-15,14.23,14.40,14.12,14.30,4506330,87422104.000
2011-04-18,14.25,14.35,14.16,14.33,5256023,102212928.000
2011-04-19,14.28,14.28,14.05,14.06,4896344,94232312.000
2011-04-20,14.13,14.16,13.94,13.98,4882491,93448152.000
2011-04-21,14.06,14.53,13.93,14.19,7172821,139067344.000
2011-04-22,14.17,14.20,13.96,14.03,4007482,76809816.000
2011-04-25,13.99,14.04,13.79,13.79,3911487,74005024.000
2011-04-26,13.79,13.87,13.63,13.67,3432250,64380332.000
2011-04-27,13.76,13.79,13.48,13.57,3186290,59309000.000
2011-04-28,13.68,13.76,13.41,13.43,4129636,76490160.000
2011-04-29,13.36,13.57,13.35,13.47,4344395,79629984.000
2011-05-03,13.47,13.49,13.32,13.46,3965082,72622632.000
2011-05-04,13.42,13.42,13.13,13.18,3690797,66976540.000
2011-05-05,13.19,13.29,13.16,13.25,2284619,41316596.000
2011-05-06,13.23,13.37,13.16,13.29,3267830,59161704.000
2011-05-09,13.32,13.48,13.29,13.38,3755704,68742104.000
2011-05-10,13.42,13.47,13.31,13.47,1846578,33767320.000
2011-05-11,13.44,13.45,13.24,13.31,3577412,65175328.000
2011-05-12,13.20,13.25,13.02,13.06,4607392,82880400.000
2011-05-13,13.09,13.56,13.08,13.32,5143903,93682264.000
2011-05-16,13.26,13.33,13.19,13.20,2159294,39081876.000
2011-05-17,13.21,13.39,13.14,13.33,2833448,51398148.000
2011-05-18,13.32,13.46,13.25,13.37,2145340,39159304.000
2011-05-19,13.46,13.48,13.25,13.27,2399408,43745500.000
2011-05-20,13.31,13.37,13.19,13.27,1688893,30611828.000
2011-05-23,13.21,13.24,12.96,13.04,3785004,67764800.000
2011-05-24,13.04,13.04,12.92,12.97,2069716,36710780.000
2011-05-25,13.04,13.09,12.79,12.89,2250708,39813804.000
2011-05-26,12.99,13.56,12.86,13.39,5263474,95015992.000
2011-05-30,13.08,13.28,13.02,13.07,2646995,47496388.000
2011-05-31,13.19,13.26,13.06,13.24,2808313,50596188.000
2011-06-01,13.22,13.22,12.95,13.02,2966833,53002340.000
2011-06-02,12.94,12.94,12.67,12.80,3015906,52900352.000
2011-06-03,12.79,12.97,12.79,12.90,1495646,26359372.000
2011-06-07,12.89,12.97,12.83,12.94,1586896,28040030.000
2011-06-08,12.90,12.96,12.79,12.95,1466882,25839458.000
2011-06-09,12.96,13.12,12.89,12.90,2627337,46775936.000
2011-06-10,12.88,13.07,12.83,13.02,2309602,40996120.000
2011-06-13,12.90,12.93,12.74,12.84,1349548,23674890.000
2011-06-14,12.79,13.36,12.79,12.99,4824942,86139008.000
2011-06-15,12.98,13.02,12.54,12.76,3405819,59618276.000
2011-06-16,12.62,12.62,12.29,12.44,7141924,121750184.000
2011-06-17,12.38,12.42,12.05,12.09,5567891,93322424.000
2011-06-20,12.05,12.48,12.02,12.11,3357862,55951260.000
2011-06-21,12.12,12.29,12.06,12.16,2316491,38596632.000
2011-06-22,12.16,12.25,12.12,12.20,3020422,50508312.000
2011-06-23,12.14,12.56,12.12,12.52,4009220,68008448.000
2011-06-24,12.46,13.53,12.42,13.16,11748335,210127920.000
2011-06-27,13.09,13.26,12.99,13.09,6925946,124223640.000
2011-06-28,13.09,13.23,13.07,13.20,4359994,78461592.000
2011-06-29,13.20,13.38,13.12,13.17,5555370,100760680.000
2011-06-30,13.22,13.56,13.22,13.46,8756894,160809216.000
2011-07-01,13.48,13.84,13.46,13.60,8949799,166944064.000
2011-07-04,13.65,14.06,13.65,13.83,7510719,142483184.000
2011-07-05,13.86,13.93,13.69,13.80,3390614,63772984.000
2011-07-06,13.81,13.81,13.52,13.59,3122368,58070892.000
2011-07-07,13.71,13.82,13.46,13.48,3777828,70213776.000
2011-07-08,13.63,13.74,13.48,13.66,3393338,63039208.000
2011-07-11,13.65,13.69,13.60,13.62,2155460,40127148.000
2011-07-12,13.56,13.56,13.17,13.26,5555062,100897008.000
2011-07-13,13.23,13.59,13.23,13.58,4243488,77862216.000
2011-07-14,13.66,13.66,13.44,13.52,3732959,52079600.000
2011-07-15,13.41,13.76,13.38,13.63,4106237,57676764.000
2011-07-18,13.65,13.68,13.44,13.49,3119858,43530072.000
2011-07-19,13.45,13.45,13.30,13.33,2755074,38001560.000
2011-07-20,13.46,13.54,13.26,13.37,2635499,36519840.000
2011-07-21,13.37,13.61,13.26,13.37,4923749,68437344.000
2011-07-22,13.45,13.66,13.36,13.44,4185808,58500112.000
2011-07-25,13.30,13.36,12.69,12.80,6114723,82162712.000
2011-07-26,12.74,12.89,12.72,12.79,1819351,24110578.000
2011-07-27,12.60,12.87,12.57,12.76,3481955,45810072.000
2011-07-28,12.66,12.86,12.58,12.72,4978933,65572080.000
2011-07-29,12.74,13.22,12.73,12.89,5565456,74382528.000
2011-08-01,12.94,12.99,12.78,12.87,2108967,28122690.000
2011-08-02,12.77,12.82,12.60,12.71,2144418,28098550.000
2011-08-03,12.69,12.78,12.61,12.70,1947774,25616352.000
2011-08-04,12.78,12.85,12.69,12.70,1534796,20245256.000
2011-08-05,12.43,12.46,12.22,12.34,3204474,41048452.000
2011-08-08,12.30,12.82,11.56,11.76,7477477,93087120.000
2011-08-09,11.51,11.66,11.22,11.52,6608855,78272160.000
2011-08-10,11.72,11.82,11.56,11.59,3785387,45936552.000
2011-08-11,11.40,12.00,11.38,11.85,4591377,55959860.000
2011-08-12,11.91,11.96,11.77,11.79,3125737,38447996.000
2011-08-15,11.87,12.06,11.77,11.97,3391215,41883396.000
2011-08-16,12.01,12.01,11.78,11.83,2906256,35834392.000
2011-08-17,11.84,12.07,11.76,11.93,4896992,60569192.000
2011-08-18,11.96,12.00,11.62,11.67,4635620,56853224.000
2011-08-19,11.54,11.65,11.36,11.55,3262092,39015224.000
2011-08-22,11.61,11.80,11.26,11.34,4449493,52941216.000
2011-08-23,11.47,11.56,11.33,11.56,2939033,35004232.000
2011-08-24,11.65,11.70,11.46,11.55,2470318,29707536.000
2011-08-25,11.59,12.24,11.53,12.12,13207163,164015200.000
2011-08-26,12.02,12.10,11.88,12.02,5616944,69777912.000
2011-08-29,11.86,11.90,11.61,11.63,4934426,60057756.000
2011-08-30,11.79,11.90,11.55,11.57,5516372,67081292.000
2011-08-31,11.60,11.71,11.49,11.59,2457315,29576788.000
2011-09-01,11.60,11.75,11.49,11.55,2342285,28209620.000
2011-09-02,11.56,11.62,11.44,11.52,2266486,27096724.000
2011-09-05,11.45,11.46,11.23,11.27,3542704,41553360.000
2011-09-06,11.21,11.34,11.18,11.24,2627002,30745650.000
2011-09-07,11.42,11.57,11.23,11.48,3438546,40915992.000
2011-09-08,11.38,11.54,11.31,11.34,2706928,32139660.000
2011-09-09,11.44,11.81,11.40,11.45,5282666,63375712.000
2011-09-13,11.26,11.48,11.15,11.46,4420522,51937660.000
2011-09-14,11.38,11.65,11.27,11.64,4197733,50067172.000
2011-09-15,11.67,11.80,11.57,11.62,4027719,48877692.000
2011-09-16,11.70,11.82,11.55,11.57,1885245,22876864.000
2011-09-19,11.46,11.49,11.27,11.28,3044589,35840632.000
2011-09-20,11.30,11.54,11.28,11.53,4670862,55546144.000
2011-09-21,11.53,11.89,11.37,11.77,11195835,136600480.000
2011-09-22,11.66,11.74,11.22,11.28,8474121,101273256.000
2011-09-23,10.92,11.46,10.91,11.38,5268940,61349360.000
2011-09-26,11.20,11.45,11.13,11.17,3099984,36196076.000
2011-09-27,11.31,11.48,11.21,11.31,4194056,49408100.000
2011-09-28,11.42,11.42,11.04,11.08,3709369,43260392.000
2011-09-29,11.05,11.32,10.96,11.00,5307929,61254448.000
2011-09-30,11.04,11.10,10.89,10.92,3714929,42373888.000
2011-10-10,10.98,11.04,10.84,10.92,2569582,29293096.000
2011-10-11,11.26,11.56,11.00,11.14,4655357,54447008.000
2011-10-12,11.01,11.94,10.94,11.81,16418840,199066864.000
2011-10-13,11.74,11.82,11.53,11.68,11080352,133976704.000
2011-10-14,11.61,11.75,11.50,11.70,6379266,76951728.000
2011-10-17,11.72,11.81,11.57,11.63,4089302,49498052.000
2011-10-18,11.59,11.62,11.11,11.12,6009198,70642704.000
2011-10-19,11.17,11.41,11.07,11.15,4938827,57533216.000
2011-10-20,11.02,11.14,10.93,11.05,3990308,45752908.000
2011-10-21,11.08,11.19,11.02,11.08,2906081,33534608.000
2011-10-24,11.13,11.55,11.13,11.46,5813338,68537032.000
2011-10-25,11.37,11.66,11.32,11.54,6297145,75133408.000
2011-10-26,11.48,11.81,11.46,11.70,10058571,122125856.000
2011-10-27,11.76,11.91,11.66,11.77,6279401,76786736.000
2011-10-28,11.97,12.06,11.76,11.90,7739704,95735336.000
2011-11-01,11.73,11.97,11.54,11.80,8613468,105315976.000
2011-11-02,11.56,12.04,11.52,12.00,8170438,99819952.000
2011-11-03,12.02,12.23,11.96,11.97,12393251,155223136.000
2011-11-04,12.11,12.15,11.93,12.08,5859018,73190128.000
2011-11-07,12.02,12.05,11.80,11.81,4099047,50578376.000
2011-11-08,11.86,12.07,11.82,11.85,4371365,54073520.000
2011-11-09,11.94,12.08,11.82,12.06,4716276,58513808.000
2011-11-10,11.95,11.96,11.67,11.70,7423460,90737600.000
2011-11-11,11.77,11.90,11.66,11.68,2915276,35507540.000
2011-11-14,11.78,12.01,11.73,11.93,4755963,58701832.000
2011-11-15,11.95,11.99,11.84,11.85,3166824,39057304.000
2011-11-16,11.86,11.87,11.28,11.38,5871197,70535992.000
2011-11-17,11.48,11.53,11.28,11.31,4449221,52768524.000
2011-11-18,11.26,11.48,11.16,11.22,5109005,60067896.000
2011-11-21,11.29,11.34,11.16,11.28,3110709,36339920.000
2011-11-22,11.21,11.35,11.11,11.26,2736392,32005182.000
2011-11-23,11.26,11.30,10.95,11.03,3980600,45884284.000
2011-11-24,10.95,11.11,10.93,11.02,2183745,25002206.000
2011-11-25,10.98,11.02,10.88,10.92,1768288,20120752.000
2011-11-28,10.99,11.15,10.91,11.00,1988020,22751076.000
2011-11-29,11.07,11.14,11.01,11.10,1826263,21035080.000
2011-11-30,11.03,11.10,10.56,10.58,5629783,62902032.000
2011-12-01,11.01,11.25,10.58,10.98,8451778,96794512.000
2011-12-02,10.84,10.95,10.81,10.81,2360925,26691974.000
2011-12-05,10.91,11.23,10.79,11.03,5596141,64263516.000
2011-12-06,10.86,11.17,10.85,11.08,3290256,37856572.000
2011-12-07,11.10,11.15,10.96,11.07,2454290,28175808.000
2011-12-08,11.06,11.18,10.70,10.97,3825289,43605608.000
2011-12-09,10.93,11.01,10.81,10.91,1896928,21498128.000
2011-12-12,10.86,11.00,10.78,10.86,1296142,14684729.000
2011-12-13,10.88,11.18,10.67,10.69,5766275,65524808.000
2011-12-14,10.66,10.73,10.35,10.40,3558317,38962928.000
2011-12-15,10.38,10.55,10.01,10.08,5059651,54004080.000
2011-12-16,10.08,10.29,9.77,10.26,5860536,61258744.000
2011-12-19,10.13,10.13,9.58,9.95,6583682,67595496.000
2011-12-20,9.89,10.08,9.76,9.78,3839607,39562936.000
2011-12-21,9.91,9.94,9.55,9.56,3568549,36354548.000
2011-12-22,9.55,9.73,9.44,9.64,5330525,53522684.000
2011-12-23,9.63,9.83,9.56,9.63,3328109,33688664.000
2011-12-26,9.54,9.69,9.47,9.56,5970935,59652792.000
2011-12-27,9.52,9.86,9.46,9.52,5532038,55836576.000
2011-12-28,9.44,9.73,9.26,9.62,7691181,76846456.000
2011-12-29,9.55,9.63,9.49,9.51,5186357,51903936.000
2011-12-30,9.55,9.75,9.55,9.74,4296699,43389172.000
2012-01-04,9.76,9.82,9.42,9.43,4358737,43921712.000
2012-01-05,9.40,9.71,9.36,9.58,6116006,61224192.000
2012-01-06,9.54,9.75,9.54,9.70,4734320,47787140.000
2012-01-09,9.70,9.97,9.58,9.93,7825935,80032344.000
2012-01-10,9.86,10.34,9.84,10.25,10377033,109216648.000
2012-01-11,10.16,10.33,10.09,10.25,5438821,58010196.000
2012-01-12,10.16,10.41,10.11,10.23,4304979,46020460.000
2012-01-13,10.30,10.54,10.01,10.13,6376428,68173616.000
2012-01-16,10.07,10.14,9.92,9.94,2218476,23252384.000
2012-01-17,9.98,10.56,9.83,10.45,5068035,54272000.000
2012-01-18,10.39,10.98,10.36,10.39,5961279,66006076.000
2012-01-19,10.37,10.90,10.36,10.79,8904020,99390352.000
2012-01-20,10.89,10.93,10.71,10.83,3634289,40910076.000
2012-01-30,10.76,10.82,10.26,10.47,5103654,55910048.000
2012-01-31,10.54,10.56,10.42,10.51,1816315,19833372.000
2012-02-01,10.46,10.61,10.24,10.27,2629705,28607232.000
2012-02-02,10.41,10.59,10.22,10.53,2500993,27180576.000
2012-02-03,10.48,10.71,10.35,10.61,4194617,45960320.000
2012-02-06,10.63,10.71,10.37,10.47,3664979,40227008.000
2012-02-07,10.41,10.46,10.04,10.18,4482977,47743408.000
2012-02-08,10.11,10.62,10.11,10.50,5828442,63197244.000
2012-02-09,10.46,10.53,10.40,10.48,4268593,46490596.000
2012-02-10,10.41,10.72,10.41,10.54,6911577,76140960.000
2012-02-13,10.38,10.71,10.31,10.50,5811111,63832712.000
2012-02-14,10.50,10.65,10.36,10.52,4288588,46850204.000
2012-02-15,10.46,10.76,10.46,10.65,8039382,89114584.000
2012-02-16,10.60,10.71,10.45,10.54,7854172,86559720.000
2012-02-17,10.67,10.96,10.63,10.77,14201096,159627984.000
2012-02-20,11.03,11.04,10.75,10.76,7123135,80565008.000
2012-02-21,10.78,11.29,10.71,11.14,11002995,125480192.000
2012-02-22,11.08,11.54,11.07,11.42,12438640,146648768.000
2012-02-23,11.36,11.44,11.23,11.32,8180519,96276656.000
2012-02-24,11.28,11.60,11.26,11.50,10776707,128428312.000
2012-02-27,11.64,11.91,11.54,11.59,19512184,237695344.000
2012-02-28,11.60,11.87,11.60,11.70,14591219,177882784.000
2012-02-29,11.70,11.72,11.49,11.59,5585608,67320864.000
2012-03-01,11.55,11.76,11.49,11.63,4158871,50356928.000
2012-03-02,11.66,12.21,11.61,12.05,14073266,174873120.000
2012-03-05,12.13,12.71,12.08,12.52,29023689,372762048.000
2012-03-06,12.50,12.51,12.24,12.37,10416307,133713704.000
2012-03-07,12.26,12.47,12.14,12.34,12415313,158520368.000
2012-03-08,12.39,12.84,12.29,12.40,19599339,254988864.000
2012-03-09,12.48,12.48,12.06,12.16,24208375,306106464.000
2012-03-12,12.06,12.19,11.87,12.03,11313035,140981824.000
2012-03-13,12.01,12.28,11.96,12.15,12187296,153188960.000
2012-03-14,12.21,12.41,11.56,11.60,23047045,288703392.000
2012-03-15,11.61,11.75,11.49,11.51,11324398,136573216.000
2012-03-16,11.52,11.81,11.48,11.67,9703419,117221368.000
2012-03-19,11.66,11.85,11.54,11.83,10733132,130131008.000
2012-03-20,11.76,11.81,11.48,11.50,7111911,85845464.000
2012-03-21,11.69,11.73,11.47,11.54,7388585,88747552.000
2012-03-22,11.48,11.63,11.37,11.43,5265412,62796928.000
2012-03-23,11.41,11.55,11.35,11.38,8031346,95521344.000
2012-03-26,11.40,11.50,11.30,11.36,5542847,65455108.000
2012-03-27,11.45,11.49,11.36,11.41,5156758,61220120.000
2012-03-28,11.38,11.66,11.12,11.13,12539237,148546880.000
2012-03-29,11.12,11.20,10.93,10.99,7967429,91641832.000
2012-03-30,10.96,11.15,10.89,10.91,6933629,79412952.000
2012-04-05,10.85,11.71,10.79,11.43,14779797,173685584.000
2012-04-06,11.33,11.55,11.25,11.36,8233973,97358104.000
2012-04-09,11.32,11.44,11.20,11.35,3658531,43080080.000
2012-04-10,11.32,11.56,11.02,11.53,6069118,71221408.000
2012-04-11,11.39,11.68,11.31,11.47,5964643,71125848.000
2012-04-12,11.48,12.02,11.44,11.86,18561774,227645072.000
2012-04-13,12.17,13.09,12.08,12.43,78916938,1037713984.000
2012-04-16,12.30,12.61,12.21,12.41,40878216,525555520.000
2012-04-17,12.31,12.43,11.81,11.85,23069191,288724576.000
2012-04-18,11.95,12.71,11.90,12.52,38526113,493713312.000
2012-04-19,12.45,12.93,12.45,12.58,34651188,453701824.000
2012-04-20,12.57,13.27,12.55,13.06,48820505,655369344.000
2012-04-23,13.09,13.13,12.80,12.91,24251670,324931552.000
2012-04-24,12.69,13.13,12.34,12.88,28952908,380873184.000
2012-04-25,12.77,13.01,12.62,12.74,18216391,241583152.000
2012-04-26,12.74,12.99,12.45,12.71,25751724,338840928.000
2012-04-27,12.64,12.75,12.36,12.42,15500916,201046624.000
2012-05-02,12.85,12.93,12.54,12.73,25302909,334972096.000
2012-05-03,12.75,13.14,12.69,13.04,18878048,252756624.000
2012-05-04,13.03,13.10,12.75,13.02,16759925,224069264.000
2012-05-07,12.92,13.17,12.85,13.01,14974001,201703648.000
2012-05-08,13.01,13.09,12.59,12.74,15420582,203896816.000
2012-05-09,12.67,12.82,12.46,12.55,9735920,126953760.000
2012-05-10,12.55,12.69,12.47,12.52,7870379,102511408.000
2012-05-11,12.48,12.51,12.06,12.11,22541850,286543232.000
2012-05-14,12.23,12.38,11.91,11.96,23090077,291635744.000
2012-05-15,11.86,12.11,11.77,12.01,18001434,223217552.000
2012-05-16,11.96,12.28,11.73,11.77,26038709,325690112.000
2012-05-17,11.79,12.51,11.79,12.49,22873782,289377696.000
2012-05-18,12.28,12.51,12.23,12.37,16242017,207851760.000
2012-05-21,12.32,12.53,12.02,12.30,12936709,164816096.000
2012-05-22,12.36,12.80,12.32,12.75,14668185,191224624.000
2012-05-23,12.73,13.01,12.56,12.87,17497813,232247168.000
2012-05-24,12.77,12.92,12.57,12.67,13368729,177137152.000
2012-05-25,12.53,12.79,12.37,12.44,18102777,235680592.000
2012-05-28,12.29,12.85,12.06,12.81,22567846,291953472.000
2012-05-29,12.87,13.45,12.82,13.26,30572572,417219200.000
2012-05-30,13.24,13.32,13.12,13.27,19267676,263448064.000
2012-05-31,13.10,13.41,13.05,13.21,14922441,204072720.000
2012-06-01,13.16,13.41,12.89,13.01,16291793,221968704.000
2012-06-04,12.71,12.90,12.39,12.47,16530796,216793824.000
2012-06-05,12.56,12.58,12.15,12.23,10811570,137591440.000
2012-06-06,12.24,12.49,12.06,12.23,8472611,107610648.000
2012-06-07,12.39,12.48,12.13,12.23,9325228,118895320.000
2012-06-08,12.44,12.50,12.16,12.27,11258621,144125504.000
2012-06-11,12.31,12.66,12.22,12.56,9489386,122597752.000
2012-06-12,12.48,12.53,11.91,11.92,22711047,285586368.000
2012-06-13,11.97,12.77,11.92,12.55,28940809,371377472.000
2012-06-14,12.49,12.63,12.40,12.41,9329685,120781056.000
2012-06-15,12.50,12.71,11.97,12.29,18809104,239348496.000
2012-06-19,12.31,12.31,11.96,12.09,12775819,160144960.000
2012-06-20,12.11,12.15,11.76,11.79,20112786,247528608.000
2012-06-21,11.80,11.84,11.22,11.36,22503079,266736976.000
2012-06-25,11.29,11.31,11.03,11.12,11321364,131378312.000
2012-06-26,11.02,11.33,10.96,11.26,15371098,178476464.000
2012-06-27,11.24,11.28,10.92,11.09,14104151,162760176.000
2012-06-28,11.11,11.16,10.88,10.88,12833176,146852480.000
2012-06-29,10.82,11.22,10.65,11.17,21886632,250230528.000
2012-07-02,11.17,11.35,11.08,11.19,10390853,120904768.000
2012-07-03,11.20,11.41,10.94,10.99,18031378,209095056.000
2012-07-04,11.01,11.20,10.96,11.16,9471908,109217704.000
2012-07-05,11.05,11.05,10.52,10.61,19911391,221190224.000
2012-07-06,10.67,10.96,10.32,10.89,20231207,223992176.000
2012-07-09,10.71,10.86,10.43,10.46,13985079,154928832.000
2012-07-10,10.46,10.56,10.33,10.47,7312767,79736376.000
2012-07-11,10.45,10.52,10.33,10.48,7610651,82691496.000
2012-07-12,10.44,10.79,10.26,10.68,20175738,221301840.000
2012-07-13,10.60,10.83,10.57,10.68,12475216,139163648.000
2012-07-16,10.76,10.79,10.46,10.47,23955593,265433312.000
2012-07-17,10.47,10.95,10.37,10.88,19157995,214309632.000
2012-07-18,10.82,11.14,10.75,11.12,17112902,194862864.000
2012-07-19,11.11,11.50,10.96,11.25,18757871,219752192.000
2012-07-20,11.16,11.29,10.97,11.08,9482490,109772752.000
2012-07-23,10.96,11.04,10.78,10.88,7814916,88911904.000
2012-07-24,10.85,11.24,10.83,11.19,11948432,137492016.000
2012-07-25,11.11,11.23,10.97,11.04,6056504,70011384.000
2012-07-26,11.05,11.20,10.93,10.94,6546736,75468096.000
2012-07-27,11.00,11.05,10.64,10.72,9200796,103425352.000
2012-07-30,10.70,10.84,10.45,10.48,7135537,79021912.000
2012-07-31,10.50,10.64,10.38,10.41,8476040,92710520.000
2012-08-01,10.36,10.66,10.35,10.46,17101210,187449328.000
2012-08-02,10.51,10.53,10.10,10.21,7578639,80049984.000
2012-08-03,10.28,10.39,10.15,10.36,7656926,80838656.000
2012-08-06,10.41,10.61,10.33,10.57,9412664,101342168.000
2012-08-07,10.53,10.63,10.51,10.56,7462158,80967104.000
2012-08-08,10.62,10.74,10.54,10.61,8720683,95253544.000
2012-08-09,10.64,10.71,10.44,10.69,9211320,100180992.000
2012-08-10,10.67,10.68,10.54,10.55,5877926,63958312.000
2012-08-13,10.53,10.53,9.90,9.97,15572823,163291520.000
2012-08-14,9.95,10.05,9.69,9.79,15385137,155088608.000
2012-08-15,9.79,9.80,9.57,9.62,10721215,106938392.000
2012-08-16,9.63,9.73,9.56,9.59,11908300,118347688.000
2012-08-17,9.59,9.69,9.55,9.68,5344039,52853508.000
2012-08-20,9.57,9.74,9.51,9.72,6438970,63654144.000
2012-08-21,9.68,9.91,9.68,9.79,7110060,71770600.000
2012-08-22,9.79,9.86,9.71,9.77,5066273,50930580.000
2012-08-23,9.79,9.93,9.71,9.83,5898191,59588948.000
2012-08-24,9.78,9.83,9.63,9.66,4535967,45319484.000
2012-08-27,9.64,9.67,9.25,9.26,8877096,85928328.000
2012-08-28,9.28,9.56,9.28,9.44,5438609,52731008.000
2012-08-29,9.37,9.47,9.28,9.29,6627853,63942444.000
2012-08-30,9.29,9.68,9.27,9.52,13688408,133810080.000
2012-08-31,9.53,9.58,9.43,9.50,5273559,51671592.000
2012-09-03,9.46,9.79,9.32,9.73,11033461,109532488.000
2012-09-04,9.69,9.74,9.39,9.48,9001272,88643520.000
2012-09-05,9.46,9.58,9.32,9.41,7256944,70620104.000
2012-09-06,9.44,9.52,9.35,9.49,6802566,66152480.000
2012-09-07,9.66,10.32,9.64,10.19,31614240,326357216.000
2012-09-10,10.19,10.38,10.14,10.22,17773063,187164048.000
2012-09-11,10.11,10.19,9.95,10.15,9381144,96838784.000
2012-09-12,10.18,10.32,9.97,10.19,7681846,80077536.000
2012-09-13,10.14,10.17,9.97,10.00,12101279,125390448.000
2012-09-14,10.10,10.17,9.91,10.08,14795726,153207424.000
2012-09-17,10.05,10.05,9.71,9.75,11097996,112749280.000
2012-09-18,9.70,9.81,9.45,9.56,9644953,95390320.000
2012-09-19,9.55,9.73,9.54,9.64,9383281,93084664.000
2012-09-20,9.61,9.61,9.38,9.43,8679905,84579696.000
2012-09-21,9.39,9.53,9.31,9.39,7592926,73853000.000
2012-09-24,9.30,9.69,9.23,9.48,8245714,80122944.000
2012-09-25,9.45,9.66,9.42,9.54,8667949,85352192.000
2012-09-26,9.53,9.66,9.31,9.34,7201834,70249936.000
2012-09-27,9.36,10.01,9.33,9.82,20141044,201386080.000
2012-09-28,9.70,10.07,9.65,10.03,20483231,209305072.000
2012-10-08,9.97,10.13,9.86,9.97,13953452,143687264.000
2012-10-09,10.03,10.56,9.99,10.34,24286192,258976336.000
2012-10-10,10.29,10.48,10.27,10.44,16506814,176434416.000
2012-10-11,10.39,10.50,10.20,10.23,10501981,111544752.000
2012-10-12,10.33,10.46,10.06,10.23,8660708,91164312.000
2012-10-15,10.26,10.35,9.91,10.16,11712607,121894024.000
2012-10-16,10.11,10.36,10.04,10.17,11024897,116073456.000
2012-10-17,10.31,10.34,10.01,10.22,13125656,137661280.000
2012-10-18,10.27,10.41,10.16,10.36,13715339,145235376.000
2012-10-19,10.34,10.39,10.26,10.30,6948947,73753936.000
2012-10-22,10.21,10.43,10.16,10.35,7214934,76598112.000
2012-10-23,10.36,10.38,10.01,10.07,10815466,113059456.000
2012-10-24,10.02,10.09,9.90,9.94,6728410,69311304.000
2012-10-25,9.93,10.04,9.79,9.86,7890809,80355800.000
2012-10-26,9.85,9.89,9.46,9.54,14455436,143208448.000
2012-10-29,9.52,9.55,9.21,9.38,20948511,202180976.000
2012-10-30,9.31,9.49,9.26,9.31,14190177,136631280.000
2012-10-31,9.31,9.36,9.08,9.27,15134442,143373408.000
2012-11-01,9.26,9.53,9.21,9.47,21726190,210894464.000
2012-11-02,9.45,9.55,9.38,9.51,13775583,134221888.000
2012-11-05,9.48,9.55,9.40,9.48,7903690,77038912.000
2012-11-06,9.51,9.55,9.26,9.50,12757368,123639120.000
2012-11-07,9.44,9.51,9.35,9.37,8551114,82974736.000
2012-11-08,9.26,9.35,9.03,9.09,13681796,130032144.000
2012-11-09,9.06,9.11,8.83,8.91,12342725,114301408.000
2012-11-12,8.90,8.96,8.77,8.89,10066361,91948456.000
2012-11-13,8.88,8.88,8.57,8.60,10992588,98584472.000
2012-11-14,8.59,8.76,8.56,8.71,6143124,54891136.000
2012-11-15,8.62,8.70,8.41,8.45,7508178,66364864.000
2012-11-16,8.42,8.43,8.21,8.32,16816280,144626800.000
2012-11-19,8.33,8.50,8.26,8.45,13940134,121098232.000
2012-11-20,8.46,8.49,8.29,8.39,9572155,82996800.000
2012-11-21,8.36,8.64,8.28,8.63,14621030,128235376.000
2012-11-22,8.55,8.57,8.39,8.50,9368648,82309456.000
2012-11-23,8.50,8.64,8.47,8.54,8673904,76761880.000
2012-11-26,8.49,8.55,8.43,8.45,5600154,49191628.000
2012-11-27,8.42,8.48,8.32,8.33,7386651,64009052.000
2012-11-28,8.30,8.33,8.24,8.29,7406244,63426532.000
2012-11-29,8.29,8.39,7.85,7.93,16525385,139044592.000
2012-11-30,7.95,8.10,7.75,8.00,10374904,85492048.000
2012-12-03,8.01,8.13,7.87,7.90,6286994,51894080.000
2012-12-04,7.89,8.13,7.88,8.09,8109383,67095248.000
2012-12-05,8.03,8.76,8.02,8.60,29409199,258860976.000
2012-12-06,8.58,8.62,8.42,8.53,13506510,119004352.000
2012-12-07,8.52,8.81,8.46,8.74,20050584,180014096.000
2012-12-10,8.75,8.96,8.75,8.88,16861731,154462880.000
2012-12-11,8.81,8.84,8.71,8.76,11746709,106395376.000
2012-12-12,8.75,8.85,8.66,8.78,9748158,88041664.000
2012-12-13,8.76,8.76,8.57,8.61,9771321,87327048.000
2012-12-14,8.66,9.36,8.65,9.30,36486056,341859488.000
2012-12-17,9.33,9.63,9.22,9.52,27793812,270414624.000
2012-12-18,9.48,9.95,9.37,9.67,30357242,302281312.000
2012-12-19,9.64,9.84,9.55,9.69,13907067,138448720.000
2012-12-20,9.61,9.95,9.50,9.90,16960995,169949504.000
2012-12-21,9.89,10.04,9.61,9.66,14597732,147194400.000
2012-12-24,9.67,9.94,9.66,9.71,10299045,103867992.000
2012-12-25,9.56,10.15,9.56,9.98,18860279,193074736.000
2012-12-26,9.94,9.95,9.77,9.87,14528845,147378288.000
2012-12-27,9.92,10.01,9.59,9.69,20763522,208849872.000
2012-12-28,9.78,10.12,9.63,10.08,38273095,389218304.000
2012-12-31,10.16,10.38,9.99,10.26,32693732,342605216.000
2013-01-04,10.41,10.49,9.99,10.12,34161564,356560192.000
2013-01-07,10.06,10.18,9.96,10.09,18467334,191009584.000
2013-01-08,10.07,10.10,9.78,9.86,19993093,203123248.000
2013-01-09,9.81,9.94,9.74,9.83,12035337,122000376.000
2013-01-10,9.92,10.09,9.76,9.83,21310379,217248960.000
2013-01-11,9.83,9.88,9.49,9.57,19805761,197791744.000
2013-01-14,9.51,10.07,9.46,10.04,24936303,253753680.000
2013-01-15,10.03,10.18,9.99,10.09,20415975,212019648.000
2013-01-16,10.10,10.16,9.67,9.85,25280866,257458000.000
2013-01-17,9.82,10.07,9.72,9.94,19574388,199439744.000
2013-01-18,10.03,10.30,9.84,10.11,23248284,241520848.000
2013-01-21,10.13,10.25,10.02,10.11,18300490,190620928.000
2013-01-22,10.15,10.25,9.94,10.06,24569820,255443328.000
2013-01-23,10.00,10.11,9.84,10.02,18702979,191860080.000
2013-01-24,10.04,10.36,9.84,9.96,42759652,446492160.000
2013-01-25,9.93,10.05,9.80,9.87,21048106,214879792.000
2013-01-28,9.96,10.89,9.95,10.89,82030171,897030784.000
2013-01-29,11.10,12.01,11.01,12.01,126193667,1492534272.000
2013-01-30,12.37,12.57,12.11,12.48,113813426,1439845632.000
2013-01-31,12.30,12.80,12.21,12.53,85085335,1086380928.000
2013-02-01,12.36,13.81,12.28,13.81,105194974,1392729728.000
2013-02-04,13.63,14.03,13.41,13.75,89129213,1247841920.000
2013-02-05,13.51,13.76,13.37,13.58,51790186,716856192.000
2013-02-06,13.52,14.00,13.43,13.55,63758153,891872768.000
2013-02-07,13.53,13.86,12.82,13.31,66094036,904143424.000
2013-02-08,13.23,13.67,13.18,13.31,38383736,524940896.000
2013-02-18,13.32,13.40,12.71,12.77,37053815,489127360.000
2013-02-19,12.70,13.16,12.64,12.88,57389481,756766016.000
2013-02-20,12.89,13.01,12.56,12.89,34285351,449043520.000
2013-02-21,12.66,12.76,11.89,12.02,60271639,755228224.000
2013-02-22,12.04,12.41,11.97,12.24,39126313,488310080.000
2013-02-25,12.43,12.65,12.19,12.36,44297645,563348544.000
2013-02-26,12.12,13.17,11.94,12.41,86653405,1122655616.000
2013-02-27,12.71,13.61,12.70,13.48,100516725,1357290880.000
2013-02-28,13.59,14.10,13.21,14.00,108103013,1509436928.000
2013-03-01,13.82,14.08,13.51,14.00,75116381,1059476544.000
2013-03-04,13.54,13.76,12.83,13.16,73869369,1006530688.000
2013-03-05,13.21,14.47,13.13,14.42,100562212,1416810752.000
2013-03-06,14.46,14.48,14.04,14.17,80705207,1172125952.000
2013-03-07,14.33,14.57,13.47,13.79,76342690,1098094080.000
2013-03-08,13.77,13.88,13.21,13.28,46615726,642314752.000
2013-03-11,13.27,13.69,12.93,13.36,40792223,555601728.000
2013-03-12,13.35,13.71,12.96,13.21,46001925,624590208.000
2013-03-13,13.11,13.19,12.68,12.71,42281595,555975360.000
2013-03-14,12.70,12.96,12.66,12.73,27068720,354400800.000
2013-03-15,12.83,13.36,12.31,12.72,67671921,890147776.000
2013-03-18,12.57,12.71,12.23,12.27,39172931,498856896.000
2013-03-19,12.28,12.83,12.18,12.62,43022319,552250944.000
2013-03-20,12.63,13.65,12.60,13.62,81519893,1101866880.000
2013-03-21,13.60,13.71,13.40,13.60,45194664,626658304.000
2013-03-22,13.58,13.76,13.41,13.69,38122080,530640160.000
2013-03-25,13.72,13.86,13.27,13.36,38337474,527673344.000
2013-03-26,13.26,13.26,12.69,12.82,39513904,520867392.000
2013-03-27,12.87,13.31,12.76,13.04,37584418,500957280.000
2013-03-28,12.61,12.61,12.21,12.30,36975160,469700064.000
2013-03-29,12.34,12.46,11.75,11.78,33228724,411799488.000
2013-04-01,11.79,12.25,11.76,12.01,24842058,306061056.000
2013-04-02,11.89,12.31,11.89,12.21,33008945,411121568.000
2013-04-03,12.23,12.33,11.91,11.99,21352477,264611920.000
2013-04-08,11.63,11.79,11.26,11.74,23806590,281844576.000
2013-04-09,11.84,12.20,11.84,11.99,25120912,308967392.000
2013-04-10,11.96,12.03,11.44,11.63,35046917,418548608.000
2013-04-11,11.81,11.91,11.43,11.44,20628151,245695952.000
2013-04-12,11.41,11.62,10.98,11.13,29268495,337268480.000
2013-04-15,11.05,11.28,10.82,11.14,30546316,346845408.000
2013-04-16,10.96,11.67,10.93,11.51,35951694,417417312.000
2013-04-17,11.49,11.59,11.14,11.38,28862224,336764000.000
2013-04-18,11.21,11.76,11.17,11.73,36608988,433939040.000
2013-04-19,11.76,12.37,11.71,12.20,58307862,723697024.000
2013-04-22,12.12,12.32,12.09,12.24,27563998,344116544.000
2013-04-23,12.19,12.19,11.50,11.54,44920824,540094528.000
2013-04-24,11.55,12.15,11.38,11.96,39163862,473526208.000
2013-04-25,11.81,12.36,11.66,11.95,40583388,499894624.000
2013-04-26,12.00,12.14,11.76,11.84,22898539,281237664.000
2013-05-02,11.76,12.01,11.51,11.83,21951974,264721472.000
2013-05-03,11.93,12.56,11.93,12.34,47456955,599721536.000
2013-05-06,12.43,12.75,12.26,12.71,43578345,558406912.000
2013-05-07,12.56,12.59,12.31,12.50,31891254,405956416.000
2013-05-08,12.49,12.67,12.22,12.32,26512089,335628000.000
2013-05-09,12.30,12.36,11.92,12.22,30526584,379214432.000
2013-05-10,12.11,12.59,12.09,12.36,26280434,333053760.000
2013-05-13,12.38,12.45,12.04,12.08,20271353,252405760.000
2013-05-14,12.07,12.15,11.79,11.85,20545532,251081328.000
2013-05-15,11.89,12.11,11.89,11.96,15155995,186374096.000
2013-05-16,11.91,12.48,11.84,12.39,30272137,380425664.000
2013-05-17,12.37,12.82,12.27,12.69,43151571,555878784.000
2013-05-20,12.74,13.03,12.63,12.75,40256342,527955200.000
2013-05-21,12.71,12.73,12.49,12.70,26110615,337085408.000
2013-05-22,12.80,13.04,12.66,12.81,31500008,413716288.000
2013-05-23,12.69,13.00,12.55,12.63,29107146,379514720.000
2013-05-24,12.71,12.87,12.61,12.73,23873643,311345472.000
2013-05-27,12.77,13.06,12.67,12.88,32818217,434136128.000
2013-05-28,12.93,13.41,12.81,13.40,54351477,729010368.000
2013-05-29,13.46,13.49,13.14,13.19,35775563,485278336.000
2013-05-30,13.11,13.43,13.06,13.17,35791942,485909568.000
2013-05-31,13.24,13.30,12.86,12.89,27542094,366729248.000
2013-06-03,12.88,13.15,12.76,12.91,22286467,295550528.000
2013-06-04,12.81,12.90,12.58,12.62,20169912,261603520.000
2013-06-05,12.69,12.80,12.52,12.66,13098895,169757520.000
2013-06-06,12.59,12.69,12.45,12.46,15609587,200833104.000
2013-06-07,12.41,12.71,11.79,11.92,35936529,448742272.000
2013-06-13,11.71,11.71,10.98,11.18,30852489,355639456.000
2013-06-14,11.23,11.38,11.14,11.31,20998065,242815744.000
2013-06-17,11.30,11.32,10.90,10.94,24148421,274265408.000
2013-06-18,11.02,11.21,10.93,11.15,17924682,204104320.000
2013-06-19,11.12,11.14,10.74,11.04,18239566,205226064.000
2013-06-20,11.01,11.01,10.59,10.66,21119927,233541888.000
2013-06-21,10.40,10.89,10.29,10.69,20646690,224912608.000
2013-06-24,10.65,10.70,9.69,9.99,33390221,346159840.000
2013-06-25,9.79,10.07,8.96,9.84,37353976,367141536.000
2013-06-26,9.81,10.15,9.63,9.86,26989087,274733408.000
2013-06-27,9.93,10.06,9.61,9.81,29532886,298406880.000
2013-06-28,9.71,10.26,9.62,10.11,35713073,368622464.000
2013-07-01,9.99,10.18,9.88,10.14,16096232,166369632.000
2013-07-02,10.10,10.28,9.91,10.10,15105619,156497920.000
2013-07-03,10.01,10.01,9.66,9.87,20170266,203424352.000
2013-07-04,9.66,10.13,9.46,9.86,23904094,242131008.000
2013-07-05,9.93,10.13,9.84,10.00,19403903,199297136.000
2013-07-08,9.81,10.12,9.69,9.96,17337336,176592768.000
2013-07-09,9.93,10.02,9.73,9.93,9341607,95002728.000
2013-07-10,9.87,10.44,9.82,10.37,29396992,307878080.000
2013-07-11,10.39,11.44,10.29,11.41,72347148,818924160.000
2013-07-12,11.29,11.39,10.83,10.85,52188407,596460928.000
2013-07-15,11.12,11.83,10.88,11.30,48214895,561372416.000
2013-07-16,11.13,11.35,11.08,11.33,27519212,316074624.000
2013-07-17,11.26,11.46,10.94,10.98,23029450,263915216.000
2013-07-18,10.91,11.02,10.70,10.76,18957747,210426064.000
2013-07-19,10.76,10.95,10.26,10.43,22190884,242020176.000
2013-07-22,10.31,10.65,10.15,10.62,14201971,150516112.000
2013-07-23,10.65,11.24,10.57,11.08,24207904,270639136.000
2013-07-24,10.95,11.06,10.68,10.92,16312217,180086480.000
2013-07-25,10.96,11.18,10.80,10.81,15935578,177518368.000
2013-07-26,10.73,10.84,10.50,10.80,13180091,142917536.000
2013-07-29,10.64,10.66,10.29,10.32,15608143,165613584.000
2013-07-30,10.39,10.87,10.32,10.58,17769652,191730896.000
2013-07-31,10.74,10.96,10.74,10.81,20557079,226302960.000
2013-08-01,10.87,11.28,10.81,11.21,28568024,322712224.000
2013-08-02,11.30,11.35,11.04,11.10,12580326,142236224.000
2013-08-05,11.08,11.30,11.03,11.25,16444300,186082448.000
2013-08-06,11.18,11.46,11.05,11.43,22570541,258082752.000
2013-08-07,11.42,11.63,11.10,11.24,26295860,302868704.000
2013-08-08,11.15,11.30,11.03,11.10,12296627,138594160.000
2013-08-09,11.18,11.54,11.15,11.38,27063894,311346848.000
2013-08-12,11.49,11.85,11.39,11.74,40129832,475432352.000
2013-08-13,11.75,11.89,11.60,11.69,19356541,230184256.000
2013-08-14,11.77,11.94,11.46,11.49,24805853,293374016.000
2013-08-15,11.51,11.59,11.27,11.30,17641865,204186464.000
2013-08-16,11.19,12.45,11.10,11.29,66290845,785126464.000
2013-08-19,10.85,11.10,10.65,10.92,44187679,485731392.000
2013-08-20,10.91,11.06,10.66,10.72,27291677,300441568.000
2013-08-21,10.79,10.90,10.66,10.82,12505434,136693328.000
2013-08-22,10.76,11.03,10.73,10.87,16433494,181932496.000
2013-08-23,11.00,11.03,10.56,10.77,13424332,146627472.000
2013-08-26,11.05,11.30,10.95,11.27,32042803,361608992.000
2013-08-27,11.19,11.27,11.08,11.21,17181296,194406992.000
2013-08-28,11.05,11.20,10.97,11.05,18018783,202055680.000
2013-08-29,11.30,11.43,11.09,11.12,18950526,215324224.000
2013-08-30,11.12,11.51,11.02,11.23,30720308,351863968.000
2013-09-02,11.20,11.50,11.18,11.39,23298578,267789056.000
2013-09-03,11.46,11.52,11.18,11.38,23770433,272901824.000
2013-09-04,11.28,11.40,11.11,11.22,24735026,281038976.000
2013-09-05,11.18,11.26,11.08,11.10,10303814,116439368.000
2013-09-06,11.10,11.30,11.05,11.16,14102639,159605152.000
2013-09-09,11.25,11.91,11.18,11.69,62708721,736765696.000
2013-09-10,11.65,12.18,11.61,12.16,65574353,788255232.000
2013-09-11,12.31,12.51,12.06,12.09,53763396,668392256.000
2013-09-12,12.08,12.54,12.05,12.36,48846004,610465920.000
2013-09-13,12.29,12.42,11.98,12.16,31650148,389680448.000
2013-09-16,12.24,12.25,11.83,11.90,24740303,300396096.000
2013-09-17,11.91,12.00,11.64,11.66,21039676,252072368.000
2013-09-18,11.66,11.74,11.45,11.74,22067272,259304080.000
2013-09-23,11.66,11.88,11.56,11.83,17196182,204429152.000
2013-09-24,11.73,11.81,11.45,11.50,20568097,241133424.000
2013-09-25,11.50,11.65,11.31,11.37,17527306,203809664.000
2013-09-26,11.31,11.35,11.05,11.08,17920229,202671568.000
2013-09-27,11.08,11.26,11.01,11.25,13703006,154724656.000
2013-09-30,11.30,11.34,11.13,11.15,9858296,111947472.000
2013-10-08,11.10,11.39,11.00,11.34,11509623,130943448.000
2013-10-09,11.26,11.46,11.24,11.43,12167520,140290096.000
2013-10-10,11.43,11.43,11.02,11.08,17101527,193289888.000
2013-10-11,11.15,11.42,11.15,11.37,17909955,205023312.000
2013-10-14,11.35,11.39,11.05,11.18,15786191,179325792.000
2013-10-15,11.21,11.30,11.07,11.15,10597665,119889704.000
2013-10-17,10.96,11.16,10.68,11.02,23113201,256418720.000
2013-10-18,10.93,11.29,10.91,11.07,16398501,185049136.000
2013-10-21,11.09,11.22,10.89,11.18,17421162,195691056.000
2013-10-22,11.15,11.15,10.89,10.91,16728440,186179904.000
2013-10-23,11.01,11.12,10.76,10.77,15198273,167982304.000
2013-10-24,10.67,10.85,10.57,10.71,9024651,97823088.000
2013-10-25,10.71,10.88,10.50,10.66,11151262,120987920.000
2013-10-28,10.56,10.69,10.40,10.44,12011777,128293768.000
2013-10-29,10.55,10.69,10.36,10.55,17809797,190038544.000
2013-10-30,10.60,10.66,10.46,10.62,11326701,121178608.000
2013-10-31,10.63,10.63,10.43,10.46,13235227,141412288.000
2013-11-01,10.54,10.65,10.43,10.57,12511309,133968512.000
2013-11-04,10.70,10.72,10.40,10.44,11211024,119662216.000
2013-11-05,10.35,10.44,10.20,10.40,13302124,138854784.000
2013-11-06,10.36,10.40,10.22,10.23,10205833,106613008.000
2013-11-07,10.22,10.34,10.18,10.30,9302733,96829240.000
2013-11-08,10.24,10.32,9.93,10.01,10914402,112107720.000
2013-11-11,10.05,10.06,9.86,9.88,12275275,123561352.000
2013-11-12,9.92,10.01,9.87,9.95,10840520,109353664.000
2013-11-13,9.91,9.91,9.66,9.69,12833154,126937384.000
2013-11-14,9.78,9.78,9.60,9.67,10501201,103305224.000
2013-11-15,9.72,10.65,9.72,10.39,82073089,874949568.000
2013-11-18,10.57,11.15,10.39,11.11,97126871,1057962112.000
2013-11-19,10.95,11.01,10.72,10.84,42689620,469727264.000
2013-11-20,10.97,11.04,10.74,10.87,26376957,290237120.000
2013-11-21,10.77,10.83,10.51,10.72,36173086,391450272.000
2013-11-22,10.83,10.95,10.68,10.69,34185413,375056512.000
2013-11-25,10.59,10.94,10.53,10.63,24892769,271417760.000
2013-11-26,10.62,10.91,10.62,10.65,21966483,239426608.000
2013-11-27,10.65,11.08,10.64,10.94,49894195,551204992.000
2013-11-28,10.85,11.07,10.82,10.86,48983997,542693504.000
2013-11-29,10.89,10.93,10.75,10.79,19975541,219277264.000
2013-12-02,11.60,11.88,11.41,11.88,171397680,2044605440.000
2013-12-03,11.88,12.29,11.77,12.13,165456305,2015516928.000
2013-12-04,12.05,12.27,11.96,12.07,93556070,1147952000.000
2013-12-05,12.06,12.69,11.96,12.39,98950177,1241826816.000
2013-12-06,12.30,12.65,12.20,12.39,62463866,785258880.000
2013-12-09,12.55,13.27,12.39,12.45,84068492,1087357184.000
2013-12-10,12.44,13.03,12.33,12.86,79477769,1026944640.000
2013-12-11,12.65,12.80,12.27,12.38,60719979,765212672.000
2013-12-12,12.38,12.64,12.26,12.37,49881050,628437632.000
2013-12-13,12.20,12.49,12.14,12.33,36101015,450696224.000
2013-12-16,12.35,12.43,11.75,11.91,54942782,667586112.000
2013-12-17,11.92,12.12,11.76,11.92,32192598,389346848.000
2013-12-18,11.96,12.24,11.89,12.03,37116160,453052256.000
2013-12-19,12.14,12.22,11.86,12.01,34556301,422184640.000
2013-12-20,11.93,12.14,11.53,11.57,41632112,499226304.000
2013-12-23,11.63,11.99,11.42,11.85,38269848,455681088.000
2013-12-24,11.82,11.92,11.57,11.68,31137090,370742656.000
2013-12-25,11.71,12.22,11.66,12.21,56959251,692593152.000
2013-12-26,12.05,12.09,11.68,11.76,58800934,708059712.000
2013-12-27,11.76,12.33,11.76,12.30,78092026,958903104.000
2013-12-30,12.45,12.45,12.17,12.34,48611028,604703424.000
2013-12-31,12.28,12.81,12.20,12.53,64086830,816884032.000
2014-01-02,12.40,12.59,12.23,12.40,37984957,474455104.000
2014-01-03,12.28,12.34,11.89,11.96,47569677,578342528.000
2014-01-06,11.85,11.92,11.52,11.76,55056199,652279040.000
2014-01-07,11.60,11.85,11.55,11.73,28799145,340785568.000
2014-01-08,11.70,12.03,11.68,11.81,42513490,510107040.000
2014-01-09,11.71,11.94,11.55,11.56,33705525,401436832.000
2014-01-10,11.46,11.58,11.09,11.10,45612601,520483424.000
2014-01-13,11.02,11.25,10.93,10.96,28805528,322696928.000
2014-01-14,11.00,11.27,10.95,11.17,24975329,281292736.000
2014-01-15,11.16,11.48,11.06,11.43,31217077,354791840.000
2014-01-16,11.37,11.53,11.29,11.35,25425006,293962592.000
2014-01-17,11.30,11.34,11.03,11.20,25474399,287830464.000
2014-01-20,11.13,11.30,11.08,11.20,18880926,214288336.000
2014-01-21,11.23,11.68,11.23,11.44,31052791,361490688.000
2014-01-22,11.50,12.03,11.42,12.02,53817224,643898240.000
2014-01-23,11.95,12.07,11.90,11.97,32726781,396891936.000
2014-01-24,11.86,12.29,11.86,12.07,36557610,448365024.000
2014-01-27,12.03,12.03,11.57,11.59,38699795,459744160.000
2014-01-28,11.70,11.90,11.65,11.77,32362015,385886048.000
2014-01-29,11.83,12.03,11.76,11.88,29962596,360839424.000
2014-01-30,11.78,11.90,11.60,11.63,22539067,266873696.000
2014-02-07,11.45,11.57,11.24,11.54,30770755,355793248.000
2014-02-10,11.57,12.15,11.57,12.13,54187051,655021312.000
2014-02-11,12.10,12.39,11.98,12.07,53775942,662156224.000
2014-02-12,12.15,12.30,11.92,12.07,37600764,459736800.000
2014-02-13,12.10,12.15,11.81,11.83,47232773,571615680.000
2014-02-14,11.78,12.00,11.78,11.94,25526464,307836000.000
2014-02-17,12.05,12.12,11.80,11.97,46816229,565541888.000
2014-02-18,11.96,11.96,11.35,11.44,71149377,833075584.000
2014-02-19,11.35,11.51,11.13,11.41,58702675,671262784.000
2014-02-20,11.40,11.51,11.02,11.05,51429297,584564096.000
2014-02-21,10.97,10.97,10.62,10.72,56502583,615132288.000
2014-02-24,10.64,10.64,10.36,10.51,33520789,355720768.000
2014-02-25,10.51,10.59,10.07,10.18,41555367,435892032.000
2014-02-26,10.10,10.19,9.84,10.09,42898826,436273440.000
2014-02-27,10.20,10.27,9.97,9.99,34371153,352425248.000
2014-02-28,10.04,10.70,9.99,10.63,71778917,754947904.000
2014-03-03,10.47,10.55,10.32,10.46,40524635,429236256.000
2014-03-04,10.56,10.74,10.30,10.48,38005670,405173632.000
2014-03-05,10.50,10.57,10.15,10.16,33272815,349176864.000
2014-03-06,10.15,10.34,10.01,10.25,33313433,345670464.000
2014-03-07,10.20,10.38,9.97,10.16,30739524,317218816.000
2014-03-10,9.90,10.06,9.73,9.75,34300139,344288992.000
2014-03-11,9.77,9.92,9.65,9.90,26225164,260499024.000
2014-03-12,9.83,9.94,9.71,9.88,28447283,283964064.000
2014-03-13,9.90,10.20,9.85,10.03,33665505,342486976.000
2014-03-17,9.91,9.92,9.70,9.87,30968282,307992608.000
2014-03-18,9.92,9.95,9.77,9.80,20877523,208970256.000
2014-03-19,9.78,9.79,9.66,9.74,19083778,188214672.000
2014-03-20,9.71,9.85,9.60,9.62,25923782,256443488.000
2014-03-21,9.62,10.10,9.56,10.07,52611247,527930784.000
2014-03-24,10.06,10.41,9.89,10.19,59797137,614674240.000
2014-03-25,10.14,10.40,10.10,10.21,40421866,420713024.000
2014-03-26,10.52,10.60,10.20,10.21,37950723,399263840.000
2014-03-27,10.13,10.30,9.93,10.03,31387791,322134624.000
2014-03-28,10.03,10.20,9.99,10.04,23741680,242941424.000
2014-03-31,10.00,10.12,9.91,9.98,14981779,152195888.000
2014-04-01,9.99,10.20,9.95,10.14,24363673,250068624.000
2014-04-02,10.11,10.27,10.11,10.21,19224266,198769664.000
2014-04-03,10.25,10.56,10.23,10.31,47622356,503806528.000
2014-04-04,10.29,10.50,10.26,10.47,25386087,267844496.000
2014-04-08,10.43,10.90,10.36,10.79,60316883,655206080.000
2014-04-09,10.81,10.83,10.62,10.71,25203266,273703904.000
2014-04-10,10.72,11.30,10.62,11.09,78462033,877935680.000
2014-04-11,11.10,11.29,10.93,11.00,37295291,418997216.000
2014-04-14,11.06,11.10,10.77,10.88,26659885,294089856.000
2014-04-15,10.82,10.82,10.54,10.57,28865336,311954112.000
2014-04-16,10.52,10.82,10.52,10.65,25266020,273073472.000
2014-04-17,10.73,10.76,10.51,10.58,20877251,225189760.000
2014-04-18,10.47,10.61,10.26,10.57,27377717,289787744.000
2014-04-21,10.43,10.65,10.32,10.33,23641202,251562304.000
2014-04-22,10.30,10.44,10.17,10.42,19449788,203326032.000
2014-04-23,10.40,10.45,10.23,10.30,14904074,156633280.000
2014-04-24,10.30,10.44,10.25,10.31,14814215,155625440.000
2014-04-25,10.40,10.43,10.20,10.24,17284141,181167984.000
2014-04-28,10.24,10.31,9.98,10.05,21888810,224281856.000
2014-04-29,10.03,10.26,9.97,10.23,16488836,169193984.000
2014-04-30,10.23,10.27,10.13,10.22,13430919,139063520.000
2014-05-05,10.16,10.40,10.07,10.37,18292174,189509072.000
2014-05-06,10.31,10.49,10.30,10.35,18653362,196879536.000
2014-05-07,10.29,10.43,10.26,10.35,14728251,154863472.000
2014-05-08,10.34,10.74,10.30,10.46,27689483,295762496.000
2014-05-09,10.46,10.60,10.34,10.58,21372710,227218224.000
2014-05-12,10.75,10.94,10.57,10.84,58661087,640571584.000
2014-05-13,10.75,10.85,10.62,10.68,26189211,284413152.000
2014-05-14,10.70,10.80,10.64,10.69,19525648,212232224.000
2014-05-15,10.66,10.68,10.29,10.34,29455292,312253312.000
2014-05-16,10.36,10.38,10.12,10.31,24113886,250608448.000
2014-05-19,10.24,10.25,9.97,10.03,26687864,271869952.000
2014-05-20,10.15,10.17,10.01,10.06,12254915,125279616.000
2014-05-21,9.98,10.15,9.94,10.14,15605755,159702320.000
2014-05-22,10.13,10.29,10.03,10.07,17478707,180382496.000
2014-05-23,10.07,10.18,10.05,10.18,11255841,115659888.000
2014-05-26,10.26,10.28,10.18,10.21,16606717,172187728.000
2014-05-27,10.20,10.28,10.13,10.14,13073246,135568576.000
2014-05-28,10.13,10.42,10.11,10.36,23278798,243031392.000
2014-05-29,10.33,10.38,10.16,10.18,13986019,145570128.000
2014-05-30,10.19,10.28,10.11,10.22,10989315,113934560.000
2014-06-03,10.22,10.31,10.05,10.08,14826765,153119184.000
2014-06-04,10.08,10.10,9.85,9.89,23577582,237405456.000
2014-06-05,9.90,10.05,9.89,10.04,14220099,143775888.000
2014-06-06,10.04,10.04,9.86,9.94,13921432,140393952.000
2014-06-09,9.88,10.00,9.81,9.86,13655320,137130048.000
2014-06-10,9.92,10.06,9.89,10.02,24153671,245314864.000
2014-06-11,10.00,10.07,9.95,9.97,13903259,141079440.000
2014-06-12,9.97,10.03,9.92,9.95,10565993,107107016.000
2014-06-13,9.98,10.21,9.91,10.10,23998724,245522448.000
2014-06-16,10.12,10.22,10.08,10.17,17556261,180813376.000
2014-06-17,10.13,10.14,10.01,10.04,15117399,154262304.000
2014-06-18,10.03,10.06,9.95,9.96,11851761,120303080.000
2014-06-19,9.96,9.99,9.76,9.79,22844959,228363776.000
2014-06-20,9.79,9.83,9.74,9.80,10878037,108052368.000
2014-06-23,9.81,9.87,9.76,9.78,11376443,113299264.000
2014-06-24,9.81,9.83,9.76,9.80,12687601,126210504.000
2014-06-25,9.81,9.81,9.73,9.77,10058784,99762560.000
2014-06-26,9.77,9.94,9.77,9.85,14411279,144361856.000
2014-06-27,9.85,9.92,9.80,9.87,12858707,128667840.000
2014-06-30,9.90,10.03,9.90,9.96,19066654,192744192.000
2014-07-01,9.95,10.02,9.90,9.93,12432838,125317896.000
2014-07-02,9.94,10.01,9.91,9.98,14481613,146373552.000
2014-07-03,9.95,10.02,9.92,9.97,17179102,174021808.000
2014-07-04,9.97,10.00,9.91,9.94,11577121,116844296.000
2014-07-07,9.94,9.95,9.88,9.91,9729478,97868408.000
2014-07-08,9.89,9.90,9.81,9.88,12355449,123610136.000
2014-07-09,9.88,9.92,9.79,9.80,23157384,231483744.000
2014-07-10,9.81,9.83,9.75,9.79,15293851,152001616.000
2014-07-11,9.76,9.89,9.76,9.87,10997126,109919568.000
2014-07-14,9.87,9.97,9.84,9.97,18880282,189927152.000
2014-07-15,9.96,9.98,9.89,9.93,15849855,159832720.000
2014-07-16,9.96,10.02,9.91,9.92,17479416,176647440.000
2014-07-17,9.92,9.94,9.85,9.89,10889465,109262976.000
2014-07-18,9.86,10.00,9.82,9.92,20423247,205602736.000
2014-07-21,9.90,9.92,9.81,9.83,11966890,119785040.000
2014-07-22,9.83,10.04,9.82,9.98,32086618,324347360.000
2014-07-23,9.99,10.16,9.98,10.08,37393677,382728576.000
2014-07-24,10.05,10.53,10.05,10.39,65930164,692816128.000
2014-07-25,10.41,10.49,10.32,10.46,39310008,415181152.000
2014-07-28,10.61,11.15,10.56,10.85,93871521,1032716864.000
2014-07-29,10.87,10.95,10.77,10.83,39822016,437922880.000
2014-07-30,10.78,11.02,10.75,10.80,38131855,420225472.000
2014-07-31,10.78,10.93,10.74,10.91,26475395,290349888.000
2014-08-01,10.87,10.98,10.67,10.67,37236719,408428192.000
2014-08-04,10.73,11.12,10.73,11.10,52580400,583798272.000
2014-08-05,11.12,11.17,10.92,11.02,32393847,361937184.000
2014-08-06,11.00,11.07,10.83,11.01,34980836,387949632.000
2014-08-07,11.10,11.17,10.81,10.85,37278300,415425184.000
2014-08-08,10.85,10.94,10.72,10.84,26736097,293563104.000
2014-08-11,10.94,11.09,10.88,11.05,30129112,336634880.000
2014-08-12,11.05,11.05,10.93,10.99,21837463,243141184.000
2014-08-13,10.98,11.15,10.87,11.00,36431659,406220128.000
2014-08-14,11.03,11.08,10.85,10.88,31085267,346161472.000
2014-08-15,10.91,11.13,10.84,11.08,45807692,511790976.000
2014-08-18,11.12,11.21,11.06,11.14,30612391,345323552.000
2014-08-19,11.18,11.19,10.88,11.00,32713255,365056416.000
2014-08-20,11.00,11.07,10.96,11.00,21846610,243799056.000
2014-08-21,11.00,11.02,10.74,10.83,28413370,312597664.000
2014-08-22,10.82,10.93,10.78,10.89,20774320,228604976.000
2014-08-25,10.95,10.97,10.67,10.69,28233046,308169312.000
2014-08-26,10.65,10.74,10.55,10.58,22286593,240321280.000
2014-08-27,10.56,10.65,10.52,10.53,18717006,200662800.000
2014-08-28,10.55,10.62,10.44,10.50,23817760,254123552.000
2014-08-29,10.55,10.59,10.45,10.58,18683203,199395936.000
2014-09-01,10.59,10.63,10.54,10.63,20946252,224964176.000
2014-09-02,10.65,10.87,10.62,10.84,36615072,398838976.000
2014-09-03,10.88,10.95,10.83,10.87,30009604,331421440.000
2014-09-04,10.88,11.02,10.87,11.01,34686908,385246880.000
2014-09-05,11.10,11.17,11.00,11.09,44604135,501130816.000
2014-09-09,11.11,11.15,10.97,11.01,23736962,265470144.000
2014-09-10,10.96,10.96,10.85,10.90,27779784,306829504.000
2014-09-11,10.91,11.15,10.88,10.95,43689397,487528448.000
2014-09-12,10.94,11.00,10.84,10.99,25725821,284473248.000
2014-09-15,10.95,11.05,10.88,11.00,27144034,301463520.000
2014-09-16,11.05,11.07,10.66,10.68,35165316,388462464.000
2014-09-17,10.71,10.80,10.63,10.70,20357086,220955456.000
2014-09-18,10.70,10.89,10.59,10.73,24540169,267550752.000
2014-09-19,10.74,11.00,10.73,10.92,30082330,332227488.000
2014-09-22,10.92,11.00,10.68,10.73,27356604,300902464.000
2014-09-23,10.69,10.99,10.66,10.94,26221070,289131040.000
2014-09-24,10.97,11.55,10.90,11.48,97293776,1111436672.000
2014-09-25,11.53,11.68,11.31,11.36,62488236,727404416.000
2014-09-26,11.32,11.46,11.22,11.35,38038970,436749152.000
2014-09-29,11.45,11.59,11.38,11.48,41125998,478721536.000
2014-09-30,11.49,11.60,11.43,11.48,30318109,353153280.000
2014-10-08,11.51,11.75,11.39,11.67,45174850,530551616.000
2014-10-09,11.68,11.73,11.40,11.51,40306563,471349952.000
2014-10-10,11.43,11.61,11.37,11.43,31136090,361393472.000
2014-10-13,11.37,11.38,11.15,11.29,32699782,372372416.000
2014-10-14,11.26,11.49,11.17,11.26,27739479,317955168.000
2014-10-15,11.26,11.70,11.25,11.59,62124896,726103808.000
2014-10-16,11.49,11.73,11.41,11.42,53084129,621590528.000
2014-10-17,11.44,11.63,11.24,11.53,47973469,558155392.000
2014-10-20,11.64,11.75,11.51,11.69,55907300,659843328.000
2014-10-21,11.66,12.03,11.55,11.73,68706669,823682560.000
2014-10-22,11.73,11.89,11.49,11.50,37723560,446398752.000
2014-10-23,11.42,11.59,11.34,11.38,30309214,351296800.000
2014-10-24,11.42,11.50,11.28,11.32,22280183,256843504.000
2014-10-27,11.17,11.18,10.92,10.94,34918372,390228704.000
2014-10-28,10.98,11.40,10.98,11.37,42865544,485908384.000
2014-10-29,11.43,11.92,11.35,11.74,76518894,903647488.000
2014-10-30,11.75,11.94,11.52,11.78,57122941,682029696.000
2014-10-31,11.88,12.33,11.81,12.14,90639256,1108901888.000
2014-11-03,12.24,12.50,12.05,12.10,71489525,887699392.000
2014-11-04,12.06,12.39,12.00,12.32,55616728,690570880.000
2014-11-05,12.40,12.85,12.20,12.68,81786127,1030959296.000
2014-11-06,12.67,12.69,12.33,12.54,48748621,609651072.000
2014-11-07,12.64,13.42,12.55,12.88,107019598,1394855936.000
2014-11-10,13.36,13.62,12.89,13.45,103301125,1368548480.000
2014-11-11,13.64,14.25,13.07,13.45,128813984,1772836864.000
2014-11-12,13.32,14.10,13.21,14.01,91782893,1252129664.000
2014-11-13,14.00,14.28,13.68,13.77,99736190,1401595264.000
2014-11-14,13.58,13.79,13.37,13.59,75400684,1022557184.000
2014-11-17,13.80,13.90,13.30,13.40,82429974,1121637504.000
2014-11-18,13.32,13.47,13.10,13.14,59870554,795107584.000
2014-11-19,13.11,13.31,13.05,13.11,38462376,506286880.000
2014-11-20,13.15,13.54,12.99,13.50,65826562,881206720.000
2014-11-21,13.51,14.85,13.41,14.85,143709515,2070543360.000
2014-11-24,15.80,16.34,15.61,16.34,256030636,4140581376.000
2014-11-25,16.38,16.79,16.33,16.60,179649545,2964946944.000
2014-11-26,16.53,18.16,16.52,17.63,203517746,3523181568.000
2014-11-27,17.58,18.79,17.19,18.55,199343402,3579844352.000
2014-11-28,18.30,18.92,17.70,18.14,185260267,3384402176.000
2014-12-01,18.30,19.95,17.87,18.93,212774600,4066737408.000
2014-12-02,18.55,20.82,18.50,20.82,204830606,4076904448.000
2014-12-03,21.01,22.80,20.52,21.53,223822437,4838439936.000
2014-12-04,21.30,23.68,21.21,23.68,167033252,3815706624.000
2014-12-05,24.90,26.05,23.68,26.05,265147980,6735153664.000
2014-12-08,25.50,28.66,24.75,28.66,212825301,5833149952.000
2014-12-09,28.67,31.53,25.85,26.74,289445984,8643676160.000
2014-12-10,26.67,28.39,24.10,26.38,249900626,6480702464.000
2014-12-11,25.37,28.23,25.03,25.53,209006867,5571298304.000
2014-12-12,25.11,28.08,25.11,27.62,271989282,7438624256.000
2014-12-15,27.02,28.00,25.99,27.86,206902543,5562251264.000
2014-12-16,28.05,30.65,27.50,30.65,267419977,7899026432.000
2014-12-17,32.02,32.98,29.38,32.33,268488018,8465252864.000
2014-12-18,31.00,31.77,29.53,29.75,158138202,4837765632.000
2014-12-19,29.64,30.22,26.99,28.73,187147265,5374153728.000
2014-12-22,27.80,29.00,26.32,27.61,128660088,3576143616.000
2014-12-23,27.72,28.39,26.97,27.39,92327287,2564171520.000
2014-12-24,27.73,27.95,25.06,25.45,119603398,3135076352.000
2014-12-25,25.62,26.88,25.08,26.37,113575491,2958189312.000
2014-12-26,26.38,29.01,26.26,29.01,177791165,4974166528.000
2014-12-29,29.98,30.09,27.50,27.86,151300963,4313355776.000
2014-12-30,27.75,28.83,26.88,27.97,120313696,3371440640.000
2014-12-31,27.80,29.35,27.50,28.27,121375340,3468350976.000
2015-01-05,28.48,29.88,27.68,29.49,159785399,4663345152.000
2015-01-06,28.69,29.62,28.05,28.91,116850714,3379373824.000
2015-01-07,28.79,30.70,28.50,29.45,142073497,4234321920.000
2015-01-08,29.50,29.74,27.57,28.06,108423314,3071932160.000
2015-01-09,28.01,28.99,27.33,27.41,115597356,3250289152.000
2015-01-12,27.18,27.99,26.51,26.96,92365551,2503912448.000
2015-01-13,26.85,27.20,25.90,26.09,69569089,1839165568.000
2015-01-14,26.08,26.48,25.70,26.01,63054910,1644933632.000
2015-01-15,26.10,27.06,25.45,27.03,92705485,2431383296.000
2015-01-16,27.03,27.17,26.40,26.71,78544106,2106231808.000
2015-01-19,24.04,24.14,24.04,24.04,98508474,2368325120.000
2015-01-20,23.00,23.83,22.10,22.69,147349579,3361505536.000
2015-01-21,23.10,24.75,23.01,24.42,125236434,2982452992.000
2015-01-22,24.70,25.18,24.01,24.68,88148001,2165889536.000
2015-01-23,24.80,25.87,24.80,25.11,91182102,2308926976.000
2015-01-26,25.18,25.18,24.35,24.60,56023606,1382511232.000
2015-01-27,24.62,24.80,23.56,24.10,62570293,1510191104.000
2015-01-28,24.01,24.76,23.62,24.20,54162623,1318573056.000
2015-01-29,23.65,24.03,23.16,23.54,51749077,1218480128.000
2015-01-30,23.82,24.15,23.38,23.46,47104819,1120413824.000
2015-02-02,22.85,25.08,22.80,24.16,86425935,2073351680.000
2015-02-03,24.56,25.18,23.97,24.90,106386994,2616588032.000
2015-02-04,25.03,26.86,24.66,25.59,154432994,3989670400.000
2015-02-05,26.50,28.15,26.00,27.67,271978808,7472409600.000
2015-02-06,26.99,27.88,26.15,26.74,144595763,3903910400.000
2015-02-09,26.85,28.29,26.51,27.69,153644199,4229158400.000
2015-02-10,27.60,28.10,26.97,27.53,105874060,2910667264.000
2015-02-11,27.50,27.51,26.80,27.20,79436725,2152214016.000
2015-02-12,27.02,27.57,26.50,27.36,76528593,2069173888.000
2015-02-13,27.52,27.86,26.99,27.01,91205838,2500620032.000
2015-02-16,26.80,26.99,26.29,26.58,69959600,1861742976.000
2015-02-17,26.70,27.15,26.35,26.62,61920718,1656282880.000
2015-02-25,26.62,26.62,25.99,26.04,46637787,1220742528.000
2015-02-26,26.00,28.58,25.92,28.53,144329820,3954410240.000
2015-02-27,28.50,28.63,27.78,27.81,90570179,2552703744.000
2015-03-02,28.41,28.76,27.79,27.85,110303395,3106993408.000
2015-03-03,27.70,27.70,26.48,26.60,97392894,2614390784.000
2015-03-04,26.50,26.99,26.24,26.68,53040924,1413556992.000
2015-03-05,26.30,27.19,26.09,26.80,70750571,1887684096.000
2015-03-06,26.88,27.54,26.70,26.71,62788196,1700968832.000
2015-03-09,25.50,25.99,24.55,25.54,110250878,2771578624.000
2015-03-10,25.26,25.97,24.90,25.34,64382377,1630480384.000
2015-03-11,25.34,25.90,25.08,25.28,47877984,1221927680.000
2015-03-12,25.34,26.88,25.16,26.18,82259480,2145686912.000
2015-03-13,26.30,26.95,26.07,26.14,60658391,1602050176.000
2015-03-16,26.19,26.88,25.65,26.72,72465209,1915708928.000
2015-03-17,27.21,27.60,26.89,27.39,111937421,3047338752.000
2015-03-18,27.62,28.30,27.62,28.04,106940704,2989533952.000
2015-03-19,28.04,28.14,27.56,27.94,66938490,1861693952.000
2015-03-20,28.06,30.73,27.66,30.20,237035638,7066859008.000
2015-03-23,30.60,31.32,30.01,31.13,181928384,5568079872.000
2015-03-24,31.10,31.10,29.69,30.30,118254360,3591653376.000
2015-03-25,30.55,31.61,30.00,30.05,124730629,3841199872.000
2015-03-26,29.79,30.83,29.03,30.20,87133106,2621185024.000
2015-03-27,30.30,31.72,30.15,30.80,119018688,3688250368.000
2015-03-30,31.01,32.10,30.35,31.84,138725275,4355078144.000
2015-03-31,31.81,34.38,30.89,31.83,187859248,6106011648.000
2015-04-01,32.05,33.00,31.43,32.80,132322607,4268560640.000
2015-04-02,32.93,33.13,31.53,31.79,130591134,4199100672.000
2015-04-03,32.00,33.26,31.90,32.95,151762933,4963112448.000
2015-04-07,33.97,35.44,32.90,34.91,193097661,6561155584.000
2015-04-08,35.30,37.77,34.67,36.78,190081855,6937746944.000
2015-04-09,37.80,40.00,36.55,36.88,193277296,7369276928.000
2015-04-10,36.99,37.57,35.80,37.29,122590174,4500907008.000
数据来源:通达信
