601318 中国平安 日线 前复权
      日期	    开盘	    最高	    最低	    收盘	    成交量	    成交额
2011-03-02,47.70,48.36,47.47,47.96,22529205,1124773504.000
2011-03-03,48.22,49.95,48.19,48.57,65848944,3369414912.000
2011-03-04,48.81,50.10,48.60,49.98,48122902,2481548288.000
2011-03-07,50.46,51.56,50.34,51.35,54438880,2894907648.000
2011-03-08,51.25,51.65,50.46,51.02,30245234,1610827648.000
2011-03-09,51.35,51.86,50.82,51.27,26817186,1436572800.000
2011-03-10,51.05,51.05,49.41,49.49,43274276,2251457024.000
2011-03-11,49.15,49.46,48.41,48.71,30476000,1558931328.000
2011-03-15,48.85,49.00,46.36,47.30,55821626,2776165888.000
2011-03-16,47.79,48.44,47.65,48.00,23926928,1198791040.000
2011-03-17,47.50,47.50,46.45,46.62,39541984,1938948096.000
2011-03-18,47.00,47.40,46.84,46.88,21779052,1072152576.000
2011-03-21,47.05,47.63,46.93,47.05,17833595,880737792.000
2011-03-22,47.35,48.04,46.94,47.94,22923006,1141356160.000
2011-03-23,47.75,48.51,47.54,48.28,20263380,1017430976.000
2011-03-24,48.28,48.32,47.75,47.86,15778796,790142592.000
2011-03-25,47.99,48.94,47.77,48.36,28220786,1427721216.000
2011-03-28,48.55,49.11,47.85,47.92,31140245,1577431936.000
2011-03-29,47.94,48.63,47.19,47.71,35300579,1764101888.000
2011-03-30,47.85,48.34,47.56,47.84,19736523,989493824.000
2011-03-31,47.96,48.21,47.27,47.31,18746739,933591040.000
2011-04-01,47.45,49.11,47.38,49.08,30588542,1541263232.000
2011-04-06,49.69,51.29,49.56,51.08,77988659,4103732480.000
2011-04-07,51.30,51.31,50.49,50.85,31742215,1681947264.000
2011-04-08,50.75,51.26,50.40,50.75,22070124,1167683840.000
2011-04-11,50.85,51.16,49.68,49.73,33648837,1775014912.000
2011-04-12,49.55,50.07,49.25,49.83,25647287,1327063040.000
2011-04-13,49.51,51.45,49.44,51.36,34501395,1812102656.000
2011-04-14,51.22,51.95,50.86,51.02,42294920,2267672064.000
2011-04-15,50.96,52.18,50.73,52.03,37810606,2034348800.000
2011-04-18,51.81,53.33,51.63,52.74,51504579,2829349888.000
2011-04-19,52.23,52.33,50.63,50.65,34442761,1841998080.000
2011-04-20,51.00,51.23,50.12,50.47,21967270,1158416512.000
2011-04-21,51.12,51.43,50.72,50.81,17426110,926247488.000
2011-04-22,50.85,50.85,49.89,50.02,16789978,880622848.000
2011-04-25,50.02,50.02,49.10,49.53,20758672,1072991296.000
2011-04-26,49.33,49.96,49.23,49.42,19023963,982995520.000
2011-04-27,49.73,49.82,49.15,49.46,16760280,865222912.000
2011-04-28,49.85,50.87,49.85,49.97,37385147,1961251712.000
2011-04-29,49.80,50.24,48.75,50.08,22170626,1144894336.000
2011-05-03,49.85,50.53,49.26,50.42,19659181,1027976832.000
2011-05-04,49.85,50.04,48.45,48.64,30342864,1557728256.000
2011-05-05,48.53,48.65,47.79,48.16,22705575,1140945408.000
2011-05-06,47.63,48.36,47.52,47.93,17448296,873256896.000
2011-05-09,48.13,48.23,47.44,47.57,16247316,810857024.000
2011-05-10,47.59,48.18,47.59,48.06,10952009,547966912.000
2011-05-11,48.10,48.40,47.70,48.09,10582191,531970464.000
2011-05-12,47.63,48.00,47.05,47.06,15940475,792575488.000
2011-05-13,47.36,48.02,47.04,47.91,16461606,816278784.000
2011-05-16,47.85,48.01,47.08,47.12,17112700,849319168.000
2011-05-17,47.12,48.05,47.05,47.66,15967371,793326208.000
2011-05-18,47.59,48.45,47.38,47.96,19068139,956027136.000
2011-05-19,48.09,48.34,47.56,47.74,11486756,574185664.000
2011-05-20,47.66,48.04,47.65,47.83,9870388,493234080.000
2011-05-23,47.65,47.75,45.90,45.98,27534229,1341534336.000
2011-05-24,45.99,46.34,45.85,46.09,12146116,585692480.000
2011-05-25,45.98,45.98,45.60,45.64,13988790,669703040.000
2011-05-26,45.96,46.13,45.54,45.57,14572537,697884032.000
2011-05-27,45.57,46.26,45.55,45.82,15778318,757549312.000
2011-05-30,45.73,46.16,45.59,45.83,13305860,639592960.000
2011-05-31,45.87,46.64,45.73,46.56,14413313,696638016.000
2011-06-01,46.35,46.63,46.20,46.34,13498553,655567552.000
2011-06-02,45.85,46.04,44.68,45.11,21722655,1029299584.000
2011-06-03,45.13,45.64,44.95,45.53,13413214,636580928.000
2011-06-07,45.23,45.90,45.02,45.79,11055683,526357184.000
2011-06-08,45.75,45.75,45.06,45.47,11677931,553962240.000
2011-06-09,45.40,45.60,44.78,44.88,13935337,658333952.000
2011-06-10,45.07,45.32,44.75,45.28,11565451,545290752.000
2011-06-13,44.85,44.86,44.13,44.63,11461277,533662848.000
2011-06-14,44.58,45.22,44.35,44.93,13082288,616264128.000
2011-06-15,44.98,45.19,44.19,44.24,12700058,593268224.000
2011-06-17,43.74,43.94,42.92,42.97,22278519,1012345024.000
2011-06-20,43.02,43.14,41.81,42.21,20470190,909820736.000
2011-06-21,42.25,42.56,42.04,42.48,15097627,671342528.000
2011-06-22,42.65,43.18,42.58,42.76,15240250,685388928.000
2011-06-23,42.73,44.05,42.38,43.72,17306481,784718144.000
2011-06-24,43.64,45.75,43.60,45.54,37010276,1745360768.000
2011-06-27,45.35,46.14,45.17,45.34,13468282,643107264.000
2011-06-28,45.69,45.75,44.70,45.15,13322946,629352448.000
2011-06-29,45.33,45.50,44.53,44.58,14464443,683272896.000
2011-06-30,44.80,46.69,44.73,46.12,29800348,1434330240.000
2011-07-01,46.23,46.40,45.68,45.99,15378543,740400832.000
2011-07-04,46.29,47.20,46.29,47.02,21986307,1079421184.000
2011-07-05,46.95,47.18,46.25,46.55,16309223,795194688.000
2011-07-06,46.33,47.55,45.62,46.85,21670614,1047725568.000
2011-07-07,47.45,47.51,46.11,46.45,23048061,1126324864.000
2011-07-08,46.65,46.95,46.15,46.34,14141535,687300608.000
2011-07-11,46.00,46.00,45.38,45.79,14456302,691891456.000
2011-07-12,45.33,45.33,44.38,44.43,21661284,1016356032.000
2011-07-13,44.63,45.43,44.48,45.27,18334643,866342464.000
2011-07-14,45.27,45.56,44.96,45.23,14623135,692705600.000
2011-07-15,45.16,45.95,44.83,45.63,13608647,648143744.000
2011-07-18,45.74,45.99,45.11,45.30,13954314,663725248.000
2011-07-19,45.03,45.12,44.65,44.76,11710352,550558464.000
2011-07-20,45.20,45.32,44.71,44.96,14392419,678642240.000
2011-07-21,45.21,45.22,44.16,44.23,12564446,581318144.000
2011-07-22,44.51,45.09,44.28,44.64,12940788,600454912.000
2011-07-25,44.36,44.36,43.25,43.44,19289213,878714432.000
2011-07-26,43.44,43.94,43.36,43.85,9504721,432660864.000
2011-07-27,43.53,43.61,42.90,43.25,23101828,1038091200.000
2011-07-28,42.82,42.82,42.12,42.32,23426057,1033934144.000
2011-07-29,42.50,43.35,42.11,42.75,25417491,1129201920.000
2011-08-01,42.75,43.25,42.61,43.16,12919968,578054144.000
2011-08-02,42.62,42.65,42.15,42.62,10448316,461108192.000
2011-08-03,42.24,42.78,42.13,42.30,13551811,597705216.000
2011-08-04,42.48,42.81,42.25,42.28,12270806,542172736.000
2011-08-05,41.25,41.33,40.29,40.59,37255853,1588703744.000
2011-08-08,40.05,40.43,38.96,39.21,31936043,1320759040.000
2011-08-09,38.11,39.14,37.86,38.94,35845092,1443504128.000
2011-08-10,39.71,39.85,38.97,39.24,27234676,1122210944.000
2011-08-11,38.64,39.94,38.39,39.92,28510756,1171015552.000
2011-08-12,40.23,40.25,39.25,39.52,28036164,1159061760.000
2011-08-15,39.68,40.93,39.25,40.85,27843298,1166843904.000
2011-08-16,40.63,40.90,40.05,40.12,18800631,794229696.000
2011-08-18,40.63,40.75,39.31,39.50,19358041,809163904.000
2011-08-19,38.68,39.15,38.36,38.56,16468311,665548672.000
2011-08-22,38.70,39.10,38.25,38.67,12944407,521686784.000
2011-08-23,38.70,39.25,38.54,39.24,11525490,469445568.000
2011-08-24,39.49,39.58,38.74,38.86,13428977,548191104.000
2011-08-25,38.97,40.75,38.96,40.71,36226149,1519226624.000
2011-08-26,40.43,40.60,39.95,40.26,18579286,780558528.000
2011-08-29,39.65,39.65,38.93,39.32,18711959,767337856.000
2011-08-30,39.61,40.18,39.04,39.07,16528408,684287744.000
2011-08-31,38.98,39.05,38.63,38.98,18542297,751685504.000
2011-09-01,39.25,39.98,39.08,39.38,20310794,837405824.000
2011-09-02,39.37,39.88,38.84,39.52,12062886,492888352.000
2011-09-05,39.11,39.11,38.58,38.66,10805056,435817152.000
2011-09-06,38.70,38.70,38.11,38.34,14887047,595236736.000
2011-09-07,38.71,39.10,38.36,38.92,14466770,583739328.000
2011-09-08,39.05,39.06,38.40,38.42,10858414,437819520.000
2011-09-09,38.84,39.28,38.39,38.56,13309903,536379968.000
2011-09-13,37.75,38.19,37.66,37.88,13302368,524998304.000
2011-09-14,38.18,38.30,37.09,37.87,17758424,696986816.000
2011-09-15,37.98,38.25,37.66,37.70,11550396,457742496.000
2011-09-16,38.00,38.43,37.91,37.97,14229188,566076544.000
2011-09-19,37.64,37.70,37.15,37.20,11233292,437905888.000
2011-09-20,37.20,37.50,37.00,37.38,8086413,314189504.000
2011-09-21,37.47,38.87,37.30,38.53,21643439,864244736.000
2011-09-22,38.16,38.50,37.11,37.29,17943483,707874432.000
2011-09-23,36.80,36.92,35.60,36.41,29380194,1113522304.000
2011-09-26,35.89,36.30,32.64,32.77,68082545,2413100032.000
2011-09-27,33.40,33.68,33.13,33.40,35214435,1232211968.000
2011-09-28,33.78,33.97,32.95,33.08,18738150,658505920.000
2011-09-29,32.87,32.87,32.35,32.45,27714852,946404928.000
2011-09-30,32.66,32.68,31.79,31.97,30817888,1039951872.000
2011-10-10,32.21,32.58,32.17,32.30,19259462,653349184.000
2011-10-11,33.50,33.69,32.58,32.74,32397339,1129032320.000
2011-10-12,32.70,34.70,32.59,34.65,36633618,1301168640.000
2011-10-13,34.43,35.24,34.35,34.71,31315992,1142706176.000
2011-10-14,34.68,34.92,34.31,34.83,17248963,624849920.000
2011-10-17,35.06,35.98,34.95,35.57,23859130,887419392.000
2011-10-18,35.11,35.28,33.75,33.92,19986865,722649728.000
2011-10-19,34.12,34.79,33.76,33.99,20157124,721053184.000
2011-10-20,33.56,33.65,32.76,33.09,18447364,642057088.000
2011-10-21,33.40,33.85,33.21,33.40,16665427,585179456.000
2011-10-24,34.00,35.38,33.64,35.24,30905460,1120171264.000
2011-10-25,35.10,35.90,34.61,35.48,28721735,1061969984.000
2011-10-26,35.42,36.38,35.38,35.93,30587823,1149459584.000
2011-10-27,35.50,36.46,35.46,36.39,38117545,1432252416.000
2011-10-28,37.10,38.15,36.88,37.12,57929191,2267193088.000
2011-10-31,37.20,37.58,36.84,37.08,23974737,930186880.000
2011-11-01,36.63,38.58,36.49,37.62,38949415,1535663232.000
2011-11-02,37.00,38.56,36.80,38.48,33643349,1320501120.000
2011-11-03,38.56,39.70,38.56,38.78,42091135,1717410304.000
2011-11-04,39.32,39.60,38.77,38.79,30020499,1224249216.000
2011-11-07,38.54,38.80,38.10,38.18,18567021,742311552.000
2011-11-08,38.39,38.80,38.10,38.31,13042176,522176896.000
2011-11-09,38.60,39.19,38.19,38.94,21626883,870216576.000
2011-11-10,38.30,38.32,37.21,37.24,28520594,1120274048.000
2011-11-11,37.37,37.66,36.90,37.21,12352516,480824704.000
2011-11-14,37.76,38.47,37.76,38.35,18275593,727625472.000
2011-11-15,38.27,38.32,37.71,37.94,11620978,459848448.000
2011-11-16,37.78,37.99,35.88,36.13,31976324,1217798784.000
2011-11-17,36.20,36.33,35.40,35.64,23285834,869041728.000
2011-11-18,35.27,35.58,34.50,34.78,24610899,899809280.000
2011-11-21,34.84,35.06,34.35,35.02,16498998,599002688.000
2011-11-22,34.70,35.20,34.54,34.74,19462990,708753152.000
2011-11-23,34.79,34.88,33.80,34.00,17378119,621658048.000
2011-11-24,33.70,34.95,33.61,34.54,18387222,659478720.000
2011-11-25,34.37,34.58,33.98,34.14,9397116,336686208.000
2011-11-28,34.39,34.85,34.27,34.44,12611971,455603264.000
2011-11-29,34.92,35.12,34.51,35.07,18001881,656216064.000
2011-11-30,34.86,34.95,33.55,33.66,17593556,628748416.000
2011-12-01,35.50,36.65,35.17,35.58,53149947,1982210816.000
2011-12-02,35.30,35.58,35.00,35.47,20276150,748966464.000
2011-12-05,35.88,36.28,35.27,35.49,21129571,789824000.000
2011-12-06,35.50,35.79,34.91,35.22,14565221,538068544.000
2011-12-07,35.40,36.35,35.28,36.32,22204582,834760384.000
2011-12-08,36.01,36.78,35.62,36.39,20514222,777229184.000
2011-12-09,36.00,36.59,35.90,36.37,13306033,503597120.000
2011-12-12,36.39,36.50,35.76,35.91,12328400,465722016.000
2011-12-13,35.39,35.60,34.07,34.42,27795222,1008888000.000
2011-12-14,34.40,34.60,34.10,34.41,13423375,483441440.000
2011-12-15,34.11,34.48,33.40,33.62,19460261,691626944.000
2011-12-16,33.60,34.78,33.58,34.35,16144199,575893376.000
2011-12-19,34.00,34.62,33.29,34.53,18221099,647362176.000
2011-12-20,34.25,35.10,34.18,34.72,13182719,479690848.000
2011-12-21,34.40,35.15,32.75,32.83,33339738,1185825536.000
2011-12-22,32.79,33.10,32.10,32.39,26017539,885704448.000
2011-12-23,32.39,32.85,31.86,32.39,21790275,739791232.000
2011-12-26,32.13,32.66,31.87,31.97,16220119,547735168.000
2011-12-27,31.95,32.95,31.87,32.18,12919271,438174400.000
2011-12-28,32.00,32.60,31.85,32.52,13599062,461081984.000
2011-12-29,32.42,32.70,32.10,32.35,10586431,360330528.000
2011-12-30,32.50,33.06,32.44,32.84,14645458,503771936.000
2012-01-04,33.29,33.40,32.21,32.30,14572200,502236992.000
2012-01-05,31.95,33.00,31.92,32.33,18167125,617600640.000
2012-01-06,32.26,32.60,32.01,32.25,17081699,578494656.000
2012-01-09,32.30,33.15,31.75,33.13,33151929,1130256512.000
2012-01-10,33.20,34.79,33.15,34.69,38512060,1375248768.000
2012-01-11,34.60,34.85,34.05,34.23,26509268,952882432.000
2012-01-12,34.19,35.40,34.05,34.77,22828235,833020352.000
2012-01-13,34.78,35.12,34.00,34.43,18864500,682191936.000
2012-01-16,34.30,34.80,33.98,33.99,13912955,500463872.000
2012-01-17,34.18,36.32,33.85,36.22,31229327,1147221760.000
2012-01-18,36.10,36.90,35.68,35.85,22522858,852434624.000
2012-01-19,35.91,37.05,35.91,36.91,35622560,1365518976.000
2012-01-20,37.17,37.87,36.96,37.50,39808633,1554842752.000
2012-01-30,37.51,37.70,36.85,37.00,22008497,853106688.000
2012-01-31,37.00,37.50,36.20,36.74,24194358,933657088.000
2012-02-01,36.63,37.04,35.52,35.81,27020936,1023052608.000
2012-02-02,36.05,38.10,36.04,38.04,44039330,1700932096.000
2012-02-03,38.00,39.04,37.75,38.55,44132249,1768196224.000
2012-02-06,38.63,38.75,37.64,38.02,22420984,892917056.000
2012-02-07,37.72,37.94,36.90,37.31,26302343,1024186624.000
2012-02-09,38.49,38.95,38.10,38.28,40975379,1640170624.000
2012-02-10,38.20,39.12,38.12,38.49,26111435,1053202368.000
2012-02-13,37.94,39.25,37.85,38.68,20511706,824582144.000
2012-02-14,38.65,38.65,37.59,37.98,23522951,933046528.000
2012-02-15,37.85,39.00,37.85,38.64,24226180,974863872.000
2012-02-16,38.58,38.60,37.81,38.08,17299494,688168128.000
2012-02-17,38.59,38.72,37.85,38.15,17386493,693177984.000
2012-02-20,38.70,39.29,38.43,38.49,31441493,1272813440.000
2012-02-21,38.54,39.14,38.10,39.09,22839360,917769408.000
2012-02-22,38.97,39.73,38.60,39.49,24066055,981869376.000
2012-02-23,39.39,39.89,39.21,39.41,18668277,767905024.000
2012-02-24,39.41,40.10,39.14,40.08,25736637,1062374656.000
2012-02-27,40.23,40.60,39.83,39.91,28320795,1189327488.000
2012-02-28,39.98,40.39,39.72,40.11,20016240,833680256.000
2012-02-29,39.97,40.00,39.03,39.22,25646237,1049765248.000
2012-03-01,39.10,39.50,38.88,38.95,17749917,723342464.000
2012-03-02,39.07,39.69,39.07,39.65,21238550,870860544.000
2012-03-05,39.70,39.85,38.46,38.50,35513935,1441936128.000
2012-03-06,38.47,38.50,37.63,37.84,40162666,1586289280.000
2012-03-07,37.50,38.09,37.43,37.54,21650016,851585792.000
2012-03-08,37.73,38.76,37.73,38.31,26888795,1073978240.000
2012-03-09,38.63,38.68,38.06,38.47,13775886,550616256.000
2012-03-12,38.46,38.46,37.50,38.18,24101661,952032320.000
2012-03-13,38.13,39.06,38.13,39.05,22512938,908771008.000
2012-03-14,39.40,39.54,38.00,38.15,32263850,1300735104.000
2012-03-15,38.05,38.59,37.91,37.94,19604482,781101248.000
2012-03-16,38.04,38.29,37.20,37.94,22582074,885832256.000
2012-03-19,37.76,37.76,37.10,37.41,25274406,984345792.000
2012-03-20,37.30,37.75,37.10,37.16,19862597,775517824.000
2012-03-21,37.50,37.65,36.85,37.33,17609077,685491648.000
2012-03-22,37.41,37.61,36.91,37.35,13686538,531861824.000
2012-03-23,37.18,37.18,36.59,36.82,15964835,612291200.000
2012-03-26,36.72,36.91,36.36,36.66,10879273,415824928.000
2012-03-27,37.00,37.09,36.41,36.72,19096733,731417728.000
2012-03-28,36.57,36.63,35.66,35.78,22797022,858593664.000
2012-03-29,35.51,35.70,34.50,34.64,24979153,914966080.000
2012-03-30,34.88,35.04,34.53,34.98,19483204,709942464.000
2012-04-05,34.98,36.40,34.54,36.16,28878271,1076687232.000
2012-04-06,36.15,36.74,35.98,36.48,19232997,729717184.000
2012-04-09,36.18,36.50,35.85,36.05,8465889,319807616.000
2012-04-10,35.92,36.52,35.35,36.47,12756779,477657120.000
2012-04-11,35.97,36.65,35.90,36.30,14888632,564269440.000
2012-04-12,36.34,37.58,36.12,37.47,25236208,973939712.000
2012-04-13,37.62,38.45,37.60,38.15,34289452,1364083072.000
2012-04-16,37.91,38.20,37.60,37.88,10234169,404083840.000
2012-04-17,37.85,38.04,37.25,37.28,11996398,469252640.000
2012-04-18,37.52,38.47,37.38,38.39,21891067,869351232.000
2012-04-19,38.32,39.90,38.21,39.41,56905543,2331285760.000
2012-04-20,39.30,39.90,39.22,39.77,35207546,1453313664.000
2012-04-23,39.75,40.23,38.88,39.03,27937810,1151790208.000
2012-04-24,38.81,40.20,38.60,39.19,42020021,1721291008.000
2012-04-25,39.10,39.69,38.84,39.20,22478933,920170688.000
2012-04-26,39.39,40.00,39.37,39.59,22400438,924361664.000
2012-04-27,39.60,39.90,38.90,39.11,23419533,960478848.000
2012-05-02,40.14,40.86,39.84,40.57,36365345,1527200512.000
2012-05-03,40.59,41.62,40.50,41.48,31863352,1364940672.000
2012-05-04,41.40,41.75,41.01,41.48,26819798,1153548672.000
2012-05-07,41.00,41.25,40.10,40.39,33230747,1400553472.000
2012-05-08,40.58,40.69,39.79,39.99,29373266,1225945856.000
2012-05-09,39.65,40.06,39.52,39.85,25938000,1075514880.000
2012-05-10,39.80,40.07,39.70,39.77,18233400,756210752.000
2012-05-11,39.75,40.24,39.30,39.58,17724017,732366208.000
2012-05-14,39.91,40.27,38.62,39.19,23924826,978054336.000
2012-05-15,39.40,40.60,39.40,40.59,47031366,1967590016.000
2012-05-16,40.40,40.47,39.53,39.61,22180652,923956736.000
2012-05-17,39.76,40.90,39.66,40.80,29544634,1239888640.000
2012-05-18,40.37,40.37,39.40,39.81,26236638,1088505728.000
2012-05-21,39.61,40.46,39.61,40.02,15580665,648974912.000
2012-05-22,40.18,41.00,40.10,40.97,30048374,1267586304.000
2012-05-23,40.80,40.90,40.20,40.61,23472616,991154880.000
2012-05-24,40.41,41.07,40.26,40.44,12527403,528260832.000
2012-05-25,40.42,40.69,38.80,39.05,22603948,932505792.000
2012-05-28,38.97,39.60,38.58,39.47,21509396,875621568.000
2012-05-29,39.49,41.00,39.20,40.62,26023879,1089682944.000
2012-05-30,40.62,40.97,40.42,40.65,18402378,778974784.000
2012-05-31,40.49,40.53,40.08,40.29,17014739,713140352.000
2012-06-01,40.30,40.89,40.28,40.57,14294861,604801024.000
2012-06-04,40.10,40.33,39.10,39.21,36666779,1509715072.000
2012-06-05,39.35,39.65,38.94,39.07,21314677,869045888.000
2012-06-06,39.29,39.76,39.23,39.40,15565706,640395776.000
2012-06-07,39.90,40.56,39.30,39.48,15063533,625981312.000
2012-06-08,40.20,40.25,39.35,39.50,26656238,1102711296.000
2012-06-11,39.82,40.75,39.65,40.73,19408352,814977344.000
2012-06-12,40.47,41.05,40.45,40.90,19819572,839561024.000
2012-06-13,40.92,43.86,40.92,43.68,54293614,2409654528.000
2012-06-14,43.71,44.12,43.34,43.53,34891006,1583032832.000
2012-06-15,43.65,45.03,43.65,44.46,39323991,1812596736.000
2012-06-18,44.88,45.10,44.02,44.52,20114887,928630656.000
2012-06-19,44.40,45.00,44.25,44.36,20279128,938135168.000
2012-06-20,44.40,44.94,44.35,44.44,13891949,641604864.000
2012-06-21,44.16,44.16,42.66,43.17,27521340,1234013440.000
2012-06-25,42.85,42.99,41.87,41.94,18909716,831236800.000
2012-06-26,41.89,42.85,41.68,42.37,21178917,932215360.000
2012-06-28,42.40,43.50,42.40,43.05,25344470,1134927232.000
2012-06-29,42.92,44.83,42.90,44.14,33290737,1521515776.000
2012-07-02,44.50,44.56,43.72,44.50,18592981,851036864.000
2012-07-03,44.50,45.20,43.86,44.02,24308709,1122983296.000
2012-07-04,44.11,44.33,43.30,43.55,11049155,499825408.000
2012-07-05,43.25,44.20,43.03,43.75,14864410,668744320.000
2012-07-06,44.15,44.90,43.55,44.64,33038165,1517030272.000
2012-07-09,44.39,45.25,43.81,44.00,20836703,962394304.000
2012-07-10,44.00,44.75,43.49,43.92,16102497,735694464.000
2012-07-11,43.60,44.20,43.38,44.11,14338755,650864256.000
2012-07-12,44.00,44.00,42.74,43.41,35104116,1577292032.000
2012-07-13,42.94,44.00,42.94,43.40,14877338,672160640.000
2012-07-16,43.64,43.64,42.10,42.22,20856297,915123968.000
2012-07-17,42.15,43.05,41.93,42.94,20801361,912292992.000
2012-07-18,43.07,43.50,41.95,42.95,16654212,734187776.000
2012-07-19,42.80,45.15,42.66,44.59,35300976,1615761280.000
2012-07-20,44.45,44.68,44.06,44.62,18708427,855906496.000
2012-07-23,44.01,44.01,43.15,43.44,17286797,776087232.000
2012-07-24,43.09,44.05,43.09,43.58,15740904,707539008.000
2012-07-25,43.16,44.03,43.15,43.35,11238948,505485152.000
2012-07-26,43.45,44.33,43.15,43.35,16492337,742538432.000
2012-07-27,43.70,43.83,42.15,43.14,24719249,1092836736.000
2012-07-30,43.06,43.53,42.16,42.26,15935878,700249536.000
2012-07-31,42.26,43.77,42.15,42.89,20982901,934470080.000
2012-08-01,43.06,44.03,42.96,43.86,15461745,697046656.000
2012-08-02,43.75,44.03,43.05,43.49,14692688,659389568.000
2012-08-03,43.49,43.59,42.05,42.70,22989002,1007850496.000
2012-08-06,42.66,43.32,42.58,43.25,14631067,648600000.000
2012-08-07,43.15,43.23,42.35,42.57,18069267,794908672.000
2012-08-08,42.61,43.08,42.41,43.02,12718645,561573760.000
2012-08-09,42.70,43.34,42.50,43.31,14239012,630526592.000
2012-08-10,43.15,43.92,43.15,43.49,13709996,616938560.000
2012-08-13,43.44,43.45,40.30,40.57,41444705,1780966656.000
2012-08-14,40.57,40.75,39.57,40.25,24576229,1016208128.000
2012-08-15,40.25,40.60,40.05,40.18,11192188,466583520.000
2012-08-16,40.15,40.45,39.90,40.17,8490582,353044800.000
2012-08-17,40.10,40.35,39.65,40.27,14250208,588279232.000
2012-08-20,39.75,40.05,39.05,39.79,12715913,518433952.000
2012-08-21,39.85,40.46,39.47,39.71,14839704,612357760.000
2012-08-22,39.73,40.05,39.09,39.54,14641364,595758464.000
2012-08-23,39.55,39.87,39.26,39.68,14452394,592813440.000
2012-08-24,39.80,39.99,39.38,39.52,11878532,486505152.000
2012-08-27,39.49,39.63,37.49,37.52,24556684,971097984.000
2012-08-28,37.52,38.14,37.30,37.53,12779813,498281536.000
2012-08-29,37.35,37.47,36.92,37.08,10750322,414494400.000
2012-08-30,36.55,38.20,36.55,37.78,22526211,879957056.000
2012-08-31,37.66,38.45,37.40,37.50,12995661,509109696.000
2012-09-03,37.18,38.79,37.17,38.50,19167647,761965760.000
2012-09-04,38.65,38.73,37.91,38.08,10036469,398083040.000
2012-09-05,37.98,38.53,37.78,37.90,12155513,478991328.000
2012-09-06,38.13,38.75,38.04,38.47,9615674,381699360.000
2012-09-07,39.05,41.23,39.05,40.70,40205115,1671411840.000
2012-09-10,40.75,41.01,40.25,40.62,16195315,680194688.000
2012-09-11,40.43,40.43,39.58,39.87,13995333,577353408.000
2012-09-12,40.35,40.75,39.60,39.87,13384306,554101312.000
2012-09-13,39.87,40.00,39.45,39.48,13544421,556022080.000
2012-09-14,39.98,40.51,39.45,39.68,19983968,826302912.000
2012-09-17,39.45,39.98,38.65,38.68,15817025,641410240.000
2012-09-18,38.40,39.02,37.96,38.68,11393317,454682176.000
2012-09-19,38.66,39.13,38.55,39.03,10492991,421523904.000
2012-09-20,39.00,39.00,38.42,38.46,18721784,748104256.000
2012-09-21,38.32,38.67,37.95,38.23,10509783,416442272.000
2012-09-24,37.97,39.06,37.68,38.91,10467018,418219584.000
2012-09-25,38.85,39.87,38.85,39.28,13825132,563952704.000
2012-09-26,39.15,39.59,39.03,39.15,10248266,414546080.000
2012-09-27,39.28,41.03,39.28,40.44,25407016,1052444800.000
2012-09-28,40.05,40.86,39.90,40.74,22546049,943154560.000
2012-10-08,40.86,41.57,40.15,40.25,12027629,504857120.000
2012-10-09,40.50,41.45,40.50,41.15,17567486,744670976.000
2012-10-10,41.00,41.20,40.80,41.00,8483187,358373312.000
2012-10-11,40.80,40.80,40.24,40.44,9508178,396414528.000
2012-10-12,40.78,41.29,40.17,40.31,11623820,485963072.000
2012-10-15,40.59,41.10,40.26,40.52,7305898,305704480.000
2012-10-16,40.52,41.04,40.34,40.56,9364400,392888928.000
2012-10-17,40.80,40.80,39.80,40.34,13076530,542950848.000
2012-10-18,40.30,40.77,39.81,40.59,17518535,725676928.000
2012-10-19,40.45,40.80,40.45,40.80,9161206,383862912.000
2012-10-22,40.60,41.07,40.53,41.02,10904098,459292832.000
2012-10-23,41.17,41.28,40.41,40.56,9835520,412484960.000
2012-10-24,40.44,40.82,40.28,40.48,8912570,372150240.000
2012-10-25,40.45,40.70,39.57,39.64,12843360,529876704.000
2012-10-26,39.66,39.85,38.25,38.54,14748204,589547520.000
2012-10-29,38.38,38.48,36.40,36.86,34008844,1310110720.000
2012-10-30,37.00,37.76,37.00,37.28,21917167,847663552.000
2012-10-31,37.56,37.74,37.20,37.60,10140528,392339840.000
2012-11-01,37.60,38.60,37.40,38.13,39884199,1561850880.000
2012-11-02,37.83,38.16,37.43,37.85,28174428,1097483264.000
2012-11-05,37.80,37.95,37.09,37.56,26609362,1027489600.000
2012-11-06,37.55,38.04,37.12,37.94,21302246,826047104.000
2012-11-07,37.94,37.94,37.51,37.72,13419600,522278944.000
2012-11-08,37.40,37.83,37.33,37.41,16749294,648981184.000
2012-11-09,37.35,37.56,37.23,37.41,8162360,314720128.000
2012-11-12,37.43,37.54,36.68,37.00,17485156,667309184.000
2012-11-13,37.01,37.01,36.30,36.38,12771795,481633888.000
2012-11-14,36.45,36.85,36.31,36.63,11549374,437176640.000
2012-11-15,36.50,37.08,36.35,36.57,19779809,749813696.000
2012-11-16,36.50,36.61,35.53,35.89,16040754,595121920.000
2012-11-19,35.73,35.84,33.40,35.29,39350411,1410529920.000
2012-11-20,35.08,35.09,33.90,34.13,28155042,1000884480.000
2012-11-21,34.10,35.30,34.10,35.24,17475636,627328832.000
2012-11-22,35.07,35.35,34.81,35.30,11062312,400940096.000
2012-11-23,35.37,36.64,35.25,35.92,17513428,652017024.000
2012-11-26,35.84,36.03,35.60,35.80,9098975,337023680.000
2012-11-27,35.73,35.95,34.95,35.03,13345263,488331072.000
2012-11-28,34.93,34.97,34.40,34.62,11952384,428744064.000
2012-11-29,34.51,34.90,34.35,34.48,11271531,404014368.000
2012-11-30,34.37,35.69,34.37,35.28,13137846,477398976.000
2012-12-03,35.20,36.50,35.12,35.43,21681916,804512896.000
2012-12-04,35.51,36.47,35.51,36.19,23192468,865541760.000
2012-12-05,36.15,37.96,36.15,37.72,37833366,1460588288.000
2012-12-06,37.67,38.13,37.40,37.70,20883709,813257088.000
2012-12-07,37.58,38.27,37.23,38.11,28115181,1101491584.000
2012-12-10,38.30,39.18,38.30,38.79,31565980,1259665024.000
2012-12-11,38.69,38.98,38.45,38.60,21425859,854600192.000
2012-12-12,38.61,38.90,38.24,38.68,17711023,704544640.000
2012-12-13,38.58,38.58,37.55,37.66,23370652,918412352.000
2012-12-14,37.79,41.00,37.79,40.76,54804940,2252954368.000
2012-12-17,40.76,41.80,40.68,41.31,37027297,1570591616.000
2012-12-18,41.20,42.02,40.71,40.98,29215574,1240044416.000
2012-12-19,40.85,41.30,40.30,40.57,22721518,954376000.000
2012-12-20,40.45,41.30,40.30,41.06,17918215,753309760.000
2012-12-21,41.22,42.15,40.90,41.19,21640282,922664512.000
2012-12-24,40.11,41.08,39.91,40.92,30131331,1260087808.000
2012-12-25,40.58,42.42,40.51,41.80,45171417,1938747136.000
2012-12-26,41.81,42.69,41.71,42.26,25546284,1110470656.000
2012-12-27,42.54,42.80,41.85,42.03,18872597,817959168.000
2012-12-28,42.29,42.85,41.71,42.61,23385669,1018806464.000
2012-12-31,42.80,44.65,42.80,44.09,32981463,1491927936.000
2013-01-04,45.51,48.61,45.20,45.91,58713483,2794285568.000
2013-01-07,45.91,46.38,45.38,46.02,28328430,1335455744.000
2013-01-08,45.94,46.11,43.91,44.26,47143884,2159078656.000
2013-01-09,43.85,44.15,43.24,43.87,40820846,1833110528.000
2013-01-10,43.96,44.68,43.61,43.79,27237272,1233105280.000
2013-01-11,43.88,44.14,43.02,43.23,22861665,1024592064.000
2013-01-14,43.25,45.81,43.09,45.67,38876230,1779354496.000
2013-01-15,45.69,46.75,45.52,45.78,42006866,1986075008.000
2013-01-16,45.65,45.65,43.80,44.75,28925857,1325087488.000
2013-01-17,44.58,44.72,43.60,43.88,24705458,1117013760.000
2013-01-18,44.16,45.68,43.74,45.25,25987554,1194583936.000
2013-01-21,45.10,45.25,44.10,44.57,23426222,1072127104.000
2013-01-22,44.58,46.18,44.33,45.02,40469331,1888244352.000
2013-01-23,45.00,45.73,44.71,45.24,23513514,1089687808.000
2013-01-24,45.41,46.78,45.07,45.34,45815323,2159807744.000
2013-01-25,45.36,45.70,43.81,44.39,26519070,1216359808.000
2013-01-28,44.20,45.95,44.10,45.46,47375908,2197146368.000
2013-01-29,45.90,46.46,44.61,45.52,40676264,1905912320.000
2013-01-30,46.12,47.39,45.76,46.38,55516988,2660551936.000
2013-01-31,46.58,47.30,46.04,47.02,54176028,2601389568.000
2013-02-01,46.81,49.88,46.40,49.57,110589937,5485862912.000
2013-02-04,51.09,52.07,49.80,50.29,94964472,4943605248.000
2013-02-05,49.50,50.30,48.64,49.45,42794570,2167432448.000
2013-02-06,49.71,52.05,49.70,51.58,48598849,2555428352.000
2013-02-07,51.21,51.88,50.08,51.28,47137467,2460549120.000
2013-02-08,51.18,51.57,49.74,50.69,30815640,1599329792.000
2013-02-18,50.85,51.05,48.16,48.34,42748753,2149763072.000
2013-02-19,48.35,48.54,46.79,47.58,45534906,2209321984.000
2013-02-20,47.50,47.77,46.83,47.58,26191653,1268412160.000
2013-02-21,46.83,46.90,44.68,45.54,53822724,2518578176.000
2013-02-22,45.30,45.50,44.60,44.76,20476539,946281280.000
2013-02-25,45.08,45.83,44.10,44.61,22512603,1033440768.000
2013-02-26,44.13,45.13,43.65,43.77,42680097,1942069504.000
2013-02-27,44.05,44.80,43.80,44.00,31344636,1424719104.000
2013-02-28,44.55,45.89,44.00,45.87,52286076,2426699008.000
2013-03-01,45.87,45.95,43.90,44.75,47742744,2197137920.000
2013-03-04,43.80,44.00,40.90,41.48,80587240,3487465216.000
2013-03-05,41.75,42.90,41.17,42.75,48319082,2088374528.000
2013-03-06,43.10,43.46,42.71,43.32,46295749,2052847104.000
2013-03-07,42.80,42.99,41.75,42.41,32442239,1416654080.000
2013-03-08,42.63,43.26,42.19,42.72,29024344,1272216192.000
2013-03-11,42.52,42.95,41.88,42.00,35494948,1547103104.000
2013-03-12,41.91,42.67,41.60,42.05,45213154,1955581056.000
2013-03-13,42.00,42.15,41.24,41.43,29128217,1248979584.000
2013-03-14,41.57,41.82,41.13,41.58,22549023,961661504.000
2013-03-15,40.81,42.60,40.36,40.72,42304753,1799505024.000
2013-03-18,40.30,40.72,39.38,39.43,36168766,1485986432.000
2013-03-19,39.47,40.43,39.47,40.39,22498867,926758784.000
2013-03-20,40.35,42.06,40.34,41.89,37051930,1585396096.000
2013-03-21,41.89,42.47,41.72,41.96,23363984,1010336128.000
2013-03-22,42.00,42.48,41.73,41.91,21663552,936558528.000
2013-03-25,42.33,42.59,41.31,41.64,19585073,844404352.000
2013-03-26,41.45,41.74,40.79,40.80,37432000,1585416832.000
2013-03-27,41.00,41.55,40.86,40.93,26231433,1113100032.000
2013-03-28,39.90,39.95,38.80,39.85,37070087,1515292032.000
2013-03-29,39.88,40.89,39.35,40.57,18215469,746665728.000
2013-04-01,40.07,40.34,39.68,39.79,25089494,1030421056.000
2013-04-02,39.57,40.25,39.06,39.33,26957786,1100214784.000
2013-04-03,39.40,40.16,39.30,39.56,20246771,827290112.000
2013-04-08,38.80,39.05,38.08,38.80,46340966,1843481472.000
2013-04-09,38.95,40.14,38.94,39.94,45543116,1858032384.000
2013-04-10,39.90,40.47,39.63,39.98,37672668,1558442112.000
2013-04-11,40.15,40.78,39.85,40.03,16864634,701093952.000
2013-04-12,40.00,40.34,39.80,39.95,11529113,475648864.000
2013-04-15,39.85,40.24,39.19,39.31,16532950,674594048.000
2013-04-16,38.81,40.34,38.73,40.33,25035017,1024555200.000
2013-04-17,40.35,40.77,40.10,40.61,39149547,1635908736.000
2013-04-18,40.30,41.12,40.15,41.06,30663629,1286138368.000
2013-04-19,41.10,41.90,41.10,41.70,56854870,2432912640.000
2013-04-22,41.20,41.34,40.65,40.75,31786381,1342350976.000
2013-04-23,40.91,40.95,38.66,38.72,36657677,1482881792.000
2013-04-24,38.85,39.95,38.70,39.18,33627614,1359322880.000
2013-04-25,39.19,39.60,38.53,38.94,22794997,914544384.000
2013-04-26,39.05,39.21,38.56,38.61,18863711,753781248.000
2013-05-02,38.80,39.35,38.71,38.83,20910266,840357568.000
2013-05-03,39.10,40.25,39.00,39.89,32882502,1348970496.000
2013-05-06,40.25,40.79,39.90,40.33,27369226,1137589120.000
2013-05-07,40.20,40.53,39.95,40.12,19021849,787990144.000
2013-05-08,40.43,41.00,40.28,40.48,24775242,1034719680.000
2013-05-09,40.59,40.63,39.71,39.91,20997851,865838336.000
2013-05-10,39.66,40.22,39.59,39.90,19522736,802355904.000
2013-05-13,39.65,39.88,38.80,38.99,25170479,1017121024.000
2013-05-14,38.80,38.80,37.55,37.84,47111923,1846386048.000
2013-05-15,37.93,38.07,37.15,37.49,32587356,1259083264.000
2013-05-16,37.46,38.80,37.22,38.66,30963956,1221551488.000
2013-05-17,38.68,39.46,38.52,39.25,33990636,1365271936.000
2013-05-20,39.49,40.44,39.37,39.96,32404166,1323470336.000
2013-05-21,40.00,40.23,39.31,39.65,24493908,995129088.000
2013-05-22,39.65,40.09,39.40,39.69,16396047,666845376.000
2013-05-23,39.60,39.60,38.57,38.58,31888053,1270369664.000
2013-05-24,38.89,39.10,38.20,38.69,22211836,877411392.000
2013-05-27,38.61,39.04,38.42,38.57,17261047,683649216.000
2013-05-28,38.60,39.90,38.45,39.82,34407106,1379016576.000
2013-05-29,39.96,40.16,39.27,39.34,33040795,1342168064.000
2013-05-30,39.19,39.55,38.88,39.08,24605238,986420416.000
2013-05-31,39.20,39.43,38.67,38.71,18514341,739504128.000
2013-06-03,38.74,39.20,38.59,38.73,21033662,834589120.000
2013-06-04,38.74,38.75,38.06,38.24,21193864,830326976.000
2013-06-05,38.26,38.37,37.98,38.19,13036943,508968480.000
2013-06-06,38.07,38.15,37.63,37.73,17561769,680622784.000
2013-06-07,37.73,37.92,36.85,36.90,23726804,906185472.000
2013-06-13,36.39,36.39,35.40,35.59,69556313,2562483712.000
2013-06-14,35.96,36.09,35.69,35.96,36941849,1361277312.000
2013-06-17,36.30,36.95,35.98,36.68,31914826,1192731520.000
2013-06-18,36.66,37.35,36.61,37.28,39695453,1506128768.000
2013-06-19,37.13,37.13,36.66,36.82,39116502,1476570752.000
2013-06-20,36.70,36.70,35.38,35.48,29369460,1081139840.000
2013-06-21,35.00,36.59,34.75,36.21,34347751,1258891904.000
2013-06-24,35.70,35.75,33.57,33.60,47483705,1671782400.000
2013-06-25,33.48,33.94,31.60,33.72,51536951,1738755072.000
2013-06-26,33.73,33.80,32.41,33.62,37116892,1254200320.000
2013-06-27,33.40,33.88,32.75,33.49,33313687,1139695232.000
2013-06-28,33.10,34.59,32.92,33.86,26405625,914313600.000
2013-07-01,33.50,33.72,32.61,33.60,22136553,754669952.000
2013-07-02,33.48,33.60,32.80,33.52,26967307,918626624.000
2013-07-03,33.25,33.25,32.60,33.11,24214777,818103488.000
2013-07-04,32.76,33.43,32.50,33.33,30184604,1026072256.000
2013-07-05,33.38,33.70,33.12,33.61,29034272,996044608.000
2013-07-08,33.10,33.19,32.60,33.07,25654448,866577152.000
2013-07-09,32.91,33.05,32.70,32.84,11750489,396751488.000
2013-07-10,32.73,33.46,32.18,33.44,38907868,1312675200.000
2013-07-11,33.50,36.41,33.38,35.34,71012116,2540619008.000
2013-07-12,35.26,35.26,34.10,34.11,40838187,1453146880.000
2013-07-15,34.40,35.35,33.98,34.34,33752657,1198658304.000
2013-07-16,34.20,34.39,33.72,34.11,22238579,776350784.000
2013-07-17,34.15,34.35,33.44,33.48,24350861,847230784.000
2013-07-18,33.16,33.39,32.60,32.63,25507755,859679040.000
2013-07-19,32.64,33.08,31.77,32.49,40416334,1342264832.000
2013-07-22,32.03,32.60,31.83,32.49,30121053,993681152.000
2013-07-23,32.50,33.35,32.26,32.91,37166598,1256995584.000
2013-07-24,32.60,32.76,31.78,32.07,37807870,1248824704.000
2013-07-25,32.20,32.42,31.75,31.79,32049761,1054219136.000
2013-07-26,31.60,31.81,31.14,31.70,37655592,1217043200.000
2013-07-29,31.32,31.54,30.79,31.18,38287450,1226199168.000
2013-07-30,31.05,31.77,31.00,31.23,35770771,1154109312.000
2013-07-31,31.40,31.75,31.08,31.18,27732879,894872128.000
2013-08-01,31.27,31.89,31.21,31.76,31279122,1016547264.000
2013-08-02,31.98,32.14,31.40,31.42,25865357,843921024.000
2013-08-05,31.54,32.10,31.33,32.09,29746186,970679040.000
2013-08-06,32.07,32.36,31.60,32.10,32981243,1084263424.000
2013-08-07,31.98,32.43,31.80,31.89,30375664,1003169024.000
2013-08-08,31.85,32.47,31.69,32.01,20401251,672838464.000
2013-08-09,32.25,32.35,31.78,32.12,17799931,586681728.000
2013-08-12,32.34,33.64,32.20,33.61,50822107,1724531968.000
2013-08-13,33.85,34.22,33.55,33.93,38360758,1337022592.000
2013-08-14,33.85,34.67,33.81,33.98,36919160,1299436672.000
2013-08-15,33.82,34.44,33.70,33.75,23147992,809020288.000
2013-08-16,33.60,35.54,33.00,33.49,65188888,2293604864.000
2013-08-19,33.15,33.78,32.76,33.64,35295982,1205377792.000
2013-08-20,33.41,34.22,33.10,33.30,29167495,1007540544.000
2013-08-21,33.35,33.76,32.97,33.35,17938691,614730048.000
2013-08-22,33.24,33.84,33.20,33.21,19826932,681739136.000
2013-08-23,33.56,33.60,32.50,32.88,25212293,855945600.000
2013-08-26,33.06,33.71,32.71,33.56,25913879,886728256.000
2013-08-27,33.55,33.56,33.17,33.41,19473252,667766080.000
2013-08-28,33.08,33.17,32.62,32.79,28238756,953353792.000
2013-08-29,33.02,33.19,32.65,32.87,17236378,581781760.000
2013-08-30,33.20,34.63,33.15,33.96,58628339,2048316800.000
2013-09-02,34.10,34.76,34.10,34.26,47681490,1683714048.000
2013-09-03,34.48,35.31,34.44,35.18,49621837,1781200384.000
2013-09-04,35.18,35.20,34.71,34.83,27804130,996799872.000
2013-09-05,34.90,35.16,34.70,34.85,22316883,799020736.000
2013-09-06,34.70,35.12,34.57,34.87,26352713,941919296.000
2013-09-09,34.91,37.09,34.91,36.71,93337527,3471564544.000
2013-09-10,37.10,37.53,36.78,37.46,48363464,1829668096.000
2013-09-11,37.95,39.10,37.38,37.40,68142576,2651649792.000
2013-09-12,37.30,38.80,36.82,37.94,73927591,2843784448.000
2013-09-13,37.66,38.08,36.83,36.90,49504275,1880734848.000
2013-09-16,37.35,37.56,36.60,37.24,38072124,1437206784.000
2013-09-17,37.20,38.41,36.90,37.08,56553179,2171413504.000
2013-09-18,37.00,37.47,36.89,36.99,27910578,1054772032.000
2013-09-23,37.24,37.81,37.18,37.49,29077997,1109720832.000
2013-09-24,37.30,37.40,35.80,36.21,44321492,1648410496.000
2013-09-25,36.11,36.49,35.79,36.01,22242313,817021696.000
2013-09-26,35.80,35.80,34.79,34.90,35854494,1284634240.000
2013-09-27,34.91,35.28,34.88,35.11,20885096,746720064.000
2013-09-30,35.24,35.45,34.85,35.00,19554519,700921344.000
2013-10-08,34.71,35.40,34.57,35.21,28517699,1019089344.000
2013-10-09,35.05,35.61,34.80,35.48,28220390,1015845248.000
2013-10-10,35.60,35.62,34.66,34.86,27721252,991499584.000
2013-10-11,35.15,35.71,34.99,35.70,38754486,1401284480.000
2013-10-14,35.75,36.73,35.39,36.21,48790391,1795003136.000
2013-10-15,36.30,36.40,35.91,36.15,25621188,943602496.000
2013-10-16,36.12,36.12,34.90,35.16,29400191,1058521152.000
2013-10-17,35.44,35.52,34.86,34.88,16201322,580860800.000
2013-10-18,34.93,35.39,34.83,35.01,20325378,727460032.000
2013-10-21,35.00,35.52,34.60,35.42,28549475,1021574720.000
2013-10-22,35.30,35.36,34.78,34.94,25813737,920862336.000
2013-10-23,35.04,35.59,34.79,34.91,30836229,1106668288.000
2013-10-24,34.86,34.86,34.25,34.29,26711460,938648512.000
2013-10-25,34.45,34.74,34.09,34.56,30346280,1065980928.000
2013-10-28,35.19,35.29,34.65,34.90,22399263,797965632.000
2013-10-29,35.05,36.44,34.91,36.06,61957078,2263004416.000
2013-10-30,36.09,36.77,35.90,36.69,42079010,1563245056.000
2013-10-31,36.58,36.63,36.05,36.12,31939815,1182592384.000
2013-11-01,36.12,37.29,36.12,36.86,38348980,1439537408.000
2013-11-04,37.00,37.24,36.31,36.43,22381317,835595264.000
2013-11-05,36.29,36.29,35.36,36.04,27848661,1015809280.000
2013-11-06,35.82,36.29,35.75,35.91,17959522,658581696.000
2013-11-07,36.09,36.27,35.60,35.85,20998197,768318400.000
2013-11-08,35.53,35.99,35.36,35.38,25455374,924112640.000
2013-11-11,35.30,35.75,35.25,35.55,27608129,998063808.000
2013-11-12,35.81,36.78,35.81,36.67,46965638,1744029440.000
2013-11-13,36.20,36.40,35.50,35.57,38116068,1393636864.000
2013-11-14,35.71,36.29,35.67,36.04,32088832,1178420992.000
2013-11-15,36.08,37.74,36.08,37.48,82168829,3117019136.000
2013-11-18,38.19,40.70,37.75,40.44,149287230,5945324032.000
2013-11-19,40.40,41.18,39.90,40.08,96120599,3967969280.000
2013-11-20,40.49,40.67,39.70,40.30,77864487,3182879488.000
2013-11-21,40.09,40.14,38.80,39.31,79850117,3199031296.000
2013-11-22,39.41,39.71,38.85,39.38,73294760,2930366976.000
2013-11-25,39.30,41.14,38.98,39.71,63382597,2579499008.000
2013-11-26,39.90,40.20,39.46,39.85,32191470,1307139456.000
2013-11-27,39.85,41.28,39.62,40.74,55493978,2291154176.000
2013-11-28,40.89,41.68,40.75,40.79,50612479,2128670336.000
2013-11-29,40.90,41.10,40.50,40.86,32164552,1335674752.000
2013-12-02,40.73,42.60,40.73,42.19,80272294,3420510720.000
2013-12-03,41.90,42.65,41.21,42.29,54610731,2328807936.000
2013-12-04,42.13,43.96,42.03,43.55,62873503,2765999104.000
2013-12-05,43.51,43.80,43.18,43.32,42504856,1878393856.000
2013-12-06,43.42,43.80,41.74,42.21,65192123,2816558848.000
2013-12-09,42.90,43.21,41.80,42.21,66335057,2859269888.000
2013-12-10,42.28,42.80,42.16,42.49,36897009,1591880320.000
2013-12-11,42.12,42.12,40.77,41.03,46015292,1929705344.000
2013-12-12,40.79,41.26,40.30,40.82,35011851,1451964160.000
2013-12-13,40.30,41.67,40.06,41.58,38910335,1618480896.000
2013-12-16,41.48,41.98,41.05,41.32,38338456,1617612672.000
2013-12-17,41.32,41.52,40.46,41.29,24724238,1032062912.000
2013-12-18,41.06,41.50,40.95,41.11,21377088,895880000.000
2013-12-19,41.50,41.70,40.15,40.20,31293934,1295231360.000
2013-12-20,40.11,40.52,37.91,38.27,54131235,2154867712.000
2013-12-23,38.45,39.22,38.04,38.82,22804222,899402816.000
2013-12-24,39.04,39.70,38.83,39.17,24547274,980978816.000
2013-12-25,39.18,39.63,38.80,39.40,14544582,580728128.000
2013-12-26,39.21,39.31,38.70,38.88,17026031,675525120.000
2013-12-27,39.10,40.50,38.90,40.14,33922647,1380285440.000
2013-12-30,40.52,40.80,40.09,40.11,24809419,1020986944.000
2013-12-31,40.00,41.16,39.90,41.03,35053103,1450633088.000
2014-01-02,40.89,40.90,39.96,40.60,22814639,936823040.000
2014-01-03,40.00,40.20,39.38,39.59,26082114,1053912896.000
2014-01-06,39.48,40.27,38.20,39.59,48383924,1909951360.000
2014-01-07,38.93,39.59,38.93,39.39,21964072,878371328.000
2014-01-08,39.49,40.18,39.17,39.93,27507270,1113444992.000
2014-01-09,39.80,40.19,39.00,39.27,26908520,1084249984.000
2014-01-10,39.26,39.45,38.78,38.87,19439362,773447936.000
2014-01-13,39.03,39.42,38.28,38.75,24769163,976761024.000
2014-01-14,38.80,39.52,38.36,39.29,21516184,855605632.000
2014-01-15,39.23,39.33,38.60,39.02,14635820,580176640.000
2014-01-16,39.06,40.95,38.97,40.52,53423828,2190339840.000
2014-01-17,40.33,40.57,39.80,40.16,29841967,1217140864.000
2014-01-20,39.90,40.60,39.82,40.02,20240573,827661952.000
2014-01-21,40.10,41.22,40.10,40.65,26650072,1103429376.000
2014-01-22,40.61,41.44,40.46,41.11,33532100,1400458624.000
2014-01-23,40.90,41.06,40.10,40.30,31827839,1310444800.000
2014-01-24,39.92,40.69,39.80,39.83,30177383,1232077696.000
2014-01-27,39.28,39.28,37.98,38.30,59556355,2329906432.000
2014-01-28,38.40,38.63,38.08,38.46,27296320,1066160832.000
2014-01-29,38.60,38.69,38.33,38.58,19039590,746311872.000
2014-01-30,38.30,38.46,37.93,38.44,27163894,1057973632.000
2014-02-07,37.91,37.93,37.20,37.51,38035843,1447591936.000
2014-02-10,37.63,38.48,37.62,38.37,41508771,1613659136.000
2014-02-11,38.28,39.30,38.01,38.86,42499441,1677228800.000
2014-02-12,39.00,39.14,38.33,38.52,24802434,975862912.000
2014-02-13,38.55,38.77,37.80,38.25,31810434,1238136704.000
2014-02-14,38.20,38.60,38.18,38.37,18375937,718232384.000
2014-02-17,38.90,39.08,38.38,38.80,27639261,1089687168.000
2014-02-18,38.68,38.69,37.90,37.99,32972842,1280423296.000
2014-02-19,37.97,38.72,37.72,38.41,33636796,1307398784.000
2014-02-20,38.53,38.94,37.80,37.88,29219559,1140525056.000
2014-02-21,37.90,38.36,37.67,38.33,29967111,1159437696.000
2014-02-24,37.81,38.30,37.42,38.14,44350517,1708814976.000
2014-02-25,38.00,38.07,36.65,36.94,50761162,1925348864.000
2014-02-26,36.66,37.00,36.54,36.80,27174924,1016538176.000
2014-02-27,36.98,37.59,36.53,37.30,35110133,1324255616.000
2014-02-28,37.20,37.85,37.10,37.80,33231360,1270226048.000
2014-03-03,37.57,37.65,37.01,37.28,29593584,1123111424.000
2014-03-04,37.22,37.69,36.84,37.27,22592582,859059264.000
2014-03-05,37.45,37.45,36.82,36.96,22937355,867715008.000
2014-03-06,36.80,37.45,36.35,37.15,25618731,963086848.000
2014-03-07,36.87,37.39,36.60,36.84,18944504,713812352.000
2014-03-10,36.38,36.38,35.38,35.48,27685448,1009906816.000
2014-03-11,35.33,35.78,35.28,35.50,18049893,652383936.000
2014-03-12,35.40,35.97,35.40,35.64,18881278,687002048.000
2014-03-13,35.82,36.41,35.63,36.04,20498438,753703232.000
2014-03-14,35.90,36.28,35.81,35.98,21875818,803724928.000
2014-03-17,36.24,36.40,35.92,36.14,26004887,958046336.000
2014-03-18,36.18,36.18,35.63,35.65,14119110,516547488.000
2014-03-19,35.52,35.66,34.81,35.30,19862872,711971200.000
2014-03-20,35.30,36.25,35.01,35.39,35190864,1283729920.000
2014-03-21,35.21,37.00,35.20,36.80,50812459,1878615552.000
2014-03-24,36.90,37.25,36.65,37.05,41137054,1551185792.000
2014-03-25,36.86,37.18,36.35,36.45,24377964,913280512.000
2014-03-26,36.63,36.87,36.35,36.48,22982324,856257728.000
2014-03-27,36.42,36.74,35.96,36.48,28592227,1059418944.000
2014-03-28,36.30,36.80,36.25,36.67,20789504,773606464.000
2014-03-31,36.79,37.07,36.58,36.86,21641112,812676160.000
2014-04-01,36.85,37.53,36.75,37.00,33534094,1267899264.000
2014-04-02,37.07,37.82,36.91,37.79,42833089,1631778304.000
2014-04-03,37.99,38.73,37.84,37.86,41720369,1628826880.000
2014-04-04,37.61,38.30,37.50,38.22,19091180,741151296.000
2014-04-08,38.10,39.45,38.05,39.19,53444753,2117590016.000
2014-04-09,39.19,39.29,38.57,38.77,35712913,1415512960.000
2014-04-10,38.80,42.49,38.41,41.58,133202646,5515284992.000
2014-04-11,41.60,41.63,40.25,40.51,90286788,3745722368.000
2014-04-14,40.49,40.75,39.82,40.11,35163660,1433729792.000
2014-04-15,39.88,40.00,39.20,39.37,33616802,1348010880.000
2014-04-16,39.29,39.78,39.12,39.49,19363197,777138368.000
2014-04-17,39.64,39.75,38.86,38.90,18433703,733348224.000
2014-04-18,38.68,39.13,38.37,38.87,16338794,643972864.000
2014-04-21,38.55,39.10,38.12,38.21,19617364,771596224.000
2014-04-22,38.19,38.60,37.95,38.56,18544772,722371072.000
2014-04-23,38.40,38.78,38.17,38.27,17409579,680513344.000
2014-04-24,38.29,38.94,38.20,38.82,36549745,1436533888.000
2014-04-25,38.75,38.88,38.23,38.31,17276781,676973952.000
2014-04-28,38.11,38.47,37.31,37.39,20237332,777744320.000
2014-04-29,37.81,38.66,37.81,38.39,20273434,789071808.000
2014-04-30,38.65,38.66,38.28,38.44,12971739,507872192.000
2014-05-05,38.28,38.73,38.08,38.50,29412977,1149093888.000
2014-05-06,38.35,39.09,38.32,38.83,18569982,731941184.000
2014-05-07,38.58,38.93,38.44,38.66,28101954,1108399360.000
2014-05-08,38.60,39.63,38.46,38.65,20032076,795427904.000
2014-05-09,38.80,38.87,38.43,38.56,11124732,437882592.000
2014-05-12,38.92,39.59,38.81,39.35,28014632,1121069312.000
2014-05-13,39.38,39.70,39.04,39.22,15196804,608601728.000
2014-05-14,39.28,39.55,39.10,39.17,15819949,633411136.000
2014-05-15,39.25,39.36,38.81,38.93,13550441,538856000.000
2014-05-16,39.00,39.02,38.30,38.83,13909764,548452160.000
2014-05-19,38.80,38.83,37.82,38.01,24629075,954027840.000
2014-05-20,38.27,38.37,37.96,38.08,16032390,621977472.000
2014-05-21,37.98,38.54,37.78,38.47,16850039,655273920.000
2014-05-22,38.47,39.03,38.41,38.43,18508738,728941184.000
2014-05-23,38.43,38.70,38.43,38.69,17945656,704306688.000
2014-05-26,38.88,39.07,38.30,38.56,15560554,612038656.000
2014-05-27,38.50,38.78,38.40,38.57,21858314,859641088.000
2014-05-28,38.55,39.20,38.38,39.13,25471164,1004351424.000
2014-05-29,39.21,39.69,38.81,39.28,26923361,1079497600.000
2014-05-30,39.39,39.43,39.01,39.18,18096197,721990720.000
2014-06-03,39.26,39.59,39.19,39.20,26767632,1071015168.000
2014-06-04,39.15,39.15,38.38,38.62,24646289,969574912.000
2014-06-05,38.55,39.19,38.48,39.09,34013648,1342416000.000
2014-06-06,39.08,39.15,38.53,38.76,21208431,837134464.000
2014-06-09,38.56,39.33,38.55,39.00,26749435,1064090752.000
2014-06-10,39.05,39.78,39.05,39.75,43108056,1733954688.000
2014-06-11,39.55,39.68,39.15,39.43,30271711,1211594880.000
2014-06-12,39.38,39.61,39.18,39.27,38069331,1522006528.000
2014-06-13,39.29,40.30,39.20,40.13,47046525,1911536000.000
2014-06-16,40.10,40.45,39.96,40.20,38705030,1583979136.000
2014-06-17,40.14,40.15,39.44,39.68,30148903,1219885056.000
2014-06-18,39.75,39.90,39.47,39.55,20414012,823747392.000
2014-06-19,39.70,39.76,39.02,39.11,24324428,974346304.000
2014-06-20,39.22,39.43,39.03,39.33,15285591,609779136.000
2014-06-23,39.30,39.74,38.91,38.98,22536379,901579712.000
2014-06-24,38.98,39.13,38.61,39.04,24928188,988451072.000
2014-06-25,39.05,39.05,38.55,38.72,17659030,696759680.000
2014-06-26,38.79,39.02,38.73,39.00,13430540,531507392.000
2014-06-27,39.04,39.04,38.49,38.62,23819712,926940480.000
2014-06-30,38.66,39.29,38.65,39.09,16822250,661385664.000
2014-07-01,39.26,39.40,38.86,39.03,15530862,610969600.000
2014-07-02,39.06,39.37,38.95,39.19,17981084,708289152.000
2014-07-03,39.24,39.50,39.12,39.30,18707826,740119808.000
2014-07-04,39.30,39.87,39.30,39.63,20575018,821672064.000
2014-07-07,39.63,39.96,39.47,39.79,16422342,657129344.000
2014-07-08,39.73,39.85,39.58,39.83,12198725,487939136.000
2014-07-09,39.76,40.21,39.45,39.46,24142308,966101120.000
2014-07-10,39.63,39.74,38.97,39.15,27753843,1096040704.000
2014-07-11,39.33,39.43,39.05,39.16,12646057,499353376.000
2014-07-14,39.18,39.74,39.17,39.71,15303296,608817280.000
2014-07-15,39.71,40.00,39.49,39.68,23321034,931300416.000
2014-07-16,39.67,40.05,39.34,39.47,20639700,822271616.000
2014-07-17,39.45,39.70,39.34,39.66,18779557,748084992.000
2014-07-18,39.50,39.95,39.30,39.56,23755075,947994496.000
2014-07-21,39.59,39.90,39.50,39.61,19222459,767665792.000
2014-07-22,39.40,40.19,39.40,39.97,43894965,1763678976.000
2014-07-23,39.95,41.17,39.95,40.83,55736739,2287062272.000
2014-07-24,40.92,42.22,40.92,41.94,68085810,2862822912.000
2014-07-25,42.05,42.50,41.88,42.19,35466240,1503282176.000
2014-07-28,42.50,43.84,42.47,43.58,83604167,3646279936.000
2014-07-29,43.45,43.91,43.10,43.68,36931643,1614937856.000
2014-07-30,43.45,44.06,43.25,43.67,56664079,2493688320.000
2014-07-31,43.72,44.45,43.13,44.37,45192287,1991991168.000
2014-08-01,44.31,44.63,43.45,43.47,42690771,1893369216.000
2014-08-04,43.65,44.89,43.32,44.85,49773564,2211098880.000
2014-08-05,44.76,44.85,43.85,44.23,36817528,1639555200.000
2014-08-06,43.93,43.93,42.99,43.42,42484647,1853697664.000
2014-08-07,43.50,43.55,42.64,42.74,40058392,1730474368.000
2014-08-08,42.89,43.01,42.36,42.57,37242705,1596600960.000
2014-08-11,42.75,43.51,42.68,43.30,45379355,1967603072.000
2014-08-12,43.18,43.19,42.47,42.74,35304849,1517989504.000
2014-08-13,42.75,43.55,42.60,43.50,46458143,2009058688.000
2014-08-14,43.75,43.93,42.80,42.90,44197412,1929774592.000
2014-08-15,43.00,43.80,42.84,43.60,40257857,1756666112.000
2014-08-18,43.65,43.87,43.25,43.45,31568537,1381429760.000
2014-08-19,43.55,43.65,42.72,43.12,35149897,1525429632.000
2014-08-20,42.94,43.02,42.49,42.66,42636081,1833440640.000
2014-08-21,42.66,42.89,41.85,42.28,37008019,1575156224.000
2014-08-22,42.26,42.65,42.23,42.60,32519567,1389450112.000
2014-08-25,42.54,42.60,41.94,42.00,25279533,1072734592.000
2014-08-26,41.98,42.32,41.81,42.13,20610847,873976832.000
2014-08-27,42.29,42.38,42.05,42.17,17167140,728996160.000
2014-08-28,42.21,42.38,41.81,41.85,18853436,798339392.000
2014-08-29,42.11,42.31,41.86,42.25,20221619,857811200.000
2014-09-01,42.35,42.55,42.20,42.38,25952292,1106389888.000
2014-09-02,42.50,42.77,42.11,42.75,39233656,1675495168.000
2014-09-03,42.80,43.35,42.79,43.15,45658958,1981781760.000
2014-09-04,43.26,43.80,43.11,43.73,46722757,2040962304.000
2014-09-05,43.88,44.32,43.50,43.89,43423932,1915977728.000
2014-09-09,43.83,44.20,43.29,43.37,32123487,1411217536.000
2014-09-10,43.10,43.10,42.65,42.91,28717132,1238482816.000
2014-09-11,42.84,43.50,42.55,42.77,38506325,1662807168.000
2014-09-12,42.70,42.91,42.53,42.88,23142777,988507712.000
2014-09-15,42.55,42.61,42.05,42.26,46011169,1943557888.000
2014-09-16,42.34,42.43,41.80,41.83,41926139,1765021696.000
2014-09-17,42.10,42.10,41.80,41.91,26278733,1102840320.000
2014-09-18,41.85,42.20,41.72,42.00,26350892,1106155520.000
2014-09-19,42.03,42.46,41.95,42.39,32176422,1357212416.000
2014-09-22,42.20,42.20,41.00,41.03,48215115,1994107648.000
2014-09-23,41.07,41.36,40.91,41.28,28243947,1162372480.000
2014-09-24,41.06,42.40,41.06,42.35,51878558,2168325888.000
2014-09-25,42.51,42.69,41.85,41.95,32738763,1386488064.000
2014-09-26,41.86,41.95,41.47,41.81,23414159,976107392.000
2014-09-29,41.98,41.99,41.37,41.60,36957980,1539767808.000
2014-09-30,41.68,41.70,41.30,41.34,44418132,1839470208.000
2014-10-08,41.50,41.88,41.28,41.87,38460944,1600320000.000
2014-10-09,41.89,42.29,41.80,41.90,35522181,1491923328.000
2014-10-10,41.73,41.73,41.30,41.38,35148945,1457395712.000
2014-10-13,41.15,41.19,40.64,40.88,40180381,1639546368.000
2014-10-14,40.86,41.15,40.65,40.75,28329678,1157294336.000
2014-10-15,40.88,41.37,40.67,41.35,35422931,1453750016.000
2014-10-16,40.99,41.66,40.84,41.13,36904511,1522616320.000
2014-10-17,41.25,41.45,40.81,41.16,31940696,1312956928.000
2014-10-20,41.39,41.75,41.13,41.27,34812863,1440513152.000
2014-10-21,41.23,41.53,40.92,40.96,31216101,1286186368.000
2014-10-22,41.14,41.90,41.02,41.42,51464068,2137413376.000
2014-10-23,41.31,41.84,41.08,41.14,49541833,2056290944.000
2014-10-24,41.11,41.33,41.02,41.07,29992383,1235723904.000
2014-10-27,40.56,40.64,39.96,40.11,41326209,1662990336.000
2014-10-28,40.16,40.74,40.15,40.71,42280499,1709016192.000
2014-10-29,41.50,42.20,41.32,42.05,85159340,3554130176.000
2014-10-30,41.98,42.16,41.60,42.04,46241621,1937595008.000
2014-10-31,42.25,43.46,42.17,43.00,96690333,4145504512.000
2014-11-03,43.20,43.58,42.70,42.88,54946942,2367823872.000
2014-11-04,42.94,42.95,42.42,42.54,40530684,1727865472.000
2014-11-05,42.58,42.71,42.24,42.51,30046881,1276868352.000
2014-11-06,42.54,42.68,41.95,42.14,50245652,2122305536.000
2014-11-10,43.21,43.50,42.41,42.93,107856407,4623240192.000
2014-11-11,43.15,44.33,42.85,43.05,216478800,9434589184.000
2014-11-12,42.98,43.88,42.75,43.81,79238772,3442942720.000
2014-11-13,44.12,44.88,43.88,44.30,133335046,5920831488.000
2014-11-14,44.10,44.60,43.57,44.53,78755898,3468785920.000
2014-11-17,45.85,45.89,43.36,43.44,97067610,4307115008.000
2014-11-18,43.37,43.55,42.41,42.58,61479126,2632486656.000
2014-11-19,42.60,42.91,42.44,42.57,36798506,1570102400.000
2014-11-20,42.45,43.43,42.28,42.91,53372569,2287494400.000
2014-11-21,42.80,44.21,42.40,43.98,91004535,3943284736.000
2014-11-24,44.88,46.60,44.60,45.85,227750274,10392812544.000
2014-11-25,45.79,46.15,45.62,45.87,88308205,4051188224.000
2014-11-26,46.01,48.15,45.90,47.88,162206159,7624394752.000
2014-11-27,48.70,49.70,48.20,48.84,191617808,9380798464.000
2014-11-28,48.88,49.93,48.11,49.63,169648706,8317107200.000
2014-12-01,53.00,53.85,50.60,50.75,238664579,12377362432.000
2014-12-02,50.50,55.38,50.36,54.29,212976402,11223116800.000
2014-12-03,54.70,57.21,53.75,55.01,245428861,13671460864.000
2014-12-04,55.04,60.24,54.58,59.99,243403640,13895520256.000
2014-12-05,60.82,63.00,57.02,59.13,311211435,18700314624.000
2014-12-08,59.10,64.98,58.01,64.83,298542616,18681899008.000
2014-12-09,62.40,67.12,58.35,59.32,416654501,26335275008.000
2014-12-10,60.00,61.00,56.45,59.64,270621965,15882920960.000
2014-12-11,58.00,59.42,56.61,56.82,171429869,9929330688.000
2014-12-12,57.12,59.15,56.82,57.07,152824627,8843985920.000
2014-12-15,56.98,58.20,56.51,57.99,128657717,7383431680.000
2014-12-16,58.68,63.19,58.20,63.10,261185146,15700680704.000
2014-12-17,63.65,64.80,61.71,63.72,256227013,16256978944.000
2014-12-18,65.00,67.98,64.00,65.74,255141331,16846542848.000
2014-12-19,66.88,66.88,62.50,64.95,174748274,11318540288.000
2014-12-22,65.20,68.30,64.60,65.85,217875500,14553053184.000
2014-12-23,64.69,70.20,63.52,65.37,229502236,15262607360.000
2014-12-24,65.46,65.89,59.90,60.71,234441537,14589029376.000
2014-12-25,61.20,63.88,60.30,63.41,219051947,13613792256.000
2014-12-26,63.99,68.11,63.60,67.81,264782606,17480712192.000
2014-12-29,70.52,74.22,68.10,70.98,364226791,26099691520.000
2014-12-30,70.16,73.98,69.75,72.78,218054301,15697265664.000
2014-12-31,73.50,74.88,72.29,74.71,199544918,14700787712.000
2015-01-05,77.80,78.80,75.25,76.16,243571773,18752043008.000
2015-01-06,74.38,76.77,72.01,73.73,234227969,17438633984.000
2015-01-07,73.30,75.50,72.50,73.41,170386884,12565953536.000
2015-01-08,74.50,74.92,70.80,71.08,178880915,12883821568.000
2015-01-09,71.20,78.18,70.72,72.84,311873402,23164178432.000
2015-01-12,73.98,76.24,72.30,75.17,265627145,19758884864.000
2015-01-13,75.30,76.98,74.01,75.12,150924355,11390279680.000
2015-01-14,75.26,75.88,73.08,73.85,145910572,10853947392.000
2015-01-15,74.00,79.44,73.70,78.87,257903786,19788347392.000
2015-01-16,79.40,81.40,77.91,78.29,231750863,18476457984.000
2015-01-19,70.47,73.45,70.46,70.46,290034945,20841209856.000
2015-01-20,70.30,72.11,68.50,70.62,265116392,18667132928.000
2015-01-21,71.30,77.56,71.09,77.36,292580070,21775560704.000
2015-01-22,77.29,77.70,74.51,75.47,214704423,16325804032.000
2015-01-23,76.00,79.60,75.49,76.80,234373207,18082146304.000
2015-01-26,76.30,76.44,74.70,75.61,138860635,10484377600.000
2015-01-27,76.12,77.45,71.83,73.96,218560605,16231931904.000
2015-01-28,72.89,73.60,71.90,72.29,128035499,9286067200.000
2015-01-29,71.01,71.66,69.81,70.55,156306718,11034677248.000
2015-01-30,70.70,71.85,68.81,69.29,139388270,9784587264.000
2015-02-02,66.30,67.75,65.95,66.22,152220255,10171400192.000
2015-02-03,67.18,70.50,66.00,69.07,190717204,12937940992.000
2015-02-04,69.27,70.31,67.38,67.50,127880615,8815904768.000
2015-02-05,70.00,70.00,65.80,65.94,182953806,12526322688.000
2015-02-06,65.90,68.07,65.51,66.31,148683594,9905947648.000
2015-02-09,66.20,69.10,66.00,68.00,141165997,9578811392.000
2015-02-10,67.50,68.97,67.21,68.49,98062231,6688282624.000
2015-02-11,68.90,70.65,68.47,70.15,106204573,7382467072.000
2015-02-12,70.10,70.50,68.63,69.90,83702171,5833771520.000
2015-02-13,70.34,71.33,69.76,69.92,109227391,7688143872.000
2015-02-16,70.20,71.44,69.76,70.31,96166454,6771606528.000
2015-02-17,70.58,71.44,70.38,70.58,94984648,6738799104.000
2015-02-25,70.37,70.40,67.68,68.16,104046202,7157733888.000
2015-02-26,68.00,70.16,66.99,69.87,117863558,8113328128.000
2015-02-27,70.15,71.21,69.73,70.28,95432615,6730967552.000
2015-03-02,71.01,71.15,69.15,69.90,133869571,9373873152.000
2015-03-03,69.29,69.30,66.95,67.12,140995651,9598019584.000
2015-03-04,67.16,67.70,66.50,66.94,104601775,7002144768.000
2015-03-05,66.00,66.15,64.80,65.16,148376607,9706137600.000
2015-03-06,65.25,65.69,64.90,64.98,79405443,5187303936.000
2015-03-09,64.37,66.77,63.12,66.32,144350137,9339641856.000
2015-03-10,65.80,66.12,64.93,65.70,83035762,5439821312.000
2015-03-11,66.00,67.61,65.84,66.22,107078557,7145484800.000
2015-03-12,67.20,69.47,66.51,68.80,157758881,10760326144.000
2015-03-13,69.22,70.70,68.37,68.94,128161911,8911163392.000
2015-03-16,69.86,73.52,69.01,73.47,220733485,15776029696.000
2015-03-17,75.00,75.63,73.90,74.70,225118769,16816774144.000
2015-03-18,75.63,77.49,74.89,77.42,191144404,14529584128.000
2015-03-19,76.75,76.75,74.90,75.73,157869405,11932804096.000
2015-03-20,78.80,80.00,77.40,78.41,297613080,23409266688.000
2015-03-23,79.15,79.50,77.38,77.95,192748127,15057699840.000
2015-03-24,77.91,77.94,75.35,75.74,211245300,16120826880.000
2015-03-25,75.40,76.70,74.40,75.08,166476946,12546319360.000
2015-03-26,74.80,79.88,73.85,78.14,258337229,20049004544.000
2015-03-27,78.15,78.24,76.30,76.72,121951468,9386634240.000
2015-03-30,77.98,80.20,77.00,79.96,235028996,18581458944.000
2015-03-31,82.18,82.80,77.89,78.24,243115836,19568283648.000
2015-04-01,79.15,80.13,78.30,79.15,182511062,14456611840.000
2015-04-02,79.88,79.92,77.04,78.02,169020999,13243173888.000
2015-04-03,77.69,78.98,77.40,78.71,129000856,10094320640.000
2015-04-07,79.20,81.28,78.50,81.03,214798278,17190330368.000
2015-04-08,81.28,83.95,79.50,82.41,277207808,22668269568.000
2015-04-09,82.72,85.43,81.13,81.44,253739670,21076518912.000
2015-04-10,81.58,86.28,81.31,86.14,256251069,21438685184.000
数据来源:通达信
