600000 浦发银行 日线 前复权
      日期	    开盘	    最高	    最低	    收盘	    成交量	    成交额
2011-03-02,8.27,8.63,8.24,8.51,198210460,2605382400.000
2011-03-03,8.51,8.97,8.51,8.71,263696326,3550340352.000
2011-03-04,8.67,8.82,8.62,8.80,120797971,1626377344.000
2011-03-07,8.81,9.00,8.73,8.84,121331696,1655652992.000
2011-03-08,8.82,9.00,8.78,8.85,95174193,1301033088.000
2011-03-09,8.89,8.97,8.81,8.84,75569415,1034222208.000
2011-03-10,8.81,8.81,8.53,8.55,94145605,1256350976.000
2011-03-11,8.54,8.59,8.38,8.44,64682922,851985600.000
2011-03-14,8.44,8.53,8.42,8.46,44064900,578145216.000
2011-03-15,8.43,8.43,8.17,8.30,92725768,1193536384.000
2011-03-16,8.28,8.43,8.23,8.37,62901816,814120000.000
2011-03-17,8.27,8.34,8.22,8.26,46829496,602924288.000
2011-03-18,8.33,8.39,8.25,8.29,43770807,566212736.000
2011-03-21,8.29,8.41,8.26,8.32,46708141,604983296.000
2011-03-22,8.35,8.61,8.24,8.51,70018764,919016000.000
2011-03-23,8.48,8.66,8.45,8.58,56238253,746472064.000
2011-03-24,8.60,8.66,8.46,8.51,39629180,523824416.000
2011-03-25,8.53,8.81,8.53,8.67,83143551,1116145920.000
2011-03-28,8.79,8.91,8.68,8.71,89692561,1219766912.000
2011-03-29,8.73,9.02,8.72,8.84,116597369,1593941120.000
2011-03-30,8.93,9.14,8.87,9.02,171723152,2380731136.000
2011-03-31,9.02,9.06,8.76,8.84,78290829,1072999168.000
2011-04-01,8.83,9.27,8.83,9.24,139484638,1947168640.000
2011-04-06,9.25,9.60,9.25,9.59,191242695,2768155392.000
2011-04-07,9.58,9.67,9.50,9.56,98951023,1443643904.000
2011-04-08,9.54,9.67,9.44,9.54,68431749,995248768.000
2011-04-11,9.57,9.83,9.51,9.54,120906813,1775882496.000
2011-04-12,9.51,9.65,9.36,9.47,87681115,1271603456.000
2011-04-13,9.40,9.94,9.39,9.90,114475526,1677223680.000
2011-04-14,9.97,10.11,9.84,9.87,126396923,1907393152.000
2011-04-15,9.83,10.02,9.75,9.97,72972838,1095421312.000
2011-04-18,9.91,10.06,9.83,9.91,79681035,1200582144.000
2011-04-19,9.79,9.91,9.57,9.57,85498252,1261580032.000
2011-04-20,9.60,9.75,9.45,9.53,60869160,887371136.000
2011-04-21,9.62,9.75,9.51,9.56,56955897,832686400.000
2011-04-22,9.56,9.64,9.43,9.48,47599632,690125824.000
2011-04-25,9.57,9.70,9.44,9.55,75979221,1108066432.000
2011-04-26,9.58,9.72,9.52,9.71,84160008,1234241152.000
2011-04-27,9.77,9.90,9.48,9.61,97470766,1439938944.000
2011-04-29,9.67,9.71,9.14,9.35,101688583,1452649728.000
2011-05-03,9.32,9.45,9.23,9.36,47035506,673472576.000
2011-05-04,9.29,9.42,8.94,9.01,81001236,1132838528.000
2011-05-05,8.94,9.13,8.85,9.04,46974559,650093888.000
2011-05-06,8.92,9.11,8.87,9.00,36757391,508740032.000
2011-05-09,8.98,9.11,8.91,8.95,30554676,422490272.000
2011-05-10,8.98,9.13,8.91,9.11,36795361,511163680.000
2011-05-11,9.11,9.17,8.99,9.04,27344003,380898272.000
2011-05-12,8.99,9.09,8.86,8.87,37059483,511077952.000
2011-05-13,8.89,9.01,8.74,9.01,52149614,712045056.000
2011-05-16,8.94,9.07,8.89,8.90,37488832,517163712.000
2011-05-17,8.91,9.14,8.84,9.07,48282261,669260992.000
2011-05-18,9.05,9.31,9.01,9.25,54624469,770723072.000
2011-05-19,9.27,9.38,9.21,9.24,44471117,632129344.000
2011-05-20,9.24,9.41,9.21,9.32,51652211,736778816.000
2011-05-23,9.27,9.31,8.98,9.03,49529764,690545344.000
2011-05-24,9.00,9.09,8.97,9.02,33302192,462259456.000
2011-05-25,9.00,9.03,8.81,8.83,30456437,417290080.000
2011-05-26,8.91,8.94,8.80,8.87,32165477,439304192.000
2011-05-27,8.89,9.05,8.81,8.90,42690707,586884288.000
2011-05-30,8.87,9.03,8.81,8.98,32773527,450312960.000
2011-05-31,8.99,9.04,8.86,9.03,54862272,754258688.000
2011-06-01,8.98,9.04,8.90,8.94,43373105,597661120.000
2011-06-02,8.83,8.87,8.42,8.53,78054220,1039092736.000
2011-06-03,8.51,8.63,8.49,8.58,38481953,387260352.000
2011-06-07,8.53,8.62,8.47,8.59,32112692,322851680.000
2011-06-08,8.60,8.61,8.27,8.41,71399603,705901504.000
2011-06-09,8.39,8.39,8.16,8.18,50650154,494816800.000
2011-06-10,8.20,8.29,8.17,8.23,41514189,403650848.000
2011-06-13,8.19,8.32,8.11,8.28,33499528,325257120.000
2011-06-14,8.27,8.53,8.22,8.41,59763717,594459904.000
2011-06-15,8.39,8.39,8.18,8.21,50642541,494521280.000
2011-06-16,8.16,8.20,8.08,8.10,43684110,420806048.000
2011-06-17,8.10,8.18,8.04,8.05,38151775,367427552.000
2011-06-20,8.04,8.16,8.00,8.14,49155845,471826240.000
2011-06-21,8.15,8.21,8.12,8.17,44032371,426182656.000
2011-06-22,8.22,8.22,8.06,8.12,44402682,428768704.000
2011-06-23,8.11,8.28,7.99,8.23,51462993,496177920.000
2011-06-24,8.18,8.67,8.16,8.59,108608292,1083590784.000
2011-06-27,8.59,8.70,8.49,8.56,61879841,624566464.000
2011-06-28,8.56,8.57,8.38,8.49,48625916,485148832.000
2011-06-29,8.49,8.53,8.23,8.25,92115792,906629888.000
2011-06-30,8.27,8.46,8.23,8.33,89477914,880212544.000
2011-07-01,8.34,8.35,8.14,8.23,84950358,829257856.000
2011-07-04,8.28,8.61,8.27,8.59,137704167,1372265472.000
2011-07-05,8.59,8.67,8.48,8.54,79844236,803065792.000
2011-07-06,8.50,8.50,8.29,8.41,78083396,771582208.000
2011-07-07,8.58,8.64,8.39,8.42,110306181,1107281024.000
2011-07-08,8.44,8.74,8.42,8.63,96178652,973144640.000
2011-07-11,8.54,8.62,8.45,8.54,77297565,774789760.000
2011-07-12,8.46,8.51,8.33,8.37,73779698,730710144.000
2011-07-13,8.42,8.57,8.36,8.50,60517246,605053184.000
2011-07-14,8.49,8.59,8.46,8.59,72244581,725394112.000
2011-07-15,8.54,8.63,8.48,8.58,66656003,672068544.000
2011-07-18,8.59,8.59,8.42,8.49,88296134,883661184.000
2011-07-19,8.43,8.45,8.31,8.34,77790440,768616576.000
2011-07-20,8.39,8.43,8.26,8.33,63761031,626819392.000
2011-07-21,8.32,8.34,8.13,8.22,73648903,716204416.000
2011-07-22,8.24,8.27,8.16,8.19,52488395,509417152.000
2011-07-25,8.14,8.16,7.86,7.92,88189088,838678400.000
2011-07-26,7.92,8.04,7.87,7.91,45125010,426214464.000
2011-07-27,7.87,7.91,7.84,7.88,48213160,452508640.000
2011-07-28,7.82,7.83,7.64,7.71,65663811,605993984.000
2011-07-29,7.74,8.10,7.62,7.89,95487760,894864384.000
2011-08-01,7.82,7.95,7.76,7.81,44930056,420409952.000
2011-08-02,7.74,7.80,7.62,7.75,41364988,380816096.000
2011-08-03,7.68,7.80,7.66,7.75,31523822,291253824.000
2011-08-04,7.80,7.89,7.76,7.77,30410552,283911232.000
2011-08-05,7.58,7.64,7.49,7.52,71952165,651685184.000
2011-08-08,7.44,7.58,7.11,7.22,98624718,871891968.000
2011-08-09,7.01,7.44,6.96,7.36,110925176,968666688.000
2011-08-10,7.51,7.57,7.36,7.40,67295852,605242176.000
2011-08-11,7.22,7.64,7.20,7.59,74782511,673428864.000
2011-08-12,7.61,7.64,7.47,7.52,51162640,463907936.000
2011-08-15,7.56,7.88,7.48,7.86,89493443,825023424.000
2011-08-16,7.84,8.00,7.76,7.84,92194078,866602368.000
2011-08-17,7.83,7.90,7.77,7.77,44535594,415370560.000
2011-08-18,7.81,7.82,7.58,7.61,40832235,375402144.000
2011-08-19,7.48,7.57,7.43,7.51,55545006,500195840.000
2011-08-22,7.53,7.64,7.44,7.47,42762550,385779136.000
2011-08-23,7.52,7.68,7.42,7.67,48210876,438712160.000
2011-08-24,7.70,7.83,7.57,7.59,53322202,490717792.000
2011-08-25,7.64,8.02,7.60,7.97,121038880,1135191040.000
2011-08-26,7.91,8.00,7.81,7.95,61998169,584450240.000
2011-08-29,7.78,7.78,7.62,7.67,75330948,693917120.000
2011-08-30,7.74,7.89,7.64,7.68,49166774,456223296.000
2011-08-31,7.67,7.84,7.65,7.78,34349428,318100896.000
2011-09-01,7.80,7.92,7.77,7.86,58506018,548068864.000
2011-09-02,7.84,7.89,7.69,7.78,32039819,297248800.000
2011-09-05,7.69,7.71,7.60,7.64,30840689,282591744.000
2011-09-06,7.58,7.71,7.52,7.60,42139539,384694368.000
2011-09-07,7.62,7.87,7.57,7.78,40598521,374413888.000
2011-09-08,7.79,7.82,7.69,7.75,28413650,263397216.000
2011-09-09,7.79,7.90,7.71,7.79,38055811,354331616.000
2011-09-13,7.67,7.71,7.61,7.64,27627217,252939808.000
2011-09-14,7.69,7.70,7.43,7.59,50592099,457967168.000
2011-09-15,7.59,7.66,7.43,7.44,56765027,512651840.000
2011-09-16,7.51,7.56,7.44,7.47,42224050,380213984.000
2011-09-19,7.40,7.41,7.28,7.30,41510239,366080576.000
2011-09-20,7.29,7.41,7.22,7.35,34551618,305251360.000
2011-09-21,7.35,7.71,7.25,7.58,70353056,635069888.000
2011-09-22,7.50,7.51,7.29,7.31,53791988,479557632.000
2011-09-23,7.20,7.30,7.10,7.22,54164832,470756864.000
2011-09-26,7.14,7.21,6.89,6.93,81748380,697436160.000
2011-09-27,7.01,7.07,6.97,7.01,40252611,343008384.000
2011-09-28,7.08,7.09,6.89,6.92,42407399,360008928.000
2011-09-29,6.88,7.01,6.82,6.94,43757787,369392512.000
2011-09-30,6.97,7.13,6.93,7.03,60468787,515663936.000
2011-10-10,7.01,7.05,6.90,6.91,32428434,274365568.000
2011-10-11,7.27,7.27,6.97,7.06,59130344,511050464.000
2011-10-12,7.03,7.41,6.98,7.34,89412222,787072832.000
2011-10-13,7.31,7.43,7.25,7.36,51298778,453963296.000
2011-10-14,7.33,7.37,7.22,7.32,40504198,356399904.000
2011-10-17,7.33,7.54,7.31,7.41,46009758,410848352.000
2011-10-18,7.34,7.39,7.24,7.27,41115344,362177728.000
2011-10-19,7.27,7.41,7.24,7.33,36188377,319545728.000
2011-10-20,7.26,7.35,7.13,7.22,50658455,443175232.000
2011-10-21,7.24,7.46,7.19,7.38,59306969,526976704.000
2011-10-24,7.40,7.70,7.36,7.65,94932084,864185472.000
2011-10-25,7.67,7.74,7.57,7.65,66314936,608223040.000
2011-10-26,7.62,7.79,7.54,7.67,68454846,631301568.000
2011-10-27,7.75,7.84,7.70,7.75,45585827,422360448.000
2011-10-28,7.89,8.04,7.75,7.87,82502754,775731712.000
2011-10-31,7.84,7.84,7.65,7.70,50778832,468747744.000
2011-11-01,7.64,7.83,7.60,7.67,57198902,527513056.000
2011-11-02,7.57,7.86,7.53,7.85,59397848,546059776.000
2011-11-03,7.87,7.88,7.71,7.73,84349601,785658944.000
2011-11-04,7.84,7.85,7.72,7.80,42565042,395922336.000
2011-11-07,7.74,7.77,7.65,7.67,32870037,302777632.000
2011-11-08,7.73,7.79,7.63,7.70,31693301,291603584.000
2011-11-09,7.73,7.78,7.67,7.76,27951632,257975136.000
2011-11-10,7.69,7.74,7.53,7.54,46636157,426657152.000
2011-11-11,7.55,7.66,7.54,7.57,25261827,230005504.000
2011-11-14,7.67,7.76,7.62,7.70,42296963,389371104.000
2011-11-15,7.69,7.71,7.62,7.67,30013432,275179264.000
2011-11-16,7.67,7.67,7.36,7.41,64028631,576115136.000
2011-11-17,7.43,7.46,7.33,7.35,32007465,284590464.000
2011-11-18,7.29,7.38,7.25,7.29,36819930,324198784.000
2011-11-21,7.33,7.34,7.16,7.23,32355327,281903840.000
2011-11-22,7.19,7.30,7.17,7.24,30669913,268099632.000
2011-11-23,7.25,7.26,7.11,7.18,26370231,228822400.000
2011-11-24,7.11,7.25,7.09,7.19,24460075,212634672.000
2011-11-25,7.19,7.21,7.09,7.11,21366538,184856608.000
2011-11-28,7.12,7.17,7.06,7.09,23967739,206431568.000
2011-11-29,7.15,7.23,7.11,7.22,25960610,225388352.000
2011-11-30,7.18,7.22,6.96,6.99,44971839,384658400.000
2011-12-01,7.23,7.44,7.22,7.30,89049077,787219136.000
2011-12-02,7.27,7.34,7.20,7.29,38638133,339557376.000
2011-12-05,7.33,7.40,7.12,7.29,40188321,354439392.000
2011-12-06,7.25,7.33,7.19,7.22,26440305,232129312.000
2011-12-07,7.23,7.32,7.19,7.27,23350899,204935328.000
2011-12-08,7.27,7.32,7.17,7.27,21909676,191759968.000
2011-12-09,7.22,7.27,7.13,7.19,29514000,257109792.000
2011-12-12,7.17,7.23,7.13,7.15,23035328,200109776.000
2011-12-13,7.13,7.21,7.05,7.07,47600711,412160768.000
2011-12-14,7.06,7.14,7.03,7.09,27334982,235202160.000
2011-12-15,7.05,7.11,6.97,6.98,41518789,354799712.000
2011-12-16,7.00,7.14,6.98,7.11,37730295,322463296.000
2011-12-19,7.06,7.13,6.86,7.10,45264959,384672672.000
2011-12-20,7.07,7.24,7.05,7.08,38376971,331731072.000
2011-12-21,7.15,7.21,6.99,7.02,41637650,359681312.000
2011-12-22,6.98,7.08,6.94,7.02,42682705,363453856.000
2011-12-23,7.03,7.10,6.98,7.03,23263186,198890336.000
2011-12-26,7.01,7.05,6.91,6.96,31788769,269877056.000
2011-12-27,6.96,7.02,6.89,6.93,31075676,262876944.000
2011-12-28,6.92,6.95,6.74,6.87,42011046,351109632.000
2011-12-29,6.84,6.87,6.78,6.84,40055045,333839360.000
2011-12-30,6.88,7.00,6.87,6.98,52982530,448339744.000
2012-01-04,7.03,7.05,6.88,6.90,34201379,290229536.000
2012-01-05,6.96,7.31,6.96,7.14,132116203,1144753024.000
2012-01-06,7.12,7.27,7.11,7.20,61778687,537043776.000
2012-01-09,7.21,7.48,7.17,7.44,80136249,711429632.000
2012-01-10,7.44,7.59,7.37,7.56,72004632,647206656.000
2012-01-11,7.54,7.59,7.47,7.49,49261157,444366560.000
2012-01-12,7.49,7.70,7.48,7.58,60486981,551261440.000
2012-01-13,7.60,7.67,7.46,7.53,56725332,514638080.000
2012-01-16,7.49,7.61,7.45,7.46,33100160,299225056.000
2012-01-17,7.49,7.75,7.28,7.69,97357263,876457408.000
2012-01-18,7.65,7.72,7.49,7.53,58089289,529288096.000
2012-01-19,7.54,7.71,7.51,7.69,68645571,628781824.000
2012-01-20,7.74,7.92,7.66,7.91,95052703,883450368.000
2012-01-30,7.89,7.90,7.69,7.71,71883155,668276672.000
2012-01-31,7.73,7.77,7.65,7.71,35464104,326763264.000
2012-02-01,7.69,7.75,7.54,7.57,39647888,362716576.000
2012-02-02,7.61,7.91,7.57,7.89,87973331,816297536.000
2012-02-03,7.84,7.99,7.81,7.93,97135312,914988416.000
2012-02-06,7.95,8.00,7.78,7.88,63691281,599080960.000
2012-02-07,7.81,7.85,7.67,7.73,51391402,475945760.000
2012-02-08,7.72,7.97,7.72,7.94,64270717,602796544.000
2012-02-09,7.94,7.97,7.85,7.89,50273854,473358240.000
2012-02-10,7.85,7.97,7.81,7.86,51836488,487049472.000
2012-02-13,7.74,7.86,7.67,7.76,49204966,456411680.000
2012-02-14,7.73,7.77,7.62,7.68,53024869,487049248.000
2012-02-15,7.65,7.78,7.63,7.72,55064760,507511360.000
2012-02-16,7.74,7.77,7.63,7.68,47501799,437494048.000
2012-02-17,7.74,7.80,7.69,7.75,41743292,386595872.000
2012-02-20,7.90,7.90,7.74,7.75,57740009,539245888.000
2012-02-21,7.76,7.80,7.69,7.77,42757386,395923936.000
2012-02-22,7.77,7.85,7.69,7.81,81447790,755732416.000
2012-02-23,7.81,7.89,7.77,7.82,87754888,818404864.000
2012-02-24,7.84,8.02,7.80,8.00,128341832,1207795584.000
2012-02-27,8.06,8.11,7.94,7.97,126664015,1206459776.000
2012-02-28,7.97,8.19,7.95,8.15,136121116,1308533888.000
2012-02-29,8.16,8.16,8.00,8.03,77757837,745267136.000
2012-03-01,7.99,8.08,7.98,8.04,46237868,441399328.000
2012-03-02,8.04,8.19,8.03,8.18,74013187,711842944.000
2012-03-05,8.23,8.24,8.07,8.07,66098035,638459392.000
2012-03-06,8.02,8.10,7.90,7.93,68450355,650629568.000
2012-03-07,7.88,7.93,7.82,7.83,51077237,479615296.000
2012-03-08,7.88,7.99,7.86,7.95,54828552,517039328.000
2012-03-09,7.96,8.00,7.91,7.96,47510501,449318752.000
2012-03-12,7.93,7.94,7.82,7.87,52784386,494779968.000
2012-03-13,7.88,8.02,7.84,7.96,61430150,582028864.000
2012-03-14,8.02,8.10,7.81,7.85,99280321,940852480.000
2012-03-15,7.85,7.94,7.65,7.68,70673894,661561280.000
2012-03-16,7.74,7.83,7.69,7.74,72584563,672304000.000
2012-03-19,7.75,7.81,7.73,7.77,50228036,466395776.000
2012-03-20,7.74,7.75,7.61,7.61,62725576,575220544.000
2012-03-21,7.67,7.68,7.51,7.57,51867060,471579968.000
2012-03-22,7.58,7.70,7.52,7.61,38651197,352251200.000
2012-03-23,7.59,7.61,7.51,7.55,35268448,319927040.000
2012-03-26,7.54,7.66,7.54,7.62,33692849,306941856.000
2012-03-27,7.64,7.66,7.57,7.61,27294640,249025232.000
2012-03-28,7.61,7.63,7.42,7.46,43565307,394701408.000
2012-03-29,7.43,7.49,7.34,7.36,48391415,432068896.000
2012-03-30,7.41,7.46,7.37,7.42,50587012,451335936.000
2012-04-05,7.39,7.44,7.30,7.42,76352001,677374528.000
2012-04-06,7.42,7.45,7.33,7.43,56682481,504458944.000
2012-04-09,7.38,7.43,7.32,7.33,34889828,309720480.000
2012-04-10,7.35,7.42,7.27,7.41,45147000,399088192.000
2012-04-11,7.36,7.44,7.34,7.38,39397074,350489728.000
2012-04-12,7.38,7.63,7.36,7.61,64571634,581979200.000
2012-04-13,7.60,7.64,7.51,7.63,61175666,556243008.000
2012-04-16,7.57,7.61,7.53,7.55,38614798,350463008.000
2012-04-17,7.55,7.58,7.42,7.42,49466011,444391616.000
2012-04-18,7.42,7.63,7.41,7.61,67117990,607091648.000
2012-04-19,7.59,7.65,7.55,7.61,48488000,441712576.000
2012-04-20,7.59,7.81,7.58,7.80,77240835,714085568.000
2012-04-23,7.76,7.82,7.70,7.73,41839068,387763904.000
2012-04-24,7.72,8.04,7.71,7.87,113165453,1065629952.000
2012-04-25,7.83,7.93,7.82,7.84,66489024,623235392.000
2012-04-26,7.91,7.95,7.79,7.86,53826936,503917248.000
2012-04-27,7.88,7.94,7.84,7.90,47114993,443152192.000
2012-05-02,7.97,8.08,7.90,8.05,107696972,1023491904.000
2012-05-03,8.00,8.04,7.91,7.95,60560075,574341312.000
2012-05-04,7.96,7.99,7.88,7.98,71659892,677231232.000
2012-05-07,7.92,7.97,7.83,7.91,82225733,773477056.000
2012-05-08,7.90,7.91,7.77,7.85,86721348,810233984.000
2012-05-09,7.79,7.80,7.67,7.69,65066893,600930048.000
2012-05-10,7.70,7.73,7.60,7.65,67576254,619397952.000
2012-05-11,7.65,7.72,7.61,7.65,35532729,325856896.000
2012-05-14,7.70,7.72,7.55,7.57,70896633,648414464.000
2012-05-15,7.49,7.54,7.47,7.53,60429994,544604544.000
2012-05-16,7.52,7.52,7.38,7.40,75535741,676147520.000
2012-05-17,7.42,7.51,7.39,7.46,43092663,386025728.000
2012-05-18,7.41,7.41,7.31,7.35,61950167,549225600.000
2012-05-21,7.35,7.40,7.32,7.36,46679612,413635872.000
2012-05-22,7.39,7.46,7.37,7.45,67549651,602839680.000
2012-05-23,7.44,7.45,7.34,7.38,61979794,552097472.000
2012-05-24,7.37,7.43,7.30,7.34,49757216,441704160.000
2012-05-25,7.34,7.35,7.26,7.28,45887776,404197696.000
2012-05-28,7.29,7.37,7.26,7.36,52347656,461949312.000
2012-05-29,7.35,7.47,7.31,7.44,93478648,831085312.000
2012-05-30,7.41,7.42,7.28,7.31,88036486,779244032.000
2012-05-31,7.28,7.29,7.24,7.26,67011196,587833152.000
2012-06-01,7.27,7.33,7.24,7.27,42401677,372673952.000
2012-06-04,7.20,7.20,7.07,7.08,69367973,599453504.000
2012-06-05,7.11,7.13,7.04,7.05,69666907,598110592.000
2012-06-06,7.08,7.17,7.04,7.11,49918846,429065888.000
2012-06-07,7.17,7.19,7.02,7.05,48026408,413324672.000
2012-06-08,7.00,7.02,6.80,6.83,140389731,1176530432.000
2012-06-11,6.85,6.87,6.80,6.83,71644862,597652544.000
2012-06-12,6.80,6.84,6.68,6.78,82431224,680814848.000
2012-06-14,6.79,6.83,6.74,6.76,80017463,664166656.000
2012-06-15,6.80,7.02,6.78,6.96,134216053,1129580288.000
2012-06-18,6.96,6.97,6.91,6.95,50212960,424346816.000
2012-06-19,6.96,7.03,6.92,6.98,47008304,398791968.000
2012-06-20,7.03,7.10,6.97,6.99,50000107,427039904.000
2012-06-21,7.00,7.00,6.89,6.93,39423884,332932096.000
2012-06-25,6.91,6.97,6.83,6.84,52706596,443526592.000
2012-06-26,6.86,6.91,6.82,6.85,39982538,323089664.000
2012-06-27,6.85,6.88,6.82,6.84,26966055,217422016.000
2012-06-28,6.84,6.86,6.80,6.80,28876449,232014032.000
2012-06-29,6.83,6.95,6.81,6.92,50974236,412653792.000
2012-07-02,6.94,6.94,6.84,6.88,43691987,353033248.000
2012-07-03,6.88,6.94,6.86,6.88,40080965,324895968.000
2012-07-04,6.89,6.97,6.87,6.91,39552477,321375936.000
2012-07-05,6.90,6.91,6.84,6.86,33635896,271555072.000
2012-07-06,6.71,6.76,6.67,6.76,115797069,917011456.000
2012-07-09,6.72,6.73,6.44,6.46,106535413,829804096.000
2012-07-10,6.46,6.55,6.45,6.49,45089773,347540672.000
2012-07-11,6.48,6.53,6.46,6.50,32425638,249889712.000
2012-07-12,6.50,6.51,6.37,6.46,100909326,770420608.000
2012-07-13,6.45,6.58,6.43,6.52,45202381,349346432.000
2012-07-16,6.54,6.54,6.41,6.42,46584899,358037216.000
2012-07-17,6.44,6.52,6.41,6.48,30224255,232272368.000
2012-07-18,6.48,6.48,6.39,6.46,47630983,363638272.000
2012-07-19,6.44,6.52,6.40,6.48,77344589,594527744.000
2012-07-20,6.46,6.47,6.39,6.40,55545514,423521024.000
2012-07-23,6.36,6.36,6.21,6.24,64501900,480841536.000
2012-07-24,6.22,6.29,6.20,6.25,48389405,360293120.000
2012-07-25,6.22,6.29,6.18,6.20,47580447,353247488.000
2012-07-26,6.19,6.24,6.16,6.19,30350495,224778992.000
2012-07-27,6.21,6.35,6.19,6.28,58500797,438293376.000
2012-07-30,6.31,6.44,6.28,6.35,62142486,470732256.000
2012-07-31,6.36,6.48,6.35,6.45,70118950,535947136.000
2012-08-01,6.46,6.50,6.38,6.44,62270863,476495456.000
2012-08-02,6.47,6.56,6.44,6.54,75444190,581966464.000
2012-08-03,6.53,6.54,6.47,6.53,44045380,339338688.000
2012-08-06,6.52,6.53,6.48,6.51,46411105,358235328.000
2012-08-07,6.51,6.52,6.44,6.48,34912528,268267936.000
2012-08-08,6.49,6.56,6.48,6.52,53821168,416624096.000
2012-08-09,6.54,6.55,6.48,6.54,32490296,251340992.000
2012-08-10,6.58,6.64,6.57,6.59,46782980,365500896.000
2012-08-13,6.59,6.62,6.53,6.54,47282079,368478432.000
2012-08-14,6.55,6.59,6.52,6.59,39743689,308683296.000
2012-08-15,6.59,6.59,6.34,6.37,89555247,683068992.000
2012-08-16,6.38,6.38,6.29,6.32,40630297,306256960.000
2012-08-17,6.31,6.37,6.30,6.34,33322665,251555248.000
2012-08-20,6.31,6.35,6.25,6.31,27038216,202877232.000
2012-08-21,6.30,6.35,6.28,6.30,36268940,272732512.000
2012-08-22,6.31,6.32,6.26,6.31,35326454,264640480.000
2012-08-23,6.30,6.34,6.26,6.31,36366406,273444032.000
2012-08-24,6.31,6.32,6.24,6.28,36963616,277056704.000
2012-08-27,6.24,6.28,6.18,6.19,40334510,300069728.000
2012-08-28,6.22,6.41,6.19,6.39,54763743,411991616.000
2012-08-29,6.35,6.36,6.31,6.34,38419444,289895904.000
2012-08-30,6.29,6.41,6.29,6.40,44804211,339823936.000
2012-08-31,6.37,6.47,6.36,6.40,37255105,284745600.000
2012-09-03,6.42,6.42,6.32,6.37,55393324,419440928.000
2012-09-04,6.35,6.38,6.22,6.25,44361378,332534240.000
2012-09-05,6.23,6.24,6.07,6.11,73135906,536590336.000
2012-09-06,6.13,6.18,6.09,6.17,38370245,281996032.000
2012-09-07,6.21,6.57,6.19,6.39,145971941,1108956800.000
2012-09-10,6.38,6.40,6.32,6.35,63799021,482615584.000
2012-09-11,6.33,6.33,6.22,6.28,50981388,381041952.000
2012-09-12,6.32,6.35,6.21,6.27,41199392,308089952.000
2012-09-13,6.26,6.29,6.23,6.24,28598526,213621168.000
2012-09-14,6.29,6.35,6.23,6.31,60553998,454887776.000
2012-09-17,6.31,6.31,6.19,6.20,39495794,294478240.000
2012-09-18,6.18,6.19,6.13,6.14,29556474,217783072.000
2012-09-19,6.14,6.17,6.12,6.13,35316266,259404096.000
2012-09-20,6.11,6.13,6.01,6.02,48072062,349808064.000
2012-09-21,6.01,6.05,5.97,6.00,37540673,271098080.000
2012-09-24,5.97,6.00,5.90,5.96,44280628,316830848.000
2012-09-25,5.95,5.97,5.92,5.95,23528437,168346304.000
2012-09-26,5.94,5.97,5.89,5.90,28344266,202126624.000
2012-09-27,5.90,6.15,5.89,6.11,74565209,540842752.000
2012-09-28,6.07,6.18,6.03,6.17,62930106,460162688.000
2012-10-08,6.17,6.21,6.07,6.11,32324563,237702592.000
2012-10-09,6.14,6.27,6.13,6.24,48620078,361695648.000
2012-10-10,6.22,6.25,6.19,6.23,27147361,201761968.000
2012-10-11,6.20,6.22,6.16,6.20,29564294,218797760.000
2012-10-12,6.22,6.29,6.20,6.24,37953795,283061216.000
2012-10-15,6.25,6.26,6.16,6.20,22249339,164793072.000
2012-10-16,6.20,6.31,6.18,6.25,43952520,328313920.000
2012-10-17,6.27,6.37,6.23,6.34,52658490,395714432.000
2012-10-18,6.34,6.44,6.33,6.41,51397333,390882240.000
2012-10-19,6.41,6.42,6.34,6.37,40185550,305185408.000
2012-10-22,6.33,6.47,6.32,6.44,36799861,280112256.000
2012-10-23,6.45,6.47,6.34,6.36,32189190,245356336.000
2012-10-24,6.34,6.42,6.33,6.38,28328508,215116944.000
2012-10-25,6.37,6.41,6.29,6.32,29807495,225449552.000
2012-10-26,6.33,6.36,6.21,6.25,49611207,370899616.000
2012-10-29,6.23,6.28,6.21,6.26,28176827,210091712.000
2012-10-30,6.26,6.32,6.19,6.27,37082866,276344864.000
2012-10-31,6.28,6.32,6.22,6.30,36411101,273109824.000
2012-11-01,6.31,6.49,6.30,6.43,57205114,436219680.000
2012-11-02,6.44,6.49,6.40,6.47,47587494,364830176.000
2012-11-05,6.49,6.57,6.45,6.52,56974001,439602336.000
2012-11-06,6.53,6.53,6.38,6.47,42177128,323024800.000
2012-11-07,6.46,6.52,6.43,6.48,26193792,201366784.000
2012-11-08,6.42,6.45,6.32,6.33,38667163,293900672.000
2012-11-09,6.32,6.38,6.29,6.32,26921255,202868992.000
2012-11-12,6.33,6.43,6.32,6.42,43645487,331521952.000
2012-11-13,6.41,6.41,6.27,6.28,37691617,283805504.000
2012-11-14,6.28,6.32,6.26,6.29,21823216,163644368.000
2012-11-15,6.28,6.29,6.20,6.21,29220009,217739712.000
2012-11-16,6.20,6.20,6.13,6.15,33266319,245149920.000
2012-11-19,6.15,6.19,6.12,6.16,24785310,182453728.000
2012-11-20,6.19,6.20,6.12,6.14,20252986,149215104.000
2012-11-21,6.14,6.27,6.13,6.26,28957627,214374144.000
2012-11-22,6.24,6.27,6.19,6.23,22784842,169442912.000
2012-11-23,6.25,6.35,6.22,6.30,35819826,268999520.000
2012-11-26,6.29,6.33,6.22,6.26,28167480,210337440.000
2012-11-27,6.23,6.31,6.21,6.25,40827533,304729088.000
2012-11-28,6.23,6.29,6.21,6.23,41978767,312815520.000
2012-11-29,6.25,6.26,6.19,6.20,39279397,291914528.000
2012-11-30,6.20,6.27,6.16,6.25,38822287,288486304.000
2012-12-03,6.25,6.26,6.13,6.14,53769233,396827584.000
2012-12-04,6.12,6.25,6.12,6.22,34974819,258840208.000
2012-12-05,6.22,6.71,6.20,6.67,227002022,1764021504.000
2012-12-06,6.66,6.76,6.62,6.68,115134979,910874048.000
2012-12-07,6.72,7.07,6.71,7.05,229249195,1863056896.000
2012-12-10,7.14,7.21,7.05,7.12,215254803,1796312704.000
2012-12-11,7.11,7.16,7.04,7.07,114930761,955761536.000
2012-12-12,7.08,7.28,7.08,7.19,174126970,1463953024.000
2012-12-13,7.14,7.24,7.07,7.08,124094525,1038553792.000
2012-12-14,7.11,7.78,7.11,7.69,344394455,3002867456.000
2012-12-17,7.79,7.90,7.73,7.86,254783070,2298528768.000
2012-12-18,7.80,8.08,7.76,7.93,234880214,2144833792.000
2012-12-19,7.90,7.95,7.77,7.84,176670647,1601205248.000
2012-12-20,7.78,7.86,7.67,7.85,149750877,1346132224.000
2012-12-21,7.85,7.90,7.67,7.76,130820092,1174200064.000
2012-12-24,7.73,8.05,7.73,7.88,134642726,1224943488.000
2012-12-25,7.86,8.35,7.83,8.24,234226689,2200438272.000
2012-12-26,8.25,8.28,8.16,8.25,96013021,904988224.000
2012-12-27,8.25,8.43,8.11,8.18,127847946,1211244288.000
2012-12-28,8.16,8.43,8.16,8.38,119599842,1140200576.000
2012-12-31,8.43,8.75,8.42,8.71,198451648,1956467584.000
2013-01-04,8.89,9.05,8.72,8.81,261436810,2633796608.000
2013-01-07,8.84,9.13,8.80,9.11,248200915,2534161920.000
2013-01-08,9.13,9.14,8.85,8.91,154851189,1573240192.000
2013-01-09,8.88,8.97,8.77,8.93,175906181,1774560384.000
2013-01-10,8.90,9.00,8.78,8.83,121226794,1224888960.000
2013-01-11,8.86,8.91,8.56,8.61,171547464,1709899008.000
2013-01-14,8.54,9.15,8.54,9.14,228634872,2326609920.000
2013-01-15,9.14,9.20,9.01,9.12,134039003,1383536256.000
2013-01-16,9.07,9.11,8.77,8.91,156691872,1588121344.000
2013-01-17,8.84,8.96,8.67,8.82,116672023,1163327232.000
2013-01-18,8.87,9.04,8.76,8.95,129872645,1315677056.000
2013-01-21,8.99,9.23,8.84,9.19,178154882,1826584576.000
2013-01-22,9.17,9.55,9.04,9.27,242222065,2546398208.000
2013-01-23,9.23,9.41,9.16,9.39,155968498,1637582720.000
2013-01-24,9.39,9.83,9.32,9.40,320210498,3446063872.000
2013-01-25,9.39,9.47,9.32,9.45,89716806,951423104.000
2013-01-28,9.45,10.00,9.44,9.97,263089195,2903989248.000
2013-01-29,10.00,10.26,9.90,10.09,191067344,2155684352.000
2013-01-30,10.08,10.15,9.88,10.03,172171454,1933405056.000
2013-01-31,10.03,10.29,9.91,10.27,181147190,2051351296.000
2013-02-01,10.20,10.76,10.10,10.74,223157195,2595572224.000
2013-02-04,10.77,11.06,10.62,10.86,271540507,3269293056.000
2013-02-05,10.70,10.79,10.44,10.66,176944688,2098278656.000
2013-02-06,10.64,10.84,10.51,10.79,133748186,1595335936.000
2013-02-07,10.79,10.81,9.96,10.22,315193605,3634915072.000
2013-02-08,10.19,10.24,9.85,10.13,195904902,2214211072.000
2013-02-18,10.21,10.29,9.98,10.05,119051849,1348960768.000
2013-02-19,10.02,10.10,9.86,9.89,114565262,1279590656.000
2013-02-20,9.89,9.91,9.37,9.60,264523040,2849978368.000
2013-02-21,9.44,9.47,8.79,9.01,290791316,2996527616.000
2013-02-22,8.98,9.13,8.87,8.93,143226433,1463429376.000
2013-02-25,9.00,9.19,8.99,9.11,116274545,1198145536.000
2013-02-26,8.99,9.55,8.94,9.12,238592674,2515148288.000
2013-02-27,9.15,9.49,9.10,9.18,158815735,1662077312.000
2013-02-28,9.34,9.86,9.18,9.85,224658466,2416913152.000
2013-03-01,9.86,10.10,9.59,9.96,223208905,2475460608.000
2013-03-04,9.65,9.69,9.06,9.18,261002023,2758781184.000
2013-03-05,9.15,10.01,9.15,9.86,233607734,2525017088.000
2013-03-06,9.95,10.10,9.75,9.90,205631621,2289024768.000
2013-03-07,9.81,9.89,9.30,9.55,191555154,2072717440.000
2013-03-08,9.60,9.67,9.39,9.50,103046487,1106726784.000
2013-03-11,9.46,9.46,9.20,9.26,94081221,990803392.000
2013-03-12,9.25,9.44,8.97,9.08,132298619,1371021568.000
2013-03-13,9.08,9.21,8.90,9.04,105764431,1083876608.000
2013-03-14,9.19,9.35,9.06,9.24,163419368,1707645824.000
2013-03-15,9.26,9.72,9.17,9.30,214299272,2283442432.000
2013-03-18,9.23,9.43,9.18,9.27,142604467,1499673088.000
2013-03-19,9.26,9.45,9.22,9.44,114470221,1207222528.000
2013-03-20,9.47,9.99,9.44,9.98,253698290,2793678336.000
2013-03-21,9.99,10.07,9.73,9.89,193267919,2143848576.000
2013-03-22,9.80,9.90,9.74,9.85,122824527,1356165888.000
2013-03-25,9.92,10.03,9.79,9.83,89020579,986945856.000
2013-03-26,9.77,9.78,9.44,9.49,126327261,1358261888.000
2013-03-27,9.50,9.74,9.42,9.55,113814685,1225592704.000
2013-03-28,8.99,9.04,8.47,8.81,298069476,2992135424.000
2013-03-29,8.82,9.00,8.70,8.92,131028762,1315731584.000
2013-04-01,8.85,8.99,8.82,8.84,76052116,767292288.000
2013-04-02,8.86,8.96,8.73,8.82,83681538,840890496.000
2013-04-03,8.84,8.94,8.74,8.85,88765772,892637760.000
2013-04-08,8.66,8.78,8.49,8.71,89499064,883268160.000
2013-04-09,8.75,8.91,8.75,8.83,65806596,660726016.000
2013-04-10,8.82,8.83,8.71,8.79,54586848,544630528.000
2013-04-11,8.87,8.91,8.79,8.81,43303750,435013696.000
2013-04-12,8.82,8.85,8.69,8.73,41832297,417375296.000
2013-04-15,8.73,8.78,8.58,8.62,75763623,747795136.000
2013-04-16,8.54,8.62,8.39,8.53,126274720,1224441856.000
2013-04-17,8.53,8.53,8.31,8.38,86278542,829038272.000
2013-04-18,8.25,8.45,8.21,8.42,103421937,985199552.000
2013-04-19,8.44,8.98,8.41,8.93,178675031,1778831232.000
2013-04-22,8.90,9.01,8.89,9.01,123343744,1254891776.000
2013-04-23,9.07,9.08,8.59,8.63,108826815,1083711360.000
2013-04-24,8.65,8.94,8.56,8.82,105005043,1045917568.000
2013-04-25,8.79,8.86,8.61,8.70,74320334,737540032.000
2013-04-26,8.75,8.80,8.64,8.67,52806428,524919904.000
2013-05-02,8.56,8.65,8.45,8.61,80667825,786928384.000
2013-05-03,8.66,8.96,8.62,8.80,109373480,1097528960.000
2013-05-06,8.82,9.00,8.76,8.92,87865272,888293824.000
2013-05-07,8.88,8.89,8.77,8.85,60095952,603143616.000
2013-05-08,8.91,8.99,8.80,8.84,72153519,728615168.000
2013-05-09,8.85,8.87,8.68,8.76,64667334,644949056.000
2013-05-10,8.72,8.85,8.68,8.82,63127003,630968320.000
2013-05-13,8.81,8.90,8.72,8.81,66994306,670319744.000
2013-05-14,8.82,8.84,8.72,8.76,67348057,671548096.000
2013-05-15,8.77,8.81,8.72,8.78,47275904,471747488.000
2013-05-16,8.78,8.95,8.63,8.94,111647303,1120193792.000
2013-05-17,8.94,9.07,8.84,9.03,122955149,1250713216.000
2013-05-20,9.05,9.33,8.99,9.20,156851179,1632285440.000
2013-05-21,9.17,9.21,9.03,9.13,91775245,946356992.000
2013-05-22,9.12,9.17,9.07,9.15,71207689,734819200.000
2013-05-23,9.08,9.12,8.94,8.94,82484743,845485632.000
2013-05-24,8.99,9.07,8.89,8.99,63230983,644944832.000
2013-05-27,9.00,9.12,8.97,9.08,69546991,714504512.000
2013-05-28,9.09,9.35,9.04,9.34,111377099,1160468736.000
2013-05-29,9.37,9.41,9.30,9.31,91459014,966132032.000
2013-05-30,9.27,9.41,9.26,9.33,89454796,942531008.000
2013-05-31,9.35,9.41,9.25,9.26,101875600,1074952832.000
2013-06-03,9.31,9.35,9.15,9.18,83186090,823621312.000
2013-06-04,9.23,9.23,9.04,9.08,60164557,587136128.000
2013-06-05,9.08,9.11,8.94,8.99,56405768,545296064.000
2013-06-06,8.95,9.01,8.76,8.79,72417597,688813184.000
2013-06-07,8.85,8.91,8.66,8.69,72344081,682011584.000
2013-06-13,8.59,8.59,8.25,8.36,127820275,1152185088.000
2013-06-14,8.41,8.41,8.32,8.36,77530686,699500736.000
2013-06-17,8.39,8.44,8.30,8.35,52039165,469144448.000
2013-06-18,8.39,8.46,8.35,8.41,40358845,365844128.000
2013-06-19,8.39,8.39,8.16,8.23,53104791,473179680.000
2013-06-20,8.20,8.20,7.74,7.76,137571510,1178952704.000
2013-06-21,7.65,7.81,7.56,7.62,147442615,1229287040.000
2013-06-24,7.63,7.63,6.84,6.86,249977361,1942163840.000
2013-06-25,6.79,7.18,6.52,7.14,246601203,1856925568.000
2013-06-26,7.24,7.29,6.97,7.11,130788936,1016856704.000
2013-06-27,7.19,7.26,7.04,7.22,125823284,982597056.000
2013-06-28,7.16,7.64,7.10,7.62,157753950,1276035968.000
2013-07-01,7.56,7.61,7.41,7.51,86027064,702497408.000
2013-07-02,7.52,7.56,7.29,7.49,84019573,677872960.000
2013-07-03,7.44,7.45,7.31,7.38,69690313,560255104.000
2013-07-04,7.40,7.62,7.36,7.46,85794489,697456128.000
2013-07-05,7.45,7.56,7.42,7.45,58764344,477728576.000
2013-07-08,7.34,7.39,7.24,7.25,63977579,508688896.000
2013-07-09,7.26,7.30,7.22,7.26,40964528,324418304.000
2013-07-10,7.29,7.47,7.24,7.45,60829122,488041472.000
2013-07-11,7.51,8.26,7.51,8.20,274152438,2369027072.000
2013-07-12,8.10,8.19,7.77,7.83,162211373,1400965632.000
2013-07-15,7.89,8.05,7.75,7.90,103850924,891216128.000
2013-07-16,7.86,7.89,7.75,7.88,78430472,664317056.000
2013-07-17,7.86,7.89,7.72,7.79,79489709,673336896.000
2013-07-18,7.75,7.79,7.50,7.54,99044377,818192320.000
2013-07-19,7.56,7.58,7.36,7.37,76242268,619426688.000
2013-07-22,7.24,7.33,7.16,7.29,95552055,754153152.000
2013-07-23,7.33,7.57,7.28,7.48,115906521,942643008.000
2013-07-24,7.38,7.43,7.24,7.34,87410550,697536448.000
2013-07-25,7.36,7.45,7.30,7.36,62010839,497968416.000
2013-07-26,7.32,7.35,7.28,7.31,42800503,341110304.000
2013-07-29,7.24,7.24,7.05,7.08,84518514,655293184.000
2013-07-30,7.12,7.30,7.08,7.18,68907635,540970752.000
2013-07-31,7.25,7.36,7.16,7.20,50335414,397874848.000
2013-08-01,7.26,7.36,7.21,7.33,58959381,469433184.000
2013-08-02,7.40,7.46,7.31,7.32,57767151,463891776.000
2013-08-05,7.32,7.41,7.29,7.40,53056118,425459712.000
2013-08-06,7.37,7.42,7.32,7.37,82798496,664260288.000
2013-08-07,7.37,7.48,7.34,7.35,68679917,553785280.000
2013-08-08,7.35,7.41,7.29,7.33,54611350,436833728.000
2013-08-09,7.39,7.42,7.30,7.35,55483572,444645248.000
2013-08-12,7.38,7.66,7.35,7.65,142760853,1171789184.000
2013-08-13,7.64,7.77,7.61,7.76,118672580,991814144.000
2013-08-14,7.78,7.87,7.64,7.65,121903670,1025898624.000
2013-08-15,7.65,7.71,7.54,7.56,67134769,556547136.000
2013-08-16,7.51,8.38,7.49,7.65,264712593,2254296064.000
2013-08-19,7.58,7.84,7.57,7.79,124704778,1044624768.000
2013-08-20,7.76,8.12,7.73,7.85,153605678,1314061952.000
2013-08-21,7.87,7.92,7.71,7.79,65732224,554833024.000
2013-08-22,7.75,7.96,7.74,7.78,60326480,513025408.000
2013-08-23,7.88,7.97,7.59,7.76,117530030,995509248.000
2013-08-26,7.79,8.12,7.74,8.08,161720147,1399048064.000
2013-08-27,8.09,8.39,8.04,8.29,224672933,2001682176.000
2013-08-28,8.22,8.49,8.13,8.34,243574963,2194823936.000
2013-08-29,8.45,8.55,8.20,8.26,146496955,1320039168.000
2013-08-30,8.20,8.39,8.10,8.33,129143351,1152526336.000
2013-09-02,8.45,8.63,8.29,8.31,141236900,1281805056.000
2013-09-03,8.30,8.46,8.23,8.43,140383661,1269355904.000
2013-09-04,8.38,8.58,8.37,8.48,142450054,1305299456.000
2013-09-05,8.53,8.53,8.40,8.47,93544409,852833088.000
2013-09-06,8.49,9.21,8.46,8.91,301015112,2850092288.000
2013-09-09,9.62,9.87,9.52,9.87,580189224,6069489664.000
2013-09-10,10.34,10.83,10.11,10.74,1198024109,13328929792.000
2013-09-11,10.55,10.81,10.54,10.61,603551016,6834516480.000
2013-09-12,10.64,11.74,10.50,11.59,1041527543,12498180096.000
2013-09-13,11.42,11.61,11.07,11.25,661646551,7947104256.000
2013-09-16,11.34,11.36,10.57,10.83,699493335,8064946176.000
2013-09-17,10.75,10.82,10.11,10.17,511737943,5694768128.000
2013-09-18,10.29,10.53,10.17,10.34,400172137,4413153792.000
2013-09-23,10.39,10.54,10.14,10.52,453630138,4987201024.000
2013-09-24,10.53,10.54,9.91,10.15,476900620,5154101248.000
2013-09-25,10.08,10.52,10.03,10.12,384146137,4206311424.000
2013-09-26,10.09,10.10,9.41,9.51,448493838,4639913984.000
2013-09-27,9.45,9.67,9.39,9.58,243782409,2485876736.000
2013-09-30,9.68,9.71,9.36,9.43,256510906,2609512448.000
2013-10-08,9.37,9.67,9.22,9.57,258444174,2618477312.000
2013-10-09,9.44,9.80,9.41,9.61,244015218,2503190528.000
2013-10-10,9.64,9.69,9.27,9.32,249225016,2508886016.000
2013-10-11,9.44,9.99,9.34,9.89,441961264,4582589952.000
2013-10-14,9.79,9.84,9.59,9.63,274009307,2834786560.000
2013-10-15,9.64,9.69,9.36,9.45,212323978,2155489536.000
2013-10-16,9.43,9.43,9.16,9.25,217322904,2160308480.000
2013-10-17,9.35,9.41,9.15,9.16,145253461,1440499456.000
2013-10-18,9.16,9.40,9.14,9.22,129849775,1290361088.000
2013-10-21,9.29,9.50,9.14,9.46,211850917,2123854848.000
2013-10-22,9.45,9.45,9.20,9.27,156011435,1554175488.000
2013-10-23,9.29,9.69,9.25,9.36,260513178,2639944192.000
2013-10-24,9.30,9.50,9.16,9.32,170003394,1700451840.000
2013-10-25,9.35,9.60,9.33,9.41,256524257,2593128960.000
2013-10-28,9.42,9.56,9.26,9.49,164098118,1650688512.000
2013-10-29,9.56,10.03,9.52,9.82,494214050,5150564352.000
2013-10-30,9.82,9.96,9.65,9.93,301165849,3162162432.000
2013-10-31,9.92,9.94,9.65,9.67,211637554,2206625536.000
2013-11-01,9.66,9.87,9.57,9.76,164057262,1704932224.000
2013-11-04,9.82,9.88,9.60,9.64,138786390,1438550528.000
2013-11-05,9.56,9.59,9.38,9.54,172536527,1747250944.000
2013-11-06,9.41,9.54,9.34,9.37,151026564,1522867072.000
2013-11-07,9.42,9.53,9.31,9.39,114983822,1158380416.000
2013-11-08,9.36,9.44,9.27,9.32,110388788,1104891648.000
2013-11-11,9.33,9.36,9.24,9.31,79759246,793983232.000
2013-11-12,9.35,9.53,9.34,9.46,119655182,1209294464.000
2013-11-13,9.38,9.39,8.97,8.98,208714474,2049839104.000
2013-11-14,8.94,9.02,8.73,8.83,169111025,1601513600.000
2013-11-15,8.83,9.19,8.82,9.02,180564555,1753424256.000
2013-11-18,9.09,9.45,9.00,9.44,231275931,2289353984.000
2013-11-19,9.44,9.44,9.29,9.31,128516630,1286050560.000
2013-11-20,9.35,9.52,9.31,9.39,125986570,1265362944.000
2013-11-21,9.34,9.42,9.12,9.41,172340745,1708643968.000
2013-11-22,9.39,9.45,9.32,9.40,131116961,1317526656.000
2013-11-25,9.33,9.45,9.26,9.27,96767050,967272320.000
2013-11-26,9.24,9.37,9.22,9.24,72857686,724350720.000
2013-11-27,9.21,9.42,9.10,9.27,134357122,1332415744.000
2013-11-28,9.29,9.40,9.24,9.30,121839005,1217508480.000
2013-11-29,9.40,9.46,9.30,9.33,112491968,1128740864.000
2013-12-02,9.44,9.68,9.33,9.66,408952609,4162905344.000
2013-12-03,9.61,9.68,9.48,9.60,178953713,1832350208.000
2013-12-04,9.58,9.91,9.54,9.74,283303320,2951386624.000
2013-12-05,9.74,9.78,9.62,9.69,150565456,1557557504.000
2013-12-06,9.68,9.68,9.47,9.56,157734044,1611228672.000
2013-12-09,9.55,9.59,9.42,9.45,111336390,1127426944.000
2013-12-10,9.46,9.55,9.42,9.48,89476538,907205504.000
2013-12-11,9.45,9.47,9.25,9.27,127176728,1268123904.000
2013-12-12,9.25,9.30,9.21,9.22,89839025,889730880.000
2013-12-13,9.18,9.19,9.11,9.17,98124624,963431296.000
2013-12-16,9.19,9.31,9.06,9.08,119802106,1177159808.000
2013-12-17,9.10,9.11,9.00,9.03,78126226,758108096.000
2013-12-18,9.05,9.14,9.02,9.05,55191766,536799936.000
2013-12-19,9.09,9.12,8.94,8.95,71003510,687152704.000
2013-12-20,8.97,8.98,8.68,8.70,107593841,1018130496.000
2013-12-23,8.75,8.82,8.65,8.68,63014853,590896768.000
2013-12-24,8.71,8.75,8.59,8.68,71802936,671259968.000
2013-12-25,8.67,8.69,8.49,8.61,89003265,821820544.000
2013-12-26,8.60,8.61,8.40,8.43,82518650,753839552.000
2013-12-27,8.43,8.66,8.42,8.58,88052311,811334784.000
2013-12-30,8.64,8.66,8.53,8.54,70408751,650877056.000
2013-12-31,8.55,8.87,8.51,8.77,107237045,1006340928.000
2014-01-02,8.78,8.79,8.63,8.67,69821037,652410752.000
2014-01-03,8.62,8.64,8.42,8.48,88351969,807094464.000
2014-01-06,8.65,8.68,8.47,8.53,117267700,1079925504.000
2014-01-07,8.51,8.55,8.35,8.48,72150947,657895488.000
2014-01-08,8.48,8.66,8.45,8.54,78603481,724415936.000
2014-01-09,8.54,8.78,8.50,8.63,109976763,1025797632.000
2014-01-10,8.62,8.79,8.58,8.75,93379978,875061952.000
2014-01-13,8.78,8.81,8.67,8.73,65935363,618500160.000
2014-01-14,8.74,8.77,8.59,8.74,79710266,744481152.000
2014-01-15,8.73,8.74,8.50,8.57,77606643,717369984.000
2014-01-16,8.56,8.60,8.51,8.52,67204743,618488768.000
2014-01-17,8.51,8.51,8.41,8.46,66047496,601804096.000
2014-01-20,8.44,8.47,8.38,8.41,42094792,382309888.000
2014-01-21,8.44,8.60,8.43,8.50,47596032,436604864.000
2014-01-22,8.52,8.72,8.51,8.68,91387277,849733120.000
2014-01-23,8.65,8.68,8.55,8.56,63055407,583623040.000
2014-01-24,8.51,8.66,8.48,8.57,70757205,653717696.000
2014-01-27,8.53,8.54,8.44,8.46,69858649,637844224.000
2014-01-28,8.46,8.63,8.46,8.53,57333618,527187520.000
2014-01-29,8.58,8.65,8.54,8.63,71042825,659122816.000
2014-01-30,8.61,8.64,8.49,8.51,52508927,485399520.000
2014-02-07,8.47,8.52,8.41,8.52,51136921,466080896.000
2014-02-10,8.52,8.64,8.50,8.63,91573113,848138368.000
2014-02-11,8.65,9.02,8.56,8.88,212392409,2017636480.000
2014-02-12,8.84,8.98,8.78,8.84,106449343,1012082688.000
2014-02-13,8.82,9.18,8.75,8.94,197765140,1901282560.000
2014-02-14,8.94,8.97,8.85,8.93,80503230,770860224.000
2014-02-17,8.96,9.00,8.82,8.86,107916285,1029473536.000
2014-02-18,8.85,8.85,8.57,8.60,131972251,1231564416.000
2014-02-19,8.59,8.91,8.54,8.83,150729704,1420983552.000
2014-02-20,8.87,9.07,8.70,8.73,144607391,1379086336.000
2014-02-21,8.73,8.77,8.56,8.63,82312549,765984704.000
2014-02-24,8.54,8.55,8.31,8.35,135269196,1223507840.000
2014-02-25,8.35,8.42,8.15,8.17,112988180,1012070336.000
2014-02-26,8.15,8.23,8.11,8.19,79811062,704799680.000
2014-02-27,8.24,8.37,8.15,8.28,112556009,1005356224.000
2014-02-28,8.24,8.35,8.14,8.25,75427866,671034432.000
2014-03-03,8.25,8.26,8.15,8.19,81389991,720619840.000
2014-03-04,8.18,8.25,8.02,8.21,113473857,994582720.000
2014-03-05,8.20,8.22,8.02,8.04,66776262,585846336.000
2014-03-06,8.04,8.20,7.96,8.14,105221671,920528192.000
2014-03-07,8.14,8.25,8.05,8.07,85996638,757643584.000
2014-03-10,8.01,8.05,7.76,7.78,100335990,859115776.000
2014-03-11,7.77,7.87,7.73,7.80,71119520,600753216.000
2014-03-12,7.81,8.01,7.73,7.90,110468613,942803776.000
2014-03-13,8.10,8.47,8.02,8.18,198115864,1758751744.000
2014-03-14,8.12,8.37,8.06,8.33,179769247,1602451072.000
2014-03-18,8.56,8.57,8.21,8.23,167965350,1523657856.000
2014-03-19,8.19,8.41,8.10,8.39,93838218,832057152.000
2014-03-20,8.30,8.54,8.29,8.33,166058733,1510412544.000
2014-03-21,8.32,9.23,8.31,9.23,577730146,5543459840.000
2014-03-24,9.23,9.35,9.08,9.14,550938112,5438997504.000
2014-03-25,9.10,9.20,9.02,9.09,225324449,2201589760.000
2014-03-26,9.12,9.17,8.85,8.92,188654730,1813592704.000
2014-03-27,8.87,9.28,8.82,9.03,310183453,3020967424.000
2014-03-28,8.98,9.26,8.94,9.01,235609623,2299182848.000
2014-03-31,9.04,9.11,8.91,9.06,117957984,1139701376.000
2014-04-01,9.00,9.18,8.97,9.07,121142230,1177869440.000
2014-04-02,9.09,9.38,9.05,9.28,221487036,2188083712.000
2014-04-03,9.28,9.34,8.98,9.01,202589136,1988726400.000
2014-04-04,8.96,9.09,8.91,9.07,103710191,1003039488.000
2014-04-08,9.05,9.65,9.05,9.48,389948091,3925146624.000
2014-04-09,9.46,9.53,9.37,9.44,166971745,1686236288.000
2014-04-10,9.48,9.75,9.37,9.57,251774137,2565192704.000
2014-04-11,9.52,9.66,9.48,9.59,187981794,1923682560.000
2014-04-14,9.59,9.63,9.43,9.46,133566631,1356868480.000
2014-04-15,9.41,9.42,9.16,9.19,176166147,1746784896.000
2014-04-16,9.16,9.31,9.15,9.24,100765541,997304832.000
2014-04-17,9.27,9.31,9.08,9.10,147878398,1453030912.000
2014-04-18,9.07,9.15,8.97,9.12,115394462,1120720896.000
2014-04-21,9.08,9.30,9.02,9.05,131392321,1292829696.000
2014-04-22,9.02,9.26,9.00,9.24,141231411,1385544320.000
2014-04-23,9.19,9.34,9.17,9.22,136419564,1352733696.000
2014-04-24,9.24,9.32,9.19,9.21,82309479,815388800.000
2014-04-25,9.26,9.40,9.16,9.18,180573527,1794439424.000
2014-04-28,9.16,9.21,8.99,9.01,123425122,1198580992.000
2014-04-29,9.01,9.16,8.99,9.14,88443328,859931392.000
2014-04-30,9.32,9.36,9.10,9.11,142558919,1407065856.000
2014-05-05,9.11,9.13,8.92,9.08,103509079,1001815680.000
2014-05-06,9.04,9.14,9.01,9.04,58797626,572224192.000
2014-05-07,9.03,9.09,8.98,9.00,55972788,542274496.000
2014-05-08,9.00,9.21,8.98,9.09,95225892,930740672.000
2014-05-09,9.09,9.16,9.03,9.10,74829332,731563200.000
2014-05-12,9.19,9.30,9.13,9.27,129589586,1282666112.000
2014-05-13,9.24,9.28,9.17,9.24,66182545,653997056.000
2014-05-14,9.23,9.26,9.12,9.15,114355129,1124734336.000
2014-05-15,9.13,9.17,9.05,9.07,70426925,688077248.000
2014-05-16,9.04,9.14,9.04,9.09,57142230,556664640.000
2014-05-19,9.06,9.06,8.81,8.86,137405978,1314192256.000
2014-05-20,8.90,8.94,8.82,8.89,64057749,610778816.000
2014-05-21,8.86,8.95,8.75,8.94,54298040,517810688.000
2014-05-22,8.93,9.07,8.91,8.94,71688611,692799616.000
2014-05-23,8.95,9.04,8.93,9.04,47057342,454096736.000
2014-05-26,9.10,9.12,9.03,9.08,54108963,526560768.000
2014-05-27,9.07,9.08,8.96,9.00,74436155,720820160.000
2014-05-28,9.00,9.06,8.94,9.02,92478303,892246144.000
2014-05-29,9.02,9.06,8.94,8.96,75258524,726796800.000
2014-05-30,8.96,8.97,8.89,8.91,69096841,662738432.000
2014-06-03,8.93,8.98,8.87,8.88,70641283,677281792.000
2014-06-04,8.89,8.90,8.74,8.79,86246408,816293696.000
2014-06-05,8.79,8.97,8.77,8.96,56500335,538639296.000
2014-06-06,8.94,8.96,8.79,8.85,53426017,509267456.000
2014-06-09,8.80,9.01,8.80,8.88,58231714,557813056.000
2014-06-10,8.93,8.99,8.86,8.97,68256823,655798656.000
2014-06-11,8.93,8.97,8.89,8.93,46334806,444252128.000
2014-06-12,8.91,8.93,8.86,8.88,42917693,410062048.000
2014-06-13,8.89,9.12,8.88,9.07,129624894,1256394752.000
2014-06-16,9.07,9.21,9.03,9.15,118477367,1159724288.000
2014-06-17,9.17,9.17,9.05,9.07,91317081,892676096.000
2014-06-18,9.07,9.11,9.05,9.07,66459996,647470912.000
2014-06-19,9.08,9.15,8.94,8.98,68906460,668029824.000
2014-06-20,8.98,9.05,8.96,9.04,57665733,557096320.000
2014-06-23,9.05,9.11,8.97,9.00,86019554,834638528.000
2014-06-24,9.05,9.09,9.01,9.04,83305537,753572864.000
2014-06-25,9.05,9.05,8.97,8.98,46797781,421074944.000
2014-06-26,8.98,9.04,8.98,8.99,43052470,387941152.000
2014-06-27,8.99,9.02,8.96,8.97,42713239,383829280.000
2014-06-30,8.98,9.08,8.98,9.05,52645089,476195584.000
2014-07-01,9.08,9.10,9.01,9.06,42584500,385288800.000
2014-07-02,9.06,9.09,9.02,9.06,41262790,373724768.000
2014-07-03,9.06,9.09,9.03,9.07,64553232,585009408.000
2014-07-04,9.08,9.09,9.05,9.07,47263941,428330848.000
2014-07-07,9.07,9.08,9.03,9.05,42831405,387738016.000
2014-07-08,9.05,9.06,9.01,9.05,52592964,475316192.000
2014-07-09,9.05,9.05,8.91,8.92,75829647,680803712.000
2014-07-10,8.92,8.95,8.90,8.92,43284795,386256096.000
2014-07-11,8.92,8.99,8.91,8.94,58461216,523490688.000
2014-07-14,8.93,9.01,8.90,9.00,50192334,449273952.000
2014-07-15,9.01,9.02,8.98,9.01,57331618,515793888.000
2014-07-16,9.01,9.05,9.00,9.02,57758013,521218624.000
2014-07-17,9.03,9.04,8.97,8.99,43076122,387416768.000
2014-07-18,8.98,9.05,8.96,9.02,60143570,542519424.000
2014-07-21,9.01,9.02,8.97,8.98,43394538,390236864.000
2014-07-22,8.96,9.10,8.96,9.06,101186449,915202944.000
2014-07-23,9.04,9.14,9.04,9.08,95071892,864070592.000
2014-07-24,9.09,9.38,9.09,9.32,235007435,2179260160.000
2014-07-25,9.38,9.44,9.30,9.39,134460946,1259192320.000
2014-07-28,9.44,9.83,9.44,9.76,315856664,3067199488.000
2014-07-29,9.80,9.88,9.72,9.78,203049428,1989649792.000
2014-07-30,9.89,9.92,9.67,9.71,182728243,1785992192.000
2014-07-31,9.69,9.81,9.66,9.80,113003643,1098506240.000
2014-08-01,9.77,9.96,9.74,9.76,199316283,1966817280.000
2014-08-04,9.82,9.94,9.73,9.92,167001355,1646470400.000
2014-08-05,9.92,9.95,9.80,9.87,116942080,1154644352.000
2014-08-06,9.83,9.83,9.66,9.74,134531042,1309646592.000
2014-08-07,9.75,9.78,9.55,9.56,141244203,1363312768.000
2014-08-08,9.56,9.60,9.50,9.54,120982762,1154961152.000
2014-08-11,9.57,9.73,9.57,9.70,99902317,966146816.000
2014-08-12,9.69,9.70,9.60,9.64,80856190,779243648.000
2014-08-13,9.64,9.68,9.53,9.61,97201687,932751424.000
2014-08-14,9.63,9.68,9.58,9.60,102325664,986409920.000
2014-08-15,9.63,9.70,9.58,9.68,83507836,806096128.000
2014-08-18,9.69,9.81,9.67,9.72,96111663,933999552.000
2014-08-19,9.78,9.78,9.64,9.71,99796164,968114304.000
2014-08-20,9.71,9.71,9.63,9.64,70135543,677452352.000
2014-08-21,9.64,9.65,9.43,9.50,118057183,1123688960.000
2014-08-22,9.50,9.58,9.47,9.54,76885741,733185600.000
2014-08-25,9.52,9.53,9.42,9.44,90596114,856940032.000
2014-08-26,9.43,9.50,9.41,9.46,85213616,804802432.000
2014-08-27,9.45,9.50,9.43,9.45,54628769,516864192.000
2014-08-28,9.45,9.45,9.36,9.36,70289162,661133056.000
2014-08-29,9.40,9.48,9.36,9.47,53881605,507394720.000
2014-09-01,9.49,9.52,9.44,9.49,68578076,650654464.000
2014-09-02,9.51,9.63,9.46,9.60,128705724,1227884288.000
2014-09-03,9.63,9.74,9.62,9.68,128588110,1244849664.000
2014-09-04,9.70,9.72,9.63,9.71,98919202,956753792.000
2014-09-05,9.73,9.78,9.69,9.74,126925907,1234562048.000
2014-09-09,9.75,9.82,9.68,9.70,123866063,1205605760.000
2014-09-10,9.65,9.66,9.57,9.59,111659515,1073076800.000
2014-09-11,9.60,9.73,9.57,9.60,119763193,1152957952.000
2014-09-12,9.61,9.61,9.53,9.60,80296496,768304384.000
2014-09-15,9.56,9.64,9.51,9.60,99444466,950656320.000
2014-09-16,9.65,9.76,9.59,9.62,222751521,2154511872.000
2014-09-17,9.63,9.66,9.53,9.57,116577448,1116528128.000
2014-09-18,9.56,9.75,9.53,9.73,218993865,2119148544.000
2014-09-19,9.72,9.91,9.70,9.85,286004782,2816151296.000
2014-09-22,9.83,9.83,9.61,9.61,155546883,1505934080.000
2014-09-23,9.61,9.69,9.60,9.63,88224150,850252160.000
2014-09-24,9.61,9.79,9.59,9.76,152637326,1480725888.000
2014-09-25,9.79,9.83,9.68,9.71,137216320,1340440576.000
2014-09-26,9.69,9.74,9.64,9.72,80598327,781818048.000
2014-09-29,9.75,9.81,9.72,9.76,121763013,1188241024.000
2014-09-30,9.78,9.80,9.70,9.75,105093276,1023862464.000
2014-10-08,9.78,9.85,9.73,9.84,142724444,1398725120.000
2014-10-09,9.85,9.94,9.81,9.85,130968217,1293022464.000
2014-10-10,9.80,9.91,9.77,9.83,133030186,1308626432.000
2014-10-13,9.79,9.83,9.68,9.73,109831220,1069089792.000
2014-10-14,9.72,9.82,9.69,9.72,84002904,818017664.000
2014-10-15,9.72,9.85,9.64,9.79,133922265,1304901632.000
2014-10-16,9.74,10.04,9.70,9.89,296366859,2936900096.000
2014-10-17,9.88,10.00,9.75,9.85,161019857,1588282368.000
2014-10-20,9.93,9.95,9.82,9.90,114718758,1133473920.000
2014-10-21,9.89,9.91,9.76,9.78,105290636,1034461888.000
2014-10-22,9.79,9.88,9.75,9.78,91092137,893481664.000
2014-10-23,9.78,9.88,9.72,9.75,118416324,1159897472.000
2014-10-24,9.77,9.79,9.66,9.68,108312657,1054022656.000
2014-10-27,9.62,9.63,9.40,9.47,138929487,1323460352.000
2014-10-28,9.50,9.61,9.50,9.59,101044054,965189376.000
2014-10-29,9.61,9.75,9.57,9.70,161050635,1555123968.000
2014-10-30,9.72,9.85,9.65,9.81,176780522,1722710656.000
2014-10-31,9.88,10.38,9.85,10.20,491064711,4953082880.000
2014-11-03,10.25,10.28,10.10,10.16,248371619,2525984256.000
2014-11-04,10.20,10.20,10.02,10.07,163212641,1645394560.000
2014-11-05,10.08,10.11,9.96,9.99,157561422,1578932480.000
2014-11-06,10.01,10.04,9.95,10.03,101863094,1018619328.000
2014-11-07,10.01,10.39,9.98,10.18,407114119,4155058176.000
2014-11-10,10.53,10.81,10.42,10.55,489376864,5168943616.000
2014-11-11,10.62,11.26,10.62,10.92,653738973,7163875328.000
2014-11-12,10.85,11.07,10.74,11.05,271038574,2961655296.000
2014-11-13,11.10,11.38,10.86,10.94,371263986,4115769344.000
2014-11-14,10.88,10.98,10.75,10.90,198414346,2154897408.000
2014-11-17,10.94,11.08,10.73,10.75,214519835,2329015808.000
2014-11-18,10.75,10.80,10.43,10.45,254900899,2687326976.000
2014-11-19,10.43,10.54,10.39,10.47,145326646,1518565376.000
2014-11-20,10.45,10.66,10.37,10.57,162402495,1709647488.000
2014-11-21,10.58,10.82,10.46,10.79,209997641,2234174976.000
2014-11-24,10.57,10.99,10.45,10.86,474049927,5090821632.000
2014-11-25,10.81,11.09,10.75,11.08,289490093,3159162368.000
2014-11-26,11.25,11.43,11.10,11.32,452263345,5092828672.000
2014-11-27,11.48,11.72,11.28,11.48,439738276,5062406656.000
2014-11-28,11.53,12.48,11.48,12.40,832183256,9950390272.000
2014-12-01,12.45,12.98,12.12,12.16,607270363,7590567424.000
2014-12-02,12.03,13.08,12.03,12.87,589371031,7404591104.000
2014-12-03,12.84,13.29,12.32,12.58,730561448,9380076544.000
2014-12-04,12.58,13.30,12.37,13.27,720041669,9307945984.000
2014-12-05,13.42,14.00,12.90,13.53,859647616,11553890304.000
2014-12-08,13.39,14.04,13.20,13.81,703922500,9622363136.000
2014-12-09,13.56,14.16,12.46,12.65,869193775,11788051456.000
2014-12-10,12.70,13.25,12.21,13.16,620272395,7901267968.000
2014-12-11,12.96,13.55,12.85,13.05,442571181,5847503360.000
2014-12-12,13.05,13.38,12.78,12.98,310558743,4067040256.000
2014-12-15,12.80,12.82,12.46,12.76,335025414,4232421888.000
2014-12-16,12.70,13.30,12.65,13.29,438688005,5706439680.000
2014-12-17,13.49,14.39,13.33,14.11,869703585,12037657600.000
2014-12-18,14.22,14.34,13.71,13.89,499627853,7010663936.000
2014-12-19,13.96,14.20,13.63,14.09,436244208,6099396096.000
2014-12-22,14.18,15.20,14.14,14.68,683449513,10043569152.000
2014-12-23,14.40,14.98,14.08,14.11,441578783,6398625280.000
2014-12-24,14.11,14.20,13.31,13.46,417579539,5715187712.000
2014-12-25,13.75,14.27,13.53,14.25,455721907,6359588352.000
2014-12-26,14.30,14.84,14.19,14.77,466983121,6790353408.000
2014-12-29,15.40,15.88,14.71,14.95,625216146,9556435968.000
2014-12-30,14.95,15.50,14.83,15.36,443655559,6774519296.000
2014-12-31,15.45,15.79,15.11,15.69,468832339,7271524864.000
2015-01-05,15.88,16.25,15.56,16.07,513568709,8182820864.000
2015-01-06,16.00,16.68,15.82,16.13,511684535,8311085056.000
2015-01-07,15.90,16.17,15.53,15.81,385716820,6114241024.000
2015-01-08,15.87,15.88,15.20,15.25,330627172,5101310464.000
2015-01-09,15.20,16.25,15.11,15.43,491999937,7692348416.000
2015-01-12,15.50,15.71,14.95,15.22,367787269,5625726976.000
2015-01-13,15.13,15.41,15.10,15.18,178404956,2712026624.000
2015-01-14,15.31,15.79,15.31,15.49,309018855,4812472320.000
2015-01-15,15.49,16.15,15.39,16.12,329826849,5216166912.000
2015-01-16,16.24,16.75,16.16,16.47,480245887,7938758144.000
2015-01-19,15.38,15.73,14.82,14.82,623520880,9496942592.000
2015-01-20,14.88,15.17,14.58,15.00,479215741,7142638592.000
2015-01-21,15.10,15.87,14.81,15.74,487540369,7489943040.000
2015-01-22,15.73,15.76,15.35,15.63,294738261,4592023040.000
2015-01-23,15.74,16.04,15.54,15.63,320042992,5044685824.000
2015-01-26,15.56,15.59,15.13,15.43,268566922,4122351616.000
2015-01-27,15.44,15.44,14.75,15.01,351914010,5286301696.000
2015-01-28,14.82,15.11,14.66,14.81,242203054,3592645120.000
2015-01-29,14.58,14.68,14.32,14.42,266968083,3864614144.000
2015-01-30,14.58,14.69,14.36,14.47,207865327,3021747712.000
2015-02-02,14.06,14.26,13.99,14.04,211617677,2989272576.000
2015-02-03,14.21,14.46,14.02,14.45,196263569,2792706816.000
2015-02-04,14.50,14.59,14.12,14.18,167896219,2421384704.000
2015-02-05,14.75,14.80,14.17,14.18,394332692,5742890496.000
2015-02-06,14.09,14.32,13.95,14.09,186547522,2637144064.000
2015-02-09,14.06,14.27,13.85,14.16,224585511,3155932160.000
2015-02-10,14.15,14.48,14.08,14.43,183693513,2629916416.000
2015-02-11,14.43,14.54,14.31,14.42,124127097,1789572992.000
2015-02-12,14.42,14.43,14.11,14.35,148954152,2121808256.000
2015-02-13,14.50,14.67,14.35,14.43,208366810,3023274240.000
2015-02-16,14.43,14.46,14.26,14.40,139220024,1995677440.000
2015-02-17,14.42,14.58,14.41,14.47,120665263,1747213056.000
2015-02-25,14.48,14.50,14.18,14.28,140932583,2025174400.000
2015-02-26,14.25,14.68,14.11,14.62,215013978,3104052224.000
2015-02-27,14.60,14.80,14.48,14.53,195606870,2861206528.000
2015-03-02,14.58,14.58,14.36,14.48,218763276,3159377664.000
2015-03-03,14.44,14.44,13.98,14.00,266372415,3766071296.000
2015-03-04,14.05,14.07,13.85,13.91,156595995,2183814656.000
2015-03-05,13.84,13.84,13.51,13.58,226504580,3090569728.000
2015-03-06,13.58,13.78,13.54,13.63,128036367,1750570368.000
2015-03-09,13.81,14.70,13.61,14.51,434801476,6170955264.000
2015-03-10,14.32,14.37,14.07,14.10,254844764,3623305472.000
2015-03-11,14.17,14.56,14.17,14.25,215069722,3087509504.000
2015-03-12,14.65,15.56,14.58,15.12,632781877,9512030208.000
2015-03-13,15.19,15.80,15.08,15.29,440178379,6789040640.000
2015-03-16,15.56,15.61,15.20,15.47,316116667,4867224576.000
2015-03-17,15.60,15.68,15.36,15.54,309677645,4797833728.000
2015-03-18,15.57,15.88,15.43,15.88,354655138,5558613504.000
2015-03-19,15.88,15.89,15.58,15.64,316770912,4978776064.000
2015-03-20,15.62,16.09,15.37,15.75,456531222,7180731392.000
2015-03-23,15.82,16.04,15.77,15.91,357592740,5692416000.000
2015-03-24,15.89,16.00,15.60,15.69,324657542,5114146816.000
2015-03-25,15.60,15.72,15.15,15.24,331730332,5108990976.000
2015-03-26,15.15,15.58,15.04,15.36,282340713,4326755840.000
2015-03-27,15.32,15.55,15.17,15.36,218174978,3350088448.000
2015-03-30,15.55,16.20,15.44,16.02,487442660,7735007744.000
2015-03-31,16.48,16.58,15.74,15.79,494049254,7990395392.000
2015-04-01,15.79,16.14,15.75,15.95,305878383,4868332032.000
2015-04-02,16.30,16.38,15.87,16.18,410087652,6611462144.000
2015-04-03,16.00,16.29,15.93,16.20,320361507,5171218944.000
2015-04-07,16.50,16.87,16.45,16.71,502260203,8372655104.000
2015-04-08,16.73,17.04,16.45,17.02,514816375,8633478144.000
2015-04-09,17.05,17.48,16.80,16.87,497335458,8497436160.000
2015-04-10,16.86,17.57,16.76,17.53,451543445,7772119552.000
数据来源:通达信
