600518 康美药业 日线 前复权
      日期	    开盘	    最高	    最低	    收盘	    成交量	    成交额
2011-03-02,15.70,16.06,15.46,16.05,57140024,935037120.000
2011-03-03,16.10,16.18,15.32,15.36,45078764,728814016.000
2011-03-04,15.31,15.48,14.89,15.18,37476840,585718336.000
2011-03-07,15.20,15.29,14.89,15.10,38472186,599670656.000
2011-03-08,15.04,15.23,14.71,15.09,31974658,496325760.000
2011-03-09,15.09,15.19,14.84,14.97,22467496,348458048.000
2011-03-10,14.96,15.30,14.83,15.09,28421427,446101568.000
2011-03-11,15.04,15.23,14.97,15.05,21259753,333106496.000
2011-03-14,15.04,15.74,14.94,15.55,35109089,559940032.000
2011-03-15,15.57,15.58,14.82,15.13,28924044,454043616.000
2011-03-16,15.12,15.29,14.92,15.04,26083665,406173408.000
2011-03-17,15.00,15.00,14.45,14.59,28167446,428244896.000
2011-03-18,14.78,14.83,14.43,14.53,19601016,295752672.000
2011-03-21,14.49,14.49,13.93,14.12,32872487,482920480.000
2011-03-22,14.15,14.22,13.75,14.08,17629701,255565200.000
2011-03-23,14.07,14.29,13.94,14.22,15677271,230645104.000
2011-03-24,14.15,14.26,13.99,14.03,23720070,346767648.000
2011-03-25,14.04,14.12,13.87,14.01,27721680,402764064.000
2011-03-28,14.00,14.01,13.71,13.74,27096157,390068992.000
2011-03-29,13.75,13.98,13.42,13.53,28942026,411813120.000
2011-03-30,13.55,13.69,13.37,13.60,15269754,215556288.000
2011-03-31,13.62,13.84,13.59,13.80,15733058,224254704.000
2011-04-01,13.86,13.88,13.42,13.47,23325000,328703808.000
2011-04-06,13.46,13.46,13.04,13.10,29463804,403677824.000
2011-04-07,13.04,13.08,12.64,12.94,28419693,380122144.000
2011-04-08,12.97,13.40,12.94,13.33,26567584,367002304.000
2011-04-11,13.42,13.58,13.02,13.11,26306297,363989408.000
2011-04-12,13.09,13.26,12.96,13.10,15738354,215109840.000
2011-04-13,13.10,13.53,13.05,13.48,26521644,369762624.000
2011-04-14,13.55,13.72,13.49,13.53,25790643,365271136.000
2011-04-15,13.54,13.66,13.34,13.52,16659288,233679792.000
2011-04-18,13.49,13.69,13.17,13.65,25265957,352606016.000
2011-04-19,13.54,13.65,13.31,13.33,21332120,299192736.000
2011-04-20,13.35,13.94,13.33,13.83,33425800,476149984.000
2011-04-21,13.86,14.14,13.74,13.95,34136553,496911232.000
2011-04-22,13.97,14.07,13.53,13.59,29847911,424472544.000
2011-04-25,13.64,14.04,13.45,13.81,29982947,430220928.000
2011-04-26,13.81,13.91,13.52,13.60,15239193,216645024.000
2011-04-27,13.69,13.77,13.05,13.16,19665581,274218560.000
2011-04-28,13.16,13.27,12.77,12.83,15478518,209205344.000
2011-04-29,12.86,13.14,12.83,13.08,10019671,135936944.000
2011-05-03,13.08,13.55,12.99,13.47,15916064,220951808.000
2011-05-04,13.46,13.74,13.34,13.53,26631687,376809376.000
2011-05-05,13.56,13.69,13.48,13.63,15359689,217479824.000
2011-05-06,13.54,13.96,13.44,13.88,29533506,424753184.000
2011-05-09,13.98,13.99,13.74,13.80,16338977,235487408.000
2011-05-10,13.83,13.85,13.55,13.60,17840259,252942304.000
2011-05-11,13.61,13.86,13.54,13.83,17710300,253225888.000
2011-05-13,13.68,13.93,13.55,13.71,17633266,252087888.000
2011-05-16,13.71,13.72,13.31,13.38,15492739,217407264.000
2011-05-17,13.37,13.38,13.15,13.26,11617883,160461904.000
2011-05-18,13.25,13.46,13.15,13.37,8996651,124967280.000
2011-05-19,13.41,13.59,13.31,13.36,10169192,142263760.000
2011-05-20,13.28,13.44,13.14,13.29,10815301,149578864.000
2011-05-23,13.27,13.38,12.64,12.79,13744957,186509264.000
2011-05-24,12.77,12.94,12.69,12.88,11683895,156279888.000
2011-05-25,12.89,12.96,12.43,12.50,10424974,137625568.000
2011-05-26,12.59,12.59,11.20,11.39,49505481,599003840.000
2011-05-27,11.37,11.76,11.20,11.66,32723935,395600160.000
2011-05-30,11.62,12.04,11.44,11.85,20504123,253316384.000
2011-05-31,11.86,12.17,11.68,12.10,14789777,184473008.000
2011-06-01,12.10,12.25,11.92,12.11,13753939,173198240.000
2011-06-02,11.94,12.11,11.57,11.80,11933494,147183696.000
2011-06-03,11.78,12.30,11.75,12.22,14129000,179207312.000
2011-06-07,12.27,12.78,12.24,12.45,18855308,246575136.000
2011-06-08,12.39,12.54,12.23,12.50,10440728,134715440.000
2011-06-09,12.50,12.71,12.34,12.38,10577657,138016048.000
2011-06-10,12.32,12.71,12.29,12.70,16457507,215068512.000
2011-06-13,12.69,12.73,12.55,12.65,10526803,138523824.000
2011-06-14,12.66,12.82,12.40,12.51,18682591,243290592.000
2011-06-15,12.51,12.57,12.20,12.24,12486253,160793328.000
2011-06-16,12.19,12.24,11.90,11.91,10399630,130176992.000
2011-06-17,11.90,12.01,11.69,11.73,8543529,105462768.000
2011-06-20,11.68,11.97,11.53,11.77,9294186,113720680.000
2011-06-21,11.86,11.95,11.73,11.79,8531179,105108112.000
2011-06-22,11.80,11.89,11.66,11.79,6586080,80907776.000
2011-06-23,11.77,12.30,11.61,12.29,16969482,212797376.000
2011-06-24,12.27,12.82,12.19,12.65,25236431,328902528.000
2011-06-27,12.65,12.85,12.59,12.73,18889615,249868304.000
2011-06-28,12.73,12.73,12.45,12.62,10779951,140994736.000
2011-06-30,12.52,12.74,12.42,12.65,21176406,277959680.000
2011-07-01,12.74,12.99,12.65,12.77,17393584,232306256.000
2011-07-04,12.79,13.37,12.75,13.31,29409922,400850688.000
2011-07-05,13.32,13.53,13.18,13.46,20275137,281243840.000
2011-07-06,13.45,13.66,13.29,13.58,22621061,317647424.000
2011-07-07,13.56,13.84,13.42,13.64,27015006,382958912.000
2011-07-08,13.64,13.76,13.39,13.48,16593995,233309728.000
2011-07-11,13.39,13.61,13.16,13.53,13453853,187228256.000
2011-07-12,13.34,13.78,13.30,13.50,18664479,263681360.000
2011-07-13,13.48,13.99,13.46,13.89,20491940,293065536.000
2011-07-14,13.97,14.27,13.90,13.98,21922878,320295424.000
2011-07-15,13.99,14.77,13.97,14.57,46024956,688650048.000
2011-07-18,14.55,14.98,13.49,13.89,107824802,1571244928.000
2011-07-19,13.77,14.29,13.72,14.12,53304177,777301376.000
2011-07-20,14.11,14.29,13.80,14.13,19450816,283951808.000
2011-07-21,14.12,14.27,13.92,14.06,17048409,249729248.000
2011-07-22,14.07,14.69,14.03,14.48,34657931,519646080.000
2011-07-25,14.42,14.69,13.84,14.08,28441653,423793632.000
2011-07-26,14.08,14.78,14.08,14.76,33975091,511780352.000
2011-07-27,14.76,15.09,14.51,15.07,33162353,510143712.000
2011-07-28,14.89,15.03,14.59,14.74,22376729,343196480.000
2011-07-29,14.74,14.91,14.18,14.30,20393261,303605088.000
2011-08-01,14.29,14.64,13.99,14.39,12432213,185401744.000
2011-08-02,14.28,14.49,14.08,14.38,10856646,160635216.000
2011-08-03,14.24,14.58,14.20,14.31,12050055,179658016.000
2011-08-04,14.36,14.57,14.19,14.49,11460309,170995936.000
2011-08-05,14.09,15.01,13.99,14.71,31902044,484754112.000
2011-08-08,14.53,15.01,14.10,14.49,34157329,517216000.000
2011-08-09,14.21,14.65,13.59,14.44,24520497,362868032.000
2011-08-10,14.69,14.95,14.45,14.69,18743370,284869856.000
2011-08-11,14.49,15.59,14.42,15.51,44373130,692668608.000
2011-08-12,15.56,15.64,15.39,15.42,26055992,417459296.000
2011-08-15,15.42,15.83,15.42,15.81,21083619,342041472.000
2011-08-16,15.81,15.81,15.27,15.29,21968179,351293664.000
2011-08-17,15.25,15.51,15.15,15.23,13065794,207197424.000
2011-08-18,15.10,15.31,14.84,14.88,11716871,182226784.000
2011-08-19,14.69,15.21,14.64,15.18,14793131,228013808.000
2011-08-22,15.11,15.29,14.57,14.74,15032682,230224960.000
2011-08-23,14.83,14.86,14.54,14.82,7720650,117279112.000
2011-08-24,14.93,15.17,14.74,14.94,15243679,235983840.000
2011-08-25,14.93,15.12,14.70,15.01,12916200,199290064.000
2011-08-26,14.96,15.22,14.90,15.20,11071616,172562352.000
2011-08-29,15.35,15.74,15.22,15.47,17656810,282775456.000
2011-08-30,15.59,15.68,15.22,15.25,12907204,206388688.000
2011-08-31,15.25,15.54,15.24,15.47,10108300,161149920.000
2011-09-01,15.35,15.73,15.35,15.46,12364027,198685216.000
2011-09-02,15.39,15.47,14.95,14.98,12409989,193257872.000
2011-09-05,14.92,14.92,14.37,14.43,7513830,113318856.000
2011-09-06,14.29,14.56,14.24,14.52,4736504,70877856.000
2011-09-07,14.77,14.77,14.32,14.68,7469035,112159160.000
2011-09-08,14.64,14.89,14.14,14.78,18114297,271495040.000
2011-09-09,14.69,15.30,14.64,14.89,13291685,206365760.000
2011-09-13,14.74,14.96,14.42,14.67,5016103,76250160.000
2011-09-14,14.74,14.79,14.19,14.61,8671181,129809056.000
2011-09-15,14.49,14.73,14.28,14.36,11422197,170475248.000
2011-09-16,14.45,14.61,14.34,14.56,8082067,120984168.000
2011-09-19,14.41,14.41,14.10,14.16,5707057,83855208.000
2011-09-20,14.17,14.22,13.94,13.96,6097050,88883280.000
2011-09-21,13.99,14.77,13.89,14.41,10594186,157696848.000
2011-09-22,14.39,14.59,13.79,13.91,15175807,220997296.000
2011-09-23,13.80,14.06,13.67,13.87,5654906,81371632.000
2011-09-26,13.59,13.88,13.33,13.42,11290134,158859072.000
2011-09-27,13.43,13.66,13.19,13.49,8872929,123626520.000
2011-09-28,13.57,13.75,13.31,13.38,6292340,88103808.000
2011-09-29,13.24,13.64,13.14,13.39,5985787,83627856.000
2011-09-30,13.38,13.79,13.38,13.64,8710259,123356504.000
2011-10-10,13.80,13.85,13.61,13.70,2877336,41081604.000
2011-10-11,14.05,14.07,13.15,13.48,6023893,85424224.000
2011-10-12,13.31,13.94,13.19,13.79,13424826,190340240.000
2011-10-13,13.80,14.19,13.69,13.99,12052184,174608848.000
2011-10-14,14.08,14.20,13.94,14.06,8933081,130257512.000
2011-10-17,14.18,14.29,13.93,14.09,5918523,86536464.000
2011-10-18,14.06,14.24,13.70,13.76,6542742,95173920.000
2011-10-19,13.86,14.01,13.40,13.46,6203737,87952704.000
2011-10-20,13.39,13.45,12.93,12.99,10280308,139688960.000
2011-10-21,12.99,13.31,12.89,13.00,4082114,55488528.000
2011-10-24,12.97,13.28,12.97,13.26,4522081,61734816.000
2011-10-25,13.15,13.60,13.12,13.51,6053879,84315896.000
2011-10-26,13.50,14.02,13.45,13.95,8314192,119033480.000
2011-10-27,13.95,14.21,13.84,13.86,7421005,107828320.000
2011-10-28,14.00,14.06,13.68,13.95,12038266,172668640.000
2011-10-31,13.96,13.96,13.08,13.43,38813041,538562304.000
2011-11-01,13.32,13.73,13.27,13.56,19760041,277532224.000
2011-11-02,13.34,13.88,13.17,13.87,16712310,235494800.000
2011-11-03,13.91,14.24,13.65,13.69,22100700,319076192.000
2011-11-04,13.89,13.99,13.50,13.72,14730098,210043344.000
2011-11-07,13.59,13.81,13.46,13.49,11416580,161002624.000
2011-11-08,13.58,13.60,13.27,13.37,9144091,127036976.000
2011-11-09,13.46,13.51,13.09,13.39,19590497,269801824.000
2011-11-10,13.29,13.36,13.00,13.12,16851681,230671472.000
2011-11-11,13.16,13.39,13.06,13.18,9583994,131174984.000
2011-11-14,13.27,13.50,13.27,13.43,15783505,219524000.000
2011-11-15,13.43,13.49,13.30,13.36,9843615,136778752.000
2011-11-16,13.47,13.49,13.06,13.09,11122088,152416224.000
2011-11-17,13.19,13.20,12.97,13.01,12097196,164200560.000
2011-11-18,13.03,13.03,12.47,12.67,15497394,204089328.000
2011-11-21,12.60,12.69,12.39,12.54,10944714,142349888.000
2011-11-22,12.48,12.80,12.40,12.77,9715707,128505584.000
2011-11-23,12.94,13.18,12.88,13.00,13169757,178284352.000
2011-11-24,12.89,13.26,12.84,13.24,14823624,202778112.000
2011-11-25,13.19,13.34,13.05,13.15,9070197,124630064.000
2011-11-28,13.30,13.34,13.01,13.12,8294372,113403576.000
2011-11-29,13.27,13.32,13.12,13.23,12860787,176796608.000
2011-11-30,13.31,13.46,12.77,13.28,21314497,291656320.000
2011-12-01,13.52,13.71,13.19,13.43,22422590,314527040.000
2011-12-02,13.33,13.57,13.25,13.28,9696501,134839136.000
2011-12-05,13.27,13.31,12.80,13.11,11662169,157259952.000
2011-12-06,12.90,13.25,12.88,13.22,7283816,98677232.000
2011-12-07,13.15,13.39,13.04,13.19,13100960,180165408.000
2011-12-08,13.12,13.12,12.57,12.80,16203826,215195376.000
2011-12-09,12.71,12.88,12.09,12.80,28132921,364207840.000
2011-12-12,12.66,12.67,12.40,12.44,8281898,107696512.000
2011-12-13,12.39,12.39,11.86,12.10,13586682,171386976.000
2011-12-14,11.99,12.19,11.84,12.04,6769203,84536616.000
2011-12-15,11.98,11.99,11.70,11.89,9896425,122244640.000
2011-12-16,11.90,12.13,11.73,12.12,7621481,94731824.000
2011-12-19,12.05,12.05,11.64,11.96,7528889,93018832.000
2011-12-20,11.91,12.11,11.54,11.63,11085948,136443120.000
2011-12-21,11.74,11.80,11.55,11.56,5702191,69371864.000
2011-12-22,11.51,11.51,10.89,11.24,13484959,157211776.000
2011-12-23,11.13,11.53,11.13,11.35,4289560,50843100.000
2011-12-26,11.19,11.44,10.98,11.01,4734440,55269612.000
2011-12-27,10.99,11.07,10.49,10.67,14265269,159507776.000
2011-12-28,10.57,10.68,9.98,10.08,20467933,218349296.000
2011-12-29,10.14,10.54,10.10,10.47,15150471,165379232.000
2011-12-30,10.56,10.85,10.53,10.71,12184700,136684928.000
2012-01-04,10.82,10.94,10.70,10.73,12125783,137190992.000
2012-01-05,10.69,10.87,10.26,10.39,16941924,187726176.000
2012-01-06,10.38,10.74,10.29,10.71,8618353,94732688.000
2012-01-09,10.82,11.40,10.47,11.33,15488237,176309824.000
2012-01-10,11.29,11.66,11.07,11.44,24182352,287054400.000
2012-01-11,11.48,11.48,11.24,11.35,13015937,154193088.000
2012-01-12,11.24,11.84,11.22,11.48,21909860,265158992.000
2012-01-13,11.50,11.57,10.99,11.10,11891716,139029872.000
2012-01-16,11.02,11.12,10.54,10.56,9839908,111672624.000
2012-01-17,10.56,11.32,10.25,11.19,14779149,167110400.000
2012-01-18,11.21,11.58,10.63,10.67,20878965,240449136.000
2012-01-19,10.64,10.90,10.61,10.78,12993320,146500576.000
2012-01-20,10.87,11.51,10.84,11.43,19461112,229566704.000
2012-01-30,11.47,11.54,11.26,11.40,9398036,112064392.000
2012-01-31,11.39,11.49,11.34,11.43,6150394,73292048.000
2012-02-01,11.43,11.71,11.40,11.47,10436867,126018968.000
2012-02-02,11.53,11.68,11.35,11.65,12775368,153406592.000
2012-02-03,11.64,11.85,11.57,11.80,13015260,158980960.000
2012-02-06,11.87,11.98,11.74,11.83,12578957,155311232.000
2012-02-07,11.82,11.82,11.34,11.49,9625224,116197408.000
2012-02-08,11.48,11.77,11.42,11.67,11352798,137449952.000
2012-02-09,11.67,11.97,11.65,11.93,16040763,198471520.000
2012-02-10,11.85,12.01,11.75,11.79,9547508,118064008.000
2012-02-13,11.75,11.97,11.57,11.95,13268694,163542848.000
2012-02-14,11.95,12.11,11.80,11.99,11397299,142237568.000
2012-02-15,11.98,12.10,11.89,11.98,9318454,116415920.000
2012-02-16,11.95,12.12,11.86,11.93,9309771,116328880.000
2012-02-17,11.99,12.05,11.79,11.90,6836932,84795096.000
2012-02-20,12.04,12.18,11.84,11.91,10255405,128535256.000
2012-02-21,11.96,12.01,11.68,11.92,6687481,82649024.000
2012-02-22,11.99,12.35,11.90,12.18,14637858,185103680.000
2012-02-23,12.20,12.60,12.19,12.37,14358101,185637008.000
2012-02-24,12.40,12.54,12.19,12.46,10272732,132396336.000
2012-02-27,12.53,12.59,12.34,12.39,19463191,252561360.000
2012-02-28,12.43,12.46,12.24,12.34,9461599,121795536.000
2012-02-29,12.31,12.36,12.18,12.20,10158461,129647384.000
2012-03-01,12.19,12.19,12.00,12.17,9775476,123193392.000
2012-03-02,12.16,12.35,12.09,12.33,15058731,191159456.000
2012-03-05,12.35,12.39,12.05,12.08,16280867,206333168.000
2012-03-06,12.08,12.14,11.76,11.77,11495574,142709184.000
2012-03-07,11.73,11.86,11.67,11.70,11874283,145714320.000
2012-03-08,11.73,11.83,11.72,11.76,10665765,130966504.000
2012-03-09,11.80,12.12,11.68,12.07,19522351,241765584.000
2012-03-12,12.20,12.74,12.20,12.71,48183841,630845376.000
2012-03-13,12.72,12.74,12.53,12.71,23978259,315465344.000
2012-03-14,12.72,12.95,12.35,12.43,28290981,372904640.000
2012-03-15,12.38,13.04,12.38,12.91,37438040,495712384.000
2012-03-16,12.91,13.21,12.77,13.11,33810149,457342496.000
2012-03-19,13.16,13.47,12.93,13.09,25109731,344230752.000
2012-03-20,13.00,13.04,12.66,12.69,16916002,224887776.000
2012-03-21,12.78,13.04,12.51,12.73,16754936,223066752.000
2012-03-22,12.72,12.99,12.66,12.94,10466487,139904352.000
2012-03-23,12.80,12.86,12.60,12.63,8071598,106852176.000
2012-03-26,12.66,12.96,12.46,12.89,10464428,138680944.000
2012-03-27,12.97,13.05,12.47,12.62,11151704,148239984.000
2012-03-28,12.60,12.75,12.09,12.18,12903604,167030000.000
2012-03-29,12.09,12.39,12.02,12.15,13122553,167126400.000
2012-03-30,12.13,12.39,12.10,12.19,7241431,92127928.000
2012-04-05,12.13,13.07,12.07,12.79,18104490,237616352.000
2012-04-06,12.72,13.11,12.70,12.82,12297084,165366320.000
2012-04-09,12.84,13.29,12.70,12.80,20570253,278284608.000
2012-04-10,12.86,13.01,12.42,12.94,11304639,149758352.000
2012-04-11,12.79,13.05,12.74,12.81,13469991,180862384.000
2012-04-12,12.89,13.17,12.79,13.08,16841652,228107232.000
2012-04-13,13.14,13.24,12.95,13.02,10981754,149319136.000
2012-04-16,12.97,13.05,12.79,12.91,6071874,81354752.000
2012-04-17,12.91,13.13,12.81,12.91,7864865,106144608.000
2012-04-18,13.01,13.07,12.59,13.01,13266407,177889504.000
2012-04-19,12.99,13.12,12.65,12.77,11928998,158652448.000
2012-04-20,12.79,12.87,12.57,12.70,11617927,153214848.000
2012-04-23,12.72,12.87,12.55,12.85,9178788,121606512.000
2012-04-24,12.84,13.00,12.53,12.74,8932731,118649728.000
2012-04-25,12.69,12.75,12.45,12.59,16675584,218375024.000
2012-04-26,12.74,12.79,11.50,11.81,71411139,890151552.000
2012-04-27,11.83,11.90,11.39,11.66,31862198,386278656.000
2012-05-02,11.76,12.06,11.67,12.01,27402281,338860256.000
2012-05-03,12.01,12.72,11.91,12.54,37004359,478503040.000
2012-05-04,12.58,12.59,12.33,12.48,16203177,209876688.000
2012-05-07,12.47,12.73,12.40,12.64,16763115,220072032.000
2012-05-08,12.63,12.67,12.44,12.52,10713763,139555712.000
2012-05-09,12.39,12.39,12.15,12.25,14254761,181487616.000
2012-05-10,12.24,12.57,12.15,12.31,17205575,221730784.000
2012-05-11,12.40,12.48,12.17,12.34,11754168,150827840.000
2012-05-14,12.39,12.84,12.25,12.52,25468673,333324352.000
2012-05-15,12.44,12.71,12.37,12.51,18612372,242406432.000
2012-05-17,12.37,12.44,12.17,12.34,17885788,228745648.000
2012-05-18,12.19,12.31,11.64,11.84,19760537,246405456.000
2012-05-21,11.85,11.93,11.59,11.83,12514181,153876400.000
2012-05-22,11.92,12.07,11.88,11.95,14323723,178674416.000
2012-05-23,11.97,12.08,11.58,11.78,23437340,287785376.000
2012-05-24,11.75,11.87,11.58,11.64,11963949,146135232.000
2012-05-25,11.66,11.76,11.50,11.69,12885966,155947936.000
2012-05-28,11.67,11.92,11.58,11.88,12553233,154866272.000
2012-05-29,11.86,12.16,11.71,12.07,15646126,194441744.000
2012-05-30,12.07,12.15,11.94,12.07,8516652,106419576.000
2012-05-31,12.11,12.41,12.04,12.21,20359698,259560096.000
2012-06-01,12.19,12.41,12.18,12.23,14581307,186177792.000
2012-06-04,12.04,12.51,11.99,12.21,21773666,278205952.000
2012-06-05,12.24,12.77,12.19,12.52,29013042,378394720.000
2012-06-06,12.52,12.64,12.41,12.50,8082554,104738728.000
2012-06-07,12.56,12.59,12.24,12.26,11471070,148127632.000
2012-06-08,12.35,12.56,12.24,12.39,10439965,134470096.000
2012-06-11,12.40,12.66,12.24,12.57,11434688,148957312.000
2012-06-12,12.52,12.86,12.50,12.83,21178268,279928512.000
2012-06-13,12.82,13.11,12.74,13.04,24709941,331613600.000
2012-06-14,13.13,13.67,13.13,13.33,33770395,470138048.000
2012-06-15,13.34,13.84,13.34,13.62,22738457,320607456.000
2012-06-18,13.72,13.82,13.45,13.64,18714733,263433200.000
2012-06-19,13.64,13.89,13.53,13.60,16511627,234721888.000
2012-06-20,13.69,13.73,13.34,13.53,15852980,221529648.000
2012-06-21,13.47,13.54,13.29,13.40,13626682,188850000.000
2012-06-25,13.41,14.09,13.35,13.79,26629434,380891936.000
2012-06-26,13.69,14.04,13.51,13.64,13850363,196690240.000
2012-06-27,13.61,14.56,13.61,14.46,31447782,464085344.000
2012-06-28,14.49,15.16,14.47,14.89,42252595,648520192.000
2012-06-29,14.74,15.14,14.59,14.96,19957107,306155456.000
2012-07-02,14.96,15.20,14.79,15.03,17302929,267223920.000
2012-07-03,15.03,15.62,15.03,15.09,31247538,493707008.000
2012-07-04,15.12,15.16,14.55,14.79,18507569,282486592.000
2012-07-05,14.74,14.97,14.64,14.86,13899785,211903328.000
2012-07-06,14.93,15.46,14.73,15.32,21898791,342887712.000
2012-07-09,15.30,16.08,15.24,15.65,30229584,491762592.000
2012-07-10,15.49,15.80,14.92,15.07,22978781,361230656.000
2012-07-11,15.04,15.72,14.75,15.71,23323086,369908800.000
2012-07-12,15.69,16.00,15.49,15.64,20343728,329211392.000
2012-07-13,15.62,15.64,15.13,15.39,21605744,340576064.000
2012-07-16,15.36,15.83,15.29,15.35,19167747,307072800.000
2012-07-17,15.30,15.30,14.67,14.97,13646447,210460960.000
2012-07-18,14.74,15.14,14.50,14.91,15882251,241619344.000
2012-07-19,14.80,15.14,14.61,14.78,9462603,145557904.000
2012-07-20,14.71,15.22,14.70,15.09,11349688,176337584.000
2012-07-23,14.90,15.21,14.61,15.07,9523020,146108560.000
2012-07-24,14.99,15.20,14.86,15.02,7069226,109834624.000
2012-07-25,14.87,15.28,14.87,15.20,12336612,192387072.000
2012-07-26,15.30,15.39,14.59,14.84,13272831,205380896.000
2012-07-27,14.89,14.89,14.34,14.53,15772875,236537360.000
2012-07-30,14.38,14.69,14.37,14.46,4939786,73990472.000
2012-07-31,14.36,14.64,14.14,14.51,10447008,155071136.000
2012-08-01,14.40,15.01,14.40,14.79,7247273,110539992.000
2012-08-02,14.79,15.40,14.64,15.32,12080363,189038288.000
2012-08-03,15.35,15.58,15.22,15.38,8255341,130898104.000
2012-08-06,15.35,15.57,15.25,15.47,10547906,167503936.000
2012-08-07,15.39,15.47,15.15,15.33,10086351,158551360.000
2012-08-08,15.29,15.30,14.59,14.66,19074823,291018976.000
2012-08-09,14.59,15.15,14.55,15.14,13040089,201023184.000
2012-08-10,15.13,15.57,15.04,15.56,14931825,237191712.000
2012-08-13,15.64,16.07,15.36,15.67,23500270,382959968.000
2012-08-14,15.62,15.86,15.14,15.39,13554843,215245520.000
2012-08-15,15.42,15.79,15.15,15.53,12273519,196673120.000
2012-08-16,15.50,15.50,14.88,15.11,9596888,150116240.000
2012-08-17,15.07,15.29,14.36,14.73,13857164,209537520.000
2012-08-20,14.45,14.99,14.45,14.79,10093291,153002464.000
2012-08-21,14.78,15.54,14.70,15.44,17964252,283906528.000
2012-08-22,15.44,15.69,15.25,15.49,13515520,215129376.000
2012-08-23,15.49,15.58,15.27,15.41,7551642,120062192.000
2012-08-24,15.30,15.40,14.84,14.99,7855638,121800440.000
2012-08-27,14.89,15.09,14.80,14.92,5147640,79123312.000
2012-08-28,14.93,15.31,14.84,15.07,7387006,114905688.000
2012-08-29,15.10,15.41,14.84,15.25,7936025,124749536.000
2012-08-30,15.24,15.33,13.95,14.27,30067638,443514816.000
2012-08-31,14.14,14.44,13.94,14.06,17240949,251117472.000
2012-09-03,14.14,15.19,14.14,14.94,20892069,319781024.000
2012-09-04,14.92,15.25,14.85,15.08,12293578,190516032.000
2012-09-05,15.20,15.31,14.94,15.13,7214837,112247936.000
2012-09-06,15.13,15.32,14.96,15.18,8382324,131046072.000
2012-09-07,15.13,15.53,14.73,15.41,29964231,466960416.000
2012-09-10,15.29,15.34,14.88,15.10,23468111,364230720.000
2012-09-11,15.03,15.49,14.93,15.42,23696540,374734944.000
2012-09-12,15.52,16.09,15.47,16.04,32501970,529667072.000
2012-09-13,16.05,16.24,15.84,15.93,18782849,309304256.000
2012-09-14,16.04,16.12,15.69,15.83,11059900,180898416.000
2012-09-17,15.77,16.11,15.56,15.57,12813680,208372416.000
2012-09-18,15.54,15.95,15.44,15.86,8885914,144426928.000
2012-09-19,15.84,15.94,15.65,15.82,6810245,110526632.000
2012-09-20,15.71,15.92,15.34,15.46,9404621,150525056.000
2012-09-21,15.46,15.46,14.90,15.08,11777314,183319008.000
2012-09-24,14.72,15.14,14.54,14.97,11009613,167773216.000
2012-09-25,14.91,15.13,14.44,14.51,8511734,129805840.000
2012-09-26,14.58,14.74,14.30,14.43,10077934,150146768.000
2012-09-27,14.50,15.09,14.43,14.89,9526553,145703088.000
2012-09-28,14.74,15.39,14.74,15.36,12880453,201108256.000
2012-10-08,15.34,15.59,15.14,15.35,7394941,116952664.000
2012-10-09,15.53,16.14,15.35,15.94,16562832,271861472.000
2012-10-10,15.97,16.10,15.81,16.00,8972721,147156208.000
2012-10-11,15.89,15.93,15.62,15.68,9105453,147318688.000
2012-10-12,15.79,15.99,15.49,15.79,7160286,115637448.000
2012-10-15,15.74,16.09,15.61,16.05,10866476,177726688.000
2012-10-16,16.05,16.84,15.99,16.60,27235899,462995232.000
2012-10-17,16.54,16.80,16.40,16.47,11313527,193049536.000
2012-10-18,16.53,16.78,16.42,16.54,11099395,188836032.000
2012-10-19,16.54,16.55,16.19,16.35,9550217,160237680.000
2012-10-22,16.32,16.68,16.24,16.55,11218619,190813360.000
2012-10-23,16.58,16.60,15.92,16.03,13074637,217301136.000
2012-10-24,16.04,16.14,15.86,15.91,5565126,91468128.000
2012-10-25,15.85,16.04,15.54,15.69,7050697,114370336.000
2012-10-26,15.74,15.82,15.46,15.81,8260265,132973360.000
2012-10-29,15.66,16.08,15.64,15.99,9765387,159673728.000
2012-10-30,15.96,16.19,15.87,16.01,7931838,131033072.000
2012-10-31,16.03,16.54,15.92,16.53,18375140,308531008.000
2012-11-01,16.43,16.73,16.36,16.64,12289905,209897648.000
2012-11-02,16.61,16.72,16.47,16.52,7435005,126573056.000
2012-11-05,16.45,16.54,16.18,16.29,6443193,107999264.000
2012-11-06,16.27,16.50,15.84,16.32,11507239,191499232.000
2012-11-07,16.29,16.60,15.96,16.42,11854736,198191232.000
2012-11-08,16.26,16.78,16.25,16.39,15666734,266374368.000
2012-11-09,16.34,16.49,15.94,16.01,10435347,173370896.000
2012-11-12,15.94,16.21,15.65,15.76,11774352,192355504.000
2012-11-13,15.83,15.83,15.44,15.51,8307782,133248088.000
2012-11-14,15.49,15.72,15.49,15.66,6775579,108942392.000
2012-11-15,15.67,15.83,15.41,15.61,7046892,113775008.000
2012-11-16,15.46,15.54,15.21,15.37,7243831,114648304.000
2012-11-19,15.37,15.40,15.06,15.17,8300454,129960968.000
2012-11-20,15.19,15.42,14.89,15.13,7983790,124666840.000
2012-11-21,15.10,15.40,14.66,15.08,9751791,149804144.000
2012-11-22,14.96,15.06,14.68,14.93,6164613,94671880.000
2012-11-23,14.93,15.06,14.64,14.73,12816578,195454432.000
2012-11-26,14.79,14.82,14.15,14.46,14662372,220557632.000
2012-11-27,14.54,14.74,14.02,14.23,15534080,229387872.000
2012-11-28,14.09,14.22,13.64,14.03,14021861,201967216.000
2012-11-29,13.99,14.19,13.84,13.91,10627072,153382096.000
2012-11-30,13.81,14.37,13.81,14.32,14020364,204402208.000
2012-12-03,14.46,14.47,13.84,13.97,10561745,154695264.000
2012-12-04,13.93,14.04,13.44,13.94,16952048,239146784.000
2012-12-05,13.89,14.58,13.84,14.47,14446079,213669200.000
2012-12-06,14.47,14.64,14.24,14.33,7731992,114762488.000
2012-12-07,14.27,15.07,14.16,14.91,15895982,239835568.000
2012-12-10,14.94,15.02,14.43,14.69,19901976,300381856.000
2012-12-11,14.60,14.79,14.46,14.61,9284844,140355824.000
2012-12-12,14.63,14.72,14.37,14.50,8271824,123664264.000
2012-12-13,14.44,14.64,14.42,14.54,7881538,118195392.000
2012-12-14,14.72,14.98,14.44,14.86,21911776,332674560.000
2012-12-17,13.33,13.33,13.33,13.33,22409200,309022880.000
2012-12-18,12.64,13.06,12.24,13.05,184634990,2425221376.000
2012-12-19,12.69,13.06,12.54,12.83,84999822,1128729344.000
2012-12-20,12.82,12.83,11.59,12.07,147863751,1870514432.000
2012-12-21,11.89,12.49,11.77,12.38,102697993,1303589760.000
2012-12-24,12.29,12.52,12.23,12.39,60741703,780043840.000
2012-12-25,12.48,13.19,12.46,13.14,113251341,1512135680.000
2012-12-26,13.09,13.10,12.75,13.06,68073945,913160384.000
2012-12-27,13.03,13.16,12.79,12.94,60029725,802558528.000
2012-12-28,12.97,13.05,12.60,12.75,69418179,916316032.000
2012-12-31,12.82,12.89,12.50,12.68,53872784,706177792.000
2013-01-04,12.75,13.00,12.66,12.95,66221030,879438208.000
2013-01-07,12.96,13.11,12.82,12.96,55646523,746134848.000
2013-01-08,12.98,13.85,12.96,13.64,101719863,1422880896.000
2013-01-09,13.65,13.94,13.65,13.83,63850549,909747264.000
2013-01-10,13.83,13.99,13.65,13.74,41478265,591367616.000
2013-01-11,13.71,13.80,13.27,13.28,45056567,626328896.000
2013-01-14,13.25,13.75,13.23,13.73,46602088,655918208.000
2013-01-15,13.73,14.24,13.70,14.02,43359962,628033920.000
2013-01-16,14.02,14.70,13.99,14.38,59218350,880129728.000
2013-01-17,14.39,14.94,14.39,14.57,44996074,680156096.000
2013-01-18,14.59,14.82,14.25,14.57,34146128,513381888.000
2013-01-21,14.62,14.68,14.37,14.45,26759959,399806528.000
2013-01-22,14.46,14.53,14.09,14.15,34269755,503199104.000
2013-01-23,14.12,14.35,14.04,14.25,21816515,319479808.000
2013-01-24,14.24,14.50,13.73,13.89,31837896,464145952.000
2013-01-25,13.89,14.29,13.77,14.21,25425012,370843552.000
2013-01-28,14.21,14.88,14.19,14.85,37902533,572743424.000
2013-01-29,15.04,15.40,14.85,14.88,37300090,579466240.000
2013-01-30,14.84,14.94,14.54,14.74,25798764,391088960.000
2013-01-31,14.65,15.20,14.49,15.18,27381587,419890720.000
2013-02-01,15.25,15.84,15.24,15.58,50397738,808630400.000
2013-02-04,15.61,15.84,14.89,14.96,36331695,570240192.000
2013-02-05,15.04,15.54,14.87,15.34,25391175,398069920.000
2013-02-06,15.34,15.74,15.28,15.72,23886328,381894496.000
2013-02-07,15.70,15.90,15.40,15.89,19970024,323126720.000
2013-02-08,15.89,16.79,15.75,16.54,29335757,496571264.000
2013-02-18,16.54,16.69,16.28,16.68,19200447,326048032.000
2013-02-19,16.57,16.67,16.12,16.35,21705882,364791616.000
2013-02-20,16.30,17.44,16.26,17.30,34651793,604702592.000
2013-02-21,17.29,17.52,16.57,17.09,29140536,510501664.000
2013-02-22,16.95,17.21,16.62,16.78,17719969,308410848.000
2013-02-25,16.76,17.21,16.47,17.19,19529698,337180928.000
2013-02-26,17.05,17.49,16.83,16.85,26643617,470543584.000
2013-02-27,16.85,17.02,16.09,16.17,29091591,490388352.000
2013-02-28,16.19,16.63,15.91,16.49,23044107,387311168.000
2013-03-01,16.44,16.82,16.37,16.72,15786885,269530240.000
2013-03-04,16.27,17.23,16.17,16.34,31855388,544258944.000
2013-03-05,16.39,17.09,16.39,17.07,25589731,441825312.000
2013-03-06,17.07,17.58,16.89,16.93,26116819,461722720.000
2013-03-07,16.74,16.74,15.19,15.78,86478749,1395846144.000
2013-03-08,15.55,15.94,15.49,15.74,28939329,466878016.000
2013-03-11,16.06,16.15,15.79,15.91,21888166,359706176.000
2013-03-12,15.84,15.84,14.84,15.28,41221702,645197568.000
2013-03-13,15.15,15.62,15.09,15.35,21344358,337130272.000
2013-03-14,15.30,15.86,15.30,15.85,23758727,384090592.000
2013-03-15,15.83,16.39,15.74,15.89,27169107,450080864.000
2013-03-18,15.79,16.20,15.54,15.63,11857021,192751152.000
2013-03-19,15.66,15.72,15.02,15.42,23320186,365678624.000
2013-03-20,15.39,15.95,15.24,15.89,22005346,354143840.000
2013-03-21,15.88,16.39,15.76,16.10,24632537,407315168.000
2013-03-22,16.04,16.19,15.75,16.07,15703811,257230800.000
2013-03-25,16.34,16.59,16.04,16.52,28508384,480311776.000
2013-03-26,16.59,17.69,16.35,17.59,59786864,1048955456.000
2013-03-27,17.62,18.29,17.55,17.75,49025666,899310592.000
2013-03-28,17.55,18.01,17.26,17.62,29481880,534485216.000
2013-03-29,17.64,17.73,17.04,17.08,25471036,451745856.000
2013-04-01,17.12,17.58,16.94,17.42,18336680,325312768.000
2013-04-02,17.35,17.43,16.39,16.56,30330286,522622656.000
2013-04-03,16.60,16.84,16.36,16.40,18974156,322832608.000
2013-04-08,16.34,16.74,16.24,16.64,17273661,294724128.000
2013-04-09,16.69,16.82,16.10,16.38,21413595,361398112.000
2013-04-10,16.38,16.40,15.89,16.26,23690845,392101056.000
2013-04-11,16.30,16.80,16.15,16.70,19444326,330097056.000
2013-04-12,16.68,16.76,16.34,16.42,11923174,203092576.000
2013-04-15,16.39,16.57,15.94,16.20,10417767,174325776.000
2013-04-16,16.20,16.78,16.15,16.73,14013365,237094096.000
2013-04-17,16.75,17.09,16.57,17.03,15027735,259183472.000
2013-04-18,17.17,17.54,16.85,16.90,23740923,418455520.000
2013-04-19,16.84,17.40,16.74,17.17,21726366,381117536.000
2013-04-22,17.26,17.62,17.11,17.28,19422891,345914688.000
2013-04-23,17.19,17.21,16.25,16.49,21556664,369353056.000
2013-04-24,16.50,16.89,16.36,16.81,15008156,257676544.000
2013-04-25,16.79,17.42,16.67,17.07,23464260,412361600.000
2013-04-26,17.14,17.29,16.58,16.92,21824148,378202368.000
2013-05-02,17.04,17.44,16.92,17.38,27077077,479794784.000
2013-05-03,17.40,17.84,17.22,17.49,40880844,734106112.000
2013-05-06,17.44,17.79,17.30,17.62,28314653,510019264.000
2013-05-07,17.53,17.61,17.02,17.30,27224870,482727936.000
2013-05-08,17.26,17.52,17.06,17.44,27460978,486267936.000
2013-05-09,17.37,17.41,16.72,16.94,30348997,529746464.000
2013-05-10,16.79,17.05,16.61,16.94,16767579,290160128.000
2013-05-13,16.92,16.95,16.51,16.69,18633992,319660480.000
2013-05-14,16.69,16.69,16.04,16.37,25134118,421843008.000
2013-05-15,16.28,16.92,16.25,16.90,22988353,392915232.000
2013-05-16,16.95,17.10,16.54,16.61,28316852,490341568.000
2013-05-17,16.43,16.65,16.22,16.54,36637135,619895168.000
2013-05-20,16.58,16.61,15.62,16.21,39251083,649371840.000
2013-05-21,16.07,16.51,15.99,16.32,24902095,416362976.000
2013-05-22,16.20,16.44,15.94,16.09,26271297,436926880.000
2013-05-23,16.34,17.34,16.19,17.30,63941682,1107628544.000
2013-05-24,17.26,17.64,17.16,17.40,46901565,837859136.000
2013-05-27,17.33,18.32,17.25,18.07,51525523,951736256.000
2013-05-28,18.07,18.20,17.57,17.94,26611147,487622816.000
2013-05-29,18.09,18.73,18.09,18.49,35809945,677008000.000
2013-05-30,18.35,18.75,18.27,18.65,27208999,517259904.000
2013-05-31,18.69,18.73,17.95,18.12,22920338,431027520.000
2013-06-03,18.17,19.03,18.14,18.39,33701926,643912512.000
2013-06-04,18.34,18.77,18.02,18.32,23353613,439832832.000
2013-06-05,18.32,18.49,17.67,18.30,24893284,459828320.000
2013-06-06,18.21,18.31,17.57,17.74,19597807,359290816.000
2013-06-07,17.66,18.04,17.54,17.59,19249238,351228192.000
2013-06-13,17.40,17.44,16.68,17.28,20871455,368422720.000
2013-06-14,17.37,18.03,17.37,17.95,27830648,508383552.000
2013-06-17,18.00,18.78,17.97,18.55,33219567,631017536.000
2013-06-18,18.74,18.84,18.22,18.64,19766156,376015520.000
2013-06-19,18.44,18.86,18.33,18.51,19070097,362839264.000
2013-06-20,18.42,18.62,17.66,17.87,27577404,507809568.000
2013-06-21,17.62,17.98,17.37,17.78,15421197,280100704.000
2013-06-24,17.69,17.80,17.14,17.64,33910744,607106944.000
2013-06-25,17.46,17.89,16.15,17.49,44064574,775848384.000
2013-06-26,17.48,19.17,17.30,19.14,46470305,872364992.000
2013-06-27,19.14,19.60,18.59,19.05,40246973,787520768.000
2013-06-28,18.89,18.99,18.33,18.77,33580804,642165312.000
2013-07-01,18.78,19.77,18.67,19.66,39932090,790142592.000
2013-07-02,19.64,20.28,19.39,19.88,35661331,726353920.000
2013-07-03,19.84,21.00,19.57,20.64,33486156,698726464.000
2013-07-04,20.54,20.73,20.15,20.18,20291738,422334592.000
2013-07-05,20.26,20.66,19.67,19.98,21345045,439543424.000
2013-07-08,19.75,20.49,19.46,20.28,18390987,377435456.000
2013-07-09,20.22,20.86,19.87,20.15,19215437,400979840.000
2013-07-10,19.99,20.17,19.54,20.08,18303104,371925664.000
2013-07-11,20.04,20.66,19.78,20.24,28320770,585340288.000
2013-07-12,20.14,21.07,20.04,20.45,29165112,617321792.000
2013-07-15,20.39,21.05,20.37,20.88,19448355,413426144.000
2013-07-16,20.82,21.52,20.74,21.24,22735607,493295712.000
2013-07-17,21.17,21.24,20.03,20.08,28679779,602805120.000
2013-07-18,20.04,20.41,19.45,20.11,23161964,470502528.000
2013-07-19,19.97,20.24,19.39,19.41,20916648,423453024.000
2013-07-22,19.31,20.14,19.21,20.12,18406538,373735968.000
2013-07-23,20.17,21.05,20.17,20.87,24851957,526927296.000
2013-07-24,20.90,21.29,20.56,21.04,22985934,492226112.000
2013-07-25,21.13,21.25,20.52,20.71,17546556,374894560.000
2013-07-26,20.84,21.09,20.46,21.00,11916383,250499456.000
2013-07-29,20.77,21.05,20.44,20.47,11150107,233874608.000
2013-07-30,20.74,20.83,19.75,19.96,15211120,309434688.000
2013-07-31,20.01,20.50,20.01,20.12,8999760,184982864.000
2013-08-01,20.11,20.58,20.07,20.53,12792689,263839616.000
2013-08-02,20.62,20.73,20.24,20.33,9722206,200744304.000
2013-08-05,20.33,21.70,20.29,21.64,27852995,596431168.000
2013-08-06,21.57,22.35,21.44,22.20,42079418,935759872.000
2013-08-07,22.14,22.25,21.64,21.90,14732369,327095296.000
2013-08-08,21.85,22.34,21.75,22.20,16178517,362409472.000
2013-08-09,22.19,22.50,21.76,22.06,13325224,298861088.000
2013-08-12,22.06,22.24,21.64,21.96,14008608,310760928.000
2013-08-13,21.92,21.94,21.42,21.89,13137556,287869280.000
2013-08-14,21.82,21.91,21.45,21.67,10904155,238523952.000
2013-08-15,21.67,21.79,21.02,21.10,16500723,355513504.000
2013-08-16,21.05,22.96,20.54,20.71,20534124,440378720.000
2013-08-19,20.79,21.23,20.71,21.15,11531193,245338672.000
2013-08-20,21.15,21.54,20.78,20.83,16434266,350863936.000
2013-08-21,21.04,21.12,20.34,20.83,11315484,236193856.000
2013-08-22,20.79,21.38,20.58,21.34,16440022,349751008.000
2013-08-23,21.34,21.90,21.04,21.67,21924016,480306272.000
2013-08-26,21.77,21.77,21.31,21.66,15313248,333384768.000
2013-08-27,21.66,21.74,20.95,21.22,16893504,363120032.000
2013-08-28,20.74,20.74,19.07,19.07,106497386,2083584896.000
2013-08-29,19.35,19.38,18.74,19.06,44912738,866639552.000
2013-08-30,19.03,19.03,18.26,18.34,40766778,766719232.000
2013-09-02,18.54,19.35,18.54,19.00,47627460,916578368.000
2013-09-03,18.92,19.29,18.89,19.09,20492972,396473376.000
2013-09-04,19.14,19.19,18.44,18.72,28939594,549163840.000
2013-09-05,18.67,18.97,18.51,18.76,18922132,359269440.000
2013-09-06,18.64,18.94,18.55,18.76,12465136,237090416.000
2013-09-09,18.72,18.73,18.08,18.46,29673374,552279168.000
2013-09-10,18.31,18.51,18.15,18.23,21690640,401912544.000
2013-09-11,18.25,18.33,17.72,17.78,32400303,586859008.000
2013-09-12,17.74,18.21,17.67,17.95,22668189,414708000.000
2013-09-13,17.94,18.41,17.74,18.31,26294963,482884960.000
2013-09-16,18.23,18.69,18.19,18.53,23081332,433176576.000
2013-09-17,18.50,18.51,17.78,17.83,23486291,429659776.000
2013-09-18,17.79,17.98,17.36,17.91,25405787,454463552.000
2013-09-23,17.97,18.39,17.93,18.24,23054155,424301728.000
2013-09-24,18.18,18.19,17.80,17.92,19062687,347408480.000
2013-09-25,17.92,18.37,17.74,18.24,21969026,405339936.000
2013-09-26,18.15,18.82,18.08,18.51,34795658,653393280.000
2013-09-27,18.51,18.95,18.39,18.73,35116221,669168576.000
2013-09-30,18.83,18.93,18.32,18.47,24512873,459540960.000
2013-10-08,18.34,18.34,17.39,17.86,49902914,900236736.000
2013-10-09,17.74,17.90,17.59,17.89,26923219,485489920.000
2013-10-10,17.84,18.12,17.72,17.82,26327534,476976192.000
2013-10-11,17.76,18.02,17.74,18.00,26472798,480212352.000
2013-10-14,17.99,18.24,17.81,18.20,30733748,561460480.000
2013-10-15,18.54,19.20,18.35,19.03,55874484,1070568384.000
2013-10-16,19.04,19.05,18.45,18.59,33045188,626803712.000
2013-10-17,18.79,19.30,18.78,18.96,36476025,706636352.000
2013-10-18,18.78,19.26,18.72,19.00,20140810,386592000.000
2013-10-21,19.39,19.62,19.08,19.19,29203593,570553088.000
2013-10-22,20.74,21.14,20.04,20.23,70504714,1458648960.000
2013-10-23,20.24,20.42,19.74,19.84,29628071,598318016.000
2013-10-24,19.69,19.92,19.36,19.73,21312561,424149504.000
2013-10-25,19.64,19.74,18.93,19.10,20571675,402590272.000
2013-10-28,19.13,19.62,18.99,19.22,14306936,280603808.000
2013-10-29,19.45,19.76,18.56,18.80,23232654,448323744.000
2013-10-30,19.06,19.84,19.06,19.74,33362632,661603904.000
2013-10-31,19.73,20.10,19.54,19.70,18826730,377784608.000
2013-11-01,19.76,19.92,19.26,19.54,10955431,216988432.000
2013-11-04,19.73,20.08,19.29,19.92,21520506,430832064.000
2013-11-05,20.34,20.62,19.90,19.94,29227168,596741568.000
2013-11-06,19.91,20.19,19.56,19.61,18825230,379322080.000
2013-11-07,19.52,19.54,18.87,18.94,18640989,361265952.000
2013-11-08,18.89,19.23,18.72,19.11,12284788,236600784.000
2013-11-11,19.20,19.90,19.14,19.76,19321570,383422272.000
2013-11-12,19.80,19.96,19.44,19.62,21433943,427926912.000
2013-11-13,19.43,19.64,19.16,19.16,11683389,229012544.000
2013-11-14,19.12,19.60,19.05,19.51,14428463,283458784.000
2013-11-15,19.39,19.85,19.29,19.57,20505796,408054976.000
2013-11-18,19.75,19.99,19.58,19.73,27435749,549074176.000
2013-11-19,19.79,19.99,19.59,19.86,17569376,351836640.000
2013-11-20,19.99,20.02,19.50,19.69,15722085,313049280.000
2013-11-21,19.77,19.89,19.34,19.47,17025789,338107040.000
2013-11-22,19.48,19.53,19.04,19.21,13236870,257945296.000
2013-11-25,18.99,19.14,18.87,18.90,18082814,347899936.000
2013-11-26,18.86,19.07,18.72,19.03,14576239,278861440.000
2013-11-27,19.11,19.39,18.99,19.14,14298876,278180864.000
2013-11-28,19.15,19.38,19.04,19.16,14237019,277424032.000
2013-11-29,19.14,19.28,19.09,19.14,12094408,234936528.000
2013-12-02,18.94,18.94,18.24,18.49,20402097,384732576.000
2013-12-03,18.44,18.79,18.40,18.75,9252203,174860256.000
2013-12-04,18.74,19.18,18.69,19.01,15412240,295846400.000
2013-12-05,19.01,19.01,18.62,18.79,12561628,238993664.000
2013-12-06,18.79,18.99,18.72,18.89,10388344,198431312.000
2013-12-09,18.95,18.98,18.61,18.70,11878916,225911152.000
2013-12-10,18.26,18.26,17.85,17.98,30522851,558209984.000
2013-12-11,17.97,18.05,17.77,17.93,12246692,222453024.000
2013-12-12,18.02,18.11,17.93,18.06,10069812,184114144.000
2013-12-13,17.89,18.09,17.89,17.97,8223347,150019488.000
2013-12-16,17.93,18.14,17.86,17.91,9410481,171479664.000
2013-12-17,17.85,18.01,17.85,17.90,7087909,128970568.000
2013-12-18,17.91,18.04,17.84,18.01,6985737,127186000.000
2013-12-19,18.07,18.13,17.53,17.56,9859338,178173984.000
2013-12-20,17.56,17.85,17.30,17.39,11069969,197266096.000
2013-12-23,17.34,18.02,17.34,17.99,16301748,294492256.000
2013-12-24,17.99,18.04,17.64,17.81,10665779,193015104.000
2013-12-25,17.90,17.90,17.65,17.75,7968138,143506048.000
2013-12-26,17.75,17.79,17.37,17.39,9288484,165201664.000
2013-12-27,17.60,17.60,17.37,17.52,8956756,158805584.000
2013-12-30,17.55,17.64,17.37,17.46,8969803,158911072.000
2013-12-31,17.34,17.75,17.34,17.74,11374711,202988016.000
2014-01-02,17.76,18.38,17.57,18.24,21044047,385461376.000
2014-01-03,18.34,18.42,17.88,18.01,11075191,202905200.000
2014-01-06,17.93,17.95,17.15,17.21,15484091,273172192.000
2014-01-07,17.14,17.38,16.86,17.20,10041901,174511392.000
2014-01-08,17.37,17.50,16.89,16.99,17281950,301434848.000
2014-01-09,16.97,17.07,16.12,16.43,39411217,657996288.000
2014-01-10,16.49,16.61,16.04,16.07,26339284,437313920.000
2014-01-13,16.23,16.25,15.75,15.91,15835778,258036672.000
2014-01-14,15.91,16.04,15.54,15.87,17489154,280222176.000
2014-01-15,15.84,16.63,15.77,16.56,25894445,429232448.000
2014-01-16,16.85,16.92,16.34,16.52,16450805,276937280.000
2014-01-17,16.54,16.78,16.45,16.51,10103872,169989008.000
2014-01-20,16.53,16.64,15.98,16.07,10658675,175859232.000
2014-01-21,16.07,16.39,16.06,16.33,7347171,121714872.000
2014-01-22,16.43,16.68,16.41,16.65,13503234,227230736.000
2014-01-23,16.69,16.79,16.50,16.55,13325175,224914848.000
2014-01-24,16.55,16.66,16.39,16.61,21630133,362609312.000
2014-01-27,16.46,16.56,16.24,16.47,16516405,275640864.000
2014-01-28,16.50,16.63,16.04,16.12,18433106,303595968.000
2014-01-29,16.15,16.61,16.10,16.54,14410429,239371472.000
2014-01-30,16.53,16.93,16.40,16.92,19737499,335052128.000
2014-02-07,16.99,17.23,16.49,16.83,24120140,412406144.000
2014-02-10,16.99,18.03,16.99,18.01,46778137,836732672.000
2014-02-11,18.64,18.84,18.09,18.28,49040922,915336448.000
2014-02-12,18.69,19.14,18.28,18.81,45335747,862978816.000
2014-02-13,18.68,19.20,18.37,18.47,31210291,596640704.000
2014-02-14,18.47,19.09,18.47,18.98,25912866,494311552.000
2014-02-17,19.00,19.08,18.74,18.93,20371702,390078336.000
2014-02-18,18.91,19.45,18.65,19.15,30555872,591716160.000
2014-02-19,19.16,19.21,18.70,18.80,20151948,385084896.000
2014-02-20,18.84,19.42,18.80,18.85,29340773,567425280.000
2014-02-21,18.99,19.11,18.54,18.65,18894038,359266592.000
2014-02-24,18.53,18.53,18.04,18.36,20118086,372769440.000
2014-02-25,18.40,18.50,17.13,17.29,40662379,734617536.000
2014-02-26,17.09,17.48,16.84,17.44,18235630,319082336.000
2014-02-27,17.49,17.54,16.58,16.62,27263893,469754304.000
2014-02-28,16.55,16.86,16.27,16.75,14143106,238516976.000
2014-03-03,16.75,17.11,16.55,17.04,18191474,311383552.000
2014-03-04,16.98,16.98,16.49,16.69,19337627,327190496.000
2014-03-05,16.82,16.87,16.45,16.50,14730387,248951824.000
2014-03-06,16.50,16.52,15.90,16.04,30673955,499774912.000
2014-03-07,16.06,16.44,15.92,16.27,23755654,390134432.000
2014-03-10,16.12,16.12,15.74,15.88,19605709,316316576.000
2014-03-11,15.88,16.01,15.77,15.92,14112477,227958512.000
2014-03-12,15.90,15.93,15.54,15.92,18463572,295725248.000
2014-03-13,15.97,16.89,15.97,16.64,38209934,640704960.000
2014-03-14,16.53,16.53,16.21,16.46,19526951,324552192.000
2014-03-17,16.49,16.69,16.27,16.61,18111813,303612992.000
2014-03-18,16.61,16.79,16.53,16.73,21208815,358731520.000
2014-03-19,16.74,16.79,16.35,16.59,14115281,237645296.000
2014-03-20,16.49,16.62,15.81,15.97,21655338,357905632.000
2014-03-21,15.89,16.51,15.74,16.43,14357329,235523296.000
2014-03-24,16.49,16.62,16.16,16.28,18271581,302388832.000
2014-03-25,16.30,16.38,16.03,16.37,16881040,277063584.000
2014-03-26,16.55,16.85,16.45,16.48,24421536,413027488.000
2014-03-27,16.47,16.47,16.09,16.19,12117500,199845728.000
2014-03-28,16.34,16.42,15.87,15.91,17769360,289818912.000
2014-03-31,15.99,16.07,15.84,15.94,9217610,149191808.000
2014-04-01,16.00,16.29,15.84,16.23,19285147,314424896.000
2014-04-02,16.22,16.22,15.99,16.04,10875710,177660512.000
2014-04-03,16.14,16.18,15.92,15.95,11006778,179249472.000
2014-04-04,15.93,16.03,15.82,16.00,16552430,267331264.000
2014-04-08,15.92,16.13,15.81,16.08,33255010,539686400.000
2014-04-09,16.10,16.67,16.06,16.65,41122587,684388544.000
2014-04-10,16.72,16.81,16.49,16.64,28004410,472907136.000
2014-04-11,16.65,17.19,16.52,16.71,36154447,619012352.000
2014-04-14,16.64,16.74,16.43,16.51,19457986,326161152.000
2014-04-15,16.45,16.45,16.00,16.08,22727904,374588864.000
2014-04-16,16.04,16.20,15.93,16.03,19934603,324985120.000
2014-04-17,16.18,16.18,15.83,15.95,21161685,342718304.000
2014-04-18,15.84,16.02,15.81,15.98,16008260,258866560.000
2014-04-21,15.87,16.05,15.76,15.78,18335442,296280608.000
2014-04-22,15.78,15.86,15.62,15.81,14228974,227266112.000
2014-04-23,15.82,15.92,15.74,15.85,11263485,181412208.000
2014-04-24,15.85,15.87,15.54,15.55,14671124,233585520.000
2014-04-25,15.56,15.70,14.92,14.95,28212053,435308960.000
2014-04-28,14.83,15.00,14.51,14.68,14898221,222961376.000
2014-04-29,14.63,14.90,14.46,14.73,23451861,350119968.000
2014-04-30,14.73,15.42,14.66,15.30,23472639,359103616.000
2014-05-05,15.32,15.69,15.14,15.59,24655259,387763168.000
2014-05-06,15.54,15.92,15.44,15.73,27932496,445921696.000
2014-05-07,15.68,15.71,15.49,15.54,12887248,203939360.000
2014-05-08,15.52,15.86,15.37,15.74,20988736,335186368.000
2014-05-09,15.76,15.87,15.31,15.82,23422099,371171008.000
2014-05-12,15.84,16.16,15.76,16.07,25885690,419909120.000
2014-05-13,16.13,16.16,15.77,15.86,17099737,276097984.000
2014-05-14,15.86,16.01,15.79,15.82,9343443,150856800.000
2014-05-15,15.80,15.85,15.39,15.40,13240209,210207344.000
2014-05-16,15.44,15.52,15.27,15.37,10822434,169129760.000
2014-05-19,15.54,15.60,14.64,14.92,37629313,571097344.000
2014-05-20,14.92,15.02,14.82,14.91,10882551,165110560.000
2014-05-21,14.88,14.96,14.82,14.96,12019941,182031568.000
2014-05-22,14.98,15.13,14.88,14.96,11782638,179738432.000
2014-05-23,15.01,15.16,14.90,15.16,12168292,186400848.000
2014-05-26,15.16,15.53,15.09,15.42,18756372,291593312.000
2014-05-27,15.43,15.43,15.18,15.24,12633344,196428752.000
2014-05-28,15.22,15.33,15.08,15.32,10781355,166777760.000
2014-05-29,15.34,15.48,15.07,15.07,13050192,202456896.000
2014-05-30,15.09,15.14,14.97,15.02,10588727,162075456.000
2014-06-03,15.07,15.13,14.84,15.01,11729846,178455616.000
2014-06-04,14.99,14.99,14.73,14.89,9624173,145147248.000
2014-06-05,14.87,14.97,14.80,14.94,9143324,138509152.000
2014-06-06,14.98,15.04,14.75,15.00,14981308,228061744.000
2014-06-09,15.02,15.19,14.99,15.04,14142543,217303712.000
2014-06-10,15.07,15.12,14.84,15.08,10993915,167720112.000
2014-06-11,15.05,15.17,14.96,15.10,10118757,154937024.000
2014-06-12,15.09,15.14,14.91,14.91,14523347,221548480.000
2014-06-13,14.84,15.07,14.84,14.99,21402283,326444928.000
2014-06-16,15.01,15.04,14.90,14.95,16013861,243546416.000
2014-06-17,14.96,15.00,14.79,14.81,14762038,223675408.000
2014-06-18,14.81,14.85,14.64,14.69,15850055,237505312.000
2014-06-19,14.70,14.80,14.36,14.37,15831946,234665376.000
2014-06-20,14.44,14.46,14.20,14.36,15048178,219215104.000
2014-06-23,14.39,14.55,14.33,14.34,13649069,200655872.000
2014-06-24,14.34,14.56,14.34,14.55,7682065,113114184.000
2014-06-25,14.54,14.59,14.41,14.47,5219273,76994064.000
2014-06-26,14.49,14.67,14.48,14.62,12288880,182220288.000
2014-06-27,14.64,14.65,14.49,14.59,9537204,141406944.000
2014-06-30,14.63,14.83,14.57,14.69,15746810,235741744.000
2014-07-01,14.73,14.78,14.43,14.49,18851385,278936224.000
2014-07-02,14.51,14.57,14.44,14.52,10454233,154328192.000
2014-07-03,14.52,14.70,14.45,14.68,22110937,328802656.000
2014-07-04,14.64,14.68,14.46,14.51,20592622,304557440.000
2014-07-07,14.51,14.55,14.30,14.40,14120616,207170080.000
2014-07-08,14.40,14.48,14.33,14.47,12007741,176258704.000
2014-07-09,14.49,14.50,14.16,14.18,21458907,312259904.000
2014-07-10,14.15,14.20,13.97,13.99,19297610,276240736.000
2014-07-11,14.03,14.10,13.90,13.94,17551050,250157920.000
2014-07-14,13.98,14.05,13.80,14.01,20678725,293586432.000
2014-07-15,14.02,14.31,13.97,14.24,29979028,432536448.000
2014-07-16,14.25,14.27,14.08,14.11,17166607,247421056.000
2014-07-17,14.13,14.14,13.61,13.70,39567860,554825856.000
2014-07-18,13.69,13.82,13.54,13.73,15474338,216593392.000
2014-07-21,13.74,13.90,13.68,13.85,13926889,196077488.000
2014-07-22,13.85,13.98,13.80,13.90,17359424,241294192.000
2014-07-23,13.88,14.29,13.86,14.15,28574572,403872992.000
2014-07-24,14.10,14.28,14.08,14.23,23549126,334118336.000
2014-07-25,14.25,14.41,14.25,14.39,28848629,413816640.000
2014-07-28,14.50,14.66,14.49,14.61,35391148,516059040.000
2014-07-29,14.64,14.85,14.51,14.75,37134874,545645760.000
2014-07-30,14.73,14.73,14.57,14.68,25920474,378997056.000
2014-07-31,14.70,14.84,14.64,14.75,21811889,320946240.000
2014-08-01,14.73,15.23,14.67,14.82,53108855,794941376.000
2014-08-04,14.67,15.06,14.67,14.95,36646705,545226048.000
2014-08-05,14.98,15.11,14.89,14.92,39760050,595828288.000
2014-08-06,14.87,14.92,14.62,14.82,31558570,467163648.000
2014-08-07,14.81,14.94,14.65,14.69,26041905,385643008.000
2014-08-08,14.68,14.77,14.60,14.64,21139004,310021056.000
2014-08-11,14.74,14.96,14.69,14.91,26496280,393902656.000
2014-08-12,14.92,14.99,14.86,14.93,21729843,324234240.000
2014-08-13,14.90,15.28,14.90,15.18,45769022,692332480.000
2014-08-14,15.18,15.25,15.01,15.02,24412874,369188416.000
2014-08-15,15.00,15.23,15.00,15.19,26152975,395983648.000
2014-08-18,15.26,15.27,15.05,15.15,28573113,432272224.000
2014-08-19,15.15,15.18,14.94,15.04,26653042,400514240.000
2014-08-20,15.04,15.04,14.86,14.93,26915546,401347424.000
2014-08-21,14.90,14.95,14.65,14.87,30582013,452026528.000
2014-08-22,14.80,14.98,14.79,14.86,22407474,333654848.000
2014-08-25,14.82,14.88,14.66,14.72,21319067,314462368.000
2014-08-26,14.70,14.87,14.52,14.57,21614503,317099232.000
2014-08-27,14.53,14.62,14.44,14.47,19465022,282149344.000
2014-08-28,14.56,14.78,14.45,14.51,31757191,463217408.000
2014-08-29,14.52,14.59,14.45,14.59,12841350,186508528.000
2014-09-01,14.60,14.74,14.56,14.68,20575252,301508768.000
2014-09-02,14.72,14.84,14.66,14.83,26303922,388339776.000
2014-09-03,14.86,15.05,14.85,14.95,34681665,518609312.000
2014-09-04,14.99,15.04,14.90,15.03,34178109,512048704.000
2014-09-05,15.07,15.15,14.94,15.08,32880433,494416640.000
2014-09-09,15.15,15.43,15.00,15.34,61984760,944572160.000
2014-09-10,15.30,15.30,15.11,15.17,35497984,539551296.000
2014-09-11,15.17,15.35,14.94,14.96,52885847,800000832.000
2014-09-12,14.95,15.12,14.91,15.11,30639007,461588416.000
2014-09-15,15.11,15.33,15.03,15.30,40877552,620475264.000
2014-09-16,15.31,15.59,15.02,15.08,68002186,1044372800.000
2014-09-17,15.10,15.20,14.87,15.06,31210681,469471776.000
2014-09-18,15.06,15.27,15.06,15.14,29357216,445044448.000
2014-09-19,15.16,15.37,15.10,15.36,42353318,646248640.000
2014-09-22,15.37,15.56,15.23,15.45,59428407,917022848.000
2014-09-23,15.46,15.58,15.30,15.52,42427950,655945088.000
2014-09-24,15.51,16.12,15.43,15.94,73317055,1160765696.000
2014-09-25,15.93,16.08,15.70,15.92,49726141,790289920.000
2014-09-26,15.90,15.95,15.71,15.93,27261175,432417952.000
2014-09-29,15.93,16.24,15.93,16.11,37753699,606515584.000
2014-09-30,16.12,16.20,15.96,16.02,28630138,459319264.000
2014-10-08,16.05,16.21,15.77,16.17,51503592,824581120.000
2014-10-09,16.16,16.30,15.91,15.98,41643750,669768704.000
2014-10-10,15.91,16.17,15.85,15.99,30742357,492394688.000
2014-10-13,15.80,16.04,15.80,15.99,24749960,393954912.000
2014-10-14,16.01,16.43,16.00,16.24,41346910,672709056.000
2014-10-15,16.24,16.65,16.12,16.54,55363266,911173888.000
2014-10-16,16.50,16.98,16.20,16.27,65952227,1099726592.000
2014-10-17,16.23,16.46,15.94,16.25,35430716,574024512.000
2014-10-20,16.26,16.64,16.26,16.47,24673751,406550752.000
2014-10-21,16.46,16.53,16.15,16.29,37779347,616513984.000
2014-10-22,16.26,16.35,15.82,15.90,31976403,513353056.000
2014-10-23,15.82,15.91,15.38,15.42,33015717,514349824.000
2014-10-24,15.44,15.70,15.44,15.59,17822148,277806368.000
2014-10-27,15.52,15.78,15.48,15.63,11658857,182361760.000
2014-10-28,15.64,15.84,15.55,15.83,29353274,460101472.000
2014-10-29,15.81,15.85,15.65,15.81,31697256,499342432.000
2014-10-30,15.79,16.10,15.75,15.91,32786746,522699136.000
2014-10-31,15.97,16.02,15.66,15.96,28973787,459165056.000
2014-11-03,15.90,16.08,15.88,15.96,26450177,422484192.000
2014-11-04,15.93,15.95,15.56,15.75,29866179,469518496.000
2014-11-05,15.68,15.68,15.41,15.53,24585086,381411840.000
2014-11-06,15.52,15.60,15.40,15.54,26263784,406572256.000
2014-11-07,15.50,15.65,15.42,15.51,38054821,591236736.000
2014-11-10,15.55,15.75,15.45,15.71,35071005,547081728.000
2014-11-11,15.75,15.79,15.09,15.23,42969317,663411392.000
2014-11-12,15.22,15.36,15.18,15.36,19142521,292360064.000
2014-11-13,15.38,15.40,15.04,15.08,29333221,444123616.000
2014-11-14,15.05,15.32,15.00,15.26,20175164,306875040.000
2014-11-17,15.32,15.63,15.32,15.41,27935262,432609984.000
2014-11-18,15.50,15.56,15.34,15.49,26689892,412037024.000
2014-11-19,15.48,15.57,15.35,15.39,18321544,283079488.000
2014-11-20,15.31,15.32,15.17,15.22,12326688,187715968.000
2014-11-21,15.23,15.43,15.12,15.40,21401166,327366720.000
2014-11-24,15.53,15.56,15.30,15.45,46735616,721676288.000
2014-11-25,15.47,15.73,15.43,15.72,39752240,618740352.000
2014-11-26,15.73,15.75,15.54,15.69,43604476,681159232.000
2014-11-27,15.75,15.95,15.58,15.81,70640821,1114376320.000
2014-11-28,15.81,15.82,15.51,15.60,44306386,691992896.000
2014-12-01,15.61,15.75,15.42,15.74,50295071,783428800.000
2014-12-02,15.70,16.06,15.63,16.04,74767055,1186796288.000
2014-12-03,16.02,16.68,15.98,16.66,102378328,1673706368.000
2014-12-04,16.68,16.85,16.50,16.77,79732114,1329965440.000
2014-12-05,16.76,16.77,15.91,16.29,71910401,1175519872.000
2014-12-08,16.20,16.65,16.01,16.46,66259210,1084234752.000
2014-12-09,16.40,17.31,16.12,16.50,115216060,1926355968.000
2014-12-10,16.60,17.65,16.60,17.51,100093621,1721198848.000
2014-12-11,17.40,17.75,17.07,17.32,63420461,1102262784.000
2014-12-12,17.21,17.38,17.02,17.18,49352157,845588224.000
2014-12-15,17.10,17.51,17.03,17.19,53284161,918333760.000
2014-12-16,17.19,17.31,16.85,16.95,53291055,903881408.000
2014-12-17,16.94,16.99,16.31,16.59,72431587,1198155136.000
2014-12-18,16.57,16.80,16.48,16.60,42163855,701781888.000
2014-12-19,16.65,16.65,16.16,16.41,41135633,673676160.000
2014-12-22,16.41,16.41,16.00,16.22,45880189,741267584.000
2014-12-23,16.22,16.67,16.16,16.34,45172131,742767296.000
2014-12-24,16.49,16.64,16.25,16.55,39939212,656628992.000
2014-12-25,16.59,16.62,16.36,16.51,32327811,532382496.000
2014-12-26,16.45,16.64,16.30,16.56,39857909,656657408.000
2014-12-29,16.50,16.55,15.80,15.89,95274613,1538493824.000
2014-12-30,15.75,15.92,15.37,15.46,75844515,1185551744.000
2014-12-31,15.43,15.75,15.21,15.72,50922970,789701824.000
2015-01-05,15.58,16.21,15.58,16.15,64084428,1024434496.000
2015-01-06,16.06,16.97,16.00,16.85,117051953,1948692224.000
2015-01-07,16.74,16.90,16.56,16.66,60107422,1003195584.000
2015-01-08,16.66,16.95,16.60,16.70,49079241,822927616.000
2015-01-09,16.70,16.97,16.40,16.42,56785482,952474240.000
2015-01-12,16.48,17.09,16.30,17.06,81740775,1368274944.000
2015-01-13,17.10,17.34,16.80,17.03,62590783,1069738432.000
2015-01-14,17.18,17.40,16.92,17.07,57846969,992343424.000
2015-01-15,17.09,17.13,16.78,16.94,45256776,764094784.000
2015-01-16,16.99,17.17,16.80,17.16,48367172,820219712.000
2015-01-19,16.71,17.35,16.21,16.53,74673321,1263487872.000
2015-01-20,16.76,17.19,16.58,17.05,57795287,973228288.000
2015-01-21,17.09,17.43,17.05,17.37,71623708,1238075648.000
2015-01-22,17.33,17.68,17.21,17.23,74663445,1304083328.000
2015-01-23,17.23,17.36,17.02,17.11,50369331,864999296.000
2015-01-26,17.25,17.40,17.10,17.32,49706201,856208704.000
2015-01-27,17.33,17.45,16.82,17.02,60203325,1029900224.000
2015-01-28,16.92,17.15,16.83,16.87,40398127,684393216.000
2015-01-29,16.74,16.95,16.53,16.61,34557775,576396864.000
2015-01-30,16.68,16.88,16.46,16.63,34028180,567164352.000
2015-02-02,16.53,16.83,16.46,16.67,22794736,380906880.000
2015-02-03,16.74,16.83,16.53,16.80,26878509,449028416.000
2015-02-04,16.87,16.89,16.55,16.57,26903696,449604704.000
2015-02-05,16.71,16.75,16.26,16.27,33135387,548066176.000
2015-02-06,16.29,16.59,16.13,16.28,33862528,554668672.000
2015-02-09,16.28,16.54,16.20,16.39,21645847,355222400.000
2015-02-10,16.39,16.65,16.37,16.57,24442671,403523904.000
2015-02-11,16.65,18.23,16.60,18.23,182712496,3232990976.000
2015-02-12,18.35,18.86,18.15,18.43,189112036,3503847424.000
2015-02-13,18.86,20.27,18.70,20.27,171834683,3374094592.000
2015-02-16,21.05,22.30,20.98,22.19,237109872,5209088000.000
2015-02-17,21.96,22.66,21.60,22.18,125552377,2771024128.000
2015-02-25,22.24,22.41,21.48,22.21,89731008,1968009472.000
2015-02-26,22.00,23.06,21.41,21.51,128188394,2839143168.000
2015-02-27,21.60,22.69,21.46,22.63,119100417,2645805824.000
2015-03-02,22.73,24.78,22.33,24.27,139343722,3317999104.000
2015-03-03,23.91,24.58,23.28,23.29,89391527,2131028864.000
2015-03-04,23.66,24.10,23.23,23.78,73325465,1739729408.000
2015-03-05,24.80,26.16,24.55,26.16,51857971,1336631808.000
2015-03-06,28.00,28.70,25.89,25.95,143513257,3885432320.000
2015-03-09,26.40,28.43,25.70,27.69,119720621,3234514688.000
2015-03-10,27.21,27.88,26.90,27.79,73229713,2010530048.000
2015-03-11,27.90,28.90,26.70,27.10,91572254,2515527168.000
2015-03-12,27.30,27.30,25.40,26.62,112807460,2953034240.000
2015-03-13,26.40,28.65,26.00,28.47,109753386,3006579968.000
2015-03-16,30.20,30.88,29.10,29.76,112457375,3348595456.000
2015-03-17,29.40,29.50,28.80,29.16,80452515,2344172544.000
2015-03-18,28.95,29.95,28.89,29.56,65023147,1908951040.000
2015-03-19,29.70,29.80,28.65,29.06,58329544,1691425408.000
2015-03-20,28.98,30.18,28.90,29.09,84907974,2502730240.000
2015-03-23,29.00,30.25,28.59,29.95,120417351,3525939968.000
2015-03-24,30.04,30.06,28.70,29.79,101923003,3010705152.000
2015-03-25,29.70,32.45,29.51,31.79,118566412,3712289536.000
2015-03-26,31.80,31.80,29.60,29.83,98945377,3015014400.000
2015-03-27,30.00,30.50,29.08,30.10,56406581,1683987712.000
2015-03-30,30.21,31.30,29.41,30.99,84083689,2555795712.000
2015-03-31,30.99,32.60,30.77,31.01,76785764,2439629568.000
2015-04-01,31.10,32.43,31.00,31.52,72536199,2305261824.000
2015-04-02,31.80,33.19,31.63,32.48,80619917,2607844864.000
2015-04-03,32.21,32.88,31.77,32.72,62669035,2025626752.000
2015-04-07,32.86,35.99,32.81,35.99,95118839,3304645888.000
2015-04-08,36.00,38.95,35.28,38.74,93125759,3450867968.000
2015-04-09,38.05,39.67,35.48,38.74,94953773,3582575872.000
2015-04-10,39.00,40.80,38.11,39.29,100627663,3945939968.000
数据来源:通达信
