600050 中国联通 日线 前复权
      日期	    开盘	    最高	    最低	    收盘	    成交量	    成交额
2011-03-02,5.69,5.77,5.66,5.74,120721622,709153344.000
2011-03-03,5.73,5.89,5.72,5.83,175089933,1045449856.000
2011-03-04,5.84,5.91,5.81,5.84,147756342,887286400.000
2011-03-07,5.85,5.92,5.83,5.88,120661906,724258624.000
2011-03-08,5.89,5.97,5.86,5.89,97679967,591396352.000
2011-03-09,5.90,5.94,5.85,5.87,73497497,443326464.000
2011-03-10,5.86,5.88,5.67,5.68,112030595,660233280.000
2011-03-11,5.66,5.78,5.66,5.68,95595244,562255680.000
2011-03-14,5.69,5.87,5.68,5.79,128701807,765129024.000
2011-03-15,5.79,5.84,5.63,5.69,103398114,604429056.000
2011-03-16,5.69,5.83,5.69,5.74,109714616,648693248.000
2011-03-17,5.73,5.74,5.60,5.63,73707602,429015136.000
2011-03-18,5.67,5.71,5.58,5.59,74516293,430885184.000
2011-03-21,5.59,5.65,5.51,5.52,89672374,512254016.000
2011-03-22,5.56,5.68,5.54,5.59,95698038,550876544.000
2011-03-23,5.59,5.67,5.58,5.63,64523051,372630336.000
2011-03-24,5.63,5.66,5.55,5.59,88032797,504572128.000
2011-03-25,5.60,5.62,5.55,5.59,121152605,693270272.000
2011-03-28,5.59,5.64,5.56,5.60,99481661,571944320.000
2011-03-29,5.60,5.60,5.46,5.49,123685848,700510976.000
2011-03-30,5.45,5.60,5.44,5.54,92546644,527644640.000
2011-03-31,5.54,5.61,5.48,5.54,65972331,375430880.000
2011-04-01,5.54,5.55,5.48,5.54,70548627,399013632.000
2011-04-06,5.55,5.59,5.51,5.58,108556220,619854848.000
2011-04-07,5.58,5.61,5.54,5.61,72277955,413993856.000
2011-04-08,5.60,5.88,5.58,5.84,274967436,1629006720.000
2011-04-11,5.85,5.91,5.77,5.84,150922941,905084288.000
2011-04-12,5.84,5.90,5.74,5.78,102550782,608664960.000
2011-04-13,5.76,5.81,5.71,5.79,76694597,452732768.000
2011-04-14,5.79,5.81,5.72,5.75,59543642,352410624.000
2011-04-15,5.73,5.86,5.73,5.81,82308444,489513152.000
2011-04-18,5.81,5.87,5.75,5.77,81992436,488125920.000
2011-04-19,5.73,5.79,5.67,5.68,78124132,458687168.000
2011-04-20,5.74,5.84,5.70,5.81,112873815,668810688.000
2011-04-21,5.86,6.04,5.83,5.90,198142969,1203726464.000
2011-04-22,5.90,5.96,5.82,5.84,85525179,515003232.000
2011-04-25,5.85,6.00,5.83,5.86,128207261,775580672.000
2011-04-26,5.87,5.92,5.55,5.64,142778875,834724224.000
2011-04-27,5.61,5.71,5.58,5.63,75882629,439219968.000
2011-04-28,5.67,5.76,5.62,5.63,82003608,479415360.000
2011-04-29,5.65,5.72,5.62,5.69,43254799,251743632.000
2011-05-03,5.68,5.75,5.63,5.70,40583571,237215504.000
2011-05-04,5.66,5.71,5.46,5.51,110760205,631552128.000
2011-05-05,5.51,5.58,5.44,5.55,44556038,252629280.000
2011-05-06,5.47,5.57,5.47,5.52,55790402,316360576.000
2011-05-09,5.53,5.57,5.49,5.50,27809582,157892720.000
2011-05-10,5.51,5.63,5.49,5.63,54438615,311847104.000
2011-05-11,5.62,5.69,5.56,5.63,48140976,277935392.000
2011-05-12,5.59,5.61,5.50,5.51,46898034,266865344.000
2011-05-13,5.55,5.55,5.40,5.45,76067700,425998880.000
2011-05-16,5.45,5.47,5.37,5.39,52977193,294757824.000
2011-05-17,5.40,5.45,5.38,5.42,26660776,148523168.000
2011-05-18,5.44,5.48,5.36,5.41,47328533,263784944.000
2011-05-19,5.41,5.49,5.39,5.45,51242031,286272832.000
2011-05-20,5.45,5.57,5.43,5.55,73385025,415153344.000
2011-05-23,5.58,5.61,5.40,5.40,59145222,333177312.000
2011-05-25,5.43,5.46,5.33,5.33,60994538,338041888.000
2011-05-26,5.36,5.39,5.30,5.31,33890795,185876240.000
2011-05-27,5.32,5.51,5.31,5.43,79671103,445001600.000
2011-05-30,5.43,5.54,5.43,5.52,69757884,394405664.000
2011-05-31,5.54,5.59,5.50,5.56,47315545,269622816.000
2011-06-01,5.53,5.55,5.46,5.48,30211580,170498080.000
2011-06-02,5.45,5.51,5.38,5.44,78857554,442342816.000
2011-06-03,5.41,5.49,5.41,5.43,28146715,157767696.000
2011-06-07,5.43,5.51,5.39,5.50,39982432,224125488.000
2011-06-08,5.49,5.52,5.42,5.51,32114799,180821408.000
2011-06-09,5.48,5.53,5.37,5.39,46434019,259378688.000
2011-06-10,5.42,5.45,5.37,5.41,29654713,164908480.000
2011-06-13,5.39,5.53,5.35,5.50,88533832,496677472.000
2011-06-14,5.48,5.57,5.47,5.53,48764711,276579776.000
2011-06-15,5.54,5.70,5.50,5.55,60423127,346917408.000
2011-06-16,5.52,5.57,5.37,5.39,81810036,458869568.000
2011-06-17,5.41,5.45,5.28,5.29,66428345,366064768.000
2011-06-20,5.31,5.33,4.96,5.00,115764853,605369856.000
2011-06-21,5.06,5.06,4.87,4.98,100361011,515375456.000
2011-06-22,5.00,5.03,4.89,4.92,85815615,435325600.000
2011-06-23,4.91,5.01,4.88,4.97,48427149,247179168.000
2011-06-24,4.97,5.12,4.95,5.06,102142711,531007360.000
2011-06-27,5.07,5.12,5.04,5.08,75172389,393052576.000
2011-06-28,5.09,5.16,5.01,5.14,93673101,490697312.000
2011-06-29,5.14,5.16,5.01,5.04,45927586,240819904.000
2011-06-30,5.07,5.17,5.03,5.10,60292951,317033440.000
2011-07-01,5.12,5.12,5.05,5.08,40113582,208915456.000
2011-07-04,5.11,5.20,5.09,5.18,82261389,435344416.000
2011-07-05,5.18,5.22,5.13,5.15,60106543,317615104.000
2011-07-06,5.16,5.17,5.10,5.15,39054212,205403488.000
2011-07-07,5.14,5.17,5.05,5.07,82613936,431706656.000
2011-07-08,5.07,5.13,5.06,5.09,46249140,241360992.000
2011-07-11,5.07,5.14,5.05,5.12,63124604,329113696.000
2011-07-12,5.07,5.14,5.02,5.06,62095280,322559008.000
2011-07-13,5.06,5.11,5.04,5.10,44869903,233724560.000
2011-07-14,5.09,5.11,5.04,5.08,52222536,271329280.000
2011-07-15,5.06,5.30,5.06,5.28,148529695,792402624.000
2011-07-18,5.27,5.28,5.15,5.20,77574876,412789088.000
2011-07-19,5.17,5.27,5.14,5.21,84862036,452183872.000
2011-07-20,5.23,5.30,5.18,5.19,40377013,216609824.000
2011-07-21,5.22,5.26,5.14,5.16,71944684,383566336.000
2011-07-22,5.17,5.23,5.12,5.18,43125865,228618304.000
2011-07-25,5.13,5.19,4.98,5.03,105131152,550755136.000
2011-07-26,5.04,5.07,4.92,4.95,88030454,449754176.000
2011-07-27,4.93,5.00,4.92,4.99,67382083,343113280.000
2011-07-28,4.95,4.98,4.91,4.95,48739503,246856384.000
2011-07-29,4.95,5.04,4.94,4.99,48556913,247847072.000
2011-08-01,4.98,5.07,4.96,5.06,58637641,301196160.000
2011-08-02,5.01,5.02,4.92,4.99,61789305,313572384.000
2011-08-03,4.95,4.98,4.91,4.94,30063998,152622640.000
2011-08-04,4.97,4.99,4.90,4.92,47469877,240417712.000
2011-08-05,4.78,4.89,4.74,4.84,78625350,390324128.000
2011-08-08,4.82,4.87,4.54,4.62,97151957,465656960.000
2011-08-09,4.47,4.55,4.43,4.55,98876481,455978176.000
2011-08-10,4.60,4.67,4.51,4.54,89266909,422586816.000
2011-08-11,4.47,4.62,4.45,4.55,88855540,415179936.000
2011-08-12,4.58,4.62,4.56,4.59,66196839,312361184.000
2011-08-15,4.61,4.64,4.53,4.63,64012962,301674336.000
2011-08-16,4.63,4.64,4.56,4.59,49549290,234044368.000
2011-08-17,4.58,4.60,4.48,4.53,54046528,251819696.000
2011-08-18,4.51,4.56,4.49,4.50,35850780,166661664.000
2011-08-19,4.44,4.50,4.40,4.41,55793490,254534016.000
2011-08-22,4.41,4.45,4.32,4.35,49016164,220842256.000
2011-08-23,4.37,4.44,4.30,4.43,44230870,199016272.000
2011-08-24,4.45,4.48,4.38,4.43,36597391,167025504.000
2011-08-25,4.55,4.89,4.55,4.74,270864530,1315990400.000
2011-08-26,4.69,4.81,4.64,4.81,143178571,695419200.000
2011-08-29,4.77,4.82,4.69,4.77,65735679,321756480.000
2011-08-30,4.83,4.85,4.72,4.77,71818696,353167456.000
2011-08-31,4.75,4.80,4.67,4.74,58230179,283162592.000
2011-09-01,4.75,4.92,4.75,4.80,83709583,416056288.000
2011-09-02,4.79,4.90,4.69,4.86,67988097,335059360.000
2011-09-05,4.81,4.87,4.74,4.77,61638432,303952672.000
2011-09-06,4.76,4.80,4.67,4.72,59448637,287501440.000
2011-09-07,4.77,4.85,4.70,4.83,55331629,271476000.000
2011-09-08,4.86,4.86,4.79,4.80,45226218,223597744.000
2011-09-09,4.82,4.90,4.79,4.82,51071578,253724720.000
2011-09-13,4.75,4.86,4.74,4.81,51930457,256752688.000
2011-09-14,4.85,5.02,4.83,4.97,103926721,527545856.000
2011-09-15,4.97,5.20,4.95,5.14,166745951,876559872.000
2011-09-16,5.16,5.19,5.07,5.10,66527787,349486400.000
2011-09-19,5.08,5.25,5.07,5.17,97294667,515844576.000
2011-09-20,5.14,5.24,5.09,5.16,75545242,399431168.000
2011-09-21,5.17,5.34,5.15,5.31,109907338,593515520.000
2011-09-22,5.27,5.35,5.20,5.22,118626440,640509504.000
2011-09-23,5.21,5.25,5.05,5.23,125413069,661765120.000
2011-09-26,5.22,5.27,5.00,5.04,120810558,636563264.000
2011-09-27,5.11,5.19,5.06,5.09,93329302,491205888.000
2011-09-28,5.13,5.27,5.05,5.07,76642227,405197952.000
2011-09-29,5.05,5.09,4.97,5.04,69175618,356833344.000
2011-09-30,5.04,5.10,4.97,4.99,56049286,288967872.000
2011-10-10,5.01,5.05,4.94,4.99,50081037,256637984.000
2011-10-11,5.10,5.19,4.90,4.96,83948708,433855840.000
2011-10-12,4.95,5.26,4.93,5.23,98673660,520405024.000
2011-10-13,5.17,5.35,5.12,5.20,118199316,636034048.000
2011-10-14,5.19,5.19,5.11,5.17,38331614,202273984.000
2011-10-17,5.17,5.24,5.13,5.20,54527737,289963360.000
2011-10-18,5.17,5.19,5.02,5.07,47072453,246168672.000
2011-10-19,5.08,5.10,5.03,5.07,46945018,243623952.000
2011-10-20,5.08,5.13,5.02,5.03,58139949,302207072.000
2011-10-21,5.04,5.05,4.96,4.98,36765508,188598544.000
2011-10-24,4.98,5.32,4.97,5.29,113737872,601668032.000
2011-10-25,5.27,5.34,5.19,5.29,86648629,469233984.000
2011-10-26,5.26,5.41,5.23,5.35,98453524,537492480.000
2011-10-27,5.33,5.37,5.17,5.22,95326797,512427520.000
2011-10-28,5.26,5.33,5.15,5.31,154804109,830659328.000
2011-10-31,5.27,5.32,5.22,5.31,73285678,395963936.000
2011-11-01,5.26,5.47,5.22,5.37,102327465,565305600.000
2011-11-02,5.32,5.56,5.29,5.55,109596531,612399552.000
2011-11-03,5.59,5.63,5.46,5.51,105119658,594988288.000
2011-11-04,5.57,5.64,5.51,5.56,111055558,633470080.000
2011-11-07,5.52,5.56,5.48,5.50,35628465,201050768.000
2011-11-08,5.53,5.62,5.49,5.50,44331771,251066528.000
2011-11-09,5.52,5.56,5.07,5.34,317291400,1720236288.000
2011-11-10,5.20,5.31,5.18,5.21,167957174,902099008.000
2011-11-11,5.21,5.29,5.13,5.19,69732701,371149888.000
2011-11-14,5.26,5.39,5.24,5.37,75723258,412883136.000
2011-11-15,5.36,5.39,5.31,5.33,40327281,220638528.000
2011-11-16,5.32,5.33,5.09,5.18,78299610,416740960.000
2011-11-17,5.18,5.27,5.12,5.17,53987103,287232864.000
2011-11-18,5.15,5.27,5.10,5.23,54725192,292659008.000
2011-11-21,5.33,5.36,5.25,5.29,75977016,412628576.000
2011-11-22,5.28,5.33,5.25,5.32,44229562,239815408.000
2011-11-23,5.32,5.35,5.24,5.28,42014677,228258368.000
2011-11-24,5.25,5.29,5.18,5.22,28133530,151146720.000
2011-11-25,5.23,5.29,5.19,5.23,26549224,142644112.000
2011-11-28,5.23,5.29,5.16,5.20,29944364,160285184.000
2011-11-29,5.24,5.30,5.22,5.27,33819878,182441648.000
2011-11-30,5.24,5.28,5.08,5.12,48126244,253868416.000
2011-12-01,5.26,5.28,5.16,5.17,63450224,340109568.000
2011-12-02,5.16,5.22,5.07,5.15,38678030,203535424.000
2011-12-05,5.17,5.18,4.91,5.00,62071063,318845472.000
2011-12-06,4.98,4.99,4.86,4.92,34479869,173881536.000
2011-12-07,4.92,5.05,4.92,5.01,37604026,193054496.000
2011-12-08,5.00,5.04,4.94,4.97,32392491,165628336.000
2011-12-09,4.96,5.07,4.93,5.04,32921929,169793984.000
2011-12-12,5.00,5.05,4.94,4.96,27273161,139433360.000
2011-12-13,4.96,4.99,4.89,4.93,40835722,207033408.000
2011-12-14,4.92,5.02,4.90,4.95,19665245,100221384.000
2011-12-15,4.92,5.01,4.69,4.72,57057030,283056352.000
2011-12-16,4.72,4.77,4.64,4.75,48005807,232216528.000
2011-12-19,4.72,4.77,4.60,4.72,46822251,226299616.000
2011-12-20,4.74,4.94,4.74,4.93,86530332,433966400.000
2011-12-21,4.96,5.01,4.90,4.93,45475715,231279184.000
2011-12-22,4.93,4.98,4.88,4.95,67427388,341312192.000
2011-12-23,4.93,5.03,4.90,5.00,32394467,165639744.000
2011-12-26,4.96,5.03,4.92,4.95,22382938,114134264.000
2011-12-27,4.95,4.98,4.91,4.92,27683924,140161840.000
2011-12-28,4.92,4.96,4.89,4.94,29105269,147259264.000
2011-12-29,4.94,5.12,4.92,5.08,49333960,255372944.000
2011-12-30,5.08,5.15,5.06,5.11,37183163,194672960.000
2012-01-04,5.11,5.14,4.94,4.97,41203191,213506064.000
2012-01-05,4.96,5.08,4.85,4.89,71868637,365328544.000
2012-01-06,4.89,4.97,4.86,4.94,37180882,187357856.000
2012-01-09,4.94,5.07,4.85,5.05,74252617,377228672.000
2012-01-10,5.09,5.26,5.09,5.23,154148729,822677184.000
2012-01-11,5.22,5.25,5.17,5.21,56555704,302079904.000
2012-01-12,5.21,5.21,4.99,5.05,140676841,732694784.000
2012-01-13,5.04,5.05,4.87,4.90,158551699,801406208.000
2012-01-16,4.91,4.96,4.87,4.89,64852861,327745408.000
2012-01-17,4.89,5.10,4.84,5.03,85743342,438003328.000
2012-01-18,5.03,5.06,4.92,4.95,64433761,329562432.000
2012-01-19,4.97,5.03,4.93,4.96,85591140,437778688.000
2012-01-20,4.94,5.05,4.87,5.03,126053712,642643008.000
2012-01-30,5.04,5.04,4.84,4.87,152754368,768345472.000
2012-01-31,4.87,4.88,4.68,4.75,127790175,622718336.000
2012-02-01,4.66,4.74,4.64,4.69,108376996,521327200.000
2012-02-02,4.69,4.75,4.66,4.75,81442361,393738080.000
2012-02-03,4.74,4.75,4.66,4.72,108131984,523142368.000
2012-02-06,4.73,4.76,4.67,4.70,96449762,466973088.000
2012-02-07,4.68,4.73,4.64,4.67,97980746,471430400.000
2012-02-08,4.68,4.81,4.64,4.80,124111910,603267776.000
2012-02-09,4.77,4.78,4.72,4.75,88572975,432171744.000
2012-02-10,4.74,4.79,4.73,4.75,68263762,333404736.000
2012-02-13,4.73,4.78,4.72,4.75,61559528,300296576.000
2012-02-14,4.75,4.75,4.69,4.71,40970621,198437136.000
2012-02-15,4.70,4.78,4.69,4.76,90613473,441950368.000
2012-02-16,4.77,4.83,4.74,4.78,89851561,441072704.000
2012-02-17,4.79,4.81,4.73,4.77,49809737,244083792.000
2012-02-20,4.83,4.83,4.77,4.79,88469231,435682208.000
2012-02-21,4.80,4.81,4.73,4.79,57826819,283007968.000
2012-02-22,4.79,4.81,4.73,4.81,152596335,748099456.000
2012-02-23,4.80,4.86,4.76,4.82,153461017,760275584.000
2012-02-24,4.82,4.85,4.79,4.84,151997447,753003328.000
2012-02-27,4.91,4.91,4.85,4.86,178357170,892686272.000
2012-02-28,4.85,4.88,4.83,4.85,95543039,475547616.000
2012-02-29,4.84,4.84,4.75,4.76,130292784,640623936.000
2012-03-01,4.74,4.76,4.69,4.71,150939741,731385536.000
2012-03-02,4.72,4.76,4.69,4.76,184382367,894111424.000
2012-03-05,4.76,4.78,4.59,4.62,455346875,2185441280.000
2012-03-06,4.62,4.62,4.45,4.48,325811572,1510364288.000
2012-03-07,4.43,4.53,4.42,4.50,155078842,716471104.000
2012-03-08,4.49,4.52,4.47,4.50,134852807,624406912.000
2012-03-09,4.52,4.53,4.49,4.52,99670344,462314272.000
2012-03-12,4.52,4.53,4.46,4.49,127746079,589203840.000
2012-03-13,4.49,4.53,4.45,4.52,113342655,523349440.000
2012-03-14,4.53,4.58,4.44,4.47,246439013,1144835968.000
2012-03-15,4.46,4.48,4.39,4.40,147147916,670430272.000
2012-03-16,4.40,4.45,4.39,4.45,94318015,429448192.000
2012-03-19,4.43,4.44,4.39,4.42,131465254,596964992.000
2012-03-20,4.41,4.42,4.34,4.35,138792564,623839744.000
2012-03-21,4.36,4.38,4.32,4.35,85490300,382242784.000
2012-03-22,4.35,4.44,4.32,4.41,145670681,660059840.000
2012-03-23,4.41,4.41,4.33,4.35,84698563,380320512.000
2012-03-26,4.35,4.35,4.32,4.34,62215481,277928192.000
2012-03-27,4.36,4.37,4.34,4.35,58605841,262532416.000
2012-03-28,4.33,4.34,4.19,4.20,127177066,559020800.000
2012-03-29,4.18,4.18,4.05,4.07,113207317,479743232.000
2012-03-30,4.07,4.10,4.01,4.10,101526501,424713472.000
2012-04-05,4.08,4.14,4.06,4.13,83995222,355794208.000
2012-04-06,4.13,4.13,4.06,4.08,70225754,296177120.000
2012-04-09,4.07,4.07,4.02,4.03,53167439,221878928.000
2012-04-10,4.02,4.10,4.01,4.10,75771268,317430464.000
2012-04-11,4.07,4.11,4.05,4.08,58395505,245584576.000
2012-04-12,4.07,4.13,4.06,4.12,84037146,355926272.000
2012-04-13,4.12,4.17,4.12,4.16,74495471,318397888.000
2012-04-16,4.14,4.15,4.12,4.14,39297674,167482080.000
2012-04-17,4.14,4.15,4.10,4.11,37419963,158919072.000
2012-04-18,4.12,4.17,4.10,4.15,62141016,265414464.000
2012-04-19,4.17,4.17,4.12,4.13,43842096,187384880.000
2012-04-20,4.13,4.25,4.12,4.22,124401924,538412928.000
2012-04-23,4.23,4.34,4.20,4.28,147830710,652814400.000
2012-04-24,4.25,4.32,4.18,4.22,118990942,520088640.000
2012-04-25,4.22,4.29,4.21,4.24,65825053,287967168.000
2012-04-26,4.32,4.34,4.24,4.25,112778345,496651776.000
2012-04-27,4.26,4.26,4.19,4.20,59508304,258980112.000
2012-05-02,4.26,4.30,4.21,4.30,109376627,480272224.000
2012-05-03,4.28,4.33,4.27,4.30,63170453,279646016.000
2012-05-04,4.29,4.31,4.26,4.28,69348198,305545248.000
2012-05-07,4.26,4.29,4.22,4.24,72937985,318862912.000
2012-05-08,4.24,4.25,4.20,4.21,87786503,381206656.000
2012-05-09,4.19,4.19,4.09,4.10,88279304,376058112.000
2012-05-10,4.13,4.14,4.08,4.13,51532483,218215424.000
2012-05-11,4.12,4.15,4.10,4.11,30765721,130714424.000
2012-05-14,4.13,4.14,4.06,4.07,66783609,281447712.000
2012-05-15,4.05,4.07,4.02,4.05,57087497,237931600.000
2012-05-16,4.05,4.05,4.01,4.02,65701302,272800224.000
2012-05-17,4.02,4.05,4.01,4.05,54175827,225354800.000
2012-05-18,4.02,4.03,3.98,3.99,65305612,269985664.000
2012-05-21,3.99,4.01,3.95,3.97,43473917,178682672.000
2012-05-22,3.98,4.01,3.98,4.00,40151742,165698576.000
2012-05-23,4.00,4.01,3.96,3.98,32115248,132054088.000
2012-05-24,3.98,4.01,3.96,4.00,41512386,170878816.000
2012-05-25,4.00,4.00,3.95,3.96,42404877,173928688.000
2012-05-28,3.96,3.99,3.93,3.98,50858306,207921760.000
2012-05-30,4.00,4.03,3.97,3.98,79985929,330732160.000
2012-05-31,3.97,3.98,3.95,3.97,39815614,162871312.000
2012-06-01,3.97,4.00,3.96,3.98,33261293,136702464.000
2012-06-04,3.94,3.95,3.85,3.86,84829847,340985984.000
2012-06-05,3.86,3.89,3.84,3.86,34580186,137945920.000
2012-06-06,3.87,3.88,3.81,3.82,52757194,209290608.000
2012-06-07,3.85,3.89,3.79,3.81,43171243,171381616.000
2012-06-08,3.84,3.85,3.77,3.78,39959482,157107232.000
2012-06-11,3.77,3.91,3.76,3.90,81581001,325804032.000
2012-06-12,3.88,3.88,3.80,3.83,45366303,179797040.000
2012-06-13,3.83,3.85,3.79,3.84,48801252,193153184.000
2012-06-14,3.83,3.84,3.79,3.81,39509220,155728448.000
2012-06-15,3.82,3.86,3.81,3.85,37279601,147730544.000
2012-06-18,3.86,3.87,3.82,3.85,32819168,130390256.000
2012-06-19,3.84,3.86,3.81,3.82,25807904,102320872.000
2012-06-20,3.82,3.85,3.80,3.80,33953570,133986024.000
2012-06-21,3.80,3.81,3.70,3.71,61386792,237895920.000
2012-06-25,3.71,3.73,3.66,3.67,44869684,171716320.000
2012-06-26,3.65,3.72,3.62,3.67,45099938,170514800.000
2012-06-27,3.67,3.67,3.59,3.60,43161582,162624000.000
2012-06-28,3.60,3.62,3.55,3.56,47801555,177374256.000
2012-06-29,3.56,3.60,3.53,3.59,45766407,169281552.000
2012-07-02,3.60,3.62,3.57,3.61,36820277,137240288.000
2012-07-03,3.60,3.64,3.59,3.61,32556938,122160208.000
2012-07-04,3.61,3.74,3.61,3.71,85353785,326501184.000
2012-07-05,3.69,3.71,3.64,3.66,46147795,175516224.000
2012-07-06,3.70,3.70,3.59,3.66,61482840,229304352.000
2012-07-09,3.63,3.65,3.50,3.52,69987621,255629088.000
2012-07-10,3.52,3.54,3.48,3.53,35898075,129168624.000
2012-07-11,3.53,3.54,3.49,3.53,36161798,130637056.000
2012-07-12,3.52,3.52,3.40,3.47,110052400,389136768.000
2012-07-13,3.45,3.52,3.43,3.47,43039380,153392160.000
2012-07-16,3.48,3.48,3.35,3.35,62352308,217500624.000
2012-07-17,3.34,3.38,3.33,3.36,43201584,148911920.000
2012-07-18,3.36,3.39,3.32,3.36,41527174,142799728.000
2012-07-19,3.36,3.52,3.34,3.49,118427037,420640928.000
2012-07-20,3.46,3.70,3.45,3.65,209650822,778349632.000
2012-07-23,3.60,3.68,3.57,3.60,81505030,302422784.000
2012-07-24,3.58,3.64,3.54,3.62,64717216,238079184.000
2012-07-25,3.60,3.66,3.56,3.62,69049455,256618624.000
2012-07-26,3.63,3.71,3.60,3.61,84041829,314209536.000
2012-07-27,3.63,3.67,3.61,3.63,53037362,197846192.000
2012-07-30,3.64,3.66,3.55,3.56,47546288,175411904.000
2012-07-31,3.56,3.60,3.47,3.47,60516760,219779072.000
2012-08-01,3.49,3.54,3.46,3.47,51754957,186034400.000
2012-08-02,3.47,3.50,3.44,3.48,32715255,116360800.000
2012-08-03,3.48,3.54,3.47,3.53,34454811,124082120.000
2012-08-06,3.53,3.65,3.52,3.63,63059110,233284016.000
2012-08-07,3.65,3.68,3.61,3.64,43321554,161725872.000
2012-08-08,3.64,3.67,3.62,3.63,35884800,133975280.000
2012-08-09,3.63,3.67,3.61,3.66,38076191,142293024.000
2012-08-10,3.66,3.67,3.61,3.62,33950855,126538648.000
2012-08-13,3.61,3.67,3.59,3.61,44392500,165456128.000
2012-08-14,3.61,3.64,3.58,3.62,33840382,124991472.000
2012-08-15,3.62,3.63,3.56,3.57,28299148,104047472.000
2012-08-16,3.57,3.58,3.54,3.55,21267502,77508768.000
2012-08-17,3.56,3.62,3.56,3.60,38176850,140699264.000
2012-08-20,3.61,3.70,3.59,3.68,101411476,381115616.000
2012-08-21,3.70,3.77,3.69,3.75,88804345,340822112.000
2012-08-22,3.76,3.77,3.71,3.73,45275092,173405584.000
2012-08-23,3.73,3.81,3.71,3.80,67364778,260298720.000
2012-08-24,3.84,3.85,3.77,3.81,98731817,384513888.000
2012-08-27,3.78,3.79,3.67,3.68,70017974,265360080.000
2012-08-28,3.68,3.82,3.63,3.77,92446910,354123840.000
2012-08-29,3.75,3.83,3.73,3.77,63371020,246186240.000
2012-08-30,3.76,3.78,3.69,3.76,50499173,193632048.000
2012-08-31,3.75,3.76,3.68,3.69,52133938,198331360.000
2012-09-03,3.68,3.75,3.68,3.71,56000058,213661488.000
2012-09-04,3.71,3.73,3.64,3.66,44754764,168913120.000
2012-09-05,3.66,3.74,3.65,3.70,41954141,158803152.000
2012-09-06,3.69,3.74,3.67,3.70,30649518,116044360.000
2012-09-07,3.73,3.84,3.69,3.77,156007279,601627328.000
2012-09-10,3.78,3.78,3.73,3.75,84147090,323600192.000
2012-09-11,3.74,3.75,3.66,3.68,91371453,345157376.000
2012-09-12,3.70,3.71,3.63,3.66,70860735,265964368.000
2012-09-13,3.67,3.72,3.66,3.66,82955647,313798880.000
2012-09-14,3.70,3.72,3.68,3.70,66695554,252937488.000
2012-09-17,3.70,3.70,3.61,3.62,55180054,206679856.000
2012-09-18,3.61,3.61,3.50,3.52,61045554,221274208.000
2012-09-19,3.51,3.56,3.50,3.52,39577908,143275504.000
2012-09-20,3.54,3.54,3.41,3.42,61702497,218360096.000
2012-09-21,3.43,3.46,3.41,3.42,36287585,128066240.000
2012-09-24,3.43,3.45,3.37,3.44,45890581,160778720.000
2012-09-25,3.45,3.46,3.42,3.45,29668983,104706504.000
2012-09-26,3.45,3.49,3.43,3.44,29657201,105250704.000
2012-09-27,3.44,3.58,3.42,3.56,112540621,407094688.000
2012-09-28,3.53,3.63,3.51,3.60,94091043,346389632.000
2012-10-08,3.61,3.62,3.51,3.53,47283470,172105696.000
2012-10-09,3.54,3.61,3.54,3.59,50801915,186672384.000
2012-10-10,3.59,3.63,3.57,3.60,46366659,170996192.000
2012-10-11,3.59,3.59,3.55,3.57,28868146,105762320.000
2012-10-12,3.58,3.63,3.57,3.61,38260494,141124512.000
2012-10-15,3.61,3.61,3.54,3.56,24049156,87928672.000
2012-10-16,3.56,3.59,3.54,3.55,44296467,161643312.000
2012-10-17,3.56,3.57,3.51,3.53,34061627,123581272.000
2012-10-18,3.54,3.62,3.53,3.60,55590883,204170976.000
2012-10-19,3.59,3.61,3.57,3.61,34698674,127775344.000
2012-10-22,3.58,3.62,3.55,3.60,51369964,189166688.000
2012-10-23,3.60,3.62,3.56,3.58,42976573,157994208.000
2012-10-24,3.57,3.60,3.56,3.59,30178328,110887920.000
2012-10-25,3.59,3.70,3.57,3.65,115891980,434965408.000
2012-10-26,3.62,3.65,3.49,3.52,98913598,360655424.000
2012-10-29,3.52,3.53,3.48,3.52,32823564,117947680.000
2012-10-30,3.51,3.52,3.45,3.47,49058386,174835856.000
2012-10-31,3.47,3.48,3.43,3.46,28849516,102345176.000
2012-11-01,3.46,3.53,3.46,3.52,59632876,213530144.000
2012-11-02,3.51,3.53,3.48,3.52,43307723,155641712.000
2012-11-05,3.51,3.57,3.49,3.56,52379868,189899584.000
2012-11-06,3.55,3.56,3.50,3.55,47747764,173297840.000
2012-11-07,3.54,3.55,3.49,3.52,25870123,93469216.000
2012-11-08,3.50,3.51,3.43,3.44,42202335,149799264.000
2012-11-09,3.44,3.45,3.34,3.37,71940720,250261744.000
2012-11-12,3.37,3.39,3.35,3.37,83083429,287211040.000
2012-11-13,3.37,3.37,3.30,3.31,51852754,176954880.000
2012-11-14,3.32,3.34,3.29,3.32,40133386,136604128.000
2012-11-15,3.30,3.31,3.24,3.25,44501080,149811488.000
2012-11-16,3.24,3.25,3.17,3.20,64682607,212598848.000
2012-11-19,3.19,3.19,3.08,3.13,95652101,307119712.000
2012-11-20,3.14,3.14,3.10,3.11,40022915,128463464.000
2012-11-21,3.11,3.15,3.09,3.15,51590525,165561264.000
2012-11-22,3.14,3.18,3.13,3.16,35956238,116750896.000
2012-11-23,3.17,3.19,3.13,3.16,44377746,144133568.000
2012-11-26,3.15,3.16,3.11,3.12,27173026,87484944.000
2012-11-27,3.12,3.18,3.11,3.14,50593798,164032768.000
2012-11-28,3.12,3.14,3.07,3.08,42204149,134427376.000
2012-11-29,3.09,3.11,3.06,3.07,38666346,122683928.000
2012-11-30,3.07,3.10,3.06,3.08,52191259,165351072.000
2012-12-03,3.09,3.16,3.09,3.15,75027892,242020800.000
2012-12-04,3.15,3.19,3.13,3.19,46090560,149653584.000
2012-12-05,3.19,3.29,3.16,3.26,88428146,294275232.000
2012-12-06,3.25,3.28,3.23,3.24,46621447,155495568.000
2012-12-07,3.24,3.28,3.22,3.27,67399528,225507680.000
2012-12-10,3.27,3.30,3.24,3.27,90159530,302896448.000
2012-12-11,3.26,3.27,3.22,3.23,60533256,201502496.000
2012-12-12,3.23,3.24,3.21,3.24,44735038,148219120.000
2012-12-13,3.22,3.24,3.21,3.22,31184267,103348816.000
2012-12-14,3.23,3.36,3.22,3.34,125836206,426803616.000
2012-12-17,3.37,3.40,3.28,3.33,154875154,528402400.000
2012-12-18,3.31,3.35,3.28,3.30,97049954,329556768.000
2012-12-19,3.31,3.32,3.27,3.29,77414762,262182352.000
2012-12-20,3.29,3.34,3.28,3.31,97356262,331264256.000
2012-12-21,3.31,3.35,3.29,3.30,86432359,294914368.000
2012-12-24,3.30,3.33,3.29,3.30,38591644,131277848.000
2012-12-25,3.31,3.42,3.29,3.40,135005991,467238880.000
2012-12-26,3.39,3.41,3.36,3.39,64865152,224925280.000
2012-12-27,3.40,3.41,3.35,3.36,99659294,344928448.000
2012-12-28,3.37,3.38,3.33,3.38,86942014,299577120.000
2012-12-31,3.38,3.43,3.35,3.41,126831129,442016512.000
2013-01-04,3.44,3.45,3.38,3.40,128981591,452150880.000
2013-01-07,3.40,3.44,3.39,3.42,59405321,208268864.000
2013-01-08,3.41,3.42,3.38,3.41,74951052,261739616.000
2013-01-09,3.40,3.53,3.38,3.48,162779509,578106752.000
2013-01-10,3.46,3.51,3.43,3.46,102539075,363984992.000
2013-01-11,3.45,3.47,3.35,3.38,111233376,387794528.000
2013-01-14,3.37,3.46,3.36,3.44,106103195,372380128.000
2013-01-15,3.45,3.49,3.43,3.47,113073731,401073728.000
2013-01-16,3.47,3.49,3.41,3.44,102092255,361864192.000
2013-01-17,3.44,3.48,3.42,3.45,63500932,224664496.000
2013-01-18,3.45,3.50,3.43,3.50,107275749,382017856.000
2013-01-21,3.48,3.50,3.45,3.47,108725911,387038592.000
2013-01-22,3.47,3.47,3.39,3.41,129381928,455350976.000
2013-01-23,3.40,3.42,3.39,3.41,58131425,203150080.000
2013-01-24,3.41,3.45,3.37,3.39,97455417,341228096.000
2013-01-25,3.38,3.39,3.35,3.37,58614641,202735232.000
2013-01-28,3.37,3.42,3.36,3.41,75709757,263815920.000
2013-01-29,3.41,3.42,3.39,3.41,87656952,305969728.000
2013-01-30,3.41,3.47,3.39,3.46,153576926,541492608.000
2013-01-31,3.51,3.56,3.51,3.51,237141226,858274816.000
2013-02-01,3.51,3.56,3.48,3.55,133602777,482821952.000
2013-02-04,3.56,3.73,3.51,3.70,275443645,1020021952.000
2013-02-05,3.66,3.72,3.63,3.69,163746676,615935296.000
2013-02-06,3.69,3.70,3.63,3.63,137640533,514584960.000
2013-02-07,3.65,3.69,3.62,3.63,126679733,473915392.000
2013-02-08,3.65,3.68,3.63,3.65,90494974,339144096.000
2013-02-18,3.65,3.66,3.59,3.60,98944759,366537728.000
2013-02-19,3.60,3.61,3.52,3.54,86831430,316236832.000
2013-02-20,3.54,3.56,3.52,3.56,57569747,209199072.000
2013-02-21,3.54,3.54,3.44,3.48,107837418,386321888.000
2013-02-22,3.48,3.49,3.44,3.45,56838897,202220512.000
2013-02-25,3.45,3.50,3.45,3.47,44374376,158021008.000
2013-02-26,3.45,3.46,3.39,3.40,82826030,291348256.000
2013-02-27,3.40,3.43,3.39,3.43,61197288,214224880.000
2013-02-28,3.42,3.48,3.41,3.47,70670366,250161872.000
2013-03-01,3.47,3.48,3.41,3.44,80499752,284421568.000
2013-03-04,3.42,3.45,3.35,3.36,101420199,353522528.000
2013-03-05,3.37,3.39,3.34,3.38,68776543,237539264.000
2013-03-06,3.39,3.49,3.37,3.46,99070651,349813024.000
2013-03-07,3.46,3.46,3.39,3.41,88490172,310794272.000
2013-03-08,3.41,3.44,3.38,3.39,51934596,181560624.000
2013-03-11,3.40,3.40,3.36,3.36,44663395,154792080.000
2013-03-12,3.37,3.40,3.32,3.34,72563354,250405248.000
2013-03-13,3.34,3.35,3.26,3.28,69340593,234141664.000
2013-03-14,3.27,3.30,3.26,3.28,39928030,134475408.000
2013-03-15,3.28,3.33,3.24,3.32,91804126,310342176.000
2013-03-18,3.30,3.31,3.25,3.26,50893324,171265056.000
2013-03-19,3.27,3.28,3.24,3.28,59407071,199034512.000
2013-03-20,3.27,3.34,3.27,3.33,79082111,269510272.000
2013-03-21,3.35,3.36,3.33,3.35,55542806,190611792.000
2013-03-22,3.40,3.48,3.38,3.39,154395710,542485568.000
2013-03-25,3.41,3.45,3.39,3.43,83951130,295202848.000
2013-03-26,3.43,3.55,3.42,3.52,205137662,737286784.000
2013-03-27,3.55,3.56,3.47,3.49,97702904,351149600.000
2013-03-28,3.46,3.49,3.41,3.43,103300821,365318304.000
2013-03-29,3.43,3.49,3.42,3.44,67127550,238349168.000
2013-04-01,3.43,3.50,3.42,3.48,65111696,231490240.000
2013-04-02,3.48,3.54,3.46,3.49,83305871,299377248.000
2013-04-03,3.49,3.59,3.48,3.57,184791701,672815488.000
2013-04-08,3.51,3.55,3.49,3.52,96848488,349840544.000
2013-04-09,3.54,3.55,3.48,3.50,72918638,262537056.000
2013-04-10,3.50,3.52,3.44,3.49,56952428,202992528.000
2013-04-11,3.50,3.52,3.42,3.43,57792579,205082560.000
2013-04-12,3.42,3.44,3.38,3.40,52812859,184491104.000
2013-04-15,3.39,3.42,3.33,3.36,61949411,213974672.000
2013-04-16,3.35,3.38,3.32,3.37,58231614,200334368.000
2013-04-17,3.38,3.41,3.32,3.37,42174434,145521440.000
2013-04-18,3.35,3.40,3.34,3.38,52956284,183177808.000
2013-04-19,3.38,3.46,3.37,3.44,82276635,288709664.000
2013-04-22,3.46,3.51,3.41,3.50,124196264,441770624.000
2013-04-23,3.49,3.50,3.42,3.43,69530992,246339600.000
2013-04-24,3.44,3.56,3.43,3.55,157492423,568288768.000
2013-04-25,3.54,3.58,3.52,3.55,102091703,371551520.000
2013-04-26,3.56,3.58,3.46,3.48,117328713,424861408.000
2013-05-02,3.47,3.52,3.46,3.49,42544705,152308000.000
2013-05-03,3.49,3.57,3.49,3.55,108630811,394674432.000
2013-05-06,3.61,3.72,3.60,3.63,200843393,752929920.000
2013-05-07,3.62,3.66,3.59,3.60,83781356,311288000.000
2013-05-08,3.62,3.65,3.59,3.62,66107200,245309440.000
2013-05-09,3.62,3.63,3.52,3.55,106378761,388325440.000
2013-05-10,3.54,3.57,3.51,3.57,53546220,194478288.000
2013-05-13,3.56,3.59,3.53,3.58,55233596,201777936.000
2013-05-14,3.56,3.57,3.49,3.51,64665653,233519792.000
2013-05-15,3.52,3.54,3.50,3.52,35334007,127659784.000
2013-05-16,3.53,3.63,3.51,3.60,95511664,350717280.000
2013-05-17,3.60,3.64,3.56,3.62,102830853,379719264.000
2013-05-20,3.62,3.68,3.60,3.65,99051956,369904288.000
2013-05-21,3.63,3.65,3.58,3.62,90666253,335794592.000
2013-05-22,3.62,3.69,3.57,3.65,122829837,458325056.000
2013-05-23,3.63,3.66,3.56,3.57,106366076,394264768.000
2013-05-24,3.58,3.61,3.57,3.59,66184070,243497328.000
2013-05-27,3.59,3.70,3.57,3.70,156517087,585379136.000
2013-05-28,3.70,3.77,3.68,3.76,195653934,749507840.000
2013-05-29,3.75,3.78,3.71,3.72,95326507,365110944.000
2013-05-30,3.71,3.76,3.70,3.74,82444938,315741536.000
2013-05-31,3.75,3.78,3.65,3.67,84097382,319477056.000
2013-06-03,3.66,3.73,3.66,3.68,59440008,225054000.000
2013-06-04,3.71,3.71,3.59,3.60,107207522,399137312.000
2013-06-05,3.61,3.62,3.56,3.60,61469331,226199472.000
2013-06-06,3.58,3.59,3.56,3.57,51170032,187546608.000
2013-06-07,3.57,3.59,3.48,3.51,75067684,271624544.000
2013-06-13,3.47,3.48,3.40,3.45,66317216,233613296.000
2013-06-14,3.46,3.49,3.44,3.48,44660751,158964784.000
2013-06-17,3.48,3.49,3.46,3.46,31294246,111527344.000
2013-06-18,3.48,3.49,3.44,3.46,39238608,139515728.000
2013-06-19,3.45,3.46,3.39,3.43,43564748,152830608.000
2013-06-20,3.41,3.41,3.29,3.31,66658198,228626112.000
2013-06-21,3.28,3.32,3.20,3.26,92024901,308485088.000
2013-06-24,3.25,3.28,3.05,3.13,106141522,346668448.000
2013-06-25,3.10,3.13,2.88,3.06,177142040,545747904.000
2013-06-26,3.06,3.06,2.89,2.99,180635791,550380416.000
2013-06-27,2.99,3.07,2.96,3.01,126948551,393895776.000
2013-06-28,2.99,3.05,2.97,3.03,159197115,493461952.000
2013-07-01,3.03,3.04,2.97,3.03,65433488,200223568.000
2013-07-02,3.03,3.03,2.97,3.02,97758738,298573600.000
2013-07-03,3.01,3.08,2.96,3.07,110460122,337551424.000
2013-07-04,3.03,3.08,3.03,3.05,72359285,224684352.000
2013-07-05,3.06,3.07,3.04,3.05,45976147,142727888.000
2013-07-08,3.03,3.03,2.97,2.99,63658239,193762144.000
2013-07-09,2.98,3.02,2.97,3.00,36774861,112035504.000
2013-07-10,3.00,3.10,2.98,3.08,74795304,231669696.000
2013-07-11,3.08,3.22,3.07,3.17,140460885,448479808.000
2013-07-12,3.16,3.22,3.14,3.14,98296634,316275200.000
2013-07-15,3.17,3.23,3.13,3.15,103574878,333922464.000
2013-07-16,3.15,3.16,3.09,3.14,67393003,213881008.000
2013-07-17,3.14,3.15,3.05,3.08,115755982,364296704.000
2013-07-18,3.06,3.07,2.99,3.02,85748124,263154064.000
2013-07-19,3.03,3.09,3.01,3.02,88686570,274919680.000
2013-07-22,3.02,3.07,3.00,3.06,91817633,283947008.000
2013-07-23,3.07,3.14,3.06,3.13,108717578,343327744.000
2013-07-24,3.12,3.12,3.05,3.10,109100851,342130432.000
2013-07-25,3.10,3.13,3.06,3.06,78173943,245669216.000
2013-07-26,3.06,3.06,3.00,3.03,57471810,177123024.000
2013-07-29,3.01,3.17,3.00,3.16,173405940,548042944.000
2013-07-30,3.14,3.18,3.10,3.13,128021257,409215744.000
2013-07-31,3.18,3.18,3.09,3.10,80529072,255848656.000
2013-08-01,3.12,3.16,3.09,3.15,83830696,267339168.000
2013-08-02,3.17,3.18,3.13,3.15,64886811,207923456.000
2013-08-05,3.15,3.16,3.10,3.14,76024403,241621744.000
2013-08-06,3.13,3.22,3.12,3.19,94981068,306507552.000
2013-08-07,3.18,3.23,3.15,3.19,84627682,274113632.000
2013-08-08,3.17,3.20,3.16,3.19,48103688,155387152.000
2013-08-09,3.30,3.34,3.20,3.26,197041335,653368256.000
2013-08-12,3.24,3.32,3.22,3.32,176529295,586500992.000
2013-08-13,3.30,3.36,3.27,3.30,156593318,525175264.000
2013-08-14,3.31,3.31,3.23,3.26,120391636,400395392.000
2013-08-15,3.28,3.29,3.23,3.24,118708116,393082272.000
2013-08-16,3.24,3.57,3.20,3.25,241834685,809634880.000
2013-08-19,3.24,3.28,3.20,3.27,98907686,325081888.000
2013-08-20,3.26,3.28,3.20,3.22,92395764,303562272.000
2013-08-21,3.21,3.23,3.19,3.21,65997302,215038224.000
2013-08-22,3.20,3.24,3.18,3.20,117066295,381401216.000
2013-08-23,3.22,3.22,3.12,3.16,104300229,335692224.000
2013-08-26,3.16,3.20,3.14,3.19,90560369,292058816.000
2013-08-27,3.19,3.20,3.16,3.19,64315965,207482864.000
2013-08-28,3.17,3.19,3.13,3.16,97065601,311317056.000
2013-08-29,3.16,3.17,3.13,3.16,67125641,214802320.000
2013-08-30,3.15,3.22,3.14,3.19,110820044,358544640.000
2013-09-02,3.19,3.22,3.16,3.20,94893646,307260256.000
2013-09-03,3.20,3.22,3.19,3.21,98165469,319473120.000
2013-09-04,3.20,3.22,3.19,3.21,67839433,220608240.000
2013-09-05,3.21,3.21,3.16,3.17,70187428,226245520.000
2013-09-06,3.16,3.22,3.15,3.20,93237640,302483072.000
2013-09-09,3.20,3.28,3.18,3.26,191148231,628308224.000
2013-09-10,3.25,3.33,3.23,3.30,187371778,624588544.000
2013-09-11,3.32,3.40,3.30,3.35,245841593,837531712.000
2013-09-12,3.34,3.44,3.33,3.38,197319409,678478592.000
2013-09-13,3.38,3.40,3.31,3.34,121103334,410890560.000
2013-09-16,3.34,3.40,3.33,3.36,113323917,387138848.000
2013-09-17,3.37,3.38,3.26,3.27,113176101,379215168.000
2013-09-18,3.28,3.47,3.25,3.43,187175354,638906496.000
2013-09-23,3.40,3.42,3.36,3.40,133284793,458833152.000
2013-09-24,3.39,3.39,3.30,3.33,133230744,451703776.000
2013-09-25,3.33,3.34,3.27,3.28,93901990,314565984.000
2013-09-26,3.27,3.28,3.19,3.20,132382295,432675488.000
2013-09-27,3.20,3.28,3.19,3.22,81068838,265757936.000
2013-09-30,3.21,3.24,3.20,3.23,73182974,239315664.000
2013-10-08,3.40,3.56,3.35,3.56,555661015,1952811648.000
2013-10-09,3.55,3.58,3.47,3.52,345571556,1238133120.000
2013-10-10,3.47,3.48,3.37,3.42,236316297,820712064.000
2013-10-11,3.43,3.46,3.41,3.45,164732521,574018816.000
2013-10-14,3.45,3.45,3.40,3.43,115260048,400262048.000
2013-10-15,3.43,3.53,3.40,3.47,178055232,628105344.000
2013-10-16,3.46,3.46,3.35,3.36,124281221,428079072.000
2013-10-17,3.38,3.40,3.33,3.34,77344084,264010016.000
2013-10-18,3.34,3.39,3.32,3.36,58080226,198037568.000
2013-10-21,3.36,3.42,3.33,3.41,92151169,316219968.000
2013-10-22,3.40,3.41,3.35,3.37,69589998,238172048.000
2013-10-23,3.37,3.40,3.31,3.32,88452938,300474272.000
2013-10-24,3.29,3.39,3.28,3.39,116784009,394955680.000
2013-10-25,3.37,3.39,3.28,3.31,114480761,386383072.000
2013-10-28,3.31,3.33,3.28,3.30,77764951,260171008.000
2013-10-29,3.31,3.35,3.24,3.28,155130487,518871296.000
2013-10-30,3.29,3.33,3.28,3.32,85836813,288380576.000
2013-10-31,3.32,3.41,3.30,3.39,139267285,475174592.000
2013-11-01,3.39,3.39,3.35,3.36,56731914,193798192.000
2013-11-04,3.38,3.39,3.33,3.35,52669504,178911264.000
2013-11-05,3.33,3.35,3.29,3.34,64736087,218106896.000
2013-11-06,3.33,3.36,3.31,3.32,58414454,197565264.000
2013-11-07,3.32,3.33,3.27,3.28,54395994,181791408.000
2013-11-08,3.28,3.30,3.24,3.26,55403433,183817696.000
2013-11-11,3.26,3.27,3.21,3.23,42140023,138564864.000
2013-11-12,3.25,3.26,3.23,3.26,49825163,164322128.000
2013-11-13,3.24,3.25,3.16,3.17,85605705,277526720.000
2013-11-14,3.17,3.20,3.15,3.19,53811918,173710320.000
2013-11-15,3.19,3.26,3.18,3.23,90706912,297104768.000
2013-11-18,3.24,3.30,3.22,3.29,111433584,368863360.000
2013-11-19,3.29,3.32,3.26,3.28,64448960,215062112.000
2013-11-20,3.29,3.32,3.27,3.32,78107627,261195664.000
2013-11-21,3.30,3.31,3.26,3.29,62801090,209471488.000
2013-11-22,3.30,3.31,3.26,3.28,67454147,224614496.000
2013-11-25,3.26,3.28,3.24,3.24,81304124,269270272.000
2013-11-26,3.24,3.26,3.23,3.24,54299700,179021104.000
2013-11-27,3.24,3.27,3.22,3.27,57926902,191051968.000
2013-11-28,3.27,3.33,3.25,3.30,132337381,442732992.000
2013-11-29,3.31,3.42,3.28,3.39,227154519,773110208.000
2013-12-02,3.36,3.44,3.32,3.36,174830402,599454400.000
2013-12-03,3.35,3.43,3.32,3.39,103779924,355721440.000
2013-12-04,3.40,3.47,3.38,3.45,180527392,628600768.000
2013-12-05,3.50,3.50,3.36,3.38,231202837,803379264.000
2013-12-06,3.36,3.37,3.33,3.34,86530575,293644192.000
2013-12-09,3.36,3.37,3.31,3.33,86351536,291544864.000
2013-12-10,3.33,3.34,3.31,3.33,51039556,172192192.000
2013-12-11,3.31,3.32,3.26,3.27,69984651,233489312.000
2013-12-12,3.27,3.32,3.27,3.31,66425146,222318368.000
2013-12-13,3.28,3.31,3.27,3.28,53830691,179693040.000
2013-12-16,3.28,3.29,3.22,3.22,65756759,216613456.000
2013-12-17,3.23,3.24,3.19,3.20,52702530,171988656.000
2013-12-18,3.20,3.22,3.18,3.20,43524974,141413152.000
2013-12-19,3.21,3.23,3.18,3.19,72625556,236519872.000
2013-12-20,3.19,3.20,3.14,3.15,74427062,239012512.000
2013-12-23,3.15,3.18,3.11,3.15,45830195,146639872.000
2013-12-24,3.21,3.25,3.14,3.16,75501246,244465616.000
2013-12-25,3.17,3.18,3.14,3.17,41163690,132070176.000
2013-12-26,3.16,3.17,3.11,3.12,39087184,124515504.000
2013-12-27,3.12,3.16,3.11,3.15,48991169,156497056.000
2013-12-30,3.15,3.18,3.14,3.14,44102286,141453184.000
2013-12-31,3.14,3.17,3.14,3.16,41515793,133211040.000
2014-01-02,3.16,3.19,3.15,3.18,51712511,166576800.000
2014-01-03,3.17,3.18,3.10,3.12,63621299,201934144.000
2014-01-06,3.11,3.11,3.02,3.03,71743037,222347312.000
2014-01-07,3.03,3.05,3.02,3.04,38032076,117370136.000
2014-01-08,3.05,3.06,2.97,3.00,70589412,215933328.000
2014-01-09,3.00,3.02,2.97,2.97,42615821,129639680.000
2014-01-10,2.96,2.97,2.93,2.95,63766940,191007008.000
2014-01-13,2.95,2.97,2.93,2.96,37384109,112078552.000
2014-01-14,2.96,2.99,2.94,2.99,40881693,123331160.000
2014-01-15,2.99,2.99,2.94,2.98,43649043,131312872.000
2014-01-16,2.97,2.99,2.95,2.96,52211189,157438736.000
2014-01-17,2.96,2.96,2.93,2.94,38217656,114385776.000
2014-01-20,2.93,2.94,2.91,2.93,43149686,128291392.000
2014-01-21,2.93,2.97,2.92,2.96,39492687,118315520.000
2014-01-22,2.96,3.01,2.94,3.00,74197345,225397136.000
2014-01-23,3.00,3.00,2.96,2.97,56090980,169600160.000
2014-01-24,2.96,3.00,2.94,2.98,77247221,233427152.000
2014-01-27,2.96,2.96,2.93,2.94,62433504,186916960.000
2014-01-28,2.95,3.00,2.94,2.98,60245928,181733728.000
2014-01-29,3.00,3.00,2.97,2.99,42597164,129333488.000
2014-01-30,2.98,2.99,2.94,2.95,46388774,139400304.000
2014-02-07,2.94,2.98,2.94,2.98,38117322,114812896.000
2014-02-10,2.98,3.03,2.98,3.01,98152123,299564416.000
2014-02-11,3.00,3.04,2.98,3.03,113147875,346749824.000
2014-02-12,3.02,3.07,3.01,3.04,95089118,293945760.000
2014-02-13,3.05,3.05,3.01,3.02,68626974,211113264.000
2014-02-14,3.02,3.04,3.01,3.03,67041802,205919504.000
2014-02-17,3.04,3.12,3.02,3.10,139474331,434663232.000
2014-02-18,3.09,3.09,3.03,3.03,98902689,306851008.000
2014-02-19,3.03,3.08,3.03,3.07,76886957,238933296.000
2014-02-20,3.07,3.12,3.06,3.09,133275663,419284384.000
2014-02-21,3.10,3.11,3.04,3.09,83464368,260594624.000
2014-02-24,3.07,3.07,2.98,3.02,107931665,330278272.000
2014-02-25,3.02,3.03,2.93,2.96,91114568,276189760.000
2014-02-26,2.95,2.98,2.94,2.98,51717035,155556448.000
2014-02-27,2.98,3.05,2.96,3.03,106907574,326825792.000
2014-02-28,3.03,3.03,2.98,3.01,94319529,288596992.000
2014-03-03,3.01,3.31,3.00,3.21,499614121,1630748928.000
2014-03-04,3.16,3.29,3.15,3.23,212563477,697966976.000
2014-03-05,3.22,3.24,3.16,3.18,100348958,325457536.000
2014-03-06,3.17,3.21,3.12,3.18,124063390,399284832.000
2014-03-07,3.16,3.27,3.16,3.20,127968197,418160992.000
2014-03-10,3.19,3.22,3.10,3.12,116119425,372265024.000
2014-03-11,3.10,3.13,3.06,3.10,83686026,262979664.000
2014-03-12,3.09,3.09,2.98,3.03,102527520,316626624.000
2014-03-13,3.03,3.09,3.01,3.03,108587071,335467392.000
2014-03-14,3.02,3.03,2.99,3.03,61505851,188102336.000
2014-03-17,3.03,3.04,3.00,3.04,75312812,231499744.000
2014-03-18,3.04,3.05,3.01,3.01,70157183,215375152.000
2014-03-19,3.02,3.03,2.99,3.02,67711657,206961264.000
2014-03-20,3.01,3.01,2.97,2.97,84707810,257330960.000
2014-03-21,2.96,3.05,2.95,3.04,105853014,323357856.000
2014-03-24,3.04,3.09,3.01,3.07,147516026,457240128.000
2014-03-25,3.05,3.07,3.04,3.06,67734756,210019104.000
2014-03-26,3.05,3.07,3.03,3.04,42899154,132988056.000
2014-03-27,3.04,3.05,3.00,3.01,68023562,209011312.000
2014-03-28,3.01,3.06,3.00,3.04,74663347,230032352.000
2014-03-31,3.05,3.05,3.00,3.01,51212392,157328544.000
2014-04-01,3.02,3.03,2.99,3.01,49093839,150211808.000
2014-04-02,3.02,3.05,3.00,3.04,72065604,221898208.000
2014-04-03,3.05,3.05,3.00,3.02,72952784,224473344.000
2014-04-04,3.01,3.03,3.00,3.02,58375482,178719856.000
2014-04-08,3.02,3.08,3.00,3.07,158045991,489956000.000
2014-04-09,3.07,3.08,3.06,3.08,68347816,213200112.000
2014-04-10,3.07,3.14,3.05,3.12,160325911,505227168.000
2014-04-11,3.11,3.13,3.10,3.11,112022448,354317248.000
2014-04-14,3.11,3.11,3.08,3.09,55099344,172995568.000
2014-04-15,3.09,3.09,3.04,3.05,71943045,223689792.000
2014-04-16,3.06,3.08,3.05,3.07,47130926,146796288.000
2014-04-17,3.07,3.10,3.06,3.07,44807349,140242464.000
2014-04-18,3.10,3.13,3.08,3.09,94213116,297014784.000
2014-04-21,3.06,3.09,3.03,3.03,64111055,199155008.000
2014-04-22,3.03,3.31,3.01,3.11,198367592,627962176.000
2014-04-23,3.06,3.08,3.03,3.05,113250472,351758592.000
2014-04-24,3.04,3.07,3.03,3.04,50557861,156811760.000
2014-04-25,3.05,3.06,3.00,3.01,73415785,226471664.000
2014-04-28,3.01,3.02,2.96,2.99,94073484,285546272.000
2014-04-29,2.99,3.03,2.97,3.02,53373402,162948304.000
2014-04-30,3.04,3.15,3.03,3.13,254720359,803448576.000
2014-05-05,3.08,3.10,3.04,3.07,126439915,394239744.000
2014-05-06,3.07,3.14,3.06,3.10,120746212,381753696.000
2014-05-07,3.10,3.12,3.07,3.11,70873022,222758624.000
2014-05-08,3.11,3.19,3.10,3.17,167432851,537219136.000
2014-05-09,3.14,3.22,3.14,3.18,189817238,615902400.000
2014-05-12,3.21,3.25,3.15,3.20,139259971,452252352.000
2014-05-13,3.19,3.43,3.19,3.31,359798653,1214920320.000
2014-05-14,3.30,3.34,3.25,3.27,99346669,331594112.000
2014-05-15,3.26,3.30,3.15,3.19,138062740,450428320.000
2014-05-16,3.18,3.20,3.14,3.19,61977788,199748944.000
2014-05-19,3.18,3.18,3.13,3.16,55004450,176379872.000
2014-05-20,3.14,3.17,3.09,3.14,125276594,396946336.000
2014-05-21,3.12,3.15,3.10,3.15,41080644,130769760.000
2014-05-22,3.16,3.24,3.13,3.16,72368268,234668640.000
2014-05-23,3.16,3.19,3.13,3.17,56676900,181659664.000
2014-05-26,3.18,3.19,3.13,3.15,59871986,191356160.000
2014-05-27,3.18,3.18,3.16,3.16,38576188,122269808.000
2014-05-28,3.16,3.21,3.15,3.20,53466027,170288880.000
2014-05-29,3.21,3.22,3.18,3.18,31717184,101365272.000
2014-05-30,3.18,3.23,3.17,3.22,64715524,206969248.000
2014-06-03,3.21,3.23,3.16,3.16,55671740,177451008.000
2014-06-04,3.17,3.18,3.13,3.15,37232274,117247032.000
2014-06-05,3.15,3.20,3.14,3.18,48299944,152992368.000
2014-06-06,3.18,3.18,3.14,3.16,28339557,89436592.000
2014-06-09,3.15,3.19,3.14,3.15,43074224,136520480.000
2014-06-10,3.16,3.17,3.11,3.17,75054140,236125008.000
2014-06-11,3.16,3.17,3.14,3.16,35113182,110669336.000
2014-06-12,3.15,3.16,3.13,3.14,33451722,105080064.000
2014-06-13,3.14,3.17,3.13,3.15,53325910,168155200.000
2014-06-16,3.16,3.20,3.14,3.20,81350729,258344976.000
2014-06-17,3.19,3.19,3.14,3.16,50465072,159633216.000
2014-06-18,3.16,3.17,3.13,3.15,49894416,157022832.000
2014-06-19,3.15,3.25,3.13,3.16,118986099,377409568.000
2014-06-20,3.16,3.21,3.13,3.18,83742579,264419040.000
2014-06-23,3.18,3.21,3.16,3.16,58982700,187875584.000
2014-06-24,3.16,3.23,3.16,3.22,102630704,329047616.000
2014-06-25,3.20,3.27,3.19,3.24,99203658,320953824.000
2014-06-26,3.24,3.31,3.23,3.28,115726140,379785632.000
2014-06-27,3.30,3.32,3.26,3.30,94185819,309818560.000
2014-06-30,3.32,3.33,3.22,3.23,112273819,366044608.000
2014-07-01,3.24,3.28,3.22,3.27,53615357,173971424.000
2014-07-02,3.26,3.32,3.26,3.29,89964369,296791328.000
2014-07-03,3.29,3.34,3.28,3.33,81618552,271397280.000
2014-07-04,3.33,3.35,3.29,3.31,47275335,156527888.000
2014-07-07,3.31,3.31,3.27,3.30,45344507,149077680.000
2014-07-08,3.30,3.33,3.27,3.31,37983288,125256400.000
2014-07-09,3.30,3.31,3.24,3.26,41907345,137018640.000
2014-07-10,3.26,3.38,3.25,3.36,158269549,529285664.000
2014-07-11,3.34,3.44,3.34,3.40,110435830,376809312.000
2014-07-14,3.40,3.49,3.40,3.43,90986445,313900576.000
2014-07-15,3.43,3.47,3.35,3.36,127241191,430432640.000
2014-07-16,3.34,3.42,3.34,3.37,72908036,247142864.000
2014-07-17,3.38,3.39,3.33,3.34,42561901,142616064.000
2014-07-18,3.33,3.38,3.33,3.36,47329017,159006656.000
2014-07-21,3.36,3.39,3.33,3.35,34767768,116535544.000
2014-07-22,3.34,3.35,3.31,3.34,93937419,313010656.000
2014-07-23,3.34,3.35,3.31,3.32,79545883,264455440.000
2014-07-24,3.33,3.40,3.32,3.38,98135500,329403744.000
2014-07-25,3.38,3.49,3.37,3.49,173292245,596480832.000
2014-07-28,3.50,3.54,3.48,3.52,155500203,546304768.000
2014-07-29,3.51,3.54,3.46,3.51,121407762,425042592.000
2014-07-30,3.52,3.56,3.49,3.54,143367397,505842624.000
2014-07-31,3.53,3.54,3.47,3.53,93859005,329097024.000
2014-08-01,3.51,3.53,3.47,3.47,139018919,487043680.000
2014-08-04,3.47,3.62,3.46,3.60,176088055,627086848.000
2014-08-05,3.58,3.61,3.57,3.60,81758188,293591616.000
2014-08-06,3.58,3.59,3.53,3.57,80152643,285172704.000
2014-08-07,3.56,3.56,3.48,3.49,120551348,423640992.000
2014-08-08,3.50,3.52,3.45,3.50,103278750,359182400.000
2014-08-11,3.50,3.56,3.49,3.54,103404085,364280832.000
2014-08-12,3.53,3.54,3.48,3.49,107667065,376608224.000
2014-08-13,3.50,3.52,3.46,3.50,74146941,258950976.000
2014-08-14,3.49,3.53,3.48,3.49,64017693,224211792.000
2014-08-15,3.48,3.60,3.48,3.58,145344062,516684320.000
2014-08-18,3.58,3.59,3.53,3.57,72287395,257519040.000
2014-08-19,3.57,3.58,3.51,3.57,116530997,412919264.000
2014-08-20,3.55,3.55,3.50,3.52,76601316,269795296.000
2014-08-21,3.52,3.52,3.45,3.48,96589027,335422656.000
2014-08-22,3.47,3.49,3.46,3.49,48603910,168964224.000
2014-08-25,3.48,3.49,3.39,3.43,145537487,497508320.000
2014-08-26,3.41,3.43,3.36,3.38,90329897,307367392.000
2014-08-27,3.38,3.42,3.38,3.40,59296139,201717968.000
2014-08-28,3.40,3.41,3.37,3.38,59833446,202961696.000
2014-08-29,3.40,3.50,3.36,3.46,122677837,422179552.000
2014-09-01,3.45,3.46,3.42,3.45,93770861,322250208.000
2014-09-02,3.45,3.50,3.42,3.49,113478364,391940608.000
2014-09-03,3.50,3.57,3.49,3.55,184767533,654959424.000
2014-09-04,3.56,3.61,3.54,3.58,165244890,590997440.000
2014-09-05,3.58,3.61,3.55,3.59,113080497,405689952.000
2014-09-09,3.60,3.60,3.56,3.57,61661549,220404176.000
2014-09-10,3.57,3.57,3.49,3.52,123171479,433774400.000
2014-09-11,3.52,3.57,3.50,3.53,93595197,330826720.000
2014-09-12,3.52,3.57,3.50,3.56,85188526,301566304.000
2014-09-15,3.54,3.56,3.52,3.55,94515010,334397504.000
2014-09-16,3.55,3.70,3.52,3.57,288000528,1040805376.000
2014-09-17,3.55,3.61,3.52,3.57,143020017,509038272.000
2014-09-18,3.56,3.56,3.52,3.54,88105191,312009344.000
2014-09-19,3.55,3.64,3.53,3.60,146793685,526551296.000
2014-09-22,3.58,3.60,3.49,3.49,131039918,463461632.000
2014-09-23,3.49,3.55,3.49,3.54,104749516,368482176.000
2014-09-24,3.52,3.58,3.50,3.57,143334089,508480192.000
2014-09-25,3.58,3.61,3.54,3.56,108231091,387129792.000
2014-09-26,3.55,3.60,3.53,3.59,112080968,400377824.000
2014-09-29,3.58,3.64,3.56,3.60,143818841,517004960.000
2014-09-30,3.60,3.61,3.56,3.58,126880477,454870944.000
2014-10-08,3.58,3.60,3.55,3.60,102266162,366297376.000
2014-10-09,3.60,3.67,3.58,3.63,189060695,685452224.000
2014-10-10,3.61,3.62,3.57,3.59,138027185,495728704.000
2014-10-13,3.57,3.58,3.53,3.55,104782276,371661856.000
2014-10-14,3.54,3.58,3.52,3.55,86631725,307681600.000
2014-10-15,3.53,3.59,3.52,3.57,98582803,350516320.000
2014-10-16,3.55,3.66,3.53,3.60,251112944,906349120.000
2014-10-17,3.58,3.61,3.52,3.55,188186272,668091392.000
2014-10-20,3.55,3.56,3.52,3.54,108837515,385048864.000
2014-10-21,3.54,3.54,3.48,3.48,133030228,467124096.000
2014-10-22,3.49,3.50,3.46,3.47,88331643,307618400.000
2014-10-23,3.47,3.47,3.40,3.41,94014888,322854688.000
2014-10-24,3.42,3.43,3.41,3.42,59532920,203543984.000
2014-10-27,3.40,3.43,3.36,3.39,83586080,284293888.000
2014-10-28,3.41,3.46,3.40,3.46,68623471,235816880.000
2014-10-29,3.46,3.52,3.44,3.50,140046365,487571232.000
2014-10-30,3.49,3.59,3.48,3.57,255282613,905190528.000
2014-10-31,3.58,3.65,3.56,3.63,329126384,1189129856.000
2014-11-03,3.64,3.72,3.61,3.66,347188595,1271945344.000
2014-11-04,3.64,3.78,3.61,3.72,390440594,1442394368.000
2014-11-05,3.69,3.73,3.64,3.65,190559044,700125312.000
2014-11-06,3.64,3.66,3.58,3.62,207350828,748041024.000
2014-11-07,3.62,3.68,3.58,3.60,214327163,777522368.000
2014-11-10,3.63,3.72,3.61,3.72,280587877,1031339072.000
2014-11-11,3.74,3.98,3.72,3.83,622815140,2380471040.000
2014-11-12,3.79,3.81,3.73,3.78,315834898,1188348672.000
2014-11-13,3.77,3.84,3.72,3.77,321139767,1210804864.000
2014-11-14,3.75,3.77,3.70,3.75,186795065,696777216.000
2014-11-17,3.77,3.80,3.65,3.66,240350527,891783488.000
2014-11-18,3.66,3.66,3.59,3.61,210019635,759563456.000
2014-11-19,3.60,3.64,3.57,3.61,148051695,533423968.000
2014-11-20,3.60,3.61,3.57,3.58,117787077,422734496.000
2014-11-21,3.58,3.64,3.56,3.63,167201288,601384256.000
2014-11-24,3.67,3.72,3.63,3.70,354432569,1303885440.000
2014-11-25,3.69,3.76,3.67,3.75,271127704,1009995584.000
2014-11-26,3.74,3.79,3.71,3.78,244605569,914077888.000
2014-11-27,3.78,3.81,3.73,3.77,268298931,1012156544.000
2014-11-28,3.77,3.94,3.76,3.93,604639998,2345518592.000
2014-12-01,4.00,4.14,3.93,3.94,633354992,2556101632.000
2014-12-02,3.93,4.13,3.91,4.13,450817953,1819214592.000
2014-12-03,4.16,4.26,4.04,4.12,554621340,2306586624.000
2014-12-04,4.14,4.50,4.12,4.47,686658441,2970242048.000
2014-12-05,4.49,4.65,4.25,4.46,757101912,3396448512.000
2014-12-08,4.45,4.91,4.37,4.88,729320976,3501006848.000
2014-12-09,4.80,5.06,4.40,4.45,902429838,4345934848.000
2014-12-10,4.45,4.59,4.27,4.53,489444502,2166221056.000
2014-12-11,4.47,4.59,4.36,4.44,350576701,1566038784.000
2014-12-12,4.44,4.53,4.40,4.47,239819376,1070665024.000
2014-12-15,4.43,4.44,4.28,4.39,339440373,1476491904.000
2014-12-16,4.36,4.54,4.31,4.54,472697896,2095255936.000
2014-12-17,4.52,4.60,4.43,4.54,434586138,1954909696.000
2014-12-18,4.57,4.68,4.53,4.66,478406161,2206782976.000
2014-12-19,4.65,5.03,4.58,4.95,686577706,3297099520.000
2014-12-22,5.04,5.19,4.75,4.90,724853873,3623336448.000
2014-12-23,4.82,4.88,4.60,4.63,399763954,1896371072.000
2014-12-24,4.61,4.67,4.38,4.49,409647219,1843038464.000
2014-12-25,4.50,4.64,4.48,4.62,334490408,1528064128.000
2014-12-26,4.62,4.87,4.59,4.76,390216528,1853233536.000
2014-12-29,4.84,4.94,4.75,4.83,505514383,2451655936.000
2014-12-30,4.80,4.85,4.66,4.84,386654138,1845199872.000
2014-12-31,4.80,5.00,4.72,4.95,514098582,2510339584.000
2015-01-05,4.97,5.39,4.91,5.26,831254419,4274376192.000
2015-01-06,5.16,5.25,5.05,5.17,563469730,2905527296.000
2015-01-07,5.11,5.40,5.09,5.36,615626679,3246405632.000
2015-01-08,5.38,5.38,5.02,5.04,548668471,2829286144.000
2015-01-09,5.00,5.22,4.97,4.98,514900911,2617789184.000
2015-01-12,4.97,5.06,4.76,4.85,410938285,2012298496.000
2015-01-13,4.81,4.90,4.79,4.85,209982807,1018540736.000
2015-01-14,4.84,4.89,4.74,4.77,232159883,1118285952.000
2015-01-15,4.78,4.98,4.75,4.97,303983308,1477892608.000
2015-01-16,4.99,5.05,4.94,5.03,263942030,1321260928.000
2015-01-19,4.74,4.85,4.53,4.54,444211472,2073733888.000
2015-01-20,4.58,4.69,4.51,4.62,290367363,1336615808.000
2015-01-21,4.65,4.85,4.62,4.80,335121596,1585277696.000
2015-01-22,4.81,4.84,4.73,4.81,223912816,1072077120.000
2015-01-23,4.81,4.90,4.76,4.79,250063517,1207768192.000
2015-01-26,4.78,4.84,4.75,4.82,170142815,814861184.000
2015-01-27,4.83,4.83,4.59,4.72,289210758,1362121216.000
2015-01-28,4.67,4.69,4.61,4.63,185397414,861023616.000
2015-01-29,4.55,4.59,4.50,4.55,194423473,884992064.000
2015-01-30,4.58,4.60,4.50,4.52,150083233,682753856.000
2015-02-02,4.45,4.49,4.43,4.44,148683172,663137664.000
2015-02-03,4.45,4.54,4.45,4.53,166743462,747528064.000
2015-02-04,4.53,4.64,4.51,4.53,193027204,883983488.000
2015-02-05,4.63,4.64,4.52,4.54,207053146,950310272.000
2015-02-06,4.49,4.49,4.27,4.35,237929242,1045818368.000
2015-02-09,4.32,4.42,4.31,4.38,115427043,505321824.000
2015-02-10,4.37,4.43,4.36,4.41,109782163,483397088.000
2015-02-11,4.43,4.57,4.39,4.54,164502067,737725184.000
2015-02-12,4.59,4.99,4.55,4.92,585349622,2847857408.000
2015-02-13,4.72,4.94,4.71,4.85,611523124,2956788480.000
2015-02-16,4.85,5.34,4.82,5.34,822815459,4273916928.000
2015-02-17,5.38,5.87,5.33,5.54,977260085,5465817600.000
2015-02-25,5.58,5.58,5.27,5.29,567596796,3057062400.000
2015-02-26,5.27,5.37,5.11,5.35,543662585,2839897600.000
2015-02-27,5.30,5.85,5.24,5.65,759978981,4219332608.000
2015-03-02,5.65,5.73,5.46,5.59,469107101,2615725568.000
2015-03-03,5.52,5.56,5.31,5.36,454886003,2470223104.000
2015-03-04,5.33,5.54,5.29,5.40,372427345,2012317056.000
2015-03-05,5.34,5.34,5.18,5.29,404348862,2125673088.000
2015-03-06,5.28,5.32,5.19,5.21,220461509,1156692480.000
2015-03-09,5.17,5.30,5.06,5.27,260922995,1350865536.000
2015-03-10,5.28,5.30,5.17,5.18,213844825,1117946624.000
2015-03-11,5.18,5.24,5.12,5.16,213754157,1106682880.000
2015-03-12,5.20,5.32,5.16,5.26,273553530,1437555968.000
2015-03-13,5.27,5.30,5.21,5.24,229017673,1201073280.000
2015-03-16,5.17,5.35,5.14,5.34,379615448,2003744896.000
2015-03-17,5.34,5.49,5.32,5.44,420503905,2275048704.000
2015-03-18,5.46,5.54,5.39,5.53,413301745,2263912704.000
2015-03-19,5.56,5.78,5.51,5.64,562778518,3185607936.000
2015-03-20,5.59,5.62,5.50,5.56,437053766,2424771072.000
2015-03-23,5.56,5.65,5.50,5.61,427351368,2383108096.000
2015-03-24,5.58,5.59,5.38,5.49,490427750,2690830592.000
2015-03-25,5.45,5.46,5.33,5.35,387734325,2088450432.000
2015-03-26,5.31,5.49,5.29,5.45,347102053,1881607424.000
2015-03-27,5.43,5.44,5.35,5.39,216673837,1168082048.000
2015-03-30,5.41,5.62,5.39,5.61,502549916,2778886656.000
2015-03-31,5.65,5.67,5.43,5.47,473054389,2626604032.000
2015-04-01,5.46,6.02,5.45,6.02,883125781,5082422784.000
2015-04-02,6.02,6.06,5.81,5.96,844434085,5008799232.000
2015-04-03,5.91,6.03,5.81,5.95,511948904,3026968064.000
2015-04-07,5.95,6.33,5.95,6.13,589434573,3639078400.000
2015-04-08,6.13,6.27,5.99,6.18,547450830,3355444224.000
2015-04-09,6.17,6.18,5.91,6.02,432778096,2610428928.000
2015-04-10,5.99,6.15,5.95,6.11,455573591,2773501696.000
数据来源:通达信
