600016 民生银行 日线 前复权
      日期	    开盘	    最高	    最低	    收盘	    成交量	    成交额
2011-03-02,3.40,3.51,3.39,3.46,227838831,1185218048.000
2011-03-03,3.48,3.64,3.47,3.54,472231390,2519412480.000
2011-03-04,3.54,3.62,3.52,3.59,179477284,955162944.000
2011-03-07,3.62,3.71,3.61,3.64,208976242,1136200448.000
2011-03-08,3.64,3.69,3.59,3.62,133103887,720496768.000
2011-03-09,3.64,3.69,3.62,3.64,111926365,607957760.000
2011-03-10,3.63,3.64,3.49,3.52,157545413,837054464.000
2011-03-11,3.50,3.54,3.48,3.49,92345786,485838272.000
2011-03-14,3.49,3.54,3.49,3.52,69732761,367436640.000
2011-03-15,3.51,3.52,3.40,3.46,144608330,751197248.000
2011-03-16,3.46,3.49,3.43,3.49,74641007,388433536.000
2011-03-17,3.44,3.46,3.42,3.43,78328500,405213024.000
2011-03-18,3.46,3.50,3.43,3.44,65085387,338802400.000
2011-03-21,3.45,3.48,3.41,3.43,95194165,492250080.000
2011-03-22,3.44,3.54,3.41,3.53,178833592,934615680.000
2011-03-23,3.51,3.59,3.50,3.55,123729071,656846400.000
2011-03-24,3.56,3.57,3.51,3.54,49369412,261118656.000
2011-03-25,3.55,3.63,3.53,3.60,147270689,791293952.000
2011-03-28,3.64,3.86,3.64,3.72,303037055,1679277952.000
2011-03-29,3.73,3.89,3.73,3.82,426410307,2402352640.000
2011-03-30,3.82,3.91,3.77,3.84,247087843,1398841472.000
2011-03-31,3.83,3.85,3.76,3.79,159267447,892580608.000
2011-04-01,3.78,3.99,3.76,3.97,304221662,1743630592.000
2011-04-06,3.97,4.15,3.97,4.08,391724606,2332287232.000
2011-04-07,4.08,4.13,3.99,4.08,242560712,1439614720.000
2011-04-08,4.06,4.09,4.03,4.07,133390269,789744512.000
2011-04-11,4.08,4.19,4.04,4.06,286125643,1712855552.000
2011-04-12,4.05,4.09,3.96,4.00,170274107,1000003136.000
2011-04-13,3.99,4.11,3.96,4.11,158226706,933129600.000
2011-04-14,4.14,4.22,4.11,4.14,266416659,1613056000.000
2011-04-15,4.13,4.23,4.11,4.21,225815814,1369167488.000
2011-04-18,4.19,4.25,4.16,4.19,144267703,876900352.000
2011-04-19,4.16,4.20,4.07,4.08,156902976,943507968.000
2011-04-20,4.09,4.15,4.03,4.05,157075604,934784256.000
2011-04-21,4.09,4.18,4.08,4.11,135445146,812739136.000
2011-04-22,4.12,4.19,4.09,4.14,136526661,822392128.000
2011-04-25,4.09,4.19,4.09,4.14,150577384,905894464.000
2011-04-26,4.14,4.21,4.13,4.20,175636110,1065934976.000
2011-04-27,4.23,4.34,4.23,4.29,343873737,2129883648.000
2011-04-28,4.34,4.37,4.24,4.27,235294680,1463028352.000
2011-04-29,4.25,4.27,4.09,4.25,212040598,1289538688.000
2011-05-03,4.22,4.31,4.19,4.28,125674105,774022144.000
2011-05-05,4.10,4.16,4.09,4.15,246987853,1479660672.000
2011-05-06,4.14,4.15,3.99,4.01,152138848,903052352.000
2011-05-09,4.02,4.07,3.94,3.98,117867781,689721728.000
2011-05-10,3.99,4.08,3.98,4.07,73420028,433068352.000
2011-05-11,4.06,4.10,4.04,4.05,65434197,388519776.000
2011-05-12,4.04,4.09,4.03,4.04,67581890,399856288.000
2011-05-13,3.99,4.09,3.92,4.07,157432521,919266176.000
2011-05-16,4.03,4.09,3.97,3.97,95853463,564456512.000
2011-05-17,3.98,4.09,3.93,4.01,87123672,510268192.000
2011-05-18,4.00,4.15,4.00,4.14,134854504,805554240.000
2011-05-19,4.15,4.23,4.13,4.16,128326370,777661952.000
2011-05-20,4.16,4.23,4.14,4.18,123048797,747020352.000
2011-05-23,4.16,4.17,4.00,4.04,161338984,957600192.000
2011-05-24,4.04,4.08,4.03,4.06,77481216,458113248.000
2011-05-25,4.04,4.06,3.96,3.97,83489142,488129056.000
2011-05-27,3.98,4.07,3.96,4.05,123122908,724351232.000
2011-05-30,4.00,4.10,4.00,4.06,76656834,454150592.000
2011-05-31,4.05,4.19,4.05,4.18,119363322,716330176.000
2011-06-01,4.19,4.19,4.09,4.11,99379646,595587392.000
2011-06-02,4.09,4.12,3.89,3.91,286674554,1667574016.000
2011-06-03,3.91,3.95,3.89,3.93,71893014,413905472.000
2011-06-07,3.93,3.97,3.90,3.96,37912488,219073072.000
2011-06-08,3.99,3.99,3.84,3.92,88615890,506826752.000
2011-06-09,3.94,3.94,3.85,3.86,62017992,347493408.000
2011-06-10,3.86,3.94,3.86,3.90,52313616,294116160.000
2011-06-13,3.88,4.01,3.87,3.99,77366020,439536416.000
2011-06-14,3.99,4.09,3.98,4.05,79535723,463006080.000
2011-06-15,4.04,4.07,3.99,4.03,50549965,292618240.000
2011-06-16,4.02,4.04,3.99,4.00,50595994,291210912.000
2011-06-17,4.00,4.04,3.99,3.99,56250226,324640544.000
2011-06-20,4.01,4.09,3.96,4.04,93281903,536325888.000
2011-06-21,4.05,4.09,4.01,4.05,45708779,265326528.000
2011-06-22,4.07,4.08,4.02,4.04,57609267,333478240.000
2011-06-23,4.03,4.12,4.02,4.10,73894660,429102880.000
2011-06-24,4.09,4.25,4.08,4.24,149438569,891686720.000
2011-06-27,4.20,4.29,4.20,4.24,90659834,547587904.000
2011-06-28,4.21,4.24,4.15,4.19,80571285,480706080.000
2011-06-29,4.18,4.18,3.94,3.98,234755779,1356448896.000
2011-06-30,3.99,4.08,3.93,3.99,139470963,802634880.000
2011-07-01,4.00,4.02,3.94,3.97,116692621,667084544.000
2011-07-04,3.98,4.09,3.98,4.09,158321514,919071872.000
2011-07-05,4.09,4.16,4.07,4.09,114349090,671790144.000
2011-07-06,4.07,4.08,3.94,3.99,170186394,973441856.000
2011-07-07,4.06,4.13,3.97,4.00,168365415,974032832.000
2011-07-08,4.02,4.07,3.95,4.02,138291044,796739328.000
2011-07-11,3.99,4.00,3.95,3.99,82072799,469565824.000
2011-07-12,3.97,3.97,3.89,3.93,115998939,656293632.000
2011-07-13,3.94,4.01,3.93,3.99,97057349,555358336.000
2011-07-14,3.99,4.01,3.96,3.99,74952499,429733504.000
2011-07-15,3.98,4.05,3.96,4.04,95759873,553154816.000
2011-07-18,4.04,4.07,3.99,3.99,52444281,302112192.000
2011-07-19,4.00,4.00,3.94,3.94,68458170,389546208.000
2011-07-20,3.99,3.99,3.92,3.94,70972815,403139200.000
2011-07-21,3.94,3.96,3.88,3.90,92981137,523748224.000
2011-07-22,3.92,3.93,3.88,3.89,54496919,306601088.000
2011-07-25,3.88,3.89,3.74,3.75,135035339,744564096.000
2011-07-26,3.75,3.80,3.71,3.74,71551103,389739968.000
2011-07-27,3.72,3.75,3.69,3.74,63160542,341936864.000
2011-07-28,3.70,3.70,3.62,3.64,116991924,623168192.000
2011-07-29,3.66,3.83,3.59,3.74,126389392,682336000.000
2011-08-01,3.72,3.78,3.67,3.71,72483257,393212000.000
2011-08-02,3.68,3.70,3.62,3.67,69134170,368645824.000
2011-08-03,3.64,3.69,3.62,3.68,50753798,271176000.000
2011-08-04,3.69,3.73,3.65,3.69,39148543,210696368.000
2011-08-05,3.59,3.64,3.58,3.60,87183489,459574752.000
2011-08-08,3.59,3.65,3.45,3.52,117374487,610911232.000
2011-08-09,3.45,3.59,3.43,3.55,143362943,740283968.000
2011-08-10,3.65,3.67,3.54,3.57,103567231,547408192.000
2011-08-11,3.52,3.73,3.50,3.66,125654657,666348224.000
2011-08-12,3.71,3.72,3.65,3.69,82952087,445343200.000
2011-08-15,3.71,3.91,3.68,3.89,187132278,1033786368.000
2011-08-16,3.89,4.02,3.89,3.94,203682196,1158882304.000
2011-08-17,4.01,4.07,3.95,3.96,210117620,1207995264.000
2011-08-18,4.00,4.00,3.86,3.88,120158005,676413056.000
2011-08-19,3.82,3.93,3.77,3.92,142103173,789043200.000
2011-08-22,3.90,3.95,3.84,3.87,91268111,513548128.000
2011-08-23,3.91,4.06,3.84,4.02,154069266,883970496.000
2011-08-24,4.04,4.06,3.97,3.98,98638683,569253312.000
2011-08-25,4.02,4.29,3.99,4.29,403877529,2402836736.000
2011-08-26,4.24,4.29,4.17,4.29,262620825,1583743616.000
2011-08-29,4.17,4.20,4.09,4.10,280077259,1656231680.000
2011-08-30,4.15,4.27,4.13,4.14,231977061,1386628608.000
2011-08-31,4.15,4.23,4.11,4.20,162730781,971884992.000
2011-09-01,4.21,4.24,4.15,4.19,120928423,722398336.000
2011-09-02,4.17,4.20,4.06,4.09,132627702,781603968.000
2011-09-05,4.05,4.09,4.00,4.05,98724837,571745472.000
2011-09-06,4.03,4.10,4.02,4.06,89278220,520483392.000
2011-09-07,4.08,4.21,4.08,4.21,124085977,736904768.000
2011-09-08,4.24,4.24,4.14,4.15,72450472,432612000.000
2011-09-09,4.18,4.26,4.05,4.10,122971022,728946432.000
2011-09-13,4.04,4.10,4.00,4.09,87633655,510476384.000
2011-09-14,4.10,4.12,4.00,4.10,86567894,504430304.000
2011-09-15,4.09,4.11,4.02,4.02,83803849,487280576.000
2011-09-16,4.05,4.14,4.04,4.06,78721183,458924640.000
2011-09-19,4.02,4.03,3.94,3.95,80234368,458277664.000
2011-09-20,3.96,4.05,3.92,4.01,76528696,438550368.000
2011-09-21,4.02,4.19,3.98,4.15,152819115,901685504.000
2011-09-22,4.10,4.13,3.94,3.98,153857706,889310208.000
2011-09-23,3.91,3.99,3.88,3.99,127977177,723213632.000
2011-09-26,3.93,3.99,3.81,3.84,106478433,599708096.000
2011-09-27,3.89,3.96,3.85,3.89,88751304,500504192.000
2011-09-28,3.94,3.99,3.84,3.86,62603993,352863328.000
2011-09-29,3.84,3.93,3.79,3.89,125625799,701560384.000
2011-09-30,3.89,3.94,3.77,3.81,157870461,879830144.000
2011-10-10,3.79,3.81,3.67,3.71,126196311,681606912.000
2011-10-11,3.87,3.89,3.75,3.79,123875437,685305728.000
2011-10-12,3.75,4.06,3.74,4.01,231081193,1319636480.000
2011-10-13,3.97,4.04,3.95,4.02,121875211,701587776.000
2011-10-14,4.03,4.05,3.96,4.04,97231542,560027648.000
2011-10-17,4.04,4.19,4.02,4.09,126807368,746975168.000
2011-10-18,4.04,4.10,3.99,3.99,94437348,546977216.000
2011-10-19,4.00,4.09,4.00,4.04,81615847,473174400.000
2011-10-20,4.02,4.06,3.92,3.99,116971154,670298240.000
2011-10-21,4.00,4.14,3.96,4.08,134538005,786185280.000
2011-10-24,4.09,4.21,4.08,4.19,200847309,1192958208.000
2011-10-25,4.17,4.22,4.14,4.21,158053629,944907520.000
2011-10-26,4.20,4.26,4.17,4.19,216276186,1301775232.000
2011-10-27,4.21,4.29,4.18,4.27,145375575,877419072.000
2011-10-28,4.36,4.44,4.30,4.35,255505645,1580658560.000
2011-10-31,4.33,4.36,4.28,4.30,93523741,572760448.000
2011-11-01,4.28,4.38,4.27,4.30,134501854,825499584.000
2011-11-02,4.23,4.44,4.21,4.44,188610903,1162265088.000
2011-11-03,4.45,4.49,4.35,4.36,208026328,1298799872.000
2011-11-04,4.41,4.44,4.33,4.39,109687077,679950464.000
2011-11-07,4.35,4.39,4.29,4.29,95548371,586442048.000
2011-11-08,4.31,4.35,4.26,4.30,99081197,605028800.000
2011-11-09,4.33,4.34,4.26,4.34,73262581,448391456.000
2011-11-10,4.28,4.33,4.24,4.25,98693813,600347008.000
2011-11-11,4.28,4.29,4.21,4.25,67537535,408400928.000
2011-11-14,4.28,4.34,4.26,4.30,121251176,740686336.000
2011-11-15,4.29,4.29,4.21,4.24,90091787,543416576.000
2011-11-16,4.23,4.24,4.10,4.12,138317619,820652544.000
2011-11-17,4.13,4.17,4.12,4.13,64313971,380600864.000
2011-11-18,4.09,4.15,4.08,4.10,71602418,420849472.000
2011-11-21,4.11,4.13,4.03,4.09,59228943,344958176.000
2011-11-22,4.06,4.16,4.05,4.14,63403506,372641344.000
2011-11-23,4.14,4.17,4.04,4.06,60789072,355275200.000
2011-11-24,4.04,4.14,4.03,4.09,51537235,301631264.000
2011-11-25,4.08,4.09,4.04,4.06,34786734,202615136.000
2011-11-28,4.09,4.10,4.05,4.08,45728765,266869504.000
2011-11-29,4.10,4.17,4.07,4.16,75855226,447486720.000
2011-11-30,4.13,4.15,4.02,4.04,95922205,559819840.000
2011-12-01,4.23,4.30,4.17,4.19,265555636,1603226240.000
2011-12-02,4.18,4.27,4.16,4.24,109561014,658394560.000
2011-12-05,4.25,4.31,4.21,4.25,124326528,754953792.000
2011-12-06,4.24,4.29,4.21,4.25,63700596,385493824.000
2011-12-07,4.26,4.34,4.24,4.31,100572815,614267968.000
2011-12-08,4.31,4.34,4.27,4.32,69269814,423628512.000
2011-12-09,4.29,4.33,4.23,4.25,60971776,369593184.000
2011-12-12,4.24,4.26,4.19,4.24,52205634,314452416.000
2011-12-13,4.22,4.26,4.14,4.15,87596451,525397888.000
2011-12-14,4.14,4.18,4.10,4.14,87230590,514843264.000
2011-12-15,4.11,4.16,4.05,4.06,93541620,548502080.000
2011-12-16,4.06,4.19,4.04,4.16,92197898,541498496.000
2011-12-19,4.11,4.24,4.09,4.24,119549945,708554112.000
2011-12-20,4.24,4.31,4.21,4.22,79957422,484830400.000
2011-12-21,4.27,4.29,4.19,4.19,88129057,532359968.000
2011-12-22,4.20,4.25,4.13,4.23,87580499,524445376.000
2011-12-23,4.21,4.28,4.17,4.21,75027713,451242528.000
2011-12-26,4.19,4.19,4.10,4.12,98854990,584971392.000
2011-12-27,4.10,4.15,4.07,4.10,58045342,341359840.000
2011-12-28,4.09,4.11,4.00,4.06,115513325,671740864.000
2011-12-29,4.04,4.09,4.03,4.06,61422578,357152448.000
2011-12-30,4.08,4.14,4.07,4.12,73356332,430735168.000
2012-01-04,4.17,4.18,4.09,4.09,70526871,415385312.000
2012-01-05,4.09,4.26,4.09,4.19,164240688,983763392.000
2012-01-06,4.19,4.26,4.16,4.24,103442709,619191360.000
2012-01-09,4.22,4.38,4.20,4.36,186985475,1143391616.000
2012-01-10,4.37,4.41,4.32,4.40,178081907,1102145664.000
2012-01-11,4.39,4.42,4.34,4.35,93949807,581992512.000
2012-01-12,4.34,4.46,4.34,4.40,135617720,846758336.000
2012-01-13,4.40,4.47,4.34,4.40,134864435,841730880.000
2012-01-16,4.37,4.44,4.34,4.36,75163221,467583616.000
2012-01-17,4.37,4.50,4.26,4.49,192902657,1200940032.000
2012-01-18,4.47,4.51,4.41,4.43,91847825,578363648.000
2012-01-19,4.45,4.59,4.41,4.58,166922025,1065433856.000
2012-01-20,4.63,4.67,4.54,4.65,166880702,1081917568.000
2012-01-30,4.66,4.67,4.51,4.53,141160194,910829632.000
2012-01-31,4.54,4.59,4.51,4.56,70546631,451691808.000
2012-02-01,4.54,4.59,4.44,4.45,96910689,615890304.000
2012-02-02,4.47,4.63,4.44,4.62,139284882,891355840.000
2012-02-03,4.59,4.70,4.59,4.67,149273063,974835712.000
2012-02-06,4.67,4.73,4.62,4.66,123127023,804658752.000
2012-02-07,4.63,4.63,4.54,4.57,110649454,712873920.000
2012-02-08,4.57,4.72,4.54,4.71,139801969,912881984.000
2012-02-09,4.70,4.72,4.65,4.67,97501338,640754752.000
2012-02-10,4.65,4.72,4.61,4.63,127104745,831105344.000
2012-02-13,4.56,4.64,4.52,4.56,136547775,878230144.000
2012-02-14,4.55,4.56,4.50,4.55,92936456,593085632.000
2012-02-15,4.54,4.61,4.52,4.56,104801472,673198720.000
2012-02-16,4.56,4.59,4.51,4.54,111173115,712176640.000
2012-02-17,4.59,4.59,4.54,4.58,70394819,453121408.000
2012-02-20,4.67,4.69,4.58,4.60,120743795,785612800.000
2012-02-21,4.60,4.63,4.53,4.60,93483898,601557312.000
2012-02-22,4.59,4.62,4.54,4.60,137090584,882125312.000
2012-02-23,4.59,4.61,4.55,4.59,132825901,855496960.000
2012-02-24,4.59,4.66,4.55,4.65,211027275,1364752256.000
2012-02-27,4.66,4.69,4.63,4.63,187409964,1226089472.000
2012-02-28,4.61,4.74,4.61,4.70,203280867,1336723584.000
2012-02-29,4.70,4.73,4.66,4.70,114859041,755909952.000
2012-03-01,4.68,4.73,4.67,4.70,74648819,491895264.000
2012-03-02,4.69,4.79,4.69,4.79,166655874,1108448640.000
2012-03-05,4.79,4.80,4.69,4.71,161121723,1072368000.000
2012-03-06,4.70,4.71,4.61,4.62,132397353,864214016.000
2012-03-07,4.59,4.63,4.55,4.55,90563118,584460736.000
2012-03-08,4.59,4.61,4.55,4.57,110751816,713403136.000
2012-03-09,4.58,4.61,4.54,4.60,102735881,661137088.000
2012-03-12,4.58,4.59,4.49,4.53,149324074,953119680.000
2012-03-13,4.52,4.60,4.51,4.59,95822222,616339968.000
2012-03-14,4.60,4.65,4.50,4.51,199154805,1283026432.000
2012-03-15,4.52,4.59,4.50,4.51,139873922,895466368.000
2012-03-16,4.51,4.54,4.47,4.52,115687082,735037120.000
2012-03-19,4.52,4.52,4.46,4.49,96547742,610554752.000
2012-03-20,4.47,4.49,4.38,4.38,122726919,765520768.000
2012-03-21,4.41,4.43,4.35,4.38,112566694,699525760.000
2012-03-22,4.39,4.49,4.37,4.44,104675085,654985408.000
2012-03-23,4.46,4.50,4.43,4.46,135479583,853703232.000
2012-03-27,4.49,4.52,4.44,4.47,107247316,676108224.000
2012-03-28,4.46,4.46,4.33,4.37,129950574,808772736.000
2012-03-29,4.36,4.37,4.28,4.31,139580192,856707264.000
2012-03-30,4.32,4.44,4.32,4.44,132762711,825801984.000
2012-04-05,4.39,4.46,4.34,4.44,137454551,857085760.000
2012-04-06,4.42,4.45,4.37,4.44,97721020,609066112.000
2012-04-09,4.42,4.43,4.35,4.36,69324501,430117632.000
2012-04-11,4.39,4.44,4.37,4.42,145165073,904461056.000
2012-04-12,4.41,4.54,4.39,4.54,151595797,958740608.000
2012-04-13,4.54,4.55,4.50,4.54,101340150,646649088.000
2012-04-16,4.51,4.55,4.50,4.53,54966547,350366304.000
2012-04-17,4.54,4.54,4.49,4.50,63753666,405797568.000
2012-04-18,4.53,4.60,4.50,4.58,99775126,640681920.000
2012-04-19,4.56,4.61,4.55,4.59,74002706,477392640.000
2012-04-20,4.58,4.67,4.57,4.67,103536590,674425472.000
2012-04-23,4.65,4.68,4.61,4.61,85122017,554499328.000
2012-04-24,4.61,4.79,4.60,4.69,210406557,1387249408.000
2012-04-25,4.69,4.74,4.66,4.70,86213466,567346368.000
2012-04-26,4.74,4.78,4.67,4.71,112711209,744097728.000
2012-04-27,4.74,4.79,4.72,4.75,122416241,814439552.000
2012-05-02,4.83,4.92,4.79,4.88,243517965,1651386752.000
2012-05-04,4.85,4.91,4.79,4.89,170153903,1152718464.000
2012-05-07,4.86,4.91,4.84,4.89,129704681,881218560.000
2012-05-08,4.88,4.90,4.81,4.85,143911302,975890688.000
2012-05-09,4.83,4.85,4.78,4.81,127697057,858097024.000
2012-05-10,4.80,4.83,4.72,4.75,104619711,698567040.000
2012-05-11,4.74,4.81,4.74,4.74,66689385,445406784.000
2012-05-14,4.79,4.79,4.73,4.73,89206117,593977408.000
2012-05-15,4.71,4.73,4.65,4.69,95922791,629786624.000
2012-05-16,4.69,4.69,4.56,4.59,96380282,626985792.000
2012-05-17,4.59,4.70,4.58,4.67,80879554,527294080.000
2012-05-18,4.63,4.65,4.59,4.63,89305898,579814976.000
2012-05-21,4.61,4.70,4.61,4.68,66183957,433091872.000
2012-05-22,4.71,4.76,4.68,4.74,69664038,460921312.000
2012-05-23,4.74,4.74,4.64,4.67,70750346,465308480.000
2012-05-24,4.67,4.68,4.51,4.54,149143078,962694272.000
2012-05-25,4.55,4.56,4.44,4.49,129567260,820637376.000
2012-05-28,4.48,4.55,4.45,4.54,106006694,673434816.000
2012-05-29,4.54,4.62,4.49,4.60,115147484,738332480.000
2012-05-30,4.59,4.59,4.50,4.56,111367679,711903360.000
2012-05-31,4.52,4.54,4.50,4.52,63659215,405909728.000
2012-06-01,4.52,4.55,4.49,4.49,85792039,545354368.000
2012-06-04,4.44,4.45,4.34,4.34,117021619,729094464.000
2012-06-05,4.37,4.44,4.32,4.41,98406019,611414912.000
2012-06-06,4.41,4.49,4.41,4.45,73418676,461977184.000
2012-06-07,4.50,4.53,4.44,4.47,68397956,432317568.000
2012-06-08,4.46,4.46,4.24,4.28,267299383,1630720896.000
2012-06-11,4.29,4.30,4.23,4.25,114511163,694715904.000
2012-06-12,4.26,4.28,4.19,4.24,114636554,690534784.000
2012-06-13,4.25,4.30,4.23,4.29,80242679,487440384.000
2012-06-14,4.29,4.29,4.20,4.22,80871167,488490336.000
2012-06-18,4.36,4.37,4.30,4.33,125152553,769259136.000
2012-06-19,4.34,4.41,4.32,4.39,111866708,691496320.000
2012-06-20,4.39,4.48,4.39,4.44,94087364,590924736.000
2012-06-21,4.44,4.44,4.36,4.41,66800802,415379808.000
2012-06-25,4.38,4.46,4.38,4.43,145128284,909893376.000
2012-06-26,4.43,4.47,4.41,4.44,69251467,413714016.000
2012-06-27,4.44,4.47,4.35,4.39,73217112,434191968.000
2012-06-28,4.38,4.39,4.32,4.35,62350791,365752448.000
2012-06-29,4.37,4.48,4.36,4.45,101744092,607708224.000
2012-07-02,4.47,4.48,4.40,4.44,59399567,354751008.000
2012-07-03,4.44,4.57,4.43,4.50,87509953,530653760.000
2012-07-04,4.53,4.59,4.50,4.54,70265585,428750048.000
2012-07-05,4.53,4.54,4.49,4.53,50020783,303495328.000
2012-07-06,4.44,4.51,4.39,4.49,114176769,684213312.000
2012-07-09,4.47,4.50,4.30,4.34,120380677,713560832.000
2012-07-10,4.34,4.38,4.33,4.35,55235954,324336512.000
2012-07-11,4.35,4.39,4.33,4.36,51338141,301962208.000
2012-07-12,4.35,4.42,4.29,4.37,91654804,537131904.000
2012-07-13,4.37,4.49,4.37,4.44,69005715,411372608.000
2012-07-16,4.45,4.46,4.39,4.41,67614764,402660288.000
2012-07-17,4.40,4.48,4.40,4.47,71100732,426454176.000
2012-07-18,4.48,4.48,4.36,4.43,64180339,381513440.000
2012-07-19,4.42,4.44,4.36,4.42,65554811,389620096.000
2012-07-20,4.40,4.42,4.38,4.39,40600009,240234528.000
2012-07-23,4.35,4.35,4.29,4.31,63516336,370288640.000
2012-07-24,4.29,4.35,4.29,4.29,52040168,302628960.000
2012-07-25,4.29,4.34,4.29,4.29,39274604,228177392.000
2012-07-26,4.31,4.31,4.23,4.27,52589900,303147040.000
2012-07-27,4.29,4.41,4.27,4.34,79837953,468251744.000
2012-07-30,4.34,4.43,4.34,4.38,79298293,469784544.000
2012-07-31,4.40,4.48,4.39,4.47,114718993,687224448.000
2012-08-01,4.47,4.52,4.43,4.47,60040358,360565248.000
2012-08-02,4.46,4.49,4.45,4.48,60043896,360892288.000
2012-08-03,4.49,4.49,4.44,4.45,41357627,247982112.000
2012-08-06,4.46,4.49,4.44,4.46,62237534,372966016.000
2012-08-07,4.45,4.47,4.44,4.44,42939118,257148608.000
2012-08-08,4.46,4.51,4.45,4.48,53881288,324756096.000
2012-08-09,4.48,4.49,4.45,4.49,36425324,219164496.000
2012-08-10,4.52,4.57,4.49,4.51,70840691,431373216.000
2012-08-13,4.51,4.54,4.49,4.50,56161253,340486112.000
2012-08-14,4.50,4.54,4.49,4.52,40606797,246268912.000
2012-08-15,4.51,4.53,4.40,4.42,54541743,326303584.000
2012-08-16,4.42,4.43,4.39,4.40,31837909,188958976.000
2012-08-17,4.40,4.45,4.39,4.44,45189645,268942656.000
2012-08-20,4.40,4.42,4.34,4.39,30881111,181990576.000
2012-08-21,4.39,4.41,4.36,4.39,47828421,282428000.000
2012-08-22,4.38,4.38,4.31,4.34,60555266,354588544.000
2012-08-23,4.34,4.39,4.30,4.36,51762337,303731904.000
2012-08-24,4.38,4.38,4.34,4.35,57527247,337841024.000
2012-08-27,4.35,4.39,4.32,4.34,62992835,369654592.000
2012-08-28,4.34,4.44,4.34,4.43,59997586,355181568.000
2012-08-29,4.42,4.46,4.40,4.44,51170233,305682400.000
2012-08-30,4.42,4.49,4.41,4.46,86467742,519001888.000
2012-08-31,4.45,4.47,4.43,4.44,50533799,302451488.000
2012-09-03,4.44,4.46,4.40,4.40,65111151,378490912.000
2012-09-04,4.40,4.43,4.29,4.32,106403982,607962048.000
2012-09-05,4.31,4.31,4.08,4.14,229946446,1257106560.000
2012-09-06,4.17,4.33,4.12,4.32,234683865,1307072128.000
2012-09-07,4.30,4.49,4.29,4.44,176289969,1020580416.000
2012-09-10,4.44,4.45,4.35,4.39,101774461,585456192.000
2012-09-11,4.36,4.37,4.31,4.37,42064242,239876256.000
2012-09-12,4.39,4.40,4.31,4.35,52896718,302340768.000
2012-09-13,4.33,4.34,4.29,4.31,42066406,238996224.000
2012-09-14,4.34,4.39,4.29,4.37,62235242,355729664.000
2012-09-17,4.35,4.35,4.29,4.29,44751814,254415440.000
2012-09-18,4.26,4.28,4.17,4.20,60451857,336324672.000
2012-09-19,4.20,4.22,4.17,4.19,42401791,233970784.000
2012-09-20,4.17,4.18,4.13,4.14,60247550,330486464.000
2012-09-21,4.13,4.19,4.10,4.16,49295782,270369568.000
2012-09-24,4.13,4.19,4.10,4.19,65901125,360108800.000
2012-09-25,4.18,4.20,4.15,4.16,28862297,158921600.000
2012-09-26,4.14,4.18,4.11,4.14,25143424,137624128.000
2012-09-27,4.16,4.42,4.12,4.25,82694369,462647936.000
2012-09-28,4.21,4.31,4.18,4.29,77548107,433353824.000
2012-10-08,4.28,4.32,4.24,4.27,54319790,305956000.000
2012-10-09,4.29,4.39,4.29,4.37,88116809,504939104.000
2012-10-10,4.37,4.39,4.33,4.34,51742100,295875328.000
2012-10-11,4.34,4.37,4.29,4.36,50904656,290267264.000
2012-10-12,4.37,4.44,4.37,4.40,72173683,417648928.000
2012-10-15,4.42,4.43,4.37,4.40,38256077,220684512.000
2012-10-16,4.40,4.45,4.39,4.44,69517388,404252576.000
2012-10-17,4.45,4.47,4.43,4.46,86603807,505550176.000
2012-10-18,4.47,4.57,4.45,4.55,112824442,669186816.000
2012-10-19,4.54,4.59,4.54,4.59,95275411,570207424.000
2012-10-22,4.56,4.66,4.55,4.66,110366953,666012032.000
2012-10-23,4.66,4.69,4.60,4.60,85007147,516359296.000
2012-10-24,4.59,4.62,4.55,4.55,71452446,428293088.000
2012-10-25,4.55,4.58,4.53,4.56,66287257,395628000.000
2012-10-26,4.57,4.59,4.51,4.57,92988322,553908160.000
2012-10-29,4.55,4.64,4.54,4.61,69747353,419287168.000
2012-10-30,4.60,4.64,4.54,4.55,78529303,470737472.000
2012-10-31,4.57,4.63,4.53,4.60,80480293,483582304.000
2012-11-01,4.60,4.71,4.59,4.61,160431622,976304512.000
2012-11-02,4.61,4.67,4.61,4.67,64237361,390318656.000
2012-11-05,4.67,4.73,4.65,4.71,75754549,464889056.000
2012-11-06,4.71,4.72,4.66,4.71,73132858,447637472.000
2012-11-07,4.70,4.73,4.66,4.72,89540207,548660928.000
2012-11-08,4.67,4.71,4.65,4.67,92993651,568180096.000
2012-11-09,4.67,4.71,4.65,4.68,51684971,316115520.000
2012-11-12,4.68,4.79,4.68,4.78,115007170,710095744.000
2012-11-13,4.77,4.78,4.65,4.70,80671924,495110208.000
2012-11-14,4.69,4.75,4.68,4.71,69700868,429752704.000
2012-11-15,4.69,4.72,4.66,4.69,62695600,383810592.000
2012-11-16,4.68,4.69,4.65,4.66,73902880,450634912.000
2012-11-19,4.65,4.69,4.64,4.66,91697553,559100096.000
2012-11-20,4.67,4.69,4.64,4.64,37982810,231432848.000
2012-11-21,4.64,4.69,4.63,4.68,63276307,385078944.000
2012-11-22,4.66,4.69,4.64,4.69,45378358,276698240.000
2012-11-23,4.70,4.73,4.67,4.67,96343863,591372096.000
2012-11-26,4.67,4.71,4.65,4.70,50162949,306662240.000
2012-11-27,4.70,4.78,4.69,4.77,117924628,731972672.000
2012-11-28,4.74,4.82,4.74,4.81,100968344,630776000.000
2012-11-29,4.82,4.83,4.79,4.80,89909864,563936064.000
2012-11-30,4.79,4.84,4.79,4.83,76659162,481125856.000
2012-12-03,4.83,4.84,4.74,4.74,85134341,531498912.000
2012-12-04,4.74,4.84,4.73,4.82,84499996,528654144.000
2012-12-05,4.83,5.10,4.82,5.05,272925135,1779779072.000
2012-12-06,5.05,5.10,5.03,5.08,89073617,586409280.000
2012-12-07,5.10,5.29,5.07,5.29,205327363,1386471296.000
2012-12-10,5.31,5.48,5.27,5.44,217479495,1507717120.000
2012-12-11,5.41,5.45,5.30,5.34,200925578,1403832832.000
2012-12-12,5.33,5.44,5.30,5.43,226122382,1567158528.000
2012-12-13,5.41,5.41,5.32,5.33,222424628,1538593664.000
2012-12-14,5.32,5.84,5.32,5.81,361845656,2599630080.000
2012-12-17,5.86,6.00,5.74,5.84,245348190,1845136896.000
2012-12-18,5.81,6.02,5.75,5.85,232054858,1758920704.000
2012-12-19,5.85,5.96,5.77,5.84,188552132,1412961792.000
2012-12-20,5.79,5.84,5.70,5.78,219312240,1624182272.000
2012-12-21,5.79,5.79,5.64,5.69,213513330,1565215360.000
2012-12-24,5.70,5.87,5.69,5.75,147024177,1094176640.000
2012-12-25,5.71,6.13,5.69,6.04,242466861,1863290880.000
2012-12-26,6.05,6.06,5.94,6.04,152976378,1178801408.000
2012-12-27,6.04,6.11,5.84,5.95,241887997,1851557888.000
2012-12-28,5.94,6.04,5.90,6.00,149118825,1144263040.000
2012-12-31,6.01,6.15,6.00,6.14,216576436,1688135680.000
2013-01-04,6.34,6.39,6.10,6.24,285152831,2283631872.000
2013-01-07,6.20,6.54,6.19,6.52,210150795,1718001280.000
2013-01-08,6.54,6.54,6.34,6.41,151430552,1242015232.000
2013-01-09,6.38,6.48,6.33,6.40,128960387,1053599744.000
2013-01-10,6.39,6.51,6.32,6.36,126197735,1035333952.000
2013-01-11,6.38,6.43,6.23,6.26,174120775,1408533120.000
2013-01-14,6.24,6.72,6.22,6.71,250216183,2087180928.000
2013-01-15,6.70,6.78,6.64,6.75,140939098,1206861824.000
2013-01-16,6.73,6.75,6.53,6.70,135654262,1153615616.000
2013-01-17,6.67,6.70,6.55,6.63,120526519,1018838272.000
2013-01-18,6.68,6.96,6.68,6.90,173534881,1512898560.000
2013-01-21,6.92,7.10,6.82,7.09,205867882,1818235136.000
2013-01-22,7.05,7.18,6.88,6.99,249060601,2235043328.000
2013-01-23,6.93,7.26,6.91,7.25,203363307,1825155456.000
2013-01-24,7.25,7.56,7.18,7.34,304905181,2856003328.000
2013-01-25,7.32,7.39,7.22,7.36,130079817,1206324992.000
2013-01-28,7.37,7.96,7.37,7.92,315832381,3085896192.000
2013-01-29,7.94,8.34,7.84,8.14,361063210,3679056896.000
2013-01-30,8.14,8.25,8.01,8.22,241639786,2479537664.000
2013-01-31,8.22,8.28,8.04,8.18,172906784,1776599168.000
2013-02-01,8.13,8.99,8.07,8.94,362670464,3895720960.000
2013-02-04,8.94,9.47,8.92,9.19,512477993,5885585408.000
2013-02-05,9.06,9.36,9.04,9.34,346947217,4018491136.000
2013-02-06,9.33,9.51,9.11,9.34,247862496,2891281408.000
2013-02-07,9.29,9.30,8.54,8.75,572384251,6342382592.000
2013-02-08,8.65,8.74,8.29,8.35,574655950,6118022144.000
2013-02-18,8.48,8.54,8.24,8.27,351712969,3714770944.000
2013-02-19,8.24,8.45,8.20,8.37,310641765,3261308160.000
2013-02-20,8.39,8.39,8.04,8.24,351481661,3626361088.000
2013-02-21,8.20,8.20,7.59,7.73,585360981,5791433728.000
2013-02-22,7.73,7.76,7.44,7.50,391087184,3763630336.000
2013-02-25,7.57,7.73,7.49,7.59,354146105,3406278912.000
2013-02-26,7.47,8.00,7.39,7.64,676376092,6654008320.000
2013-02-27,7.65,7.89,7.62,7.78,368180600,3610826752.000
2013-02-28,7.91,8.24,7.69,8.22,472325989,4763104768.000
2013-03-01,8.19,8.25,7.88,8.07,374031888,3811471360.000
2013-03-04,7.81,7.81,7.42,7.49,381455272,3668424704.000
2013-03-05,7.50,8.11,7.49,8.09,393978503,3894429184.000
2013-03-06,8.13,8.54,8.01,8.38,484117026,5073197568.000
2013-03-07,8.29,8.52,8.04,8.24,393726038,4120534016.000
2013-03-08,8.25,8.49,8.17,8.39,329909581,3478503936.000
2013-03-11,8.34,8.36,8.04,8.10,232264568,2396112640.000
2013-03-12,8.08,8.15,7.54,7.70,407949557,4014156032.000
2013-03-13,7.73,7.86,7.69,7.74,243176536,2388775168.000
2013-03-14,7.72,7.95,7.63,7.80,276041107,2725832704.000
2013-03-15,7.75,8.29,7.69,7.91,375168009,3790462976.000
2013-03-18,7.88,8.09,7.79,7.96,222540875,2240078848.000
2013-03-19,7.96,8.22,7.90,8.18,227835152,2320414464.000
2013-03-20,8.19,8.76,8.19,8.75,439106651,4719516672.000
2013-03-21,8.75,8.84,8.59,8.70,247124548,2706084096.000
2013-03-22,8.68,8.79,8.61,8.67,149485494,1637021824.000
2013-03-25,8.74,8.94,8.71,8.75,224682266,2491383296.000
2013-03-26,8.69,8.72,8.26,8.34,287550256,3041949440.000
2013-03-27,8.34,8.58,8.24,8.38,216312846,2290762240.000
2013-03-28,7.84,7.86,7.50,7.60,617429357,5971726848.000
2013-03-29,7.55,7.68,7.35,7.62,410647393,3882163712.000
2013-04-01,7.54,7.71,7.49,7.65,190127187,1837078400.000
2013-04-02,7.65,7.77,7.51,7.61,186456606,1799371520.000
2013-04-03,7.63,7.74,7.59,7.65,135990061,1317085184.000
2013-04-08,7.40,7.62,7.34,7.58,142609332,1353360896.000
2013-04-09,7.60,7.74,7.59,7.67,138587856,1345625344.000
2013-04-10,7.65,7.69,7.52,7.62,123567418,1188576128.000
2013-04-11,7.70,7.73,7.62,7.63,112404120,1088158080.000
2013-04-12,7.64,7.69,7.57,7.59,142640167,1378710656.000
2013-04-15,7.56,7.66,7.55,7.63,121961588,1175505152.000
2013-04-16,7.57,7.59,7.09,7.52,275167496,2561219584.000
2013-04-17,7.42,7.47,7.16,7.29,205816264,1901909888.000
2013-04-18,7.13,7.45,7.03,7.38,219540410,2015434368.000
2013-04-19,7.38,8.06,7.34,8.01,357576201,3510119936.000
2013-04-22,7.92,8.22,7.88,8.12,248925496,2538537728.000
2013-04-23,8.16,8.19,7.71,7.72,195215169,1933690368.000
2013-04-24,7.71,8.16,7.64,8.03,181914084,1818043264.000
2013-04-25,7.93,8.00,7.76,7.86,137881691,1371449344.000
2013-04-26,7.89,7.98,7.69,7.77,95530352,948186816.000
2013-05-02,7.69,7.92,7.54,7.92,125145697,1223751040.000
2013-05-03,7.94,8.34,7.93,8.11,233370051,2402462208.000
2013-05-06,8.13,8.32,8.10,8.14,150602081,1557263104.000
2013-05-07,8.13,8.22,8.03,8.21,120425806,1234112768.000
2013-05-08,8.29,8.42,8.14,8.23,185766925,1941947392.000
2013-05-09,8.21,8.24,8.05,8.21,127478031,1311093504.000
2013-05-10,8.21,8.35,8.16,8.22,101803598,1057218880.000
2013-05-13,8.24,8.28,8.11,8.16,86639866,892525504.000
2013-05-14,8.10,8.14,7.96,8.01,112116965,1135994624.000
2013-05-15,8.03,8.12,7.98,8.04,74792094,757073344.000
2013-05-16,8.00,8.31,7.90,8.29,217281403,2232269568.000
2013-05-17,8.25,8.37,8.16,8.32,179853824,1874681344.000
2013-05-20,8.38,8.69,8.28,8.52,224245835,2402745088.000
2013-05-21,8.50,8.55,8.36,8.47,124500765,1325884032.000
2013-05-22,8.44,8.53,8.39,8.45,96668455,1029298304.000
2013-05-23,8.40,8.48,8.24,8.26,132496117,1391197696.000
2013-05-24,8.31,8.45,8.21,8.28,106908606,1118294912.000
2013-05-27,8.25,8.34,8.21,8.29,82157997,858378432.000
2013-05-28,8.29,8.55,8.21,8.54,156179023,1647485440.000
2013-05-29,8.54,8.64,8.43,8.44,118141536,1268836224.000
2013-05-30,8.42,8.47,8.30,8.34,106978214,1127817728.000
2013-05-31,8.35,8.39,8.19,8.30,149615875,1561438592.000
2013-06-03,8.33,8.37,8.16,8.24,115549699,1202285696.000
2013-06-04,8.21,8.26,8.11,8.15,93557230,962647936.000
2013-06-05,8.14,8.14,7.97,8.00,117771217,1194975616.000
2013-06-06,7.97,7.99,7.82,7.92,136585291,1361001728.000
2013-06-07,7.92,7.98,7.88,7.91,120666061,1205667456.000
2013-06-13,7.75,7.84,7.51,7.82,189115768,1847932672.000
2013-06-14,7.83,7.92,7.79,7.89,108141850,1074710784.000
2013-06-17,7.93,7.98,7.81,7.84,99336461,987183360.000
2013-06-18,7.87,7.98,7.84,7.88,93114498,929560000.000
2013-06-19,7.82,7.82,7.66,7.71,102233480,996460032.000
2013-06-20,7.67,7.67,7.19,7.33,152527260,1426264192.000
2013-06-21,7.15,7.49,6.99,7.46,184857233,1706800768.000
2013-06-24,7.36,7.37,6.68,6.68,249091825,2158574080.000
2013-06-25,6.44,6.67,5.97,6.62,389102190,3113881856.000
2013-06-26,6.63,6.63,6.26,6.50,302426417,2471894784.000
2013-06-27,6.50,6.64,6.44,6.55,171402745,1398738560.000
2013-06-28,6.49,6.92,6.46,6.85,234616396,1983292416.000
2013-07-01,6.79,6.92,6.68,6.87,133709591,1134213120.000
2013-07-02,6.84,6.88,6.64,6.78,146425373,1232894080.000
2013-07-03,6.71,6.77,6.57,6.74,138729820,1155464576.000
2013-07-04,6.67,6.86,6.61,6.78,112073858,942882880.000
2013-07-05,6.75,6.85,6.74,6.79,96451145,819301760.000
2013-07-08,6.69,6.79,6.59,6.70,101154709,847658304.000
2013-07-09,6.70,6.75,6.67,6.71,57916087,486648800.000
2013-07-10,6.70,6.91,6.67,6.88,94082229,800032000.000
2013-07-11,7.04,7.59,6.96,7.59,326850234,3015889664.000
2013-07-12,7.54,7.64,7.16,7.30,220870041,2055752192.000
2013-07-15,7.34,7.55,7.21,7.34,145173736,1330815232.000
2013-07-16,7.29,7.37,7.21,7.37,103461603,939063296.000
2013-07-17,7.34,7.42,7.23,7.24,80689830,735162368.000
2013-07-18,7.21,7.26,6.94,6.99,142644404,1252190720.000
2013-07-19,6.99,7.03,6.71,6.72,182287874,1551079040.000
2013-07-22,6.59,6.75,6.42,6.73,125572855,1040285696.000
2013-07-23,6.75,7.09,6.66,6.91,132514580,1145735808.000
2013-07-24,6.83,6.89,6.69,6.77,122092445,1030897600.000
2013-07-25,6.79,6.89,6.69,6.71,69882499,591833984.000
2013-07-26,6.70,6.76,6.64,6.71,91447177,768523456.000
2013-07-29,6.61,6.61,6.45,6.50,105955214,865574144.000
2013-07-30,6.52,6.79,6.50,6.60,85768199,713654912.000
2013-07-31,6.71,6.89,6.58,6.61,67869674,567301504.000
2013-08-01,6.70,6.80,6.63,6.76,97348250,819839552.000
2013-08-02,6.89,6.96,6.68,6.73,90693757,772459008.000
2013-08-05,6.75,6.80,6.66,6.79,79536176,671812544.000
2013-08-06,6.75,6.85,6.66,6.79,95022793,802282880.000
2013-08-07,6.76,7.00,6.74,6.83,113249191,974719872.000
2013-08-08,6.79,6.91,6.76,6.79,70446416,600214720.000
2013-08-09,6.84,6.88,6.61,6.73,78879227,664781056.000
2013-08-12,6.75,7.17,6.75,7.12,241863215,2116199808.000
2013-08-13,7.12,7.29,7.08,7.25,184717464,1661043968.000
2013-08-14,7.25,7.49,7.20,7.23,166842803,1525361792.000
2013-08-15,7.22,7.38,7.10,7.12,99366177,896898432.000
2013-08-16,7.11,7.86,6.96,7.23,323875036,2976145920.000
2013-08-19,7.13,7.60,7.11,7.53,209646697,1928567936.000
2013-08-20,7.50,7.75,7.40,7.51,186279405,1760269184.000
2013-08-21,7.59,7.59,7.34,7.44,91671340,848416064.000
2013-08-22,7.39,7.67,7.37,7.46,110285240,1034170304.000
2013-08-23,7.54,7.59,7.21,7.34,109218920,1002647936.000
2013-08-26,7.34,7.58,7.29,7.49,111664017,1038947584.000
2013-08-27,7.47,7.57,7.36,7.43,82932385,769466112.000
2013-08-28,7.34,7.41,7.21,7.33,87785814,801778240.000
2013-08-29,7.42,7.46,7.26,7.31,75938874,694831168.000
2013-08-30,7.31,7.36,7.18,7.24,121258150,1096749440.000
2013-09-02,7.33,7.44,7.24,7.30,120386017,1099548928.000
2013-09-03,7.39,7.59,7.34,7.47,172591863,1610673664.000
2013-09-04,7.49,7.65,7.46,7.49,139883381,1316549248.000
2013-09-05,7.51,7.56,7.43,7.51,59706951,558713600.000
2013-09-06,7.50,7.63,7.46,7.56,122526894,1151479552.000
2013-09-09,7.63,8.31,7.63,8.21,410342026,4103041792.000
2013-09-10,8.28,8.29,8.01,8.23,241397678,2405077760.000
2013-09-11,8.24,8.52,8.15,8.18,189872212,1929192192.000
2013-09-12,8.18,8.59,8.06,8.38,293411848,2999735808.000
2013-09-13,8.24,8.28,7.95,8.04,236284721,2336317184.000
2013-09-16,8.11,8.56,7.80,8.33,373354397,3730227968.000
2013-09-17,8.63,8.91,8.30,8.38,469130785,4879507456.000
2013-09-18,8.32,8.48,8.09,8.31,209066942,2110211584.000
2013-09-23,8.33,8.39,8.18,8.30,203546310,2063126400.000
2013-09-24,8.33,8.33,7.89,7.95,197145928,1934357632.000
2013-09-25,7.97,8.13,7.80,7.89,130275151,1268852224.000
2013-09-26,7.84,7.87,7.71,7.75,199647015,1900327040.000
2013-09-27,7.74,7.83,7.65,7.74,108197142,1022255744.000
2013-09-30,7.83,7.83,7.68,7.81,75631325,717266752.000
2013-10-08,7.76,7.93,7.61,7.88,109687146,1044182080.000
2013-10-09,7.85,8.08,7.80,7.97,116215650,1133816320.000
2013-10-10,8.04,8.04,7.76,7.76,86918530,837717312.000
2013-10-11,7.84,7.99,7.73,7.92,142567034,1373395456.000
2013-10-14,7.88,7.92,7.69,7.73,110778152,1049261824.000
2013-10-15,7.73,7.75,7.58,7.61,89280969,834719040.000
2013-10-16,7.58,7.59,7.43,7.47,108158886,990962560.000
2013-10-17,7.52,7.55,7.38,7.41,96870472,882064512.000
2013-10-18,7.43,7.54,7.38,7.45,119326438,1091729152.000
2013-10-21,7.46,7.53,7.34,7.50,97052264,884834816.000
2013-10-22,7.47,7.47,7.31,7.34,112927283,1018310272.000
2013-10-23,7.41,7.58,7.27,7.40,165028514,1505375360.000
2013-10-24,7.36,7.41,7.25,7.27,115586601,1036376704.000
2013-10-25,7.27,7.45,7.23,7.33,187356746,1683887232.000
2013-10-28,7.32,7.33,7.14,7.24,89933173,795537536.000
2013-10-29,7.25,7.62,7.25,7.47,225108449,2059042048.000
2013-10-30,7.49,7.53,7.36,7.49,107496943,983078720.000
2013-10-31,7.36,7.36,7.21,7.31,156844206,1403487872.000
2013-11-01,7.33,7.52,7.29,7.48,136015891,1236837888.000
2013-11-04,7.56,7.63,7.43,7.46,72333980,663715264.000
2013-11-05,7.41,7.43,7.25,7.40,95154016,856604288.000
2013-11-06,7.33,7.33,7.24,7.26,109010674,971237248.000
2013-11-07,7.26,7.31,7.19,7.28,69911486,621997120.000
2013-11-08,7.25,7.29,7.15,7.15,80563361,712759296.000
2013-11-11,7.16,7.24,7.11,7.23,98579871,864875456.000
2013-11-12,7.26,7.33,7.22,7.29,79561145,709537280.000
2013-11-13,7.18,7.20,6.92,6.97,154720419,1330519680.000
2013-11-14,6.93,7.00,6.76,6.96,129464770,1091274368.000
2013-11-15,6.96,7.13,6.89,7.03,141420409,1222939648.000
2013-11-18,7.08,7.30,6.91,7.26,289062734,2523099136.000
2013-11-19,7.23,7.23,7.09,7.12,158108100,1384335872.000
2013-11-20,7.18,7.22,7.05,7.12,123100577,1073343296.000
2013-11-21,7.08,7.08,6.88,6.99,164994558,1407080448.000
2013-11-22,7.04,7.04,6.97,6.98,99955111,858479040.000
2013-11-25,6.93,7.03,6.89,6.93,80315910,686323712.000
2013-11-26,6.93,6.97,6.90,6.90,85807022,729060416.000
2013-11-27,6.90,7.01,6.88,6.96,121329684,1033778112.000
2013-11-28,6.98,7.07,6.94,6.99,98199712,844201280.000
2013-11-29,7.03,7.06,6.99,7.00,73597365,633866368.000
2013-12-02,6.99,7.14,6.93,7.06,271046844,2345693184.000
2013-12-03,7.07,7.07,6.93,6.99,138450512,1185968384.000
2013-12-04,6.97,7.09,6.94,7.02,159725645,1376455936.000
2013-12-05,7.00,7.03,6.96,6.98,93469343,800572224.000
2013-12-06,6.97,6.98,6.93,6.97,82515106,703597760.000
2013-12-09,6.99,6.99,6.89,6.92,101804487,864968256.000
2013-12-10,6.94,6.95,6.88,6.90,132885944,1125206784.000
2013-12-11,6.85,6.87,6.76,6.78,133875078,1118421504.000
2013-12-12,6.76,6.81,6.71,6.74,88136866,731051904.000
2013-12-13,6.72,6.77,6.68,6.73,89430058,737469760.000
2013-12-16,6.75,6.77,6.65,6.66,80946730,665912128.000
2013-12-17,6.68,6.69,6.59,6.62,87638753,715363648.000
2013-12-18,6.61,6.65,6.58,6.60,73113748,593414912.000
2013-12-19,6.63,6.63,6.36,6.41,180862195,1439823872.000
2013-12-20,6.43,6.43,6.21,6.33,175310975,1357350400.000
2013-12-23,6.29,6.31,6.18,6.23,116556170,894706240.000
2013-12-24,6.23,6.28,6.14,6.23,102077142,781673856.000
2013-12-25,6.23,6.24,6.16,6.23,77109062,587753792.000
2013-12-26,6.22,6.23,6.15,6.15,81754189,620859264.000
2013-12-27,6.17,6.28,6.15,6.23,107240184,822762304.000
2013-12-30,6.25,6.27,6.14,6.15,117842730,894205056.000
2013-12-31,6.12,6.31,6.09,6.28,153637921,1176802688.000
2014-01-02,6.23,6.30,6.22,6.28,94240593,725969856.000
2014-01-03,6.24,6.26,6.13,6.18,86647034,658704832.000
2014-01-06,6.18,6.19,5.97,6.00,118070522,876942208.000
2014-01-07,5.94,5.98,5.88,5.93,77119177,563210048.000
2014-01-08,5.93,6.01,5.88,5.95,94659715,692994496.000
2014-01-09,5.93,5.99,5.91,5.93,74121239,543153664.000
2014-01-10,5.92,5.98,5.88,5.96,71326489,522497376.000
2014-01-13,5.95,5.98,5.88,5.93,72069188,525818208.000
2014-01-14,5.93,5.98,5.89,5.95,54382485,397312864.000
2014-01-15,5.94,5.95,5.89,5.91,46741959,340548576.000
2014-01-16,5.93,5.93,5.87,5.88,59344833,431063872.000
2014-01-17,5.86,5.86,5.73,5.73,93640214,664912448.000
2014-01-20,5.71,5.71,5.59,5.63,95586058,664174912.000
2014-01-21,5.63,5.71,5.62,5.68,65796112,459347840.000
2014-01-22,5.68,5.82,5.65,5.80,91056533,646539584.000
2014-01-23,5.80,5.80,5.70,5.72,85076609,601415296.000
2014-01-24,5.69,5.76,5.66,5.73,75005976,529057920.000
2014-01-27,5.68,5.75,5.61,5.72,88296952,620036672.000
2014-01-28,5.73,5.84,5.73,5.83,94876370,677471872.000
2014-01-29,5.84,6.03,5.81,5.99,125008685,917888448.000
2014-01-30,5.97,6.02,5.93,5.96,74464286,548243904.000
2014-02-07,5.89,5.92,5.83,5.88,67131708,485423040.000
2014-02-10,5.93,6.01,5.88,5.98,99010437,726592704.000
2014-02-11,5.98,6.29,5.94,6.20,223935574,1703312768.000
2014-02-12,6.20,6.43,6.20,6.31,233110870,1814737664.000
2014-02-13,6.31,6.71,6.26,6.57,324210573,2595551488.000
2014-02-14,6.55,6.57,6.45,6.50,107563280,859629888.000
2014-02-17,6.52,6.57,6.33,6.38,136650656,1073312192.000
2014-02-18,6.34,6.38,6.26,6.29,90486170,702085824.000
2014-02-19,6.28,6.61,6.28,6.51,172870239,1372539520.000
2014-02-20,6.53,6.66,6.33,6.34,149448542,1193464576.000
2014-02-21,6.36,6.42,6.18,6.23,92239741,709848384.000
2014-02-24,6.16,6.16,5.93,6.03,121192051,898079808.000
2014-02-25,6.00,6.08,5.88,5.93,85845425,633399680.000
2014-02-26,5.85,6.01,5.84,5.95,111312002,813049664.000
2014-02-27,5.97,6.26,5.89,6.16,187961070,1410160256.000
2014-02-28,6.08,6.21,5.96,6.12,121084128,908170688.000
2014-03-03,6.08,6.10,5.98,6.07,85320046,633754560.000
2014-03-04,6.02,6.37,5.99,6.28,132075856,1000205952.000
2014-03-05,6.29,6.37,6.12,6.13,113592536,869299072.000
2014-03-06,6.13,6.37,6.10,6.30,152129338,1173884544.000
2014-03-07,6.28,6.49,6.27,6.31,150329524,1179076864.000
2014-03-10,6.26,6.26,6.04,6.05,110724309,836592768.000
2014-03-11,6.02,6.20,6.02,6.06,84153241,630306752.000
2014-03-12,6.03,6.23,5.98,6.13,105115949,792369408.000
2014-03-13,6.22,6.38,6.17,6.20,126199338,974105088.000
2014-03-14,6.18,6.31,6.08,6.13,106562288,810856000.000
2014-03-17,6.18,6.21,6.03,6.10,59608051,447211680.000
2014-03-18,6.11,6.13,5.96,5.99,90094741,668973824.000
2014-03-19,5.95,5.95,5.78,5.87,99700004,717461760.000
2014-03-20,5.83,5.99,5.83,5.84,73541093,535097472.000
2014-03-21,5.81,6.18,5.79,6.14,181018328,1342391936.000
2014-03-24,6.15,6.30,6.09,6.19,143486156,1096737920.000
2014-03-25,6.19,6.23,6.08,6.11,79522772,600820800.000
2014-03-26,6.12,6.15,6.08,6.13,37958340,285728736.000
2014-03-27,6.12,6.54,6.08,6.36,227829107,1776324352.000
2014-03-28,6.34,6.50,6.28,6.38,155452641,1224562816.000
2014-03-31,6.27,6.38,6.13,6.23,147206703,1125465600.000
2014-04-01,6.23,6.27,6.15,6.21,78276184,597294784.000
2014-04-02,6.20,6.35,6.17,6.33,104119133,803364352.000
2014-04-03,6.35,6.42,6.23,6.25,103113156,802065728.000
2014-04-04,6.20,6.35,6.18,6.32,59106364,457184192.000
2014-04-08,6.34,6.71,6.33,6.63,287118575,2313961472.000
2014-04-09,6.63,6.64,6.53,6.55,93490176,756605760.000
2014-04-10,6.55,6.68,6.48,6.59,148066137,1195925760.000
2014-04-11,6.53,6.63,6.48,6.56,121882209,980694272.000
2014-04-14,6.55,6.58,6.49,6.53,46337444,371374848.000
2014-04-15,6.51,6.53,6.35,6.37,82189376,647084864.000
2014-04-16,6.34,6.44,6.30,6.34,69499240,543341696.000
2014-04-17,6.38,6.40,6.27,6.34,60689151,472415200.000
2014-04-18,6.29,6.43,6.19,6.39,156329672,1209953536.000
2014-04-21,6.32,6.38,6.27,6.27,84198105,656395712.000
2014-04-22,6.26,6.50,6.26,6.47,110540559,864315328.000
2014-04-23,6.43,6.48,6.38,6.45,148776246,1178305664.000
2014-04-24,6.43,6.55,6.41,6.43,79643493,634121216.000
2014-04-25,6.47,6.54,6.35,6.36,111324887,880417344.000
2014-04-28,6.38,6.45,6.30,6.40,95623488,750984384.000
2014-04-29,6.42,6.46,6.33,6.45,68826067,541203520.000
2014-04-30,6.43,6.49,6.39,6.40,74805158,592577664.000
2014-05-05,6.36,6.38,6.21,6.31,89994562,695776896.000
2014-05-06,6.28,6.34,6.25,6.29,48531913,375579872.000
2014-05-07,6.29,6.31,6.24,6.26,68030409,524420928.000
2014-05-08,6.26,6.34,6.23,6.23,46831174,361987904.000
2014-05-09,6.28,6.28,6.21,6.22,39927352,306190112.000
2014-05-12,6.25,6.33,6.21,6.29,96540786,746742848.000
2014-05-13,6.29,6.29,6.24,6.26,68097886,525273728.000
2014-05-14,6.25,6.30,6.23,6.24,61138597,470772992.000
2014-05-15,6.24,6.26,6.22,6.22,70527555,541165632.000
2014-05-16,6.23,6.27,6.20,6.24,46711697,359269024.000
2014-05-19,6.22,6.24,5.99,6.03,73326995,550127872.000
2014-05-20,6.06,6.07,5.96,5.98,64990454,479599616.000
2014-05-21,5.95,6.03,5.87,6.01,50103989,369040192.000
2014-05-22,6.01,6.13,5.99,6.02,55704449,416010880.000
2014-05-23,6.03,6.08,6.00,6.06,40972513,304626304.000
2014-05-26,6.08,6.12,6.06,6.08,73804596,552391808.000
2014-05-27,6.08,6.09,6.03,6.04,39716356,296645760.000
2014-05-28,6.04,6.08,5.98,6.05,52433803,389088320.000
2014-05-29,6.05,6.08,6.02,6.03,51082617,381096192.000
2014-05-30,6.03,6.09,6.01,6.05,48703258,362849024.000
2014-06-03,6.06,6.09,6.03,6.04,35322515,263687440.000
2014-06-04,6.04,6.04,5.98,6.01,33892010,250370960.000
2014-06-05,6.00,6.07,5.98,6.06,42683401,317240352.000
2014-06-06,6.07,6.07,5.93,6.01,54167824,399247296.000
2014-06-09,5.95,6.08,5.94,5.99,48830400,361919360.000
2014-06-10,6.04,6.06,5.98,6.05,70074451,520195968.000
2014-06-11,6.03,6.03,5.98,5.99,53825167,397606560.000
2014-06-12,5.99,6.00,5.93,5.96,63932536,469871584.000
2014-06-13,5.95,6.14,5.95,6.05,115382884,859954944.000
2014-06-16,6.07,6.33,6.05,6.24,181344840,1383210752.000
2014-06-17,6.18,6.24,6.15,6.19,91014765,693303744.000
2014-06-18,6.19,6.24,6.18,6.23,54994332,420931200.000
2014-06-19,6.23,6.26,6.16,6.20,56924387,435308096.000
2014-06-20,6.20,6.28,6.19,6.27,52763340,404874432.000
2014-06-23,6.27,6.29,6.18,6.20,43173599,331359456.000
2014-06-24,6.20,6.22,6.15,6.18,62418232,475017280.000
2014-06-25,6.20,6.23,6.13,6.18,41146540,256551072.000
2014-06-26,6.18,6.20,6.14,6.18,80363187,501227392.000
2014-06-27,6.17,6.18,6.11,6.12,64730792,401388128.000
2014-06-30,6.14,6.18,6.12,6.14,65622158,408693792.000
2014-07-01,6.18,6.18,6.13,6.14,41943191,260924624.000
2014-07-02,6.16,6.18,6.12,6.16,40427838,251664224.000
2014-07-03,6.16,6.19,6.13,6.19,67285046,419665696.000
2014-07-04,6.18,6.19,6.13,6.16,68496790,426301120.000
2014-07-07,6.16,6.16,6.13,6.14,39434157,244879056.000
2014-07-08,6.14,6.16,6.11,6.13,65037413,403052160.000
2014-07-09,6.13,6.13,6.03,6.04,69141719,424826304.000
2014-07-10,6.04,6.06,5.92,5.98,94762821,572733056.000
2014-07-11,5.98,6.00,5.95,5.98,51717611,312504320.000
2014-07-14,5.98,5.99,5.91,5.98,78880571,473931168.000
2014-07-15,5.97,5.97,5.94,5.96,77327427,466083968.000
2014-07-16,5.96,5.97,5.92,5.97,56753130,341708384.000
2014-07-17,5.96,5.97,5.91,5.94,55001902,330220640.000
2014-07-18,5.93,5.95,5.91,5.94,63895774,383628544.000
2014-07-21,5.93,5.94,5.86,5.88,75751588,451284480.000
2014-07-22,5.86,5.98,5.84,5.96,102159860,612872064.000
2014-07-23,5.95,6.01,5.94,5.96,95127050,575258752.000
2014-07-24,5.97,6.18,5.95,6.13,250577158,1541968256.000
2014-07-25,6.15,6.19,6.10,6.17,124210628,771959808.000
2014-07-28,6.19,6.60,6.18,6.55,398118038,2601923584.000
2014-07-29,6.57,6.61,6.46,6.54,208190588,1375379072.000
2014-07-30,6.54,6.62,6.48,6.51,155431181,1027819648.000
2014-07-31,6.50,6.59,6.47,6.58,127589508,840303232.000
2014-08-01,6.56,6.63,6.50,6.50,173057222,1147927424.000
2014-08-04,6.50,6.62,6.49,6.62,151611759,1006147264.000
2014-08-05,6.62,6.63,6.51,6.54,134444695,889559936.000
2014-08-06,6.51,6.52,6.38,6.44,150534501,979893248.000
2014-08-07,6.43,6.45,6.31,6.32,124967949,804497664.000
2014-08-08,6.32,6.37,6.29,6.33,86135110,551381120.000
2014-08-11,6.36,6.43,6.33,6.41,99029293,640299712.000
2014-08-12,6.38,6.39,6.32,6.36,104322529,669669632.000
2014-08-13,6.36,6.39,6.28,6.33,100218672,641038208.000
2014-08-14,6.33,6.35,6.24,6.26,116859423,743412992.000
2014-08-15,6.26,6.31,6.22,6.28,112471545,712865920.000
2014-08-18,6.28,6.32,6.23,6.28,113878353,722536448.000
2014-08-19,6.28,6.33,6.25,6.33,139361522,886124928.000
2014-08-20,6.32,6.32,6.27,6.29,78557198,499797504.000
2014-08-21,6.28,6.29,6.19,6.25,103152222,650406464.000
2014-08-22,6.23,6.29,6.23,6.26,97717479,619333056.000
2014-08-25,6.27,6.28,6.20,6.21,68476895,431255200.000
2014-08-26,6.21,6.25,6.19,6.24,95347718,600835712.000
2014-08-27,6.25,6.25,6.19,6.21,59079537,371573280.000
2014-08-28,6.21,6.23,6.12,6.13,88004579,549080704.000
2014-08-29,6.12,6.20,6.11,6.19,70755950,441384576.000
2014-09-01,6.17,6.20,6.12,6.18,115027159,716139712.000
2014-09-02,6.18,6.28,6.14,6.27,167521512,1050991488.000
2014-09-03,6.26,6.33,6.25,6.30,177177030,1128969856.000
2014-09-04,6.31,6.34,6.27,6.33,138618969,883248896.000
2014-09-05,6.35,6.38,6.31,6.37,151632526,973213504.000
2014-09-09,6.38,6.39,6.31,6.33,96577375,618626368.000
2014-09-10,6.31,6.31,6.25,6.26,96706740,613679232.000
2014-09-11,6.25,6.34,6.24,6.28,150595925,956352512.000
2014-09-12,6.25,6.28,6.24,6.28,81336188,514580096.000
2014-09-15,6.26,6.26,6.21,6.24,112374545,708609536.000
2014-09-16,6.25,6.28,6.18,6.20,164849487,1039333312.000
2014-09-17,6.23,6.23,6.18,6.19,122143165,766227712.000
2014-09-18,6.18,6.31,6.16,6.23,154505906,973730752.000
2014-09-19,6.23,6.26,6.20,6.24,112112075,705770624.000
2014-09-22,6.22,6.23,6.09,6.11,152234295,945642752.000
2014-09-23,6.11,6.15,6.10,6.13,91766499,568440000.000
2014-09-24,6.11,6.23,6.09,6.21,208960952,1302472064.000
2014-09-25,6.23,6.25,6.14,6.18,163419495,1023880576.000
2014-09-26,6.17,6.18,6.12,6.16,91293326,567278656.000
2014-09-29,6.16,6.18,6.15,6.17,126343798,787481856.000
2014-09-30,6.17,6.18,6.14,6.17,106822179,665383488.000
2014-10-08,6.19,6.36,6.17,6.35,303653466,1923792256.000
2014-10-09,6.36,6.36,6.30,6.35,189974085,1214740864.000
2014-10-10,6.31,6.32,6.24,6.26,130875736,830203200.000
2014-10-13,6.24,6.25,6.15,6.19,121474837,759289088.000
2014-10-14,6.17,6.23,6.16,6.18,101345227,633837248.000
2014-10-15,6.20,6.24,6.14,6.19,113210225,708648640.000
2014-10-16,6.16,6.28,6.14,6.22,200483157,1260124928.000
2014-10-17,6.21,6.23,6.17,6.21,129508412,811120192.000
2014-10-20,6.23,6.24,6.20,6.23,111198393,699296192.000
2014-10-21,6.23,6.23,6.16,6.17,74036781,463474592.000
2014-10-22,6.17,6.20,6.16,6.17,79301148,495243104.000
2014-10-23,6.17,6.20,6.13,6.15,102363817,638942400.000
2014-10-24,6.15,6.17,6.11,6.14,84763777,526213152.000
2014-10-27,6.11,6.13,6.03,6.05,95275602,584180800.000
2014-10-28,6.05,6.12,6.05,6.11,92995159,571549696.000
2014-10-29,6.12,6.21,6.10,6.18,132140258,821732480.000
2014-10-30,6.17,6.25,6.13,6.20,188548016,1179587328.000
2014-10-31,6.23,6.47,6.20,6.37,533327302,3419034880.000
2014-11-03,6.37,6.38,6.28,6.30,274406052,1752037632.000
2014-11-04,6.30,6.30,6.22,6.24,171581933,1083480064.000
2014-11-05,6.24,6.28,6.19,6.26,138242456,871322880.000
2014-11-06,6.26,6.29,6.23,6.26,109381692,692384128.000
2014-11-07,6.26,6.38,6.23,6.27,307848829,1962236160.000
2014-11-10,6.68,6.83,6.43,6.56,793423465,5263065600.000
2014-11-11,6.62,6.86,6.60,6.73,861561520,5868508160.000
2014-11-12,6.63,6.75,6.58,6.74,374175094,2524230912.000
2014-11-13,6.77,6.96,6.73,6.76,510844907,3530925568.000
2014-11-14,6.71,6.78,6.63,6.70,218664425,1477690880.000
2014-11-17,6.73,6.78,6.48,6.51,283475204,1888834304.000
2014-11-18,6.51,6.52,6.35,6.39,240400887,1557987200.000
2014-11-19,6.38,6.41,6.32,6.38,149441357,961194048.000
2014-11-20,6.35,6.40,6.30,6.37,161363318,1036577216.000
2014-11-21,6.37,6.51,6.31,6.48,228009976,1475529472.000
2014-11-24,6.34,6.52,6.24,6.44,523676831,3375082240.000
2014-11-25,6.40,6.52,6.37,6.50,396369861,2574781440.000
2014-11-26,6.50,6.68,6.47,6.63,548604441,3648671488.000
2014-11-27,6.68,6.78,6.60,6.68,566373501,3829116672.000
2014-11-28,6.71,7.28,6.69,7.26,1259134228,8921138176.000
2014-12-01,7.30,7.62,7.11,7.12,995278191,7374012416.000
2014-12-02,7.38,7.84,7.26,7.84,1444964300,11050961920.000
2014-12-03,8.01,8.61,7.97,8.15,1836898069,15244498944.000
2014-12-04,8.23,8.93,8.04,8.92,1403564678,12005710848.000
2014-12-05,8.98,9.43,8.53,9.02,1646827308,15000566784.000
2014-12-08,8.93,9.28,8.64,9.17,1326329432,12135130112.000
2014-12-09,8.98,9.43,8.25,8.26,1337520107,12126954496.000
2014-12-10,8.32,8.68,7.89,8.57,1121543150,9392618496.000
2014-12-11,8.34,8.83,8.28,8.54,825288054,7159968768.000
2014-12-12,8.48,8.68,8.24,8.35,598016362,5103561216.000
2014-12-15,8.17,8.24,7.94,8.16,569486376,4637135872.000
2014-12-16,8.13,8.55,8.07,8.54,798483073,6692107776.000
2014-12-17,8.58,9.40,8.52,9.40,2313786618,21432940544.000
2014-12-18,9.82,9.92,9.43,9.52,1631355624,15851773952.000
2014-12-19,9.52,9.71,9.23,9.56,1012076552,9659527168.000
2014-12-22,9.42,10.51,9.36,10.44,1906953273,19578636288.000
2014-12-23,10.08,11.03,9.87,10.43,1189845067,12610959360.000
2014-12-24,10.23,10.70,9.91,10.23,965885020,9963641856.000
2014-12-25,10.63,10.93,10.28,10.67,973699272,10414744576.000
2014-12-26,10.77,10.98,10.43,10.83,1118918130,12083848192.000
2014-12-29,11.03,11.47,10.42,10.66,1167333894,12851677184.000
2014-12-30,10.70,10.91,10.45,10.71,746930831,8042287104.000
2014-12-31,10.64,10.88,10.39,10.81,770719306,8292105728.000
2015-01-05,10.80,10.89,10.43,10.71,913887370,9793212416.000
2015-01-06,10.63,10.73,10.21,10.35,896571653,9393249280.000
2015-01-07,10.21,10.54,10.13,10.44,578704528,6022849024.000
2015-01-08,10.54,10.59,10.02,10.13,485168417,4990242304.000
2015-01-09,10.13,10.68,10.04,10.20,768649787,7966614528.000
2015-01-12,10.19,10.30,9.75,9.99,530982399,5332598784.000
2015-01-13,9.99,10.09,9.80,9.84,312574271,3100486656.000
2015-01-14,9.92,10.13,9.85,9.94,366463964,3657445376.000
2015-01-15,9.96,10.24,9.82,10.23,461766809,4646087680.000
2015-01-16,10.23,10.35,10.08,10.21,550566887,5632437248.000
2015-01-19,9.39,9.68,9.19,9.19,796088322,7425297920.000
2015-01-20,9.19,9.54,9.08,9.48,673525263,6304153088.000
2015-01-21,9.49,10.08,9.37,9.98,662277535,6444686336.000
2015-01-22,9.98,10.28,9.89,10.18,530978554,5378543104.000
2015-01-23,10.15,10.48,10.15,10.38,577583151,5967115264.000
2015-01-26,10.46,10.54,10.30,10.49,475265761,4963831808.000
2015-01-27,10.49,10.52,9.90,10.19,419481983,4262981120.000
2015-01-28,10.00,10.18,9.88,9.94,279104129,2786217472.000
2015-01-29,9.74,9.78,9.57,9.63,321400840,3107153408.000
2015-01-30,9.76,9.82,9.44,9.47,390064324,3747023360.000
2015-02-02,8.86,9.36,8.85,9.17,622548129,5679591936.000
2015-02-03,9.20,9.39,9.14,9.36,318330176,2950561536.000
2015-02-04,9.36,9.38,9.12,9.14,222722087,2061440640.000
2015-02-05,9.52,9.60,9.07,9.09,409113937,3830298624.000
2015-02-06,9.06,9.25,8.94,9.07,236736643,2156359680.000
2015-02-09,9.07,9.34,9.03,9.24,263163209,2419981312.000
2015-02-10,9.23,9.42,9.17,9.33,271605910,2530272768.000
2015-02-11,9.33,9.44,9.30,9.35,152280881,1425179136.000
2015-02-12,9.35,9.36,9.15,9.30,165471103,1530808576.000
2015-02-13,9.29,9.43,9.24,9.30,268985131,2509362176.000
2015-02-16,9.29,9.30,9.17,9.22,236974028,2183054080.000
2015-02-17,9.22,9.31,9.22,9.24,134949757,1249718656.000
2015-02-25,9.25,9.25,9.05,9.13,179553461,1638342016.000
2015-02-26,9.10,9.30,9.03,9.27,244481242,2245001472.000
2015-02-27,9.27,9.32,9.20,9.23,178920079,1656329984.000
2015-03-02,9.28,9.29,9.16,9.24,244195490,2249752832.000
2015-03-03,9.19,9.20,8.99,9.00,308253213,2792812032.000
2015-03-04,9.08,9.08,8.90,8.96,198928438,1783976064.000
2015-03-05,8.90,8.94,8.66,8.75,283831910,2487481856.000
2015-03-06,8.74,8.84,8.71,8.76,170561049,1497913216.000
2015-03-09,8.76,9.31,8.65,9.22,516647117,4659816960.000
2015-03-10,9.11,9.13,8.98,9.00,266623631,2409477888.000
2015-03-11,9.00,9.21,9.00,9.03,241368597,2195296000.000
2015-03-12,9.22,9.55,9.11,9.38,621640699,5805733376.000
2015-03-13,9.37,9.63,9.28,9.33,460784763,4349991936.000
2015-03-16,9.33,9.45,9.21,9.39,350546730,3274637824.000
2015-03-17,9.44,9.50,9.33,9.44,402611354,3786934016.000
2015-03-18,9.45,9.64,9.41,9.63,592845774,5650525184.000
2015-03-19,9.63,9.63,9.46,9.51,416405134,3967541504.000
2015-03-20,9.51,9.82,9.40,9.63,594990285,5707678208.000
2015-03-23,9.69,9.80,9.64,9.76,477543400,4644250624.000
2015-03-24,9.74,9.83,9.63,9.67,480539371,4657713664.000
2015-03-25,9.60,9.62,9.37,9.43,398950272,3785983488.000
2015-03-26,9.40,9.57,9.29,9.46,333613704,3147911936.000
2015-03-27,9.47,9.56,9.38,9.51,310386984,2940919296.000
2015-03-30,9.58,9.82,9.51,9.79,606445104,5883942400.000
2015-03-31,9.90,10.05,9.58,9.70,619078606,6108713472.000
2015-04-01,9.68,9.85,9.62,9.76,382834657,3730693888.000
2015-04-02,9.80,9.83,9.57,9.67,403085954,3903769600.000
2015-04-03,9.60,9.74,9.58,9.72,342126680,3307749376.000
2015-04-07,9.80,9.98,9.80,9.94,566390868,5600265216.000
2015-04-08,9.95,10.13,9.80,10.12,765067189,7633787904.000
2015-04-09,10.13,10.37,10.01,10.05,669469672,6797889536.000
2015-04-10,10.05,10.33,10.00,10.28,616295201,6279488512.000
数据来源:通达信
