600703 三安光电 日线 前复权
      日期	    开盘	    最高	    最低	    收盘	    成交量	    成交额
2011-03-02,14.08,14.29,13.86,14.02,4236085,203455840.000
2011-03-03,14.02,14.18,13.68,13.68,4454216,211473936.000
2011-03-04,13.87,13.87,13.56,13.77,3287819,154343888.000
2011-03-07,13.80,14.06,13.65,14.02,5179070,246367632.000
2011-03-08,14.01,14.22,13.93,14.02,3404380,163435408.000
2011-03-09,14.08,14.52,13.99,14.34,6522213,318921504.000
2011-03-10,14.36,14.50,14.15,14.23,4671405,228603728.000
2011-03-11,14.16,14.78,14.07,14.46,10550123,525951712.000
2011-03-14,14.56,14.89,14.35,14.61,7134694,354933952.000
2011-03-15,14.59,14.59,13.78,14.08,7288232,351075584.000
2011-03-16,14.12,14.41,14.08,14.18,4669704,227136304.000
2011-03-17,14.04,14.04,13.72,13.77,4951809,235291072.000
2011-03-18,13.87,13.99,13.74,13.83,2206088,104679888.000
2011-03-21,13.85,13.95,13.75,13.78,2135906,101196832.000
2011-03-22,13.80,13.94,13.68,13.86,2222312,105169488.000
2011-03-23,13.88,14.02,13.77,13.97,2582294,123096208.000
2011-03-24,14.02,14.02,13.72,13.73,3919358,185299856.000
2011-03-25,13.80,13.83,13.72,13.81,2815215,132816544.000
2011-03-28,13.81,13.86,13.42,13.45,5100299,237003792.000
2011-03-29,13.46,13.67,13.31,13.32,4491957,207099664.000
2011-03-30,13.32,13.53,13.11,13.15,3035742,138764496.000
2011-03-31,13.20,13.26,12.63,12.78,3675399,162986672.000
2011-04-01,12.78,13.10,12.77,13.09,2177356,97178544.000
2011-04-06,12.99,13.04,12.68,12.84,2767065,121956320.000
2011-04-07,12.90,13.18,12.72,13.14,2863467,127454720.000
2011-04-08,12.99,13.35,12.99,13.25,2261004,102626160.000
2011-04-11,13.27,13.35,12.92,12.94,2882341,129509712.000
2011-04-12,12.94,12.98,12.69,12.76,3106140,136278640.000
2011-04-13,12.73,12.76,12.26,12.75,3258986,140112496.000
2011-04-14,12.75,12.78,12.43,12.53,3236553,139627328.000
2011-04-15,12.50,12.53,12.26,12.32,3277915,139289696.000
2011-04-18,12.35,12.54,12.32,12.43,2262462,96811952.000
2011-04-19,12.44,12.75,12.44,12.68,3941867,171249776.000
2011-04-20,12.75,12.75,12.47,12.50,3069643,132057288.000
2011-04-21,12.52,12.59,12.43,12.56,2233062,96143208.000
2011-04-22,12.55,12.59,12.29,12.35,2654538,113364544.000
2011-04-25,12.28,12.28,11.96,11.99,2807645,116371904.000
2011-04-26,11.99,12.14,11.97,11.98,1745685,72297448.000
2011-04-27,12.01,12.13,11.89,11.92,2140484,88617248.000
2011-04-28,11.99,11.99,11.16,11.17,3877584,154034656.000
2011-04-29,11.17,11.55,11.17,11.54,1802110,70675544.000
2011-05-03,11.62,11.62,11.25,11.38,2012859,78886152.000
2011-05-04,11.35,11.53,11.23,11.38,1772578,69849496.000
2011-05-05,11.38,11.68,11.38,11.51,1754537,70022136.000
2011-05-09,11.59,12.25,11.59,11.94,2763827,114399488.000
2011-05-10,11.90,12.11,11.75,11.91,1639145,67111416.000
2011-05-11,11.91,12.02,11.81,11.95,1372998,56410656.000
2011-05-12,11.96,12.08,11.81,11.92,1638627,67541408.000
2011-05-13,11.97,12.12,11.90,12.11,2187664,90677008.000
2011-05-16,12.13,12.13,11.90,11.98,2167984,89535064.000
2011-05-17,12.11,12.12,11.84,12.01,2343441,96865056.000
2011-05-18,12.03,12.03,11.78,11.87,2174302,88867200.000
2011-05-19,11.89,12.10,11.89,12.03,1700196,70355992.000
2011-05-20,12.04,12.11,11.95,12.05,1886775,78371288.000
2011-05-23,12.15,12.85,12.12,12.24,6466587,125820392.000
2011-05-24,11.63,11.99,11.40,11.70,5340432,97456512.000
2011-05-25,11.72,11.79,11.00,11.10,4080839,72654760.000
2011-05-26,11.09,11.33,10.59,10.67,4703441,79776024.000
2011-05-27,10.69,11.05,10.65,10.67,4379929,74322664.000
2011-05-30,10.68,10.83,10.25,10.29,3801061,62307740.000
2011-05-31,10.45,10.45,10.13,10.41,3349830,54083192.000
2011-06-01,10.41,10.67,10.29,10.54,4468079,73258000.000
2011-06-02,10.40,10.58,10.27,10.41,4972193,81054256.000
2011-06-03,10.46,10.76,10.35,10.68,4669696,77566328.000
2011-06-07,10.80,10.80,10.51,10.63,4415116,73107848.000
2011-06-08,10.83,10.87,10.66,10.74,4166332,70132808.000
2011-06-09,10.73,10.74,10.41,10.43,3726122,61768696.000
2011-06-10,10.45,10.60,10.29,10.54,2827524,46012796.000
2011-06-13,10.43,10.51,10.31,10.44,2108164,34351636.000
2011-06-14,10.40,10.54,10.35,10.48,2608420,42824964.000
2011-06-15,10.48,10.53,10.37,10.38,2698776,44147896.000
2011-06-16,10.29,10.40,10.13,10.33,3380101,54171396.000
2011-06-17,10.33,10.35,9.67,10.03,3082311,48663124.000
2011-06-20,9.81,10.01,9.69,9.76,3033378,46509732.000
2011-06-21,9.75,10.12,9.73,10.06,4370218,68074944.000
2011-06-22,10.05,10.08,9.85,9.94,2300152,35882460.000
2011-06-23,9.85,10.19,9.81,10.08,3393721,53322816.000
2011-06-24,10.09,10.33,10.07,10.14,6723987,107861872.000
2011-06-27,10.20,10.57,10.13,10.49,10727278,174182512.000
2011-06-28,10.49,10.49,10.29,10.38,5231689,85036456.000
2011-06-29,10.37,10.45,10.20,10.25,4330259,69839472.000
2011-06-30,10.23,10.51,10.22,10.47,7185228,117050192.000
2011-07-01,10.53,10.85,10.53,10.70,12655772,212455936.000
2011-07-04,10.73,10.85,10.62,10.81,10538125,177278144.000
2011-07-05,10.84,10.84,10.65,10.77,7404011,124470024.000
2011-07-06,10.77,10.81,10.65,10.79,7061766,118352976.000
2011-07-07,10.72,11.79,10.72,11.39,20391122,361365472.000
2011-07-08,11.19,11.59,11.17,11.33,10066582,178700960.000
2011-07-12,11.25,11.72,11.07,11.39,12039315,215218912.000
2011-07-13,11.35,11.71,11.29,11.70,9938087,179063072.000
2011-07-14,11.73,11.92,11.54,11.85,12138678,221435312.000
2011-07-15,11.85,11.89,11.60,11.74,7456274,136655696.000
2011-07-18,11.74,11.95,11.73,11.82,6812966,125406920.000
2011-07-19,11.87,11.87,11.45,11.45,6541446,117859800.000
2011-07-20,11.64,11.93,11.60,11.69,10559436,193987472.000
2011-07-21,11.66,11.72,11.33,11.38,5703586,101909456.000
2011-07-22,11.39,11.55,11.20,11.31,3851440,68092400.000
2011-07-25,11.28,11.28,10.53,10.66,6423266,108881600.000
2011-07-26,10.62,10.73,10.49,10.52,3642174,60312544.000
2011-07-27,10.47,10.63,10.33,10.60,5542437,91409160.000
2011-07-28,10.59,10.59,10.29,10.38,3922572,63795960.000
2011-07-29,10.37,10.51,10.29,10.31,3481010,56559124.000
2011-08-01,10.33,10.56,10.30,10.35,4785644,78437528.000
2011-08-02,10.33,10.33,10.01,10.17,4068060,64618992.000
2011-08-03,10.07,10.23,10.04,10.10,4330929,68805600.000
2011-08-04,10.17,10.25,10.07,10.16,3253387,51880172.000
2011-08-05,9.87,9.92,9.72,9.84,6224991,95863840.000
2011-08-08,9.65,9.77,8.89,8.96,9237539,135447280.000
2011-08-09,8.53,9.03,8.26,8.97,7653006,104829288.000
2011-08-10,9.13,9.37,9.05,9.24,8999493,130570664.000
2011-08-11,8.99,9.27,8.87,9.22,10833659,156693696.000
2011-08-12,9.33,9.45,9.21,9.25,5212192,76440728.000
2011-08-15,9.33,9.39,9.20,9.37,5279316,77557016.000
2011-08-16,9.47,10.20,9.45,9.79,14521914,225526128.000
2011-08-17,9.74,9.82,9.59,9.64,5545193,84196552.000
2011-08-18,9.64,9.69,9.27,9.33,4877559,72513488.000
2011-08-19,9.05,9.45,8.95,9.41,5621596,81040848.000
2011-08-22,9.41,9.50,9.27,9.33,3479698,51338900.000
2011-08-23,9.41,9.43,9.27,9.43,2742454,40463096.000
2011-08-24,9.53,9.66,9.40,9.44,4898962,73487544.000
2011-08-25,9.40,9.65,9.40,9.63,5322546,80105336.000
2011-08-26,9.61,9.83,9.54,9.71,5987786,91176240.000
2011-08-29,9.63,9.67,9.41,9.42,4468812,66883236.000
2011-08-30,9.52,9.57,9.22,9.25,4191204,62250072.000
2011-08-31,9.25,9.26,8.93,9.19,4114652,59052628.000
2011-09-01,9.11,9.25,9.01,9.03,2462950,35340144.000
2011-09-02,9.04,9.13,8.97,9.04,1879148,26816012.000
2011-09-05,8.94,8.94,8.55,8.57,3589642,49303576.000
2011-09-06,8.47,8.65,8.44,8.51,2380125,32013578.000
2011-09-07,8.63,8.88,8.53,8.86,3873980,53503044.000
2011-09-08,8.90,8.99,8.71,8.75,2333973,32587616.000
2011-09-09,8.97,9.28,8.79,8.89,6286286,89136304.000
2011-09-13,8.67,8.69,8.53,8.61,2498802,34010672.000
2011-09-14,8.72,8.82,8.40,8.75,3101710,42100564.000
2011-09-15,8.76,8.80,8.57,8.59,3293618,45128880.000
2011-09-16,8.67,8.70,8.44,8.45,3601655,48630976.000
2011-09-19,8.41,8.41,8.18,8.21,3549949,46346980.000
2011-09-20,8.21,8.35,8.16,8.25,3387586,44366744.000
2011-09-21,8.24,8.55,8.19,8.47,4599235,61311276.000
2011-09-22,8.41,8.52,8.27,8.27,4192535,55819104.000
2011-09-23,8.13,8.27,8.04,8.22,3108192,40163456.000
2011-09-26,8.11,8.31,8.05,8.17,2908157,37584076.000
2011-09-28,8.58,8.87,8.40,8.45,11394637,155819088.000
2011-09-29,8.21,8.34,8.15,8.27,4731685,61791520.000
2011-09-30,8.27,8.31,8.04,8.15,2552155,33004416.000
2011-10-10,8.15,8.46,8.15,8.29,5012962,66029652.000
2011-10-11,8.56,8.67,8.21,8.28,4747527,63211352.000
2011-10-12,8.28,8.60,8.17,8.55,6324191,84843272.000
2011-10-13,8.50,8.91,8.47,8.75,7907673,108825056.000
2011-10-17,8.83,8.85,8.56,8.67,4980863,68141504.000
2011-10-18,8.63,8.63,8.21,8.24,5148259,68199120.000
2011-10-19,8.27,8.36,7.99,7.99,5987840,77007824.000
2011-10-20,7.95,7.95,7.14,7.65,17305590,202863248.000
2011-10-21,7.41,7.53,7.24,7.38,4732952,55452752.000
2011-10-24,7.45,7.51,7.23,7.47,4715534,55729856.000
2011-10-25,7.53,7.77,7.53,7.71,8984911,109386680.000
2011-10-26,7.60,7.79,7.53,7.66,7947091,97334440.000
2011-10-27,7.71,7.79,7.51,7.56,6707029,81524960.000
2011-10-28,7.70,7.84,7.53,7.83,11103926,135908816.000
2011-10-31,7.80,7.80,7.66,7.74,9587269,117804720.000
2011-11-01,7.66,8.30,7.61,8.14,20499606,261267968.000
2011-11-02,8.00,9.00,7.90,9.00,35285435,477735712.000
2011-11-03,9.47,9.95,9.43,9.76,72008254,1102557440.000
2011-11-04,9.01,10.05,9.01,9.69,31923894,489490720.000
2011-11-08,9.85,9.85,9.31,9.51,21707371,325496192.000
2011-11-09,9.51,10.06,9.13,10.02,26594512,398486112.000
2011-11-10,9.73,9.99,9.50,9.57,26827520,412947936.000
2011-11-11,9.49,9.67,9.36,9.57,14825433,222232608.000
2011-11-14,9.65,10.01,9.60,9.90,20435639,316027040.000
2011-11-15,9.87,9.87,9.62,9.84,14750794,226161328.000
2011-11-16,9.90,9.96,9.35,9.41,14703982,221745456.000
2011-11-17,9.23,9.49,9.12,9.17,11174551,163019040.000
2011-11-18,9.03,9.27,8.67,8.71,13898477,196404512.000
2011-11-21,8.71,8.81,8.53,8.73,8530746,116953392.000
2011-11-22,8.62,8.72,8.41,8.65,8105530,109896816.000
2011-11-23,8.63,8.80,8.44,8.45,8665891,118108504.000
2011-11-24,8.33,8.44,8.07,8.37,10148873,132818504.000
2011-11-25,8.38,8.51,8.26,8.39,9868259,131158368.000
2011-11-28,8.41,9.07,8.33,9.00,15001771,205807664.000
2011-11-29,9.07,9.54,8.87,9.47,20170388,292186976.000
2011-11-30,9.38,9.38,8.73,8.85,15576096,222404784.000
2011-12-02,9.00,9.24,8.67,8.77,14585534,206936448.000
2011-12-05,8.54,8.67,7.87,8.09,10364354,135313664.000
2011-12-06,8.07,8.13,7.70,7.94,8288344,103869240.000
2011-12-07,7.91,8.11,7.80,7.99,6538209,82615776.000
2011-12-08,7.97,8.38,7.59,8.05,13063441,164979760.000
2011-12-09,7.87,8.00,7.69,7.71,9173739,113948168.000
2011-12-12,7.75,7.80,7.33,7.37,10387326,125706048.000
2011-12-13,7.28,7.29,6.79,6.86,15898064,176593328.000
2011-12-14,6.80,6.99,6.70,6.76,9382707,102794296.000
2011-12-15,6.83,7.09,6.53,6.59,30042581,329128544.000
2011-12-16,6.56,6.91,6.43,6.89,18617417,199040640.000
2011-12-19,6.97,7.25,6.87,7.24,26651396,300637120.000
2011-12-20,7.07,7.21,6.94,6.96,20094584,226216432.000
2011-12-21,7.07,7.11,6.64,6.65,15482006,171340368.000
2011-12-22,6.47,6.97,6.34,6.93,20586830,219868352.000
2011-12-23,6.86,6.98,6.71,6.85,15384606,169158288.000
2011-12-26,6.86,6.93,6.75,6.75,7389863,80994128.000
2011-12-27,6.73,6.73,6.43,6.57,11023970,116167264.000
2011-12-28,6.44,6.64,6.41,6.60,7185663,75056816.000
2011-12-29,6.59,6.79,6.57,6.61,8405971,90010048.000
2011-12-30,6.64,6.84,6.59,6.82,14682635,158845488.000
2012-01-04,6.87,6.91,6.53,6.55,11503801,124527432.000
2012-01-05,6.49,6.58,6.23,6.55,12035780,123708568.000
2012-01-06,6.47,6.64,6.31,6.53,8259789,86018592.000
2012-01-09,6.68,7.17,6.64,7.13,25221315,281144576.000
2012-01-10,6.97,7.35,6.97,7.29,27672090,317306304.000
2012-01-11,7.27,7.57,7.15,7.33,23002922,269547328.000
2012-01-12,7.25,7.51,7.19,7.27,17486934,204601216.000
2012-01-13,7.31,7.38,6.92,6.99,13718470,155255536.000
2012-01-16,6.87,6.93,6.59,6.59,9055012,98585488.000
2012-01-17,6.59,7.07,6.59,7.04,15385314,169141712.000
2012-01-18,7.06,7.24,6.74,6.81,16733161,187598832.000
2012-01-19,6.79,7.22,6.71,7.13,18634754,208562336.000
2012-01-20,7.17,7.19,7.03,7.11,12618909,143405840.000
2012-01-30,7.13,7.21,7.02,7.04,10851720,123470904.000
2012-01-31,7.06,7.09,6.91,7.07,6767428,75788304.000
2012-02-01,7.08,7.19,6.99,6.99,10585771,120016584.000
2012-02-02,7.03,7.19,7.00,7.18,10287324,116915808.000
2012-02-03,7.18,7.51,7.10,7.36,21132515,246287360.000
2012-02-06,7.37,7.38,7.21,7.30,14666531,170788032.000
2012-02-07,7.23,7.26,7.02,7.09,9861588,112097920.000
2012-02-08,7.09,7.33,7.05,7.29,12336322,142181856.000
2012-02-09,7.30,7.53,7.27,7.35,19552097,231351968.000
2012-02-10,7.35,7.43,7.27,7.35,13095066,153541440.000
2012-02-13,7.25,7.69,7.23,7.57,21470918,256904608.000
2012-02-14,7.54,7.59,7.41,7.47,10816043,128826856.000
2012-02-15,7.47,7.64,7.40,7.58,13176519,158550352.000
2012-02-16,7.59,7.66,7.41,7.51,12851542,154125536.000
2012-02-17,7.57,7.73,7.44,7.69,18978842,229877680.000
2012-02-20,7.81,7.85,7.58,7.64,18002506,220237472.000
2012-02-21,7.63,7.81,7.46,7.78,19622284,238293536.000
2012-02-22,7.80,8.27,7.67,8.07,33744524,426618144.000
2012-02-23,8.07,8.25,7.97,8.01,24402626,312979424.000
2012-02-24,8.07,8.07,7.92,8.05,17161134,217959664.000
2012-02-27,8.07,8.65,8.07,8.37,41322903,547503104.000
2012-02-28,8.34,8.53,8.22,8.43,26695330,354344608.000
2012-02-29,8.53,8.53,8.21,8.22,19401973,255736096.000
2012-03-01,8.11,8.31,8.10,8.21,11608161,151196416.000
2012-03-02,8.23,8.39,8.19,8.37,12812395,168837264.000
2012-03-05,8.43,8.65,8.38,8.47,24534262,330619424.000
2012-03-06,8.50,8.52,8.19,8.23,15114091,198566128.000
2012-03-07,8.07,8.23,8.02,8.09,13844731,178198768.000
2012-03-08,8.19,8.77,8.13,8.56,32847529,442601920.000
2012-03-09,8.60,8.71,8.47,8.67,21649354,295082208.000
2012-03-12,8.67,8.81,8.59,8.75,16437748,226003232.000
2012-03-13,8.75,8.99,8.70,8.76,19230842,268651456.000
2012-03-15,8.27,8.53,7.96,8.23,19612970,256999920.000
2012-03-16,8.25,8.38,8.11,8.36,11097435,145715488.000
2012-03-19,8.33,8.71,8.32,8.63,16514386,224327664.000
2012-03-20,8.59,8.69,8.33,8.34,11988919,160817328.000
2012-03-21,8.32,8.44,8.07,8.28,13167506,172000640.000
2012-03-22,8.32,8.35,8.15,8.29,6167093,80637184.000
2012-03-23,8.27,8.34,8.12,8.16,8867476,115325024.000
2012-03-26,8.20,8.20,7.93,7.99,4388039,54387968.000
2012-03-27,8.03,8.13,7.81,7.86,6459040,79740688.000
2012-03-28,7.85,7.85,7.27,7.35,10395267,121147424.000
2012-03-29,7.33,7.33,6.81,7.11,13803088,152484608.000
2012-03-30,7.10,7.15,6.79,7.00,15316714,165135440.000
2012-04-05,6.99,7.21,6.94,7.19,10638298,117592280.000
2012-04-06,7.19,7.41,7.11,7.36,10592583,120092504.000
2012-04-09,7.33,7.33,7.05,7.06,10467920,116592072.000
2012-04-10,7.03,7.33,6.97,7.31,9230650,102794392.000
2012-04-11,7.21,7.37,7.17,7.29,7764244,87823416.000
2012-04-12,7.30,7.48,7.30,7.45,9666477,111292784.000
2012-04-13,7.48,7.57,7.43,7.47,8651748,100841336.000
2012-04-16,7.43,7.53,7.39,7.41,8483974,98133040.000
2012-04-17,7.43,7.52,7.33,7.41,9568307,110662712.000
2012-04-18,7.47,7.61,7.41,7.57,9293598,108727960.000
2012-04-19,7.57,7.65,7.47,7.51,6596805,77440128.000
2012-04-20,7.52,7.57,7.40,7.51,9294101,108062208.000
2012-04-23,7.52,7.52,7.20,7.24,9872871,112689840.000
2012-04-24,7.13,7.36,6.93,7.16,9073384,100518984.000
2012-04-25,7.13,7.31,7.08,7.27,7721622,86299536.000
2012-04-26,7.28,7.33,7.16,7.23,6241679,70377608.000
2012-04-27,7.23,7.47,7.19,7.36,9271222,105797280.000
2012-05-02,7.47,7.55,7.39,7.48,10058201,116794944.000
2012-05-04,7.52,7.63,7.47,7.57,9377713,110215472.000
2012-05-07,7.51,8.00,7.47,7.98,19881674,240495520.000
2012-05-08,7.90,8.17,7.87,7.99,20050743,248764848.000
2012-05-09,7.92,8.05,7.67,7.68,13646484,166472736.000
2012-05-10,7.67,7.83,7.61,7.75,7943440,95195936.000
2012-05-11,7.79,7.95,7.67,7.83,11657782,141918064.000
2012-05-14,7.92,7.95,7.73,7.76,8644550,105273360.000
2012-05-15,7.67,8.00,7.62,7.99,11957806,145595088.000
2012-05-16,8.01,8.18,7.95,8.07,19596058,245173408.000
2012-05-17,8.20,8.51,8.19,8.39,31668392,409704256.000
2012-05-18,8.27,8.45,8.20,8.29,15156530,194820800.000
2012-05-21,8.30,8.73,8.30,8.59,23485757,310374432.000
2012-05-22,8.63,9.23,8.62,9.11,36300081,502074496.000
2012-05-23,9.04,9.17,8.89,9.00,23696954,330016640.000
2012-05-24,8.97,9.26,8.88,9.00,21949576,307768736.000
2012-05-25,8.96,9.03,8.67,8.74,18509327,253522432.000
2012-05-28,8.69,8.88,8.59,8.81,14891066,201211520.000
2012-05-29,8.85,9.36,8.78,9.27,28248352,401389984.000
2012-05-30,9.19,9.64,9.17,9.21,25738976,372955744.000
2012-05-31,9.09,9.44,9.09,9.30,15305079,219431584.000
2012-06-01,9.27,9.57,8.98,9.03,16343174,233378064.000
2012-06-04,8.79,9.13,8.59,8.72,14822652,203013088.000
2012-06-05,8.80,8.87,8.63,8.68,10763168,145357552.000
2012-06-06,8.73,9.03,8.73,8.85,11042374,151582640.000
2012-06-07,8.96,9.11,8.69,8.80,10087410,139214896.000
2012-06-08,8.97,8.97,8.35,8.50,14583469,194140208.000
2012-06-11,8.51,9.17,8.35,9.13,15040525,204942736.000
2012-06-12,9.09,9.32,9.00,9.01,13649339,192792960.000
2012-06-13,9.06,9.27,8.95,9.07,16895133,237752448.000
2012-06-14,9.11,9.25,8.96,9.23,11979134,168737616.000
2012-06-15,9.24,9.33,8.87,9.05,11755265,165563392.000
2012-06-18,9.03,9.50,9.01,9.42,17068298,244524320.000
2012-06-19,9.37,9.43,9.25,9.33,6897577,99245120.000
2012-06-20,9.36,9.47,9.07,9.13,9900251,142173488.000
2012-06-21,9.15,9.15,8.80,8.85,11783176,161963312.000
2012-06-25,8.85,8.85,8.47,8.50,9301133,124654784.000
2012-06-26,8.47,8.59,8.27,8.58,7567392,99099216.000
2012-06-28,8.53,8.77,8.35,8.50,11760037,156133520.000
2012-06-29,8.40,8.81,8.40,8.81,7576303,101202016.000
2012-07-02,8.82,9.05,8.65,8.99,8918829,122614992.000
2012-07-03,8.94,9.03,8.77,8.83,8947646,123406496.000
2012-07-04,8.82,9.06,8.82,9.00,8411235,116083000.000
2012-07-05,8.93,8.93,8.32,8.39,13344397,176163744.000
2012-07-06,8.46,8.75,8.28,8.69,13089658,171633248.000
2012-07-09,8.58,8.67,8.41,8.47,7611970,100332288.000
2012-07-10,8.45,8.45,8.10,8.15,9540906,121570936.000
2012-07-11,8.07,8.31,8.02,8.24,4205574,53433584.000
2012-07-12,8.34,8.61,8.22,8.57,10591995,138081552.000
2012-07-13,8.52,8.53,8.13,8.17,10659344,136918448.000
2012-07-16,8.49,8.89,8.39,8.49,26703606,357357504.000
2012-07-17,8.47,8.99,8.41,8.99,17649666,238499472.000
2012-07-18,8.97,8.98,8.68,8.91,18197861,249348768.000
2012-07-19,8.87,9.23,8.80,9.09,16649558,233762208.000
2012-07-20,9.13,9.28,8.89,9.01,11347309,159324352.000
2012-07-23,9.03,9.10,8.76,8.87,6404166,87643096.000
2012-07-24,8.81,9.10,8.77,9.03,8069974,111502456.000
2012-07-25,8.99,9.01,8.84,8.88,5833060,80266848.000
2012-07-26,8.83,9.17,8.83,8.96,7659512,106417792.000
2012-07-27,9.02,9.06,8.88,9.00,9498930,131764312.000
2012-07-30,8.99,9.19,8.53,8.60,10223634,139285776.000
2012-07-31,8.50,8.50,8.17,8.43,11337672,146525760.000
2012-08-01,8.43,8.63,8.35,8.53,4526425,59591880.000
2012-08-02,8.53,8.59,8.41,8.48,4290533,56367768.000
2012-08-03,8.49,8.71,8.45,8.71,5130342,68198248.000
2012-08-06,8.63,9.21,8.59,9.11,12915533,179609648.000
2012-08-07,9.11,9.40,9.07,9.26,13786051,196182736.000
2012-08-08,9.23,9.36,9.12,9.21,9369844,133498272.000
2012-08-09,9.23,9.63,9.19,9.60,19546771,285091616.000
2012-08-10,9.47,9.59,9.32,9.35,12308282,179247296.000
2012-08-13,9.33,9.57,9.19,9.25,8906497,128925408.000
2012-08-14,9.28,9.33,9.01,9.25,11316774,159721280.000
2012-08-15,9.25,9.45,9.20,9.25,7177467,103118672.000
2012-08-16,9.23,9.59,9.21,9.47,12376523,180897936.000
2012-08-17,9.50,9.66,9.34,9.45,11093601,162736736.000
2012-08-20,9.43,9.43,9.09,9.17,8237119,117189656.000
2012-08-21,9.21,9.63,9.20,9.47,11176344,163096704.000
2012-08-22,9.52,9.56,9.37,9.43,7815912,114100720.000
2012-08-23,9.43,9.80,9.33,9.77,15088598,223805120.000
2012-08-24,9.74,9.74,9.30,9.31,12691678,185811040.000
2012-08-27,9.25,9.42,9.05,9.12,8258201,117402208.000
2012-08-28,9.07,9.59,9.07,9.52,9623581,139350112.000
2012-08-29,9.38,9.91,9.38,9.83,18754875,283378176.000
2012-08-30,9.84,9.87,9.41,9.63,9572239,141987680.000
2012-08-31,9.63,9.80,9.53,9.67,5635399,84151728.000
2012-09-03,9.65,10.13,9.53,10.10,18502309,283923584.000
2012-09-04,10.09,10.45,10.01,10.15,20796986,328836832.000
2012-09-05,10.11,10.41,10.05,10.25,10096722,159462192.000
2012-09-06,10.32,10.36,9.97,10.12,9840923,153045872.000
2012-09-07,10.17,10.59,10.17,10.49,16768554,268549632.000
2012-09-10,10.41,10.87,10.41,10.56,14953641,245840384.000
2012-09-11,10.53,10.77,10.49,10.75,9871442,162062368.000
2012-09-12,10.83,10.93,10.59,10.86,10491546,173322704.000
2012-09-13,10.85,10.94,10.51,10.54,8240885,135801424.000
2012-09-14,10.60,10.72,10.32,10.44,9423086,151697680.000
2012-09-17,10.40,10.53,10.12,10.16,7881565,125064776.000
2012-09-18,10.19,10.62,10.19,10.36,10049522,160826720.000
2012-09-19,10.37,10.45,10.23,10.35,3841834,61110736.000
2012-09-20,10.35,10.39,9.79,9.81,10972867,168851088.000
2012-09-21,9.79,9.91,9.52,9.78,6653176,99918816.000
2012-09-24,9.71,9.93,9.61,9.89,3740713,56471952.000
2012-09-25,9.88,10.01,9.50,9.53,5584974,84438368.000
2012-09-26,9.55,9.62,9.15,9.32,6184222,89562608.000
2012-09-27,9.40,9.89,9.37,9.76,6324625,94166312.000
2012-09-28,9.74,9.98,9.74,9.94,9021554,137229584.000
2012-10-08,9.99,10.28,9.93,10.05,7017733,109211336.000
2012-10-09,10.05,10.31,10.05,10.21,6999864,110091528.000
2012-10-10,10.25,10.27,10.09,10.19,4788714,74849152.000
2012-10-11,10.15,10.17,9.90,9.92,7201059,110669408.000
2012-10-12,9.93,10.09,9.60,9.87,6048955,91407080.000
2012-10-15,9.87,9.87,9.49,9.62,6467316,96001808.000
2012-10-16,9.64,9.83,9.60,9.81,7276163,109178432.000
2012-10-17,9.87,9.89,9.09,9.21,17871171,258827568.000
2012-10-18,9.25,9.51,9.11,9.47,16560005,237486576.000
2012-10-19,9.42,9.47,9.27,9.31,5176615,74946376.000
2012-10-22,9.28,9.60,9.26,9.55,6844943,100001208.000
2012-10-23,9.56,9.63,9.27,9.36,4689356,68192008.000
2012-10-24,9.33,9.50,9.27,9.40,5007539,72658680.000
2012-10-25,9.39,9.42,8.60,8.79,13231238,184399376.000
2012-10-26,8.81,8.87,8.47,8.58,6229557,83094416.000
2012-10-29,8.57,8.69,8.17,8.33,8898215,115705936.000
2012-10-30,8.31,8.79,8.31,8.70,11997061,160127808.000
2012-10-31,8.74,8.93,8.66,8.81,7995273,108942256.000
2012-11-01,8.81,8.95,8.79,8.86,5149646,70672896.000
2012-11-02,8.86,8.87,8.59,8.81,7873709,106037248.000
2012-11-05,8.81,8.84,8.57,8.60,5445783,72720192.000
2012-11-06,8.60,8.61,8.26,8.45,7116680,92436856.000
2012-11-07,8.47,8.64,8.41,8.51,4211285,55595080.000
2012-11-08,8.49,8.53,8.27,8.42,5472254,71330600.000
2012-11-09,8.37,8.50,8.35,8.47,3356638,43850864.000
2012-11-13,8.74,8.83,8.40,8.48,11974263,159163120.000
2012-11-14,8.46,8.67,8.46,8.67,5376271,71529440.000
2012-11-15,8.67,8.69,8.32,8.35,5222007,68864240.000
2012-11-16,8.33,8.40,8.02,8.13,6498267,82030024.000
2012-11-19,8.13,8.35,7.87,8.27,3935278,49579076.000
2012-11-20,8.29,8.35,7.99,8.00,4437532,55836048.000
2012-11-21,8.00,8.23,8.00,8.19,4436015,55977848.000
2012-11-22,8.19,8.31,8.03,8.25,3711312,47199744.000
2012-11-23,8.26,8.34,8.21,8.25,2654963,34010640.000
2012-11-26,8.22,8.37,8.21,8.27,4402735,56569816.000
2012-11-27,8.25,8.39,8.11,8.21,4559741,58268420.000
2012-11-28,8.14,8.27,7.83,8.25,5869664,73198512.000
2012-11-29,8.25,8.32,8.13,8.25,3596550,45855100.000
2012-11-30,8.25,8.37,8.08,8.25,4437819,56874568.000
2012-12-03,8.23,8.23,7.39,7.39,6277989,76388224.000
2012-12-04,7.27,7.49,7.17,7.43,9623997,109826432.000
2012-12-05,7.44,8.02,7.44,7.91,8423537,102274032.000
2012-12-06,7.90,7.99,7.83,7.91,3792950,46639944.000
2012-12-07,7.91,8.30,7.84,8.27,8548132,106977912.000
2012-12-10,8.25,8.37,8.19,8.33,7233807,92750944.000
2012-12-11,8.31,8.31,8.06,8.08,7360564,92786896.000
2012-12-12,8.09,8.23,8.02,8.07,4330219,54344640.000
2012-12-13,8.23,8.25,8.00,8.07,4053916,50912672.000
2012-12-14,8.07,8.43,8.04,8.41,11706266,150384576.000
2012-12-17,8.44,8.45,8.27,8.34,8146772,105082224.000
2012-12-18,8.35,8.70,8.21,8.45,9090844,118946544.000
2012-12-19,8.41,8.60,8.40,8.45,4191691,55135884.000
2012-12-20,8.53,8.72,8.41,8.58,8084236,106961304.000
2012-12-21,8.52,8.59,8.35,8.43,8498734,111405576.000
2012-12-24,8.37,8.57,8.34,8.43,5120600,66894464.000
2012-12-25,8.43,8.79,8.41,8.71,13449634,179898064.000
2012-12-26,8.71,8.99,8.62,8.92,13106405,178226528.000
2012-12-27,8.91,8.95,8.71,8.74,8699798,117985400.000
2012-12-28,8.77,8.79,8.63,8.76,5616324,75769304.000
2012-12-31,8.76,8.97,8.69,8.85,9460832,129272616.000
2013-01-04,8.91,8.96,8.65,8.68,9335705,126508640.000
2013-01-07,8.67,8.72,8.49,8.59,7556708,100129984.000
2013-01-08,8.57,8.79,8.47,8.78,10011151,133877904.000
2013-01-09,8.78,8.91,8.73,8.85,12228275,166674208.000
2013-01-10,8.86,9.19,8.86,9.06,15324903,213858736.000
2013-01-11,9.10,9.15,8.84,8.89,9029709,125378512.000
2013-01-14,8.88,9.09,8.74,9.09,17645355,244295424.000
2013-01-15,9.07,9.40,9.03,9.20,16411597,234367232.000
2013-01-16,9.20,9.27,8.87,9.16,12227641,171649792.000
2013-01-17,9.22,9.27,8.90,9.04,9369603,130214960.000
2013-01-18,9.03,9.09,8.93,9.02,11466594,159462544.000
2013-01-21,9.05,9.13,8.98,9.02,8487958,118445120.000
2013-01-22,9.01,9.03,8.53,8.63,16071570,217385792.000
2013-01-23,8.61,8.78,8.50,8.55,10614374,141452848.000
2013-01-24,8.55,8.70,7.95,8.16,23689283,305627648.000
2013-01-25,8.15,8.31,8.04,8.23,9307399,118499184.000
2013-01-28,8.16,8.36,8.08,8.32,13269215,169905616.000
2013-01-29,8.35,8.36,8.15,8.34,16765575,214062176.000
2013-01-30,8.35,8.41,8.14,8.19,14759782,188105552.000
2013-01-31,8.15,8.21,7.86,7.90,20689027,254450304.000
2013-02-01,7.96,8.04,7.89,7.98,10489049,129677712.000
2013-02-04,7.98,8.37,7.96,8.32,18065179,229587824.000
2013-02-05,8.30,8.31,8.16,8.28,9156102,116875048.000
2013-02-06,8.31,8.32,8.13,8.20,10443934,132880272.000
2013-02-07,8.25,8.35,8.21,8.28,12451580,159694160.000
2013-02-08,8.29,8.57,8.29,8.45,13668251,179382512.000
2013-02-18,8.57,8.99,8.57,8.88,33966149,462712320.000
2013-02-19,8.90,8.98,8.63,8.69,14694935,198768864.000
2013-02-20,8.71,8.87,8.71,8.84,13669512,186347648.000
2013-02-21,8.77,8.77,8.46,8.52,12800608,170219568.000
2013-02-22,8.51,8.60,8.37,8.37,10370236,135297824.000
2013-02-25,8.30,8.63,8.30,8.57,9471377,124918464.000
2013-02-26,8.51,8.72,8.34,8.43,10161324,134533744.000
2013-02-27,8.44,8.57,8.16,8.28,10253873,132106640.000
2013-02-28,8.43,8.65,8.39,8.65,12536449,165637120.000
2013-03-01,8.67,8.70,8.48,8.66,11733276,155756000.000
2013-03-04,8.55,8.64,8.28,8.35,11181655,146267904.000
2013-03-05,8.30,8.93,8.30,8.89,21720784,289896608.000
2013-03-06,8.98,9.65,8.83,9.50,44543245,641863872.000
2013-03-07,9.40,9.61,9.19,9.33,24485093,356366560.000
2013-03-08,9.35,9.50,9.27,9.41,13999392,203186240.000
2013-03-11,9.27,9.65,9.01,9.50,17287143,252431136.000
2013-03-12,9.43,9.61,9.00,9.20,13884847,198868320.000
2013-03-13,9.20,9.23,8.75,8.89,12054101,166073728.000
2013-03-14,8.79,9.05,8.79,8.87,8260292,114009312.000
2013-03-15,8.92,9.04,8.64,8.86,10594726,144838624.000
2013-03-18,8.71,8.85,8.54,8.67,8588751,115948536.000
2013-03-19,8.63,8.87,8.44,8.83,6795624,91208576.000
2013-03-20,8.83,9.03,8.77,8.98,7002903,96500360.000
2013-03-21,9.00,9.25,8.91,9.21,10677851,151018256.000
2013-03-22,9.09,9.59,9.03,9.34,15401371,223410672.000
2013-03-25,9.37,9.44,9.17,9.21,7693636,110191728.000
2013-03-26,9.13,9.19,8.87,8.98,8291085,115215080.000
2013-03-27,8.93,9.15,8.85,9.05,7332502,101722008.000
2013-03-28,8.93,8.98,8.59,8.61,9875118,134782672.000
2013-03-29,8.75,8.84,8.60,8.81,3951184,53166724.000
2013-04-01,8.73,8.97,7.90,7.98,23918748,306271840.000
2013-04-03,7.63,8.07,7.48,7.99,21687987,262664880.000
2013-04-08,7.81,8.11,7.63,8.05,7733663,94620208.000
2013-04-09,8.10,8.21,7.88,7.95,11121865,137545040.000
2013-04-10,7.99,8.14,7.88,8.02,9201665,114490968.000
2013-04-11,8.05,8.10,7.99,8.09,5388476,67175200.000
2013-04-12,8.07,8.17,7.93,7.98,4733480,59162872.000
2013-04-15,8.01,8.01,7.53,7.83,4938900,59637884.000
2013-04-16,7.73,7.94,7.02,7.87,23522903,267721456.000
2013-04-17,7.60,7.85,7.49,7.75,10340874,123024752.000
2013-04-18,7.67,8.17,7.59,8.14,11746668,144329616.000
2013-04-19,8.18,8.62,8.13,8.55,21475762,279545664.000
2013-04-22,8.47,8.83,8.43,8.68,16750683,224805056.000
2013-04-23,8.61,8.78,8.43,8.69,8055650,107454976.000
2013-04-24,8.60,9.33,8.60,9.15,26197724,365587040.000
2013-04-25,9.17,9.67,9.03,9.35,37009795,538495296.000
2013-04-26,9.35,9.42,9.05,9.12,13121404,187957904.000
2013-05-02,9.05,9.05,8.62,9.02,11828739,161058400.000
2013-05-03,8.97,9.73,8.97,9.47,11488062,167493232.000
2013-05-06,9.37,9.64,9.35,9.47,7651766,112225768.000
2013-05-07,9.41,9.49,9.07,9.16,8835775,125695576.000
2013-05-08,9.29,9.37,9.12,9.30,6262200,89425512.000
2013-05-09,9.28,9.37,8.94,9.32,11222819,157735344.000
2013-05-10,9.32,9.63,9.24,9.49,13845364,203220608.000
2013-05-13,9.47,9.96,9.47,9.89,18680242,283561024.000
2013-05-14,9.97,10.07,9.85,9.99,14103749,216868768.000
2013-05-15,9.99,11.02,9.85,11.02,39798706,656112512.000
2013-05-16,11.41,11.95,11.31,11.77,49021610,874080768.000
2013-05-17,11.65,12.96,11.57,12.66,43042618,814217792.000
2013-05-20,12.60,13.47,12.48,12.77,36849648,729906944.000
2013-05-21,12.63,13.17,12.59,12.86,24245160,478421280.000
2013-05-22,12.72,13.17,12.19,12.51,25917746,499397248.000
2013-05-23,12.40,12.67,12.20,12.33,25065141,477499328.000
2013-05-24,12.41,13.59,12.41,13.59,55479956,1115773440.000
2013-05-27,13.83,14.11,13.28,13.75,24106034,507859136.000
2013-05-28,13.49,13.49,12.70,13.03,24914369,495303264.000
2013-05-29,13.00,13.73,12.90,13.40,23373214,474283680.000
2013-05-30,13.27,13.33,12.94,13.02,13540231,271215072.000
2013-05-31,12.90,12.90,11.73,12.40,23790535,451428736.000
2013-06-03,12.33,12.60,12.19,12.40,15450810,293415488.000
2013-06-04,12.43,12.82,11.99,12.41,24559989,467834848.000
2013-06-05,13.00,13.50,12.70,13.29,35102276,706997440.000
2013-06-06,13.13,13.69,12.81,13.36,24352027,498138784.000
2013-06-07,13.27,13.86,12.99,13.40,22713373,468084480.000
2013-06-13,13.07,13.40,12.03,12.85,19928709,384239232.000
2013-06-14,12.91,14.04,12.80,13.81,27496018,571510592.000
2013-06-17,13.80,14.41,13.47,13.53,25317732,539452096.000
2013-06-18,13.52,13.63,12.67,13.23,15922998,317371360.000
2013-06-19,13.43,13.60,12.98,13.25,13143549,268769280.000
2013-06-20,12.92,13.53,12.81,12.96,11572241,231592368.000
2013-06-21,12.60,13.33,12.13,12.85,18590578,367112384.000
2013-06-24,12.78,12.85,12.08,12.13,16136701,305855488.000
2013-06-25,11.85,12.36,10.89,12.19,20331250,362928864.000
2013-06-26,12.27,13.15,12.07,13.05,25315571,493401152.000
2013-06-27,13.05,13.59,12.89,12.97,17324216,350328032.000
2013-06-28,12.80,13.27,12.53,12.83,10227432,200888048.000
2013-07-01,12.99,13.05,12.20,13.02,12864169,248183424.000
2013-07-02,13.02,13.54,12.77,13.52,17701915,359203232.000
2013-07-03,13.50,13.50,12.79,13.08,16391730,327384864.000
2013-07-04,12.87,13.27,12.37,12.71,15090820,296194688.000
2013-07-05,12.67,12.67,11.73,12.19,20369112,378749792.000
2013-07-08,11.75,12.09,11.41,11.65,14807413,266115008.000
2013-07-09,11.60,11.85,10.87,11.09,16981311,294275296.000
2013-07-10,10.99,12.22,10.93,12.17,22127248,393423936.000
2013-07-11,12.17,12.73,11.88,12.64,17349609,328243680.000
2013-07-12,12.50,12.60,12.28,12.30,12909955,246397184.000
2013-07-15,12.30,12.83,12.30,12.79,10333494,197481664.000
2013-07-16,12.79,13.67,12.74,13.53,24006988,486297376.000
2013-07-17,13.47,14.27,13.37,13.73,24811286,518924160.000
2013-07-18,14.05,14.24,13.47,13.86,20603037,434096416.000
2013-07-19,13.80,14.94,13.72,14.61,38287313,839733504.000
2013-07-22,14.41,15.04,14.32,14.98,19580635,436679552.000
2013-07-23,15.00,15.29,14.60,14.97,16912435,381723104.000
2013-07-24,14.79,14.93,14.31,14.34,19141279,420715200.000
2013-07-25,14.35,14.61,13.67,13.68,17569538,375208384.000
2013-07-26,13.73,13.93,13.33,13.40,12495430,256405840.000
2013-07-29,13.53,13.99,13.33,13.71,15220401,314195776.000
2013-07-30,13.75,13.80,12.73,13.11,13634942,271683360.000
2013-07-31,13.13,13.53,12.93,13.07,9752974,195903328.000
2013-08-01,13.15,13.87,13.03,13.78,16902987,347716448.000
2013-08-02,13.77,14.60,13.73,14.09,24411866,527071168.000
2013-08-05,14.19,14.75,14.00,14.73,17167444,376193952.000
2013-08-06,14.70,14.99,14.48,14.71,14922754,332500352.000
2013-08-07,14.67,14.87,14.37,14.47,14358924,317099680.000
2013-08-08,14.30,14.42,13.91,13.99,13332363,284300480.000
2013-08-09,13.93,14.43,13.88,14.11,9710787,208369152.000
2013-08-12,14.36,14.63,14.19,14.39,16248832,355788320.000
2013-08-13,14.41,14.42,13.99,14.10,8356231,178997792.000
2013-08-14,14.13,14.20,13.72,13.93,8660412,181471264.000
2013-08-15,13.90,14.17,13.64,13.92,10188180,215485904.000
2013-08-16,13.81,14.48,12.95,13.02,14365530,294420096.000
2013-08-19,13.05,13.70,13.04,13.63,9241917,187583056.000
2013-08-20,13.53,14.09,13.53,13.95,11137129,234832144.000
2013-08-21,14.06,14.07,13.69,13.81,4872536,101993800.000
2013-08-22,13.71,13.84,13.13,13.30,10757283,219484544.000
2013-08-23,13.37,13.59,12.83,13.03,17387486,345482400.000
2013-08-26,13.12,13.59,13.09,13.54,11175879,226743712.000
2013-08-27,13.52,13.79,13.25,13.29,9844139,200429248.000
2013-08-28,13.37,13.37,12.99,13.13,9313666,184582816.000
2013-08-29,13.19,13.34,12.93,13.03,7012959,139211616.000
2013-08-30,13.04,13.30,12.81,12.83,10507473,207446944.000
2013-09-02,12.84,13.19,12.74,13.03,6290894,123821216.000
2013-09-03,13.11,13.31,13.06,13.13,9095103,182011648.000
2013-09-04,13.03,13.20,12.91,13.01,8671330,171264000.000
2013-09-05,13.01,13.63,12.97,13.35,17068358,345198176.000
2013-09-06,13.33,13.44,12.93,13.10,13991810,277591488.000
2013-09-09,13.02,13.25,12.73,12.78,16394310,321025504.000
2013-09-10,12.87,13.63,12.87,13.45,31307939,634209856.000
2013-09-11,13.47,13.59,13.17,13.42,11518207,233120016.000
2013-09-12,13.43,13.72,13.42,13.64,14099870,289644736.000
2013-09-13,13.70,13.75,13.41,13.62,7386045,152121792.000
2013-09-16,13.67,14.00,13.21,13.32,10744368,222939168.000
2013-09-17,13.30,13.43,12.81,12.83,11347926,223576608.000
2013-09-18,12.83,13.04,12.39,12.64,16559132,316324224.000
2013-09-23,12.73,12.97,12.70,12.77,10428684,202364704.000
2013-09-24,12.65,12.86,12.39,12.82,17402887,331128288.000
2013-09-25,12.83,12.87,12.53,12.70,8281674,159035808.000
2013-09-26,12.71,12.78,12.33,12.34,8805842,165737168.000
2013-09-27,12.35,13.55,12.35,13.34,19647900,386230656.000
2013-09-30,13.53,13.73,13.20,13.39,13358299,271115840.000
2013-10-08,13.61,14.75,13.61,14.75,35172161,761580544.000
2013-10-09,14.92,15.57,14.75,15.17,25639689,592193408.000
2013-10-10,15.17,15.73,14.67,15.39,18174439,417957504.000
2013-10-11,15.20,16.17,15.20,16.00,21448097,511849952.000
2013-10-14,15.83,16.20,15.55,16.19,11797169,283666464.000
2013-10-15,16.10,16.17,14.73,15.64,22297488,516590368.000
2013-10-16,15.33,15.49,14.62,15.05,13314402,303816448.000
2013-10-17,15.19,16.20,14.97,15.19,11968154,281109920.000
2013-10-18,15.20,15.40,14.80,15.19,5982293,137263824.000
2013-10-21,15.19,16.03,15.17,16.01,14246397,340655040.000
2013-10-22,15.87,16.40,15.40,15.82,10789820,258871568.000
2013-10-23,15.76,15.99,14.77,14.99,12098662,275949024.000
2013-10-24,14.99,15.03,14.27,14.31,7891762,173820416.000
2013-10-25,14.35,14.73,14.00,14.29,8184877,176903312.000
2013-10-28,14.27,14.67,14.10,14.53,5825795,126964136.000
2013-10-29,14.53,14.64,13.40,13.94,9312041,195365728.000
2013-10-30,13.97,14.29,13.53,13.83,10192245,213340880.000
2013-10-31,13.73,13.83,13.38,13.72,6507446,134303088.000
2013-11-01,13.69,13.71,13.27,13.49,4263922,87013776.000
2013-11-04,13.51,13.73,13.43,13.51,5307342,108681520.000
2013-11-05,13.51,13.62,13.14,13.54,6971595,141393488.000
2013-11-06,13.58,14.17,13.58,13.79,11737884,247436880.000
2013-11-07,13.73,13.73,13.36,13.37,5338364,108980800.000
2013-11-08,13.33,13.50,12.75,12.93,9410100,185720608.000
2013-11-11,12.87,13.37,12.85,13.17,5171612,103352224.000
2013-11-12,13.17,13.30,13.11,13.19,4581790,91634392.000
2013-11-13,13.14,13.28,12.99,12.99,4147488,82227560.000
2013-11-14,13.19,13.19,12.96,13.12,4026327,79921544.000
2013-11-15,13.16,13.61,13.16,13.53,9254129,188729232.000
2013-11-18,13.53,14.25,13.53,14.21,10440866,220712720.000
2013-11-19,14.20,14.88,13.95,14.37,9974244,219240096.000
2013-11-20,14.55,14.59,14.02,14.25,5034016,108017792.000
2013-11-21,14.13,14.47,13.84,14.43,12449044,266165104.000
2013-11-22,14.52,14.52,14.02,14.03,3993715,86094576.000
2013-11-25,13.87,14.19,13.70,13.71,9058749,190263744.000
2013-11-26,13.72,14.31,13.72,13.93,6179961,130947744.000
2013-11-27,13.93,14.44,13.80,14.20,9876167,212690736.000
2013-11-28,14.21,15.09,14.21,15.05,17245083,384913408.000
2013-11-29,15.35,16.49,15.35,16.21,24639200,596038784.000
2013-12-02,15.20,16.20,15.20,15.29,10869461,256288320.000
2013-12-03,15.31,15.84,15.20,15.69,5932520,140263216.000
2013-12-04,15.66,16.78,15.59,16.59,16568613,411333152.000
2013-12-05,16.51,16.51,15.73,15.87,10516153,255254320.000
2013-12-06,15.67,15.77,14.63,14.94,13023521,298560000.000
2013-12-09,14.94,15.56,14.94,15.37,8691091,201169264.000
2013-12-10,15.27,15.57,15.01,15.41,3668926,85157064.000
2013-12-11,15.36,15.59,14.97,15.17,4780746,110308536.000
2013-12-12,15.11,16.08,15.11,16.07,12022383,288223168.000
2013-12-13,15.76,16.23,15.59,15.87,6399701,154585408.000
2013-12-16,15.55,16.12,15.05,15.31,7931739,186581824.000
2013-12-17,15.13,15.46,14.96,15.29,3851108,88638128.000
2013-12-18,15.27,16.08,15.00,15.74,8071064,191794320.000
2013-12-19,15.99,16.27,15.45,15.47,5863239,140450208.000
2013-12-20,15.61,16.00,15.19,15.51,8540435,202377136.000
2013-12-23,15.55,15.71,15.00,15.29,4067280,94913008.000
2013-12-24,15.45,15.73,15.10,15.37,5949419,138689744.000
2013-12-25,15.41,16.50,15.41,16.47,16762554,408918528.000
2013-12-26,16.50,16.71,15.99,16.16,14886955,368091008.000
2013-12-27,16.13,16.87,16.06,16.86,14887465,374095744.000
2013-12-30,16.96,16.96,16.07,16.53,20411857,506715232.000
2013-12-31,16.29,16.73,16.21,16.39,7890656,197358864.000
2014-01-02,16.42,18.05,16.27,17.66,20287985,532952256.000
2014-01-03,17.67,19.01,17.67,18.49,28833413,804968960.000
2014-01-06,18.30,19.40,17.83,17.97,26209025,729563328.000
2014-01-07,17.95,18.39,17.91,18.11,13151619,359519840.000
2014-01-08,18.27,18.80,18.20,18.63,12731346,356089472.000
2014-01-09,18.57,18.89,17.67,17.71,13588281,372713344.000
2014-01-10,17.70,18.04,16.94,17.07,13150324,346408544.000
2014-01-13,17.09,18.05,17.09,17.63,17609345,467015200.000
2014-01-14,17.63,18.20,17.33,18.17,14315631,385081536.000
2014-01-15,18.03,19.12,17.95,18.61,19396148,546957120.000
2014-01-16,18.61,18.79,17.40,17.63,21824018,590908224.000
2014-01-17,17.41,17.52,16.81,16.93,20286717,524921952.000
2014-01-20,16.79,17.40,16.34,16.50,17972291,456530688.000
2014-01-21,16.53,17.22,16.41,17.17,12726513,326085760.000
2014-01-22,17.13,17.65,16.88,17.40,17999364,470830080.000
2014-01-23,17.40,17.70,17.27,17.45,11788851,311607136.000
2014-01-24,17.40,17.98,17.33,17.55,11049637,294721216.000
2014-01-27,17.37,17.49,16.53,17.10,11157924,289754176.000
2014-01-28,16.93,17.26,16.20,16.33,12999623,325189376.000
2014-01-29,16.40,16.51,16.03,16.28,12055657,296856000.000
2014-01-30,16.27,16.45,15.73,15.79,10131788,244433440.000
2014-02-07,15.79,17.38,15.67,17.34,19299928,489436768.000
2014-02-10,17.43,17.73,17.28,17.46,21738519,574038848.000
2014-02-11,17.47,17.53,16.75,17.02,13771267,356667008.000
2014-02-12,17.00,17.17,16.33,16.75,19745979,495506464.000
2014-02-13,16.60,17.05,16.45,16.64,17309698,438174528.000
2014-02-14,16.50,16.84,16.31,16.77,13150535,330999264.000
2014-02-17,16.77,16.92,16.33,16.66,20570249,515467712.000
2014-02-18,16.68,17.30,16.62,17.29,22454770,579970048.000
2014-02-19,17.32,17.39,16.57,16.73,18281701,465256288.000
2014-02-20,16.75,16.80,15.87,15.95,22356861,547577152.000
2014-02-21,15.80,16.10,15.28,15.75,22718451,538036608.000
2014-02-24,15.60,16.05,15.30,15.87,13052796,311916544.000
2014-02-25,15.90,16.01,14.53,14.59,25006503,577301504.000
2014-02-26,14.53,14.83,14.13,14.50,17431672,381351648.000
2014-02-27,14.64,15.27,14.57,14.67,20625936,465655872.000
2014-02-28,14.83,14.99,14.33,14.94,11732389,259347888.000
2014-03-03,14.87,15.67,14.84,15.41,18740382,436000480.000
2014-03-04,15.73,15.73,15.13,15.37,11987188,278942208.000
2014-03-05,15.46,15.53,14.83,14.95,11044494,252372400.000
2014-03-06,14.70,14.90,14.63,14.66,7651406,170338688.000
2014-03-07,14.71,15.25,14.68,15.14,11986721,272069088.000
2014-03-10,14.98,14.98,14.40,14.68,9002281,199173760.000
2014-03-11,14.55,15.45,14.55,15.23,18550720,425101728.000
2014-03-12,15.20,15.71,15.10,15.60,18096906,424363392.000
2014-03-13,15.87,16.27,15.70,15.93,19490721,470185056.000
2014-03-14,15.93,16.12,15.62,15.99,12928321,309986080.000
2014-03-17,16.04,16.20,15.79,15.93,13497136,325819520.000
2014-03-18,16.00,16.19,15.38,15.67,25491960,603685376.000
2014-03-19,15.87,15.95,15.27,15.59,15438478,362216416.000
2014-03-20,15.55,15.71,14.60,14.78,16393347,376597376.000
2014-03-21,14.83,15.26,14.82,15.16,16015813,364668480.000
2014-03-24,15.13,15.14,14.69,14.98,12961404,291593024.000
2014-03-25,14.87,15.19,14.87,15.07,7814738,177473840.000
2014-03-26,15.12,15.91,14.87,15.69,20299057,476999456.000
2014-03-27,15.67,15.67,15.07,15.20,10359340,239845952.000
2014-03-28,15.13,15.32,14.73,14.92,8605934,194081568.000
2014-03-31,14.99,15.43,14.85,15.03,12112605,276933376.000
2014-04-04,15.53,16.14,15.47,15.79,25637829,610799936.000
2014-04-08,15.70,15.92,15.41,15.88,16092251,381126880.000
2014-04-09,15.83,16.46,15.73,16.43,24691409,606592512.000
2014-04-10,16.55,17.95,16.55,17.69,45618597,1190504960.000
2014-04-11,17.70,17.91,17.15,17.71,23859724,634284288.000
2014-04-14,17.82,18.53,17.31,17.51,22289554,594828352.000
2014-04-15,17.61,17.67,16.67,16.91,25711296,662866240.000
2014-04-16,16.87,17.27,16.57,17.05,18107430,464290784.000
2014-04-17,17.19,17.27,16.81,16.94,10096464,259161744.000
2014-04-18,16.88,17.35,16.64,17.29,15364686,397495104.000
2014-04-21,17.08,17.53,16.94,17.02,12334799,320275872.000
2014-04-22,16.77,17.00,15.40,15.61,38320436,926449088.000
2014-04-23,15.39,15.93,15.33,15.67,10851137,257130192.000
2014-04-24,15.60,15.67,15.41,15.49,8255200,193518048.000
2014-04-25,15.41,15.63,15.01,15.07,11865650,273408640.000
2014-04-28,14.99,15.44,14.80,15.17,13112211,301549760.000
2014-04-29,15.18,15.79,15.18,15.72,11725466,276579040.000
2014-04-30,15.60,15.93,15.57,15.85,8663498,207010528.000
2014-05-05,15.85,15.92,15.47,15.75,8052345,191105264.000
2014-05-06,15.67,16.15,15.67,15.91,9268085,223954400.000
2014-05-07,15.87,15.90,15.27,15.33,8743312,205018464.000
2014-05-08,15.33,15.53,15.13,15.25,6761710,156714240.000
2014-05-09,15.29,15.33,14.87,15.05,6662856,151863840.000
2014-05-12,15.20,15.57,15.11,15.47,8011083,186550304.000
2014-05-13,15.49,15.58,15.15,15.28,6654605,154317696.000
2014-05-14,15.18,15.40,15.15,15.32,4061422,94054952.000
2014-05-15,15.32,15.79,15.27,15.35,12169771,286294016.000
2014-05-16,15.27,15.29,14.67,14.89,14211435,320040960.000
2014-05-19,14.70,14.81,14.40,14.56,10668612,234397376.000
2014-05-20,14.73,14.97,14.53,14.63,8085040,180365296.000
2014-05-21,14.54,14.83,14.20,14.79,7605857,168118720.000
2014-05-22,14.83,15.17,14.60,14.71,9615950,217408672.000
2014-05-23,14.72,14.93,14.69,14.89,6151115,137926752.000
2014-05-26,15.07,15.31,14.91,15.28,10649392,243511824.000
2014-05-27,15.27,15.40,15.07,15.13,6581787,151407168.000
2014-05-28,15.13,15.29,15.03,15.28,7363772,169248160.000
2014-05-29,15.35,15.63,15.21,15.23,10885795,254497024.000
2014-05-30,15.13,15.27,14.93,15.07,6681472,152390272.000
2014-06-03,15.11,15.22,14.79,14.84,7135981,161566032.000
2014-06-04,14.81,14.86,14.55,14.75,6351502,141039104.000
2014-06-05,14.73,15.01,14.68,14.95,7012217,158262480.000
2014-06-06,14.95,15.26,14.95,15.05,8023274,183755520.000
2014-06-09,15.14,15.23,14.87,14.93,4814639,109697984.000
2014-06-10,14.97,15.23,14.73,15.17,9983244,227326208.000
2014-06-11,15.11,15.43,15.06,15.32,8552938,197827008.000
2014-06-12,15.32,15.39,15.19,15.35,6433623,148825872.000
2014-06-13,15.25,15.75,15.25,15.69,13775101,323994816.000
2014-06-16,15.71,15.78,15.43,15.63,9884753,233505568.000
2014-06-17,15.63,15.67,15.30,15.33,7559816,176361808.000
2014-06-18,15.32,15.59,15.31,15.45,7052379,164814432.000
2014-06-19,15.45,15.53,14.95,15.03,6942740,159627888.000
2014-06-20,14.99,15.29,14.98,15.12,6199023,141813120.000
2014-06-23,15.13,15.27,14.74,14.96,8183365,185948480.000
2014-06-24,14.87,15.03,14.77,14.95,6883613,155340976.000
2014-06-25,15.12,15.15,14.87,15.00,6264380,142127264.000
2014-06-26,14.98,15.19,14.98,15.13,6919893,158404944.000
2014-06-27,15.10,15.23,15.04,15.19,8062493,184650272.000
2014-06-30,15.23,15.50,15.09,15.49,13134316,303695072.000
2014-07-01,15.37,15.46,15.01,15.19,18642987,428229984.000
2014-07-02,15.10,15.13,14.88,15.11,11825045,268428688.000
2014-07-03,15.12,15.23,15.01,15.22,11983961,275141952.000
2014-07-04,15.32,15.74,15.30,15.54,16377041,254198496.000
2014-07-07,15.40,15.40,13.99,14.23,69824478,1008460480.000
2014-07-08,14.11,14.44,14.01,14.28,31374652,445547232.000
2014-07-09,14.48,14.50,13.90,14.11,30323155,429425536.000
2014-07-10,14.05,14.08,13.43,13.55,36012985,492429088.000
2014-07-11,13.55,13.83,13.36,13.66,29097042,395102112.000
2014-07-14,13.78,13.98,13.68,13.94,20664195,286624448.000
2014-07-15,13.98,14.08,13.69,13.90,15817311,218667024.000
2014-07-16,13.90,13.90,13.53,13.67,13967815,191140336.000
2014-07-17,13.65,13.66,13.40,13.53,14369689,193926848.000
2014-07-18,13.50,13.67,13.44,13.52,11354963,153906656.000
2014-07-21,13.54,13.69,13.38,13.53,10292514,138946064.000
2014-07-22,13.54,13.64,13.38,13.59,18762397,253741712.000
2014-07-23,13.58,13.58,12.95,13.07,34784958,460299584.000
2014-07-24,13.09,13.20,12.59,12.87,32023318,410518400.000
2014-07-25,12.86,12.90,12.43,12.57,46342952,583307840.000
2014-07-28,12.53,12.94,12.53,12.94,50132121,639180736.000
2014-07-29,12.94,13.42,12.82,13.23,46608552,613725184.000
2014-07-30,13.26,13.50,13.16,13.29,39108900,520536480.000
2014-07-31,13.40,13.95,13.32,13.92,60416961,824249152.000
2014-08-01,13.86,14.20,13.74,13.77,49849520,695644864.000
2014-08-04,13.78,13.92,13.61,13.85,27776109,383354432.000
2014-08-05,13.85,14.25,13.85,14.16,39501306,556010944.000
2014-08-13,15.56,15.56,14.57,14.77,79818799,1192311936.000
2014-08-14,14.78,15.07,14.44,14.52,43295520,637086592.000
2014-08-15,14.53,14.64,14.27,14.62,32226572,466401568.000
2014-08-18,14.53,15.00,14.53,14.99,40953909,608381888.000
2014-08-19,15.00,15.00,14.69,14.76,39068556,577309760.000
2014-08-20,14.75,14.75,14.40,14.47,32745861,474427328.000
2014-08-21,14.40,15.10,14.21,14.88,63207628,932409088.000
2014-08-22,14.66,14.94,14.58,14.75,35157642,518029952.000
2014-08-25,14.78,14.84,14.60,14.67,19968650,293910944.000
2014-08-26,14.68,14.88,14.34,14.45,28969056,424607712.000
2014-08-27,14.39,14.56,14.30,14.38,16749380,241668976.000
2014-08-28,14.40,14.49,14.21,14.35,16612402,238378688.000
2014-08-29,14.40,14.70,14.28,14.60,26156135,381357152.000
2014-09-01,14.61,14.75,14.55,14.68,23451435,343375968.000
2014-09-02,14.74,14.98,14.58,14.86,44161600,652311104.000
2014-09-03,14.88,15.07,14.79,15.00,43703608,653015296.000
2014-09-04,15.07,15.10,14.90,14.97,31634394,474116512.000
2014-09-05,15.00,15.10,14.93,15.04,34743142,520905984.000
2014-09-09,15.06,15.10,14.82,14.89,34369761,512642336.000
2014-09-10,14.81,15.04,14.66,14.92,33741691,500412192.000
2014-09-11,14.86,15.05,14.73,14.78,33737930,502558720.000
2014-09-12,14.80,14.87,14.68,14.79,19707386,290936256.000
2014-09-15,14.80,15.05,14.80,14.95,34103606,509279872.000
2014-09-16,14.96,14.99,14.31,14.34,37905571,557156352.000
2014-09-17,14.32,14.46,14.02,14.13,29323846,416589824.000
2014-09-18,14.16,14.58,14.16,14.55,26253762,376355776.000
2014-09-19,14.56,14.83,14.43,14.75,24345170,356738400.000
2014-09-22,14.71,14.91,14.62,14.83,37067909,547142976.000
2014-09-23,14.80,14.94,14.72,14.86,29460973,437811296.000
2014-09-24,14.82,14.94,14.72,14.87,30253160,448594048.000
2014-09-25,14.89,14.95,14.65,14.77,29246979,433422176.000
2014-09-26,14.73,14.77,14.61,14.68,18522138,271788096.000
2014-09-29,14.80,15.04,14.75,15.01,47404869,705778304.000
2014-09-30,15.07,15.54,15.00,15.44,58947336,900557440.000
2014-10-08,15.93,15.99,15.41,15.59,64349359,1003153664.000
2014-10-09,15.55,15.56,15.25,15.37,40617469,623836096.000
2014-10-10,15.30,15.47,15.18,15.22,28831847,440661824.000
2014-10-13,15.20,15.22,14.89,14.99,23387124,350398912.000
2014-10-14,15.00,15.14,14.77,14.84,26590759,396837632.000
2014-10-15,14.83,14.95,14.65,14.94,30648977,453525376.000
2014-10-16,14.89,14.89,14.47,14.50,34549629,507433856.000
2014-10-17,14.50,14.64,14.30,14.55,21676472,313708288.000
2014-10-20,14.63,14.89,14.53,14.81,24026905,354706848.000
2014-10-21,14.81,14.95,14.66,14.67,24645461,365240672.000
2014-10-22,14.73,14.77,14.39,14.43,17117665,249186240.000
2014-10-23,14.43,14.88,14.36,14.57,26857270,394213376.000
2014-10-24,14.62,15.11,14.56,15.00,41606825,620635840.000
2014-10-27,15.00,15.13,14.66,14.77,29865250,445389536.000
2014-10-28,14.80,15.23,14.79,15.15,47079901,709815424.000
2014-10-29,15.15,15.36,15.10,15.30,60638614,925874560.000
2014-10-30,15.32,15.48,15.05,15.14,47590646,727377280.000
2014-10-31,15.14,15.14,14.77,14.99,36731697,548026048.000
2014-11-03,15.00,15.09,14.88,15.08,29520753,442617280.000
2014-11-04,15.08,15.08,14.72,14.88,27224169,404493376.000
2014-11-05,14.84,14.85,14.66,14.68,21876098,322543200.000
2014-11-06,14.68,14.93,14.67,14.91,23862326,353624800.000
2014-11-07,14.94,14.97,14.58,14.60,30761621,453244864.000
2014-11-10,14.61,14.75,14.54,14.72,17332762,253941328.000
2014-11-11,14.76,14.78,14.11,14.22,39443433,568535360.000
2014-11-12,14.25,14.52,14.25,14.40,16187916,232867872.000
2014-11-13,14.42,14.42,14.14,14.21,19288335,273999648.000
2014-11-14,14.15,14.34,14.13,14.25,11770873,167772640.000
2014-11-17,14.25,14.49,14.25,14.38,12617172,181418096.000
2014-11-18,14.40,14.42,14.04,14.30,20108319,285365472.000
2014-11-19,14.22,14.33,14.10,14.18,16672136,236424480.000
2014-11-20,14.15,14.19,13.83,13.86,27616180,385912160.000
2014-11-21,13.86,13.94,13.81,13.89,20564763,285318432.000
2014-11-24,14.04,14.07,13.81,13.92,33118487,460788736.000
2014-11-25,13.92,14.45,13.89,14.41,43235241,614265024.000
2014-11-26,14.40,14.42,14.17,14.26,28436791,405695424.000
2014-11-27,14.27,14.37,14.16,14.25,27407723,390348480.000
2014-11-28,14.26,14.29,14.03,14.12,27982561,395427008.000
2014-12-01,14.22,14.26,13.81,13.85,47020798,657444224.000
2014-12-02,13.87,14.03,13.82,14.00,40046432,557878208.000
2014-12-03,14.00,14.35,13.88,14.34,46729899,661678272.000
2014-12-04,14.34,14.64,14.30,14.58,62400844,904842496.000
2014-12-05,14.60,14.67,13.88,14.13,44925554,639904320.000
2014-12-08,14.09,14.14,13.90,14.11,45207171,633707840.000
2014-12-09,14.00,15.12,13.86,14.43,94039476,1363389440.000
2014-12-10,14.48,15.08,14.47,15.00,83122996,1234211328.000
2014-12-11,15.05,15.06,14.62,14.76,55838311,826421376.000
2014-12-12,14.88,15.01,14.70,14.89,42042334,625220736.000
2014-12-15,14.89,15.38,14.89,15.24,62019739,942470912.000
2014-12-16,15.25,15.30,14.91,14.94,45858226,688732480.000
2014-12-17,15.07,15.08,14.37,14.52,64167354,940332544.000
2014-12-18,14.46,14.96,14.40,14.86,48412746,709928064.000
2014-12-19,14.76,14.78,14.40,14.51,35014449,509363008.000
2014-12-22,14.55,14.60,13.91,14.11,39863359,562678016.000
2014-12-23,14.09,14.36,13.95,14.01,24313413,343312576.000
2014-12-24,14.06,14.24,13.98,14.12,31820023,447422656.000
2014-12-25,14.20,14.20,14.05,14.16,26008052,367032320.000
2014-12-26,14.16,14.16,14.00,14.10,32506744,457555264.000
2014-12-29,14.16,14.65,14.02,14.39,55879209,800706368.000
2014-12-30,14.41,14.56,14.06,14.11,31421961,446513440.000
2014-12-31,14.16,14.36,14.01,14.22,25424161,360272704.000
2015-01-05,14.22,14.85,14.02,14.65,55457093,805409408.000
2015-01-06,14.47,15.52,14.42,15.45,115334758,1743803264.000
2015-01-07,15.37,15.70,14.94,15.17,73645666,1127556480.000
2015-01-08,15.16,15.46,15.01,15.21,46418405,706831296.000
2015-01-09,15.21,15.95,15.19,15.52,107225232,1682214912.000
2015-01-12,15.60,17.00,15.47,16.83,132216628,2139305088.000
2015-01-13,16.82,18.12,16.61,17.46,150172900,2611499264.000
2015-01-14,17.40,17.81,17.13,17.47,67511805,1175444736.000
2015-01-15,17.49,17.67,16.97,17.26,79547426,1371820672.000
2015-01-16,17.30,17.79,17.11,17.45,80984120,1412589056.000
2015-01-19,17.26,17.68,15.89,16.31,90290602,1518440832.000
2015-01-20,16.51,17.16,16.51,17.03,73325757,1230781440.000
2015-01-21,17.00,17.25,16.80,17.24,81583513,1395204096.000
2015-01-22,17.26,18.02,17.01,17.97,86907704,1523027968.000
2015-01-23,17.80,18.15,17.31,17.34,86422645,1536866688.000
2015-01-26,17.22,17.60,16.61,17.56,73706653,1271084672.000
2015-01-27,17.57,17.60,17.01,17.26,61451089,1062596672.000
2015-01-28,17.40,17.40,16.73,17.11,60044621,1019789504.000
2015-01-29,17.00,17.34,16.81,16.93,63752446,1087920640.000
2015-01-30,16.92,17.11,16.76,17.00,45245512,767827584.000
2015-02-02,16.95,17.73,16.81,17.39,79058251,1367717632.000
2015-02-03,17.40,17.62,17.06,17.18,96310793,1666487936.000
2015-02-04,17.14,17.25,16.45,16.47,69222100,1155270272.000
2015-02-05,16.60,17.30,16.18,16.84,72460472,1207471744.000
2015-02-06,16.69,17.00,16.49,16.89,55358779,933177280.000
2015-02-09,16.98,17.10,16.78,16.95,41835255,709427008.000
2015-02-10,16.74,16.94,16.55,16.69,97021227,1624285568.000
2015-02-11,16.53,16.90,16.50,16.72,66079773,1106312192.000
2015-02-12,16.70,17.23,16.70,16.99,57089418,970807232.000
2015-02-13,17.07,17.28,16.91,16.98,49307296,844359680.000
2015-02-16,16.98,17.32,16.85,17.16,38144530,653519424.000
2015-02-17,17.20,17.48,17.12,17.15,31069872,536623584.000
2015-02-25,17.19,17.82,17.19,17.64,52682197,927015872.000
2015-02-26,17.61,17.65,17.36,17.56,29723763,520026528.000
2015-02-27,17.50,17.65,17.15,17.24,43011655,744826752.000
2015-03-02,17.40,18.79,17.15,18.56,100639925,1799214720.000
2015-03-03,18.56,18.84,18.12,18.18,98169194,1821563776.000
2015-03-04,18.11,18.38,18.00,18.26,39457636,717334272.000
2015-03-05,18.20,18.58,18.13,18.47,42926468,791231040.000
2015-03-06,18.40,18.87,17.70,17.75,67043732,1231331328.000
2015-03-09,17.72,18.25,17.40,18.03,34530016,619610496.000
2015-03-10,18.01,18.75,17.91,18.55,52252839,962438656.000
2015-03-11,18.48,18.98,18.38,18.60,50920473,954886272.000
2015-03-12,18.78,18.78,18.02,18.13,37521663,685678080.000
2015-03-13,18.12,18.26,17.86,18.07,26779530,482731392.000
2015-03-16,18.11,18.55,18.11,18.38,42407336,779379584.000
2015-03-17,18.51,19.17,18.31,18.79,75107675,1410890752.000
2015-03-18,18.71,19.62,18.63,19.49,79561803,1527538944.000
2015-03-19,19.49,19.49,18.94,19.13,55582479,1065977536.000
2015-03-20,19.16,19.40,18.93,19.23,44564094,851244352.000
2015-03-23,19.34,19.85,19.24,19.51,51962014,1016610240.000
2015-03-24,19.88,19.98,18.50,19.01,87369691,1679407232.000
2015-03-25,19.11,19.20,18.53,18.70,72469138,1356921344.000
2015-03-26,18.70,19.19,18.53,18.68,57941581,1085893376.000
2015-03-27,18.71,19.10,18.60,18.93,42510978,801152896.000
2015-03-30,18.93,19.89,18.93,19.44,69247020,1333235328.000
2015-03-31,19.50,21.38,19.21,21.26,152950357,3126491648.000
2015-04-01,21.50,22.06,20.97,21.70,168338774,3609359616.000
2015-04-02,21.70,22.58,21.42,21.95,99220688,2184194816.000
2015-04-03,21.90,22.18,21.40,21.83,64143865,1400291840.000
2015-04-07,21.76,22.34,21.66,21.91,103496356,2270231552.000
2015-04-08,22.30,23.12,21.91,22.45,112456299,2536402688.000
2015-04-09,22.48,22.62,21.10,21.70,73817961,1599356544.000
2015-04-10,21.57,22.18,21.41,21.98,50379520,1106147840.000
数据来源:通达信
