601398 工商银行 日线 前复权
      日期	    开盘	    最高	    最低	    收盘	    成交量	    成交额
2011-03-02,3.36,3.42,3.35,3.39,52913090,225884960.000
2011-03-03,3.39,3.51,3.37,3.41,226024586,979734272.000
2011-03-04,3.42,3.49,3.40,3.46,94434289,408392704.000
2011-03-07,3.46,3.52,3.46,3.51,109516428,480518816.000
2011-03-08,3.51,3.53,3.49,3.52,75368153,331720160.000
2011-03-09,3.53,3.55,3.52,3.53,60939508,269740672.000
2011-03-10,3.52,3.53,3.46,3.46,73602731,322545952.000
2011-03-11,3.46,3.49,3.40,3.41,55984300,242418336.000
2011-03-14,3.41,3.43,3.39,3.40,45237664,194284608.000
2011-03-15,3.39,3.40,3.31,3.38,77796054,330019712.000
2011-03-16,3.37,3.42,3.37,3.42,42748337,183157968.000
2011-03-17,3.40,3.42,3.37,3.38,45968646,196934528.000
2011-03-18,3.39,3.44,3.32,3.37,56909641,244134608.000
2011-03-21,3.39,3.46,3.37,3.45,63911628,275293056.000
2011-03-22,3.44,3.50,3.42,3.47,73401914,319789440.000
2011-03-23,3.46,3.53,3.46,3.51,80875062,355809216.000
2011-03-24,3.51,3.54,3.48,3.52,83052325,366882048.000
2011-03-25,3.53,3.60,3.51,3.57,100608109,449025824.000
2011-03-28,3.59,3.64,3.57,3.61,103624646,466866336.000
2011-03-29,3.61,3.67,3.60,3.62,108353779,491231424.000
2011-03-30,3.62,3.67,3.61,3.63,91030253,413038528.000
2011-03-31,3.63,3.65,3.57,3.58,73641605,331185440.000
2011-04-01,3.60,3.63,3.56,3.61,55309484,248482624.000
2011-04-06,3.62,3.74,3.62,3.69,83819986,384393952.000
2011-04-07,3.69,3.71,3.65,3.68,51748684,236022784.000
2011-04-08,3.68,3.68,3.64,3.66,27544385,125348584.000
2011-04-11,3.67,3.74,3.65,3.70,76653515,352086144.000
2011-04-12,3.69,3.74,3.68,3.72,68723979,316124288.000
2011-04-13,3.70,3.74,3.66,3.74,50714437,232646928.000
2011-04-14,3.74,3.76,3.71,3.74,61414539,284015808.000
2011-04-15,3.72,3.81,3.71,3.81,104411795,488174624.000
2011-04-18,3.79,3.81,3.77,3.78,39856994,186304992.000
2011-04-19,3.76,3.77,3.67,3.67,55402677,254437392.000
2011-04-20,3.68,3.72,3.65,3.67,49903502,228394064.000
2011-04-21,3.69,3.71,3.67,3.69,34920932,159960048.000
2011-04-22,3.69,3.69,3.64,3.65,26639619,121235144.000
2011-04-25,3.62,3.66,3.58,3.60,42608083,191812272.000
2011-04-26,3.60,3.66,3.59,3.61,46434519,209697760.000
2011-04-27,3.62,3.67,3.62,3.65,52220005,237211424.000
2011-04-28,3.67,3.78,3.65,3.70,81373523,375234272.000
2011-04-29,3.71,3.71,3.62,3.67,36274115,165209968.000
2011-05-03,3.68,3.69,3.64,3.68,28090648,127885320.000
2011-05-04,3.65,3.70,3.63,3.64,56789910,258903360.000
2011-05-05,3.63,3.74,3.60,3.71,79671315,365212384.000
2011-05-06,3.68,3.75,3.67,3.69,51896639,239376544.000
2011-05-09,3.70,3.71,3.66,3.68,22940320,104909200.000
2011-05-10,3.69,3.70,3.66,3.68,22212215,101607248.000
2011-05-11,3.68,3.70,3.64,3.65,33241770,151270512.000
2011-05-12,3.64,3.66,3.60,3.60,36433800,164410032.000
2011-05-13,3.60,3.71,3.60,3.69,53605392,243930720.000
2011-05-16,3.66,3.72,3.60,3.62,51617587,234003264.000
2011-05-17,3.62,3.64,3.59,3.61,38075889,171208208.000
2011-05-18,3.62,3.72,3.60,3.67,36478956,166137056.000
2011-05-19,3.68,3.71,3.66,3.68,25251982,115598960.000
2011-05-20,3.68,3.71,3.64,3.65,31838663,145631840.000
2011-05-23,3.65,3.66,3.54,3.57,61993617,278059232.000
2011-05-24,3.57,3.61,3.53,3.55,54357471,242180128.000
2011-05-25,3.54,3.55,3.44,3.47,40879866,179156288.000
2011-05-26,3.49,3.54,3.48,3.52,33435376,147305776.000
2011-05-27,3.53,3.56,3.49,3.50,57208409,252550048.000
2011-05-30,3.50,3.69,3.49,3.67,156120417,706711552.000
2011-06-01,3.64,3.65,3.55,3.59,69731771,313236672.000
2011-06-02,3.57,3.64,3.45,3.55,106541612,470413280.000
2011-06-03,3.52,3.54,3.46,3.52,59807752,262790736.000
2011-06-07,3.50,3.56,3.49,3.54,55585071,245953008.000
2011-06-08,3.53,3.55,3.47,3.53,43881823,193090080.000
2011-06-09,3.52,3.53,3.48,3.48,68309690,300208576.000
2011-06-10,3.49,3.56,3.47,3.53,54683577,241657280.000
2011-06-13,3.51,3.66,3.50,3.63,69459597,311928960.000
2011-06-14,3.62,3.64,3.55,3.56,141339166,633456000.000
2011-06-15,3.59,3.59,3.55,3.57,59822513,255673728.000
2011-06-16,3.56,3.60,3.55,3.58,41083484,175725360.000
2011-06-17,3.57,3.64,3.55,3.59,77924998,335722144.000
2011-06-20,3.58,3.60,3.54,3.56,39065639,166774736.000
2011-06-21,3.56,3.62,3.55,3.60,45080952,193605408.000
2011-06-22,3.60,3.64,3.57,3.63,64972340,280328160.000
2011-06-23,3.61,3.68,3.60,3.68,65156220,283637472.000
2011-06-24,3.67,3.78,3.65,3.78,82382111,365806112.000
2011-06-27,3.77,3.80,3.75,3.78,67198774,300592160.000
2011-06-28,3.79,3.80,3.76,3.80,50391599,225883952.000
2011-06-29,3.79,3.79,3.74,3.76,62621407,279123040.000
2011-06-30,3.76,3.80,3.74,3.76,50943440,227564976.000
2011-07-01,3.77,3.77,3.66,3.68,57180743,251296352.000
2011-07-04,3.70,3.72,3.67,3.72,46263657,203282752.000
2011-07-05,3.71,3.75,3.69,3.71,37299484,164535904.000
2011-07-06,3.71,3.71,3.62,3.67,69625617,302222432.000
2011-07-07,3.67,3.71,3.60,3.61,62982287,273420864.000
2011-07-08,3.62,3.66,3.61,3.64,60669706,262823840.000
2011-07-11,3.63,3.64,3.61,3.63,32508985,140630672.000
2011-07-12,3.61,3.62,3.58,3.59,37912988,162786480.000
2011-07-13,3.59,3.66,3.59,3.64,42170019,182586672.000
2011-07-14,3.63,3.70,3.62,3.68,59830899,261025056.000
2011-07-15,3.67,3.71,3.63,3.70,29706504,130221944.000
2011-07-18,3.70,3.70,3.66,3.66,16688084,72907640.000
2011-07-19,3.65,3.69,3.64,3.66,39547899,172770592.000
2011-07-20,3.68,3.70,3.66,3.67,45898425,201033360.000
2011-07-21,3.69,3.69,3.64,3.67,26019938,113580552.000
2011-07-22,3.66,3.67,3.64,3.66,24496069,106620672.000
2011-07-25,3.62,3.64,3.58,3.59,26339479,113431200.000
2011-07-26,3.58,3.61,3.57,3.59,18276501,78461664.000
2011-07-27,3.57,3.60,3.55,3.58,42983137,183557168.000
2011-07-28,3.55,3.57,3.50,3.50,35834144,151246384.000
2011-07-29,3.52,3.59,3.49,3.55,42538432,180370112.000
2011-08-01,3.54,3.58,3.52,3.54,19907395,84517056.000
2011-08-02,3.52,3.53,3.48,3.50,24412892,102482440.000
2011-08-03,3.49,3.50,3.46,3.48,33579256,140305728.000
2011-08-04,3.49,3.51,3.44,3.46,32572624,135822192.000
2011-08-05,3.42,3.44,3.37,3.41,68886727,282486432.000
2011-08-08,3.40,3.41,3.30,3.33,80387082,325734752.000
2011-08-09,3.29,3.41,3.24,3.40,80950136,324950656.000
2011-08-10,3.46,3.52,3.41,3.45,75457658,314979744.000
2011-08-11,3.41,3.49,3.39,3.46,30695175,127298440.000
2011-08-12,3.48,3.48,3.42,3.44,26972956,111748936.000
2011-08-15,3.45,3.50,3.39,3.49,65382825,270918496.000
2011-08-16,3.46,3.50,3.45,3.46,30695311,128069016.000
2011-08-17,3.46,3.49,3.45,3.48,17290855,72274640.000
2011-08-18,3.48,3.50,3.46,3.48,33085461,138422800.000
2011-08-19,3.45,3.45,3.42,3.43,36000815,148902096.000
2011-08-22,3.43,3.45,3.37,3.38,17677637,72500608.000
2011-08-23,3.40,3.42,3.37,3.41,20850918,85425376.000
2011-08-24,3.42,3.42,3.37,3.38,21818193,89261296.000
2011-08-25,3.38,3.50,3.37,3.48,73698653,305451616.000
2011-08-26,3.46,3.47,3.43,3.46,42043823,174497408.000
2011-08-29,3.44,3.44,3.37,3.38,49448731,202557600.000
2011-08-30,3.41,3.46,3.39,3.40,41678558,172066352.000
2011-08-31,3.41,3.46,3.39,3.44,23394493,96415120.000
2011-09-01,3.44,3.45,3.40,3.43,17995038,74313016.000
2011-09-02,3.43,3.44,3.39,3.40,15032539,61806600.000
2011-09-05,3.39,3.40,3.36,3.38,29039771,118467184.000
2011-09-06,3.36,3.39,3.35,3.37,25765077,104910336.000
2011-09-07,3.38,3.44,3.37,3.42,23535359,96765072.000
2011-09-08,3.42,3.48,3.40,3.45,51707193,214741136.000
2011-09-09,3.47,3.49,3.44,3.48,30656375,127893080.000
2011-09-13,3.44,3.45,3.42,3.44,21831878,90345088.000
2011-09-14,3.44,3.46,3.36,3.39,34288036,140662032.000
2011-09-15,3.40,3.41,3.38,3.38,19622511,80272104.000
2011-09-16,3.41,3.42,3.36,3.40,30132831,123262016.000
2011-09-19,3.37,3.38,3.36,3.37,17776361,72330192.000
2011-09-20,3.36,3.40,3.35,3.37,18110483,73782224.000
2011-09-21,3.39,3.44,3.36,3.42,35791186,147043184.000
2011-09-22,3.40,3.41,3.28,3.30,43832619,177611760.000
2011-09-23,3.30,3.37,3.26,3.31,58326222,233939008.000
2011-09-26,3.28,3.31,3.24,3.25,37657439,149636896.000
2011-09-27,3.28,3.32,3.27,3.30,30574505,122248224.000
2011-09-28,3.32,3.34,3.27,3.29,16264599,65034280.000
2011-09-29,3.29,3.31,3.26,3.28,28014337,111827640.000
2011-09-30,3.28,3.30,3.25,3.28,25395720,101025232.000
2011-10-10,3.26,3.30,3.25,3.29,37687194,149559376.000
2011-10-11,3.43,3.46,3.32,3.35,68141583,277602624.000
2011-10-12,3.32,3.44,3.32,3.42,90637627,371839968.000
2011-10-13,3.40,3.44,3.35,3.43,52312817,213901744.000
2011-10-14,3.40,3.45,3.38,3.44,37591461,154736288.000
2011-10-17,3.44,3.47,3.42,3.45,30521831,126548160.000
2011-10-18,3.43,3.47,3.42,3.47,54337935,225274688.000
2011-10-19,3.47,3.51,3.46,3.48,42389483,177427232.000
2011-10-20,3.46,3.49,3.43,3.46,43864813,182691264.000
2011-10-21,3.46,3.49,3.45,3.45,28046064,116737976.000
2011-10-24,3.45,3.51,3.44,3.49,24966486,104478240.000
2011-10-25,3.48,3.57,3.46,3.54,55040497,232110752.000
2011-10-26,3.53,3.59,3.52,3.56,41632116,177837616.000
2011-10-27,3.58,3.61,3.55,3.60,42841290,184148528.000
2011-10-28,3.64,3.69,3.57,3.60,60175434,260273696.000
2011-10-31,3.59,3.65,3.59,3.62,34598749,149682608.000
2011-11-01,3.61,3.65,3.59,3.60,28705787,123792440.000
2011-11-02,3.57,3.64,3.56,3.62,36650002,157824032.000
2011-11-03,3.64,3.66,3.61,3.62,34239566,148365024.000
2011-11-04,3.65,3.67,3.62,3.64,30882289,134530224.000
2011-11-07,3.62,3.65,3.61,3.61,21871844,94695296.000
2011-11-08,3.62,3.65,3.61,3.63,33582460,145678080.000
2011-11-09,3.65,3.68,3.63,3.66,26424954,115078432.000
2011-11-10,3.60,3.62,3.53,3.54,105876430,453059040.000
2011-11-11,3.55,3.63,3.55,3.59,69219430,297220352.000
2011-11-14,3.60,3.66,3.59,3.65,27003481,117220992.000
2011-11-15,3.64,3.65,3.61,3.62,28178985,121966680.000
2011-11-16,3.61,3.62,3.56,3.58,42546823,182105904.000
2011-11-17,3.58,3.62,3.56,3.60,28493508,122483080.000
2011-11-18,3.58,3.62,3.57,3.60,29370831,125934832.000
2011-11-21,3.60,3.60,3.54,3.55,17108208,72898208.000
2011-11-22,3.55,3.57,3.52,3.52,11889596,50344344.000
2011-11-23,3.52,3.55,3.50,3.54,23997431,101194584.000
2011-11-24,3.52,3.59,3.52,3.58,21367926,91108288.000
2011-11-25,3.56,3.58,3.50,3.52,15367721,64909544.000
2011-11-28,3.51,3.57,3.51,3.53,17055967,72349264.000
2011-11-30,3.54,3.55,3.48,3.49,45292092,190927280.000
2011-12-01,3.55,3.61,3.52,3.58,43781667,187261120.000
2011-12-02,3.55,3.57,3.50,3.55,25165636,106520384.000
2011-12-05,3.56,3.59,3.53,3.58,52322629,222617488.000
2011-12-06,3.56,3.57,3.49,3.50,40982646,172459392.000
2011-12-07,3.50,3.51,3.44,3.47,43647553,182026832.000
2011-12-08,3.47,3.49,3.45,3.46,32158495,133958536.000
2011-12-09,3.45,3.48,3.44,3.47,25467823,105948688.000
2011-12-12,3.46,3.47,3.42,3.42,22306698,92204912.000
2011-12-13,3.42,3.46,3.41,3.45,32197964,133124744.000
2011-12-14,3.42,3.45,3.40,3.40,18109299,74552648.000
2011-12-15,3.40,3.43,3.39,3.41,49421964,203393872.000
2011-12-16,3.40,3.47,3.36,3.47,38711560,159075712.000
2011-12-19,3.44,3.49,3.36,3.47,57578551,237184480.000
2011-12-20,3.45,3.51,3.42,3.45,28455259,118320840.000
2011-12-21,3.47,3.48,3.42,3.43,29073050,120869560.000
2011-12-22,3.43,3.47,3.41,3.45,27221650,112662536.000
2011-12-23,3.46,3.49,3.44,3.47,16583139,69088848.000
2011-12-26,3.44,3.48,3.42,3.47,23780179,98650656.000
2011-12-27,3.46,3.49,3.45,3.47,20140666,84042576.000
2011-12-28,3.46,3.50,3.42,3.49,46645071,193904144.000
2011-12-29,3.47,3.53,3.45,3.50,45423477,190577408.000
2011-12-30,3.50,3.55,3.49,3.54,47705523,201713552.000
2012-01-04,3.54,3.55,3.49,3.52,21900869,92432768.000
2012-01-05,3.49,3.60,3.49,3.55,45126180,192553056.000
2012-01-06,3.57,3.64,3.56,3.58,46107639,198133696.000
2012-01-09,3.60,3.64,3.56,3.61,57268038,246448496.000
2012-01-10,3.59,3.67,3.58,3.65,84437971,365343680.000
2012-01-11,3.65,3.67,3.60,3.65,56123975,243353792.000
2012-01-12,3.63,3.65,3.62,3.63,30155830,130739688.000
2012-01-13,3.64,3.68,3.61,3.64,49459442,214747744.000
2012-01-16,3.63,3.64,3.60,3.61,22890021,98830376.000
2012-01-17,3.60,3.68,3.58,3.66,53352087,230771264.000
2012-01-18,3.65,3.66,3.60,3.61,59337115,256569952.000
2012-01-19,3.61,3.67,3.60,3.66,95901733,417484480.000
2012-01-20,3.66,3.68,3.64,3.66,65292691,284523264.000
2012-01-30,3.68,3.69,3.56,3.57,64333725,279208832.000
2012-01-31,3.58,3.62,3.58,3.60,23989148,102990208.000
2012-02-01,3.60,3.61,3.57,3.58,20104205,86266464.000
2012-02-02,3.59,3.71,3.57,3.68,78145814,340225696.000
2012-02-03,3.67,3.74,3.64,3.71,72800545,320007296.000
2012-02-06,3.71,3.73,3.69,3.71,49924476,220200448.000
2012-02-07,3.70,3.71,3.61,3.63,37435435,162782720.000
2012-02-08,3.63,3.71,3.63,3.71,51248928,224270992.000
2012-02-09,3.70,3.74,3.66,3.72,83430416,367809440.000
2012-02-10,3.70,3.74,3.67,3.69,52792906,232687168.000
2012-02-13,3.67,3.70,3.65,3.67,43943226,192106064.000
2012-02-14,3.66,3.67,3.62,3.65,62922596,272942592.000
2012-02-15,3.65,3.70,3.63,3.67,63267210,276119104.000
2012-02-16,3.67,3.73,3.64,3.69,102940401,452172896.000
2012-02-17,3.70,3.71,3.66,3.69,33849245,148612272.000
2012-02-20,3.71,3.72,3.69,3.70,42676368,188115008.000
2012-02-21,3.70,3.78,3.69,3.76,61505843,272759552.000
2012-02-22,3.75,3.75,3.69,3.74,72416070,320054272.000
2012-02-24,3.73,3.75,3.69,3.74,83038242,366679936.000
2012-02-27,3.73,3.75,3.71,3.74,81628057,361904480.000
2012-02-28,3.71,3.77,3.71,3.75,69664463,309982848.000
2012-02-29,3.75,3.75,3.71,3.73,64446499,285582688.000
2012-03-01,3.73,3.74,3.70,3.71,35902500,158769760.000
2012-03-02,3.71,3.73,3.71,3.73,60917362,269155904.000
2012-03-05,3.73,3.74,3.66,3.68,64995750,285826592.000
2012-03-06,3.68,3.68,3.64,3.64,50760943,220957904.000
2012-03-07,3.63,3.65,3.60,3.62,61759371,267002768.000
2012-03-08,3.63,3.64,3.61,3.63,51575445,223115520.000
2012-03-09,3.64,3.65,3.62,3.63,33195411,143711552.000
2012-03-12,3.62,3.63,3.60,3.63,43662175,188268304.000
2012-03-13,3.61,3.66,3.61,3.64,37657420,163511648.000
2012-03-14,3.65,3.69,3.60,3.62,80563729,350335744.000
2012-03-15,3.61,3.74,3.60,3.61,99079832,432788032.000
2012-03-16,3.65,3.65,3.60,3.62,42748098,185201776.000
2012-03-19,3.62,3.64,3.61,3.62,39108673,168915872.000
2012-03-20,3.61,3.64,3.60,3.62,25873271,111670976.000
2012-03-21,3.64,3.65,3.61,3.61,50210369,217368864.000
2012-03-22,3.61,3.64,3.61,3.64,16159780,69813544.000
2012-03-23,3.63,3.65,3.60,3.60,38200919,165304096.000
2012-03-26,3.62,3.63,3.60,3.61,20604951,88915456.000
2012-03-27,3.62,3.64,3.61,3.63,16655251,71991920.000
2012-03-28,3.63,3.66,3.61,3.61,44024005,190928704.000
2012-03-29,3.61,3.62,3.57,3.58,45921922,197288032.000
2012-03-30,3.60,3.63,3.58,3.63,38033990,163907984.000
2012-04-05,3.61,3.62,3.56,3.60,82788734,354221120.000
2012-04-06,3.58,3.60,3.58,3.59,42145644,180666528.000
2012-04-09,3.59,3.59,3.56,3.58,20037368,85691432.000
2012-04-10,3.58,3.60,3.57,3.59,27268981,116893776.000
2012-04-11,3.58,3.61,3.58,3.59,32073610,137729936.000
2012-04-12,3.59,3.66,3.56,3.66,54566973,234907232.000
2012-04-13,3.64,3.68,3.62,3.66,42495297,184923760.000
2012-04-16,3.64,3.67,3.63,3.66,17989584,78408240.000
2012-04-17,3.66,3.66,3.62,3.64,45788496,199154208.000
2012-04-18,3.66,3.68,3.64,3.68,46757304,204060176.000
2012-04-19,3.68,3.68,3.65,3.65,29994718,130636112.000
2012-04-20,3.65,3.72,3.65,3.72,63181633,276647872.000
2012-04-23,3.71,3.72,3.68,3.69,43879376,193050384.000
2012-04-24,3.69,3.74,3.68,3.71,67063704,295934336.000
2012-04-25,3.70,3.72,3.68,3.72,42632884,187475632.000
2012-04-26,3.70,3.72,3.67,3.69,38186475,167484464.000
2012-04-27,3.69,3.69,3.66,3.67,53920711,235622160.000
2012-05-02,3.70,3.72,3.68,3.71,76211891,335249568.000
2012-05-03,3.70,3.71,3.64,3.66,66001562,287985920.000
2012-05-04,3.65,3.69,3.65,3.68,49651638,217073664.000
2012-05-07,3.69,3.74,3.68,3.72,96959495,427790528.000
2012-05-08,3.72,3.75,3.68,3.72,64042338,282210912.000
2012-05-09,3.70,3.73,3.68,3.68,45487362,200121216.000
2012-05-10,3.70,3.72,3.68,3.70,39506628,173921680.000
2012-05-11,3.68,3.71,3.65,3.66,33722672,147682288.000
2012-05-14,3.67,3.70,3.65,3.67,40536680,177143152.000
2012-05-15,3.66,3.67,3.62,3.63,33980415,147366352.000
2012-05-16,3.62,3.66,3.58,3.60,59407769,256017088.000
2012-05-17,3.60,3.64,3.58,3.63,29433411,126882736.000
2012-05-18,3.62,3.62,3.52,3.55,55289851,234981792.000
2012-05-21,3.54,3.55,3.50,3.53,39166846,165231648.000
2012-05-22,3.53,3.54,3.50,3.53,48989887,206793360.000
2012-05-23,3.52,3.53,3.47,3.48,40892993,171658912.000
2012-05-24,3.48,3.50,3.47,3.49,33521059,140282592.000
2012-05-25,3.48,3.50,3.46,3.48,21409311,89499728.000
2012-05-28,3.48,3.51,3.46,3.50,41465624,173467952.000
2012-05-29,3.50,3.53,3.48,3.52,38866234,163137152.000
2012-05-30,3.51,3.55,3.48,3.52,40954885,172714848.000
2012-06-01,3.51,3.54,3.48,3.54,48006448,202763056.000
2012-06-04,3.52,3.52,3.45,3.47,59435341,249334528.000
2012-06-05,3.49,3.54,3.48,3.50,42277099,177842656.000
2012-06-06,3.50,3.52,3.49,3.50,32607491,136998672.000
2012-06-07,3.52,3.53,3.48,3.49,31741697,133718328.000
2012-06-08,3.50,3.50,3.41,3.46,73944245,306795744.000
2012-06-11,3.47,3.51,3.46,3.47,56448236,235713216.000
2012-06-12,3.47,3.49,3.44,3.47,44681827,185636432.000
2012-06-13,3.47,3.51,3.47,3.50,73088970,305618848.000
2012-06-14,3.50,3.51,3.43,3.45,50272624,199176496.000
2012-06-15,3.46,3.49,3.43,3.48,47850212,189178000.000
2012-06-18,3.48,3.49,3.43,3.45,42814420,169087056.000
2012-06-19,3.44,3.46,3.43,3.44,35917475,141802112.000
2012-06-20,3.45,3.46,3.44,3.44,25961120,102492384.000
2012-06-21,3.44,3.45,3.40,3.41,28326219,111035280.000
2012-06-25,3.41,3.45,3.40,3.44,49675545,195029728.000
2012-06-26,3.43,3.44,3.41,3.43,21537164,84593944.000
2012-06-27,3.43,3.45,3.39,3.44,41504777,162821424.000
2012-06-28,3.44,3.45,3.41,3.42,31671773,124597248.000
2012-06-29,3.44,3.46,3.42,3.45,34003940,133946768.000
2012-07-02,3.45,3.46,3.42,3.44,27465364,108056664.000
2012-07-03,3.44,3.45,3.42,3.42,13098961,51542716.000
2012-07-04,3.43,3.45,3.42,3.44,19262673,75843856.000
2012-07-05,3.43,3.45,3.42,3.45,20601672,81179160.000
2012-07-06,3.42,3.43,3.39,3.41,31327705,122387448.000
2012-07-09,3.41,3.41,3.27,3.30,40458726,156354624.000
2012-07-10,3.30,3.35,3.27,3.29,27538311,105124864.000
2012-07-11,3.29,3.30,3.25,3.27,23297909,87878320.000
2012-07-12,3.28,3.29,3.24,3.25,46010303,173289312.000
2012-07-13,3.26,3.28,3.23,3.26,24603369,92569664.000
2012-07-16,3.27,3.29,3.26,3.29,29301690,110606072.000
2012-07-17,3.29,3.33,3.28,3.31,22386785,85080944.000
2012-07-18,3.31,3.34,3.29,3.33,23126860,88339832.000
2012-07-19,3.33,3.35,3.28,3.30,28108423,107000608.000
2012-07-20,3.30,3.31,3.26,3.27,18135824,68450232.000
2012-07-23,3.25,3.26,3.19,3.22,25523592,94941488.000
2012-07-24,3.21,3.22,3.17,3.18,23071341,85107328.000
2012-07-25,3.19,3.19,3.17,3.17,12233453,45041272.000
2012-07-26,3.17,3.18,3.16,3.17,15717093,57684880.000
2012-07-27,3.18,3.22,3.17,3.22,29330635,108580096.000
2012-07-30,3.22,3.25,3.20,3.21,25031278,93463760.000
2012-07-31,3.22,3.26,3.21,3.25,23317649,87294920.000
2012-08-01,3.25,3.28,3.24,3.27,24970446,93978176.000
2012-08-02,3.26,3.29,3.26,3.28,22996303,86829888.000
2012-08-03,3.28,3.31,3.28,3.29,16382239,62187880.000
2012-08-06,3.29,3.32,3.26,3.27,29804035,112852744.000
2012-08-07,3.27,3.28,3.22,3.24,39674761,148402560.000
2012-08-08,3.24,3.30,3.24,3.28,31185707,117619976.000
2012-08-09,3.28,3.29,3.25,3.26,18648220,70300064.000
2012-08-10,3.26,3.30,3.26,3.29,20150272,76384448.000
2012-08-13,3.29,3.33,3.28,3.31,27974403,106639880.000
2012-08-14,3.33,3.36,3.32,3.33,23057399,88538744.000
2012-08-15,3.32,3.35,3.30,3.30,24353665,93192280.000
2012-08-16,3.30,3.33,3.29,3.30,11028523,42061500.000
2012-08-17,3.30,3.34,3.30,3.33,27871003,106822560.000
2012-08-20,3.31,3.34,3.30,3.34,16030788,61263912.000
2012-08-21,3.34,3.36,3.26,3.33,47347236,179986544.000
2012-08-22,3.32,3.33,3.29,3.33,24056315,91688336.000
2012-08-23,3.32,3.33,3.29,3.31,34482128,131592488.000
2012-08-24,3.30,3.32,3.29,3.31,22783686,86719904.000
2012-08-27,3.30,3.34,3.28,3.32,38475402,146900992.000
2012-08-28,3.32,3.35,3.30,3.35,31798480,121955880.000
2012-08-29,3.33,3.35,3.31,3.34,15010929,57421956.000
2012-08-30,3.31,3.35,3.31,3.35,21460855,82170792.000
2012-08-31,3.34,3.35,3.32,3.32,21208757,81332496.000
2012-09-03,3.33,3.34,3.25,3.27,47772068,180901712.000
2012-09-04,3.26,3.28,3.22,3.24,21838054,81777144.000
2012-09-05,3.23,3.25,3.18,3.20,31658815,117484480.000
2012-09-06,3.20,3.22,3.17,3.21,24600546,90827048.000
2012-09-07,3.21,3.35,3.21,3.30,102545356,386825824.000
2012-09-10,3.28,3.30,3.26,3.30,30665208,116041648.000
2012-09-11,3.28,3.29,3.24,3.29,23898608,89945264.000
2012-09-12,3.28,3.30,3.23,3.25,30446284,114282352.000
2012-09-13,3.25,3.27,3.22,3.25,21595790,80846208.000
2012-09-14,3.26,3.29,3.25,3.28,44337185,167295136.000
2012-09-17,3.28,3.28,3.25,3.25,18643366,70213112.000
2012-09-18,3.25,3.26,3.20,3.20,18677162,69665440.000
2012-09-19,3.21,3.22,3.19,3.20,23811981,88247296.000
2012-09-20,3.19,3.21,3.17,3.18,32979081,121536360.000
2012-09-21,3.17,3.18,3.16,3.16,20841047,76476400.000
2012-09-24,3.15,3.17,3.11,3.14,34200116,124588040.000
2012-09-25,3.13,3.16,3.11,3.15,22093165,80247384.000
2012-09-26,3.15,3.15,3.10,3.14,19912907,72222848.000
2012-09-27,3.14,3.30,3.12,3.23,49289262,183359776.000
2012-09-28,3.20,3.28,3.18,3.25,49966346,186697584.000
2012-10-08,3.25,3.27,3.22,3.25,24608142,92183432.000
2012-10-09,3.26,3.33,3.25,3.30,39681934,150947568.000
2012-10-10,3.31,3.31,3.28,3.30,18519667,70342592.000
2012-10-11,3.29,3.33,3.27,3.32,28836377,109648888.000
2012-10-12,3.33,3.35,3.31,3.34,48116865,184814624.000
2012-10-15,3.34,3.35,3.30,3.32,18025378,68957512.000
2012-10-16,3.32,3.33,3.29,3.32,24740709,94334336.000
2012-10-17,3.33,3.36,3.32,3.35,33130220,127319512.000
2012-10-18,3.36,3.41,3.35,3.39,45943896,178405360.000
2012-10-19,3.39,3.42,3.38,3.41,27429984,107025528.000
2012-10-22,3.40,3.43,3.39,3.41,32004470,125319160.000
2012-10-23,3.41,3.44,3.40,3.40,40392622,158627312.000
2012-10-24,3.40,3.42,3.38,3.39,20792109,81088768.000
2012-10-25,3.39,3.39,3.35,3.36,22039095,85399904.000
2012-10-26,3.35,3.37,3.32,3.34,19910838,76557448.000
2012-10-29,3.32,3.34,3.30,3.31,17430244,66463424.000
2012-10-30,3.32,3.32,3.28,3.31,27342464,103860144.000
2012-10-31,3.31,3.34,3.30,3.32,19402727,73992016.000
2012-11-01,3.33,3.39,3.33,3.37,37581349,145240448.000
2012-11-02,3.37,3.43,3.36,3.41,44683040,174214128.000
2012-11-05,3.39,3.41,3.38,3.40,65047945,253775376.000
2012-11-06,3.39,3.40,3.34,3.38,53279346,206173584.000
2012-11-07,3.37,3.39,3.35,3.38,35901550,139153232.000
2012-11-08,3.37,3.38,3.34,3.37,31196232,120401192.000
2012-11-09,3.36,3.38,3.34,3.38,67949983,263057904.000
2012-11-12,3.38,3.40,3.34,3.40,52483101,203235696.000
2012-11-13,3.39,3.39,3.34,3.36,43125925,166461024.000
2012-11-14,3.36,3.38,3.33,3.37,45751429,176161008.000
2012-11-15,3.36,3.37,3.33,3.34,36776485,141437392.000
2012-11-16,3.34,3.35,3.32,3.33,55659859,213636992.000
2012-11-19,3.33,3.35,3.31,3.35,31148979,119173640.000
2012-11-20,3.35,3.35,3.30,3.33,20214740,77262768.000
2012-11-21,3.33,3.35,3.31,3.34,17936603,68735824.000
2012-11-22,3.34,3.35,3.32,3.34,19569055,75127088.000
2012-11-23,3.35,3.36,3.34,3.35,27461153,105713408.000
2012-11-26,3.34,3.36,3.32,3.35,20849739,80110624.000
2012-11-27,3.34,3.36,3.33,3.36,47665603,183527712.000
2012-11-28,3.35,3.38,3.34,3.37,41603264,160532944.000
2012-11-29,3.37,3.40,3.36,3.38,53407665,207208784.000
2012-11-30,3.38,3.39,3.36,3.38,42702868,165579248.000
2012-12-03,3.38,3.39,3.35,3.36,26701846,103248448.000
2012-12-04,3.36,3.37,3.34,3.34,24496737,94292016.000
2012-12-05,3.34,3.43,3.32,3.40,83900189,325564672.000
2012-12-06,3.40,3.42,3.37,3.42,51770570,201881392.000
2012-12-07,3.42,3.45,3.38,3.43,110844127,433549856.000
2012-12-10,3.43,3.47,3.42,3.45,113002349,446143104.000
2012-12-11,3.44,3.49,3.43,3.45,79775441,315924064.000
2012-12-12,3.45,3.51,3.44,3.50,80522393,320846272.000
2012-12-13,3.49,3.50,3.44,3.45,51763549,205296240.000
2012-12-14,3.45,3.63,3.44,3.60,137637472,558357888.000
2012-12-17,3.60,3.62,3.55,3.59,76989168,313808512.000
2012-12-18,3.57,3.63,3.56,3.62,118725548,487783712.000
2012-12-19,3.61,3.64,3.59,3.60,56809023,233962576.000
2012-12-20,3.60,3.60,3.56,3.57,48457063,197622400.000
2012-12-21,3.58,3.59,3.50,3.51,49181694,199274272.000
2012-12-24,3.51,3.56,3.51,3.52,36914338,148925200.000
2012-12-25,3.52,3.65,3.50,3.64,96464874,395665952.000
2012-12-26,3.64,3.64,3.55,3.58,62607995,255743696.000
2012-12-27,3.58,3.59,3.54,3.55,51935397,210682176.000
2012-12-28,3.56,3.62,3.55,3.60,67687673,276748064.000
2012-12-31,3.60,3.68,3.59,3.65,110538906,458727040.000
2013-01-04,3.69,3.74,3.68,3.72,118413534,498751744.000
2013-01-07,3.71,3.75,3.70,3.73,82037683,346701856.000
2013-01-08,3.73,3.74,3.61,3.64,93522655,389781248.000
2013-01-09,3.63,3.69,3.63,3.65,72087117,299354816.000
2013-01-10,3.65,3.73,3.64,3.73,78923617,331200384.000
2013-01-11,3.73,3.74,3.68,3.70,57032798,239627888.000
2013-01-14,3.69,3.81,3.67,3.79,112680174,478775392.000
2013-01-15,3.78,3.80,3.75,3.76,75281665,322002624.000
2013-01-16,3.76,3.79,3.68,3.77,57210158,242702384.000
2013-01-17,3.75,3.76,3.69,3.69,58656901,246519584.000
2013-01-18,3.73,3.76,3.70,3.72,58612565,247540736.000
2013-01-21,3.72,3.72,3.67,3.70,65157834,273339904.000
2013-01-22,3.70,3.81,3.67,3.75,178863829,757983872.000
2013-01-23,3.74,3.74,3.68,3.69,128924538,540961664.000
2013-01-24,3.70,3.82,3.70,3.75,161325446,689461696.000
2013-01-25,3.75,3.79,3.72,3.73,86341082,367743712.000
2013-01-28,3.75,3.81,3.70,3.79,104345990,446211296.000
2013-01-29,3.78,3.80,3.74,3.79,139339618,593915200.000
2013-01-30,3.79,3.91,3.75,3.89,225518857,976047616.000
2013-01-31,3.90,3.96,3.85,3.90,251651319,1110705920.000
2013-02-01,3.89,3.97,3.85,3.95,185844003,817649472.000
2013-02-04,3.95,4.03,3.93,3.97,203738622,914106752.000
2013-02-05,3.94,3.95,3.89,3.91,143892193,634890496.000
2013-02-06,3.91,3.94,3.85,3.92,127359768,558298560.000
2013-02-07,3.91,3.91,3.77,3.83,153673298,665149440.000
2013-02-08,3.83,3.88,3.80,3.85,129047409,561030400.000
2013-02-18,3.87,3.89,3.81,3.81,67637621,293710016.000
2013-02-19,3.83,3.84,3.75,3.76,67306532,288124032.000
2013-02-20,3.78,3.78,3.72,3.74,61248786,259683408.000
2013-02-21,3.71,3.73,3.61,3.68,121054930,503431104.000
2013-02-22,3.66,3.69,3.63,3.64,70086603,290985792.000
2013-02-25,3.65,3.68,3.63,3.64,46687901,193988384.000
2013-02-26,3.63,3.68,3.56,3.60,90367940,374273792.000
2013-02-27,3.60,3.68,3.60,3.68,83121377,344362080.000
2013-02-28,3.67,3.76,3.64,3.71,115876592,487769632.000
2013-03-01,3.73,3.73,3.64,3.67,59157854,247229056.000
2013-03-04,3.64,3.68,3.53,3.58,139516945,572766208.000
2013-03-05,3.59,3.72,3.57,3.68,100419348,416142656.000
2013-03-06,3.69,3.70,3.65,3.67,60037664,250775216.000
2013-03-07,3.66,3.68,3.59,3.63,55712780,230734928.000
2013-03-08,3.63,3.65,3.61,3.62,30004909,123792704.000
2013-03-11,3.62,3.63,3.58,3.62,23162001,95109520.000
2013-03-12,3.61,3.68,3.60,3.63,56166200,232524896.000
2013-03-13,3.63,3.64,3.60,3.63,36675449,150841296.000
2013-03-14,3.61,3.66,3.59,3.66,40704560,168215520.000
2013-03-15,3.65,3.72,3.63,3.68,89875861,376112800.000
2013-03-18,3.66,3.69,3.56,3.57,83850520,344463584.000
2013-03-19,3.58,3.62,3.56,3.58,59011541,240696128.000
2013-03-20,3.59,3.69,3.58,3.67,103587286,429505824.000
2013-03-21,3.66,3.71,3.65,3.67,50281774,210098832.000
2013-03-22,3.67,3.69,3.66,3.68,40380866,168621232.000
2013-03-25,3.69,3.71,3.67,3.69,35176263,147398896.000
2013-03-26,3.68,3.69,3.61,3.63,43163875,178890016.000
2013-03-27,3.64,3.68,3.61,3.62,40676271,168335248.000
2013-03-28,3.62,3.62,3.50,3.51,157197997,634041472.000
2013-03-29,3.53,3.56,3.52,3.55,39410391,159518384.000
2013-04-01,3.55,3.58,3.54,3.56,49566923,201077264.000
2013-04-02,3.57,3.57,3.55,3.56,49108125,199434048.000
2013-04-03,3.58,3.64,3.57,3.59,49636363,203516704.000
2013-04-08,3.55,3.59,3.53,3.57,65522853,266104144.000
2013-04-09,3.59,3.60,3.56,3.57,49140687,200396496.000
2013-04-10,3.58,3.59,3.57,3.57,21560730,87830096.000
2013-04-11,3.59,3.60,3.57,3.58,21722017,88576848.000
2013-04-12,3.58,3.59,3.56,3.57,33666531,137233664.000
2013-04-15,3.56,3.58,3.53,3.54,43407375,175757536.000
2013-04-16,3.54,3.56,3.52,3.54,39184563,158034720.000
2013-04-17,3.54,3.55,3.52,3.54,38897888,156986800.000
2013-04-18,3.53,3.57,3.52,3.56,29713214,120186816.000
2013-04-19,3.57,3.62,3.55,3.61,70008889,286332256.000
2013-04-22,3.60,3.63,3.59,3.60,52167033,214323472.000
2013-04-23,3.61,3.61,3.56,3.57,53760220,218990400.000
2013-04-24,3.57,3.61,3.56,3.60,40251291,164413216.000
2013-04-25,3.59,3.60,3.56,3.58,43272265,176779376.000
2013-04-26,3.59,3.60,3.55,3.55,48236100,196199888.000
2013-05-02,3.55,3.58,3.53,3.57,58032125,235096016.000
2013-05-03,3.57,3.63,3.56,3.58,68244253,279469664.000
2013-05-06,3.59,3.62,3.58,3.60,42808178,175447744.000
2013-05-07,3.59,3.61,3.58,3.59,43728895,178994976.000
2013-05-08,3.60,3.62,3.59,3.60,58091323,238253936.000
2013-05-09,3.61,3.62,3.59,3.59,31639840,129881696.000
2013-05-10,3.59,3.62,3.59,3.61,43099078,177109680.000
2013-05-13,3.62,3.62,3.59,3.60,31201268,128041880.000
2013-05-14,3.60,3.62,3.56,3.58,32641428,133381224.000
2013-05-15,3.58,3.59,3.56,3.56,26143732,106354152.000
2013-05-16,3.56,3.61,3.55,3.59,38224841,156393376.000
2013-05-17,3.59,3.68,3.59,3.66,69448437,287019808.000
2013-05-20,3.67,3.72,3.66,3.69,90944884,381881152.000
2013-05-21,3.68,3.71,3.66,3.70,45848717,191906800.000
2013-05-22,3.69,3.70,3.66,3.66,39746131,166002928.000
2013-05-23,3.66,3.71,3.65,3.66,64477222,269631936.000
2013-05-24,3.68,3.70,3.65,3.66,37241058,155241520.000
2013-05-27,3.65,3.68,3.63,3.63,30953794,128619024.000
2013-05-28,3.64,3.70,3.63,3.69,49309090,205517472.000
2013-05-29,3.69,3.72,3.68,3.71,49039390,206210384.000
2013-05-30,3.69,3.72,3.68,3.70,40534464,170556976.000
2013-05-31,3.70,3.73,3.68,3.68,26410450,111123056.000
2013-06-03,3.70,3.73,3.68,3.71,46775452,196871104.000
2013-06-04,3.71,3.73,3.69,3.72,72423059,305124832.000
2013-06-05,3.71,3.74,3.69,3.71,58602060,247472064.000
2013-06-06,3.72,3.74,3.64,3.65,80415570,337760640.000
2013-06-07,3.65,3.69,3.65,3.67,57682406,240855408.000
2013-06-13,3.65,3.65,3.57,3.64,80299938,329629504.000
2013-06-14,3.63,3.67,3.60,3.66,67631529,279272416.000
2013-06-17,3.66,3.68,3.62,3.62,28879549,119658304.000
2013-06-18,3.65,3.67,3.62,3.66,39691835,164371600.000
2013-06-19,3.66,3.66,3.62,3.65,28786560,119270200.000
2013-06-20,3.64,3.65,3.54,3.56,45461374,185374432.000
2013-06-21,3.55,3.56,3.50,3.52,68528987,275574976.000
2013-06-24,3.53,3.53,3.37,3.40,88041814,344836000.000
2013-06-25,3.38,3.47,3.31,3.46,147931273,574944704.000
2013-06-26,3.53,3.53,3.14,3.48,162884487,602011008.000
2013-06-27,3.47,3.57,3.46,3.55,100605048,381052032.000
2013-06-28,3.56,3.78,3.54,3.76,160012547,626544320.000
2013-07-01,3.70,3.78,3.68,3.77,195591804,778460672.000
2013-07-02,3.71,3.77,3.69,3.76,173295894,691073088.000
2013-07-03,3.71,3.73,3.66,3.68,198895491,784318016.000
2013-07-04,3.65,3.69,3.64,3.65,89915383,352602112.000
2013-07-05,3.65,3.70,3.64,3.69,60555675,237916816.000
2013-07-08,3.67,3.70,3.64,3.69,93260795,366207904.000
2013-07-09,3.67,3.70,3.64,3.69,118351110,466157120.000
2013-07-10,3.67,3.70,3.64,3.67,81234143,319343200.000
2013-07-11,3.67,3.76,3.66,3.72,164164501,651671488.000
2013-07-12,3.71,3.72,3.65,3.70,131031250,516501024.000
2013-07-15,3.70,3.71,3.67,3.68,73051077,288318400.000
2013-07-16,3.67,3.70,3.66,3.69,59191562,232937776.000
2013-07-17,3.68,3.71,3.66,3.69,67698825,267660048.000
2013-07-18,3.68,3.69,3.66,3.67,65355361,257025904.000
2013-07-19,3.67,3.69,3.64,3.69,113155438,444226944.000
2013-07-22,3.66,3.68,3.63,3.67,132711324,519555104.000
2013-07-23,3.65,3.69,3.64,3.67,102304963,402182592.000
2013-07-24,3.67,3.68,3.64,3.66,53214854,208735168.000
2013-07-25,3.67,3.68,3.65,3.65,38625873,151562512.000
2013-07-26,3.64,3.67,3.64,3.65,36040454,141133888.000
2013-07-29,3.64,3.65,3.62,3.63,39507251,153690528.000
2013-07-30,3.64,3.67,3.62,3.65,49860182,194833552.000
2013-07-31,3.66,3.66,3.63,3.63,29717933,115832288.000
2013-08-01,3.64,3.67,3.63,3.65,40477924,158357136.000
2013-08-02,3.67,3.68,3.65,3.65,32883679,128935616.000
2013-08-05,3.66,3.67,3.64,3.66,16254603,63657060.000
2013-08-06,3.65,3.67,3.64,3.64,32512450,127135336.000
2013-08-07,3.64,3.66,3.63,3.63,35240578,137471632.000
2013-08-08,3.63,3.66,3.63,3.64,22868062,89191728.000
2013-08-09,3.65,3.66,3.63,3.65,30281147,118156296.000
2013-08-12,3.65,3.70,3.64,3.69,49523213,194804768.000
2013-08-13,3.69,3.70,3.66,3.69,35574933,140230176.000
2013-08-14,3.69,3.71,3.67,3.68,30336943,119967384.000
2013-08-15,3.69,3.71,3.68,3.69,34227130,135362512.000
2013-08-16,3.69,4.09,3.67,3.69,188160943,755502848.000
2013-08-19,3.65,3.69,3.64,3.67,72007976,282469120.000
2013-08-20,3.67,3.69,3.65,3.66,52095360,205010944.000
2013-08-21,3.67,3.68,3.64,3.66,31513490,123578176.000
2013-08-22,3.67,3.68,3.59,3.65,39646815,155079536.000
2013-08-23,3.66,3.67,3.60,3.63,36744780,143269440.000
2013-08-26,3.63,3.68,3.61,3.67,33245153,130266952.000
2013-08-27,3.66,3.67,3.64,3.64,27050230,105790288.000
2013-08-28,3.64,3.64,3.61,3.62,29837169,115799904.000
2013-08-29,3.64,3.64,3.60,3.61,23135089,89640768.000
2013-08-30,3.61,3.64,3.60,3.64,31990418,124197264.000
2013-09-02,3.64,3.64,3.62,3.63,37010505,144074320.000
2013-09-03,3.64,3.68,3.62,3.68,56771016,222292112.000
2013-09-04,3.67,3.68,3.63,3.67,45696779,178643520.000
2013-09-05,3.66,3.67,3.64,3.65,21945184,85846872.000
2013-09-06,3.65,3.67,3.64,3.65,32674703,127818224.000
2013-09-09,3.65,3.85,3.65,3.82,221307304,891881088.000
2013-09-10,3.79,3.80,3.71,3.72,172953804,691467584.000
2013-09-11,3.74,3.75,3.72,3.73,79227273,316649760.000
2013-09-12,3.73,3.82,3.71,3.79,126787660,510212768.000
2013-09-13,3.77,3.77,3.72,3.73,66748437,267366944.000
2013-09-16,3.73,3.75,3.71,3.72,59996808,239401824.000
2013-09-17,3.71,3.72,3.67,3.67,53882204,212587584.000
2013-09-18,3.68,3.68,3.64,3.65,55580399,217719232.000
2013-09-23,3.66,3.67,3.64,3.65,56414083,220788720.000
2013-09-24,3.64,3.65,3.61,3.63,60147096,234101792.000
2013-09-25,3.63,3.65,3.62,3.62,39041535,152033600.000
2013-09-26,3.62,3.63,3.57,3.59,58732548,226477792.000
2013-09-27,3.59,3.62,3.58,3.60,35391142,136494432.000
2013-09-30,3.61,3.61,3.58,3.60,32649974,125892264.000
2013-10-08,3.59,3.61,3.58,3.61,41966076,161743968.000
2013-10-09,3.59,3.61,3.58,3.60,35103639,135309024.000
2013-10-10,3.60,3.62,3.58,3.60,38118456,147014800.000
2013-10-11,3.61,3.64,3.61,3.63,51993591,201912160.000
2013-10-14,3.64,3.65,3.60,3.62,37252919,144730864.000
2013-10-15,3.61,3.62,3.57,3.58,53611620,206315344.000
2013-10-16,3.58,3.61,3.58,3.60,47325140,182397072.000
2013-10-17,3.60,3.62,3.59,3.60,40433252,156243920.000
2013-10-18,3.60,3.63,3.58,3.58,47014203,181769008.000
2013-10-21,3.59,3.61,3.57,3.60,37138793,143098992.000
2013-10-22,3.60,3.61,3.58,3.58,26220958,100936672.000
2013-10-23,3.60,3.61,3.58,3.58,30600656,117876568.000
2013-10-24,3.59,3.59,3.54,3.55,46042908,176225040.000
2013-10-25,3.55,3.58,3.51,3.52,53654201,204404208.000
2013-10-28,3.53,3.54,3.49,3.50,24989030,94301968.000
2013-10-29,3.50,3.56,3.50,3.54,64097120,242895760.000
2013-10-30,3.54,3.56,3.51,3.55,47451825,180177568.000
2013-10-31,3.55,3.58,3.51,3.56,69400688,264194624.000
2013-11-01,3.57,3.59,3.55,3.58,50528928,193510048.000
2013-11-04,3.59,3.60,3.57,3.58,42672726,163750480.000
2013-11-05,3.57,3.58,3.54,3.57,53021742,202467360.000
2013-11-06,3.56,3.57,3.54,3.54,38648707,147151152.000
2013-11-07,3.54,3.58,3.53,3.57,48997059,186854496.000
2013-11-08,3.56,3.58,3.56,3.56,39277507,150245584.000
2013-11-11,3.55,3.58,3.54,3.57,41947898,160663168.000
2013-11-12,3.57,3.59,3.56,3.57,54041689,207316416.000
2013-11-13,3.57,3.58,3.52,3.54,56792743,216025760.000
2013-11-14,3.53,3.54,3.51,3.53,58442431,221396672.000
2013-11-15,3.53,3.56,3.51,3.53,87888244,333598080.000
2013-11-18,3.53,3.58,3.52,3.57,112763273,429133824.000
2013-11-19,3.57,3.57,3.55,3.56,84187398,321595520.000
2013-11-20,3.56,3.57,3.54,3.57,68914427,262839024.000
2013-11-21,3.55,3.64,3.52,3.63,139544119,533544640.000
2013-11-22,3.59,3.61,3.57,3.60,98675050,379861632.000
2013-11-25,3.58,3.59,3.55,3.55,55860141,213634864.000
2013-11-26,3.55,3.56,3.52,3.53,65840781,249935696.000
2013-11-27,3.53,3.55,3.52,3.53,55903105,212024688.000
2013-11-28,3.54,3.56,3.53,3.54,54866983,208618896.000
2013-11-29,3.54,3.55,3.53,3.54,44417980,168585664.000
2013-12-02,3.54,3.63,3.53,3.61,180756437,691793600.000
2013-12-03,3.57,3.58,3.55,3.56,87396528,334064192.000
2013-12-04,3.56,3.58,3.54,3.57,96474478,369051328.000
2013-12-05,3.57,3.57,3.54,3.55,107624305,409843936.000
2013-12-06,3.55,3.56,3.54,3.55,53427471,203329584.000
2013-12-09,3.55,3.56,3.53,3.54,75200494,286042368.000
2013-12-10,3.54,3.55,3.53,3.54,62140146,235931104.000
2013-12-11,3.53,3.54,3.51,3.52,97506118,369140512.000
2013-12-12,3.52,3.52,3.49,3.50,62866660,236513152.000
2013-12-13,3.49,3.50,3.43,3.46,107806947,401143552.000
2013-12-16,3.46,3.47,3.42,3.43,69446360,257041120.000
2013-12-17,3.44,3.45,3.41,3.42,48892494,180106848.000
2013-12-18,3.42,3.42,3.40,3.41,58427976,214204592.000
2013-12-19,3.41,3.42,3.36,3.37,86428593,315055232.000
2013-12-20,3.37,3.37,3.30,3.31,142684494,511709824.000
2013-12-23,3.32,3.34,3.30,3.32,49355327,176707616.000
2013-12-24,3.33,3.34,3.31,3.32,34304629,122969088.000
2013-12-25,3.33,3.34,3.32,3.33,28685342,102842888.000
2013-12-26,3.33,3.33,3.27,3.29,43935813,156483680.000
2013-12-27,3.29,3.34,3.27,3.32,67922522,242109104.000
2013-12-30,3.33,3.33,3.29,3.29,47632135,169902704.000
2013-12-31,3.30,3.33,3.29,3.32,57585998,205773936.000
2014-01-02,3.32,3.33,3.30,3.32,40377049,144322688.000
2014-01-03,3.31,3.32,3.29,3.30,43531021,155045632.000
2014-01-06,3.30,3.30,3.25,3.29,69846560,246594704.000
2014-01-07,3.27,3.29,3.25,3.29,41238508,145700736.000
2014-01-08,3.28,3.32,3.27,3.31,51944377,184598272.000
2014-01-09,3.30,3.32,3.25,3.27,44621580,158308768.000
2014-01-10,3.27,3.29,3.24,3.27,41733708,146710864.000
2014-01-13,3.28,3.29,3.26,3.28,44410673,157225808.000
2014-01-14,3.27,3.27,3.24,3.26,43708009,153539504.000
2014-01-15,3.25,3.26,3.18,3.20,70814680,245136928.000
2014-01-16,3.19,3.20,3.16,3.17,77381262,265323472.000
2014-01-17,3.15,3.16,3.14,3.15,61018825,208115088.000
2014-01-20,3.15,3.16,3.12,3.14,52516508,178208384.000
2014-01-21,3.13,3.16,3.12,3.14,51800518,176034304.000
2014-01-22,3.14,3.17,3.13,3.17,78229837,267481536.000
2014-01-23,3.15,3.16,3.13,3.14,53203666,181212880.000
2014-01-24,3.14,3.15,3.13,3.14,49522632,168323056.000
2014-01-27,3.13,3.14,3.07,3.10,99385374,334070080.000
2014-01-28,3.10,3.14,3.09,3.13,50011270,168680560.000
2014-01-29,3.12,3.18,3.12,3.18,60262486,206033408.000
2014-01-30,3.17,3.18,3.14,3.15,27753040,94793008.000
2014-02-07,3.13,3.14,3.11,3.14,27875615,94412408.000
2014-02-10,3.15,3.17,3.14,3.16,49508730,169111696.000
2014-02-11,3.15,3.21,3.13,3.19,99157913,340801152.000
2014-02-12,3.18,3.19,3.17,3.18,39812519,136940784.000
2014-02-13,3.17,3.22,3.16,3.18,73477630,253188544.000
2014-02-14,3.19,3.19,3.16,3.17,35515424,121992192.000
2014-02-17,3.18,3.20,3.17,3.18,51404632,177066544.000
2014-02-18,3.18,3.19,3.16,3.17,42180520,144983184.000
2014-02-19,3.17,3.26,3.16,3.22,86047371,298476128.000
2014-02-20,3.21,3.24,3.17,3.18,55789541,193317664.000
2014-02-21,3.18,3.19,3.16,3.18,28834380,99051216.000
2014-02-24,3.16,3.16,3.10,3.11,60659215,204851200.000
2014-02-25,3.11,3.13,3.10,3.11,45042366,151894896.000
2014-02-26,3.10,3.12,3.06,3.08,40669039,136184096.000
2014-02-27,3.08,3.10,3.06,3.10,65181850,217624752.000
2014-02-28,3.09,3.09,3.06,3.08,54062832,180274480.000
2014-03-03,3.07,3.09,3.05,3.07,65326776,217250848.000
2014-03-04,3.07,3.08,3.05,3.08,51674342,171717424.000
2014-03-05,3.08,3.08,3.05,3.06,40622760,134971248.000
2014-03-06,3.06,3.08,3.04,3.07,39202882,130249784.000
2014-03-07,3.07,3.08,3.05,3.07,37293093,124087872.000
2014-03-10,3.06,3.06,2.99,3.00,66083274,217386752.000
2014-03-11,3.00,3.00,2.94,2.97,83643780,269747744.000
2014-03-12,2.96,2.97,2.94,2.97,54483174,175098480.000
2014-03-13,2.98,3.06,2.97,3.01,82831947,271101216.000
2014-03-14,2.99,3.00,2.96,2.98,53106073,171718784.000
2014-03-17,2.98,3.00,2.96,2.99,37925434,123069872.000
2014-03-18,3.00,3.01,2.98,3.00,36811648,119946336.000
2014-03-19,2.99,3.02,2.98,3.02,46684431,152143728.000
2014-03-20,3.01,3.06,3.00,3.02,62125906,205019392.000
2014-03-21,3.01,3.11,3.01,3.08,126470711,421791392.000
2014-03-24,3.09,3.13,3.08,3.12,74527859,250975792.000
2014-03-25,3.12,3.12,3.09,3.10,33313761,112056920.000
2014-03-26,3.10,3.14,3.10,3.14,50588706,171295664.000
2014-03-27,3.13,3.16,3.10,3.12,43623784,147905600.000
2014-03-28,3.13,3.23,3.12,3.20,101965982,351928384.000
2014-03-31,3.21,3.23,3.17,3.19,60798536,210334032.000
2014-04-01,3.19,3.21,3.18,3.19,38552866,133253040.000
2014-04-02,3.19,3.20,3.16,3.18,56673465,195055792.000
2014-04-03,3.19,3.19,3.15,3.16,52315507,179540464.000
2014-04-04,3.15,3.18,3.14,3.17,31393371,107598872.000
2014-04-08,3.17,3.24,3.16,3.24,94074053,326594496.000
2014-04-09,3.23,3.25,3.21,3.22,54761657,190945472.000
2014-04-10,3.22,3.30,3.21,3.29,97100109,341689792.000
2014-04-11,3.29,3.29,3.25,3.26,80135246,282820800.000
2014-04-14,3.27,3.28,3.23,3.24,46705385,163920080.000
2014-04-15,3.23,3.24,3.18,3.20,34711015,120443368.000
2014-04-16,3.20,3.25,3.18,3.24,52377067,182339536.000
2014-04-17,3.24,3.24,3.20,3.22,29182670,101512592.000
2014-04-18,3.20,3.21,3.18,3.21,24978403,86379584.000
2014-04-21,3.20,3.23,3.18,3.18,28167419,97655992.000
2014-04-22,3.17,3.21,3.17,3.19,27277977,94005952.000
2014-04-23,3.18,3.19,3.16,3.18,33539472,115163320.000
2014-04-24,3.17,3.21,3.15,3.16,37571433,129185928.000
2014-04-25,3.18,3.20,3.16,3.19,41185614,142064768.000
2014-04-28,3.20,3.21,3.19,3.20,44103634,152664992.000
2014-04-29,3.19,3.20,3.18,3.19,37890427,130762816.000
2014-04-30,3.19,3.19,3.15,3.18,32244872,110570248.000
2014-05-05,3.16,3.17,3.13,3.16,42750973,145549104.000
2014-05-06,3.16,3.17,3.13,3.14,49064031,167403952.000
2014-05-07,3.14,3.16,3.14,3.16,31728815,108261312.000
2014-05-08,3.14,3.19,3.14,3.17,41258372,141691312.000
2014-05-09,3.18,3.21,3.17,3.19,45599431,157470928.000
2014-05-12,3.19,3.24,3.18,3.22,68788313,239121072.000
2014-05-13,3.23,3.23,3.19,3.20,38603201,133725792.000
2014-05-14,3.20,3.22,3.18,3.19,37644804,130153184.000
2014-05-15,3.19,3.22,3.18,3.21,36503306,126447488.000
2014-05-16,3.21,3.23,3.20,3.22,38486587,133887120.000
2014-05-19,3.21,3.22,3.18,3.20,42914105,148366240.000
2014-05-20,3.21,3.22,3.19,3.21,36655983,127029144.000
2014-05-21,3.20,3.23,3.19,3.23,37612837,130801344.000
2014-05-22,3.22,3.26,3.22,3.24,46632614,163455232.000
2014-05-23,3.24,3.26,3.23,3.26,29670540,104079432.000
2014-05-26,3.27,3.27,3.24,3.25,30899633,108660752.000
2014-05-27,3.25,3.29,3.25,3.27,43758926,154495840.000
2014-05-28,3.27,3.32,3.27,3.31,47696974,169771456.000
2014-05-29,3.32,3.33,3.30,3.31,33706143,120463080.000
2014-05-30,3.31,3.32,3.29,3.30,47443192,168772416.000
2014-06-03,3.30,3.34,3.30,3.32,51413737,184447552.000
2014-06-04,3.33,3.34,3.30,3.31,49748689,178016464.000
2014-06-05,3.31,3.37,3.30,3.37,75230700,271553152.000
2014-06-06,3.37,3.39,3.35,3.35,60943044,221037088.000
2014-06-09,3.35,3.42,3.35,3.40,50378807,184095040.000
2014-06-10,3.40,3.48,3.40,3.47,96285930,356415872.000
2014-06-11,3.46,3.49,3.42,3.46,79762401,296021696.000
2014-06-12,3.44,3.47,3.43,3.45,47082738,174600016.000
2014-06-13,3.44,3.48,3.44,3.48,63714956,237100656.000
2014-06-16,3.48,3.52,3.46,3.52,96202193,360544992.000
2014-06-17,3.50,3.52,3.44,3.47,107429151,401236800.000
2014-06-18,3.47,3.48,3.43,3.48,110170563,409642592.000
2014-06-19,3.47,3.48,3.43,3.45,91929176,341008192.000
2014-06-20,3.45,3.46,3.37,3.45,106996636,365450432.000
2014-06-23,3.44,3.44,3.41,3.41,55131333,188658560.000
2014-06-24,3.41,3.42,3.39,3.42,54892434,187063552.000
2014-06-25,3.41,3.41,3.37,3.38,51279143,173474624.000
2014-06-26,3.38,3.40,3.37,3.39,48194464,163191648.000
2014-06-27,3.39,3.40,3.37,3.39,33472791,113335624.000
2014-06-30,3.39,3.41,3.38,3.39,30646379,104236376.000
2014-07-01,3.40,3.41,3.38,3.39,43298613,146999040.000
2014-07-02,3.39,3.42,3.38,3.41,42913624,146051280.000
2014-07-03,3.40,3.43,3.40,3.42,40242723,137321664.000
2014-07-04,3.42,3.43,3.41,3.42,34768715,118962208.000
2014-07-07,3.42,3.45,3.41,3.45,38568768,132560960.000
2014-07-08,3.45,3.48,3.44,3.47,56055811,194092160.000
2014-07-09,3.47,3.47,3.42,3.42,41657252,143592608.000
2014-07-10,3.42,3.46,3.41,3.45,56609148,194960640.000
2014-07-11,3.44,3.47,3.44,3.44,28952724,99891840.000
2014-07-14,3.45,3.46,3.43,3.45,47915210,164956048.000
2014-07-15,3.46,3.47,3.44,3.47,58812387,203120144.000
2014-07-16,3.46,3.47,3.45,3.46,43599684,150728352.000
2014-07-17,3.45,3.45,3.43,3.45,35123796,120865504.000
2014-07-18,3.43,3.46,3.43,3.45,41842947,144061824.000
2014-07-21,3.45,3.45,3.41,3.42,40266316,138149792.000
2014-07-22,3.41,3.45,3.41,3.43,53147448,182250512.000
2014-07-23,3.43,3.45,3.42,3.44,48761920,167686448.000
2014-07-24,3.44,3.49,3.43,3.48,94244153,327063104.000
2014-07-25,3.49,3.52,3.48,3.52,68339725,239362688.000
2014-07-28,3.53,3.62,3.53,3.60,217488793,780449664.000
2014-07-29,3.60,3.61,3.57,3.59,111754292,401561728.000
2014-07-30,3.59,3.60,3.55,3.57,94851128,339551744.000
2014-07-31,3.57,3.60,3.55,3.60,74602213,266562208.000
2014-08-01,3.59,3.62,3.58,3.59,102543180,369978464.000
2014-08-04,3.59,3.62,3.58,3.61,98156081,353362656.000
2014-08-05,3.61,3.62,3.57,3.59,102705694,368653760.000
2014-08-06,3.58,3.59,3.55,3.58,72821156,259875184.000
2014-08-07,3.57,3.58,3.51,3.52,102245067,363092992.000
2014-08-08,3.52,3.53,3.47,3.51,84117583,295163840.000
2014-08-11,3.51,3.59,3.50,3.56,84838724,301213120.000
2014-08-12,3.57,3.57,3.52,3.53,48251190,170637056.000
2014-08-13,3.53,3.54,3.50,3.51,76447456,269019840.000
2014-08-14,3.52,3.54,3.50,3.51,53468957,188247728.000
2014-08-15,3.51,3.53,3.50,3.52,49403769,173885552.000
2014-08-18,3.52,3.54,3.50,3.51,76953081,270731296.000
2014-08-19,3.52,3.52,3.50,3.52,52016791,182500048.000
2014-08-20,3.51,3.53,3.50,3.52,47680676,167408800.000
2014-08-21,3.51,3.52,3.48,3.50,59879014,209451072.000
2014-08-22,3.50,3.51,3.49,3.51,45891569,160718144.000
2014-08-25,3.51,3.51,3.48,3.50,62128292,217130608.000
2014-08-26,3.49,3.51,3.48,3.49,55553105,193874320.000
2014-08-27,3.49,3.49,3.47,3.49,48391648,168422304.000
2014-08-28,3.48,3.49,3.43,3.44,61143605,211233344.000
2014-08-29,3.45,3.48,3.43,3.46,68933756,238208816.000
2014-09-01,3.47,3.50,3.45,3.48,65646664,228556176.000
2014-09-02,3.48,3.53,3.47,3.52,94003817,328181472.000
2014-09-03,3.52,3.56,3.51,3.55,89031759,315275872.000
2014-09-04,3.56,3.59,3.54,3.59,80954574,289018080.000
2014-09-05,3.59,3.61,3.58,3.61,97710995,351623840.000
2014-09-09,3.61,3.61,3.58,3.59,49912621,179309280.000
2014-09-10,3.58,3.58,3.55,3.56,66518386,236905184.000
2014-09-11,3.56,3.60,3.54,3.55,60161579,214417952.000
2014-09-12,3.55,3.57,3.54,3.57,29257710,103973856.000
2014-09-15,3.55,3.57,3.53,3.57,67819988,240406688.000
2014-09-16,3.56,3.58,3.54,3.55,119646601,425997792.000
2014-09-17,3.56,3.57,3.54,3.56,74210238,264173456.000
2014-09-18,3.56,3.57,3.53,3.56,77449624,275070784.000
2014-09-19,3.56,3.56,3.53,3.56,85829075,304118464.000
2014-09-22,3.54,3.55,3.48,3.49,73100587,256638960.000
2014-09-23,3.49,3.50,3.48,3.50,54145942,189055792.000
2014-09-24,3.48,3.55,3.48,3.54,119688356,420615712.000
2014-09-25,3.56,3.56,3.53,3.55,99746539,354272480.000
2014-09-26,3.54,3.56,3.52,3.55,48963689,173530768.000
2014-09-29,3.54,3.55,3.51,3.52,82359783,290542528.000
2014-09-30,3.52,3.53,3.51,3.53,67466303,237434912.000
2014-10-08,3.53,3.54,3.49,3.53,103554754,363668608.000
2014-10-09,3.52,3.53,3.51,3.52,70150756,246661728.000
2014-10-10,3.51,3.52,3.50,3.51,66858562,234263424.000
2014-10-13,3.50,3.51,3.48,3.48,82847057,288764160.000
2014-10-14,3.48,3.50,3.48,3.48,51424891,179211296.000
2014-10-15,3.48,3.51,3.47,3.50,51045311,178181968.000
2014-10-16,3.49,3.53,3.48,3.52,89555569,314377920.000
2014-10-17,3.52,3.52,3.50,3.52,68879040,241808896.000
2014-10-20,3.52,3.53,3.50,3.52,56422228,198398592.000
2014-10-21,3.52,3.52,3.49,3.51,65645075,230232816.000
2014-10-22,3.50,3.53,3.49,3.50,94662661,332294528.000
2014-10-23,3.50,3.53,3.49,3.52,93150378,327702752.000
2014-10-24,3.51,3.53,3.50,3.52,76048464,267439456.000
2014-10-27,3.51,3.52,3.48,3.49,66899674,233997088.000
2014-10-28,3.49,3.53,3.49,3.52,57510818,201800032.000
2014-10-29,3.52,3.56,3.51,3.54,112721580,398318400.000
2014-10-30,3.55,3.60,3.54,3.59,148966483,532277888.000
2014-10-31,3.59,3.69,3.59,3.66,216995581,790282560.000
2014-11-03,3.67,3.67,3.62,3.63,127058057,462810304.000
2014-11-04,3.63,3.66,3.61,3.64,105104292,381144416.000
2014-11-05,3.64,3.65,3.57,3.58,197428259,709205824.000
2014-11-06,3.58,3.59,3.54,3.57,117359895,418473856.000
2014-11-07,3.56,3.61,3.54,3.57,140102572,500760096.000
2014-11-10,3.60,3.67,3.59,3.67,192955645,700418368.000
2014-11-11,3.69,3.92,3.69,3.81,559821592,2139143680.000
2014-11-12,3.78,3.78,3.72,3.76,177572982,665749632.000
2014-11-13,3.76,3.83,3.75,3.76,186477472,706374400.000
2014-11-14,3.78,3.79,3.74,3.78,131953261,496181920.000
2014-11-17,3.88,3.89,3.74,3.75,217102236,827209344.000
2014-11-18,3.79,3.80,3.71,3.72,152253328,569736064.000
2014-11-19,3.70,3.72,3.67,3.69,107967668,398616832.000
2014-11-20,3.68,3.70,3.65,3.68,92372322,339571200.000
2014-11-21,3.69,3.75,3.67,3.73,111465974,413475392.000
2014-11-24,3.70,3.78,3.68,3.73,175637226,657357504.000
2014-11-25,3.73,3.79,3.72,3.77,160306801,602064256.000
2014-11-26,3.77,3.82,3.75,3.82,248996468,944879744.000
2014-11-27,3.84,3.85,3.81,3.83,306435979,1174924800.000
2014-11-28,3.83,4.05,3.82,4.04,853707109,3356783616.000
2014-12-01,4.05,4.16,4.00,4.01,650680677,2639520000.000
2014-12-02,3.98,4.22,3.96,4.18,667799093,2730542592.000
2014-12-03,4.16,4.26,4.08,4.10,648892234,2697790464.000
2014-12-04,4.10,4.28,4.08,4.27,713784385,2985764608.000
2014-12-05,4.30,4.68,4.22,4.59,1024644392,4580277248.000
2014-12-08,4.49,4.75,4.38,4.63,871306272,3966081792.000
2014-12-09,4.54,4.62,4.17,4.20,1137160977,5075552768.000
2014-12-10,4.17,4.33,4.07,4.30,616082489,2574925824.000
2014-12-11,4.21,4.31,4.17,4.20,372197325,1574301184.000
2014-12-12,4.22,4.30,4.18,4.21,313792762,1327654272.000
2014-12-15,4.18,4.19,4.07,4.13,342045083,1408312832.000
2014-12-16,4.12,4.27,4.12,4.25,472326596,1978360448.000
2014-12-17,4.27,4.52,4.21,4.47,996465501,4344311296.000
2014-12-18,4.46,4.47,4.32,4.35,548007355,2403489536.000
2014-12-19,4.34,4.45,4.31,4.41,605437624,2657662720.000
2014-12-22,4.46,4.80,4.46,4.71,1746555098,8172305408.000
2014-12-23,4.60,4.67,4.46,4.48,778303177,3564935680.000
2014-12-24,4.51,4.53,4.26,4.33,624579769,2720391936.000
2014-12-25,4.38,4.50,4.34,4.46,549303057,2432539648.000
2014-12-26,4.47,4.64,4.45,4.62,670773469,3048645888.000
2014-12-29,4.78,4.82,4.55,4.61,886266698,4174208000.000
2014-12-30,4.61,4.78,4.57,4.71,696602765,3268242944.000
2014-12-31,4.73,4.92,4.65,4.87,1050294665,5049596416.000
2015-01-05,4.93,5.15,4.90,5.06,1365851684,6849226240.000
2015-01-06,5.00,5.36,4.95,5.10,1497561538,7672745984.000
2015-01-07,5.00,5.10,4.95,5.04,810596732,4076793856.000
2015-01-08,5.05,5.07,4.80,4.83,692049068,3396521216.000
2015-01-09,4.82,5.15,4.74,4.88,991590381,4905936896.000
2015-01-12,4.85,4.92,4.72,4.82,547037411,2638839552.000
2015-01-13,4.79,4.86,4.78,4.82,268526204,1292588672.000
2015-01-14,4.84,4.97,4.83,4.89,539696472,2645522688.000
2015-01-15,4.89,5.12,4.85,5.09,623208465,3093536256.000
2015-01-16,5.12,5.27,5.10,5.15,786854049,4073206016.000
2015-01-19,4.80,4.93,4.64,4.64,992468674,4725213696.000
2015-01-20,4.66,4.74,4.53,4.64,647920911,3017983744.000
2015-01-21,4.68,4.98,4.64,4.92,792843360,3797531392.000
2015-01-22,4.92,4.93,4.80,4.88,569659276,2770806784.000
2015-01-23,4.91,5.13,4.91,4.98,931939614,4664106496.000
2015-01-26,4.97,4.99,4.84,4.93,532652450,2614900736.000
2015-01-27,4.93,4.93,4.69,4.78,704101048,3376429824.000
2015-01-28,4.73,4.77,4.65,4.69,551296788,2591288832.000
2015-01-29,4.61,4.64,4.53,4.56,577536874,2643394304.000
2015-01-30,4.59,4.62,4.51,4.54,419427378,1912726784.000
2015-02-02,4.48,4.48,4.38,4.41,508024174,2250689536.000
2015-02-03,4.45,4.51,4.37,4.50,561586555,2491369472.000
2015-02-04,4.50,4.53,4.40,4.41,464394321,2074139776.000
2015-02-05,4.59,4.61,4.39,4.40,760964924,3426932736.000
2015-02-06,4.37,4.38,4.27,4.30,503713507,2182154752.000
2015-02-09,4.27,4.34,4.24,4.30,475547814,2036829440.000
2015-02-10,4.29,4.36,4.27,4.36,451046449,1950964736.000
2015-02-11,4.31,4.36,4.30,4.33,296336997,1282181760.000
2015-02-12,4.32,4.35,4.28,4.34,297367402,1282864128.000
2015-02-13,4.36,4.46,4.35,4.44,482503076,2127026560.000
2015-02-16,4.43,4.44,4.39,4.42,237106593,1047007232.000
2015-02-17,4.43,4.52,4.43,4.49,325581076,1460312064.000
2015-02-25,4.49,4.53,4.46,4.49,316108375,1421512192.000
2015-02-26,4.47,4.61,4.46,4.59,501162353,2273319424.000
2015-02-27,4.60,4.62,4.54,4.58,381156207,1747248000.000
2015-03-02,4.59,4.61,4.54,4.57,307229741,1403422848.000
2015-03-03,4.54,4.55,4.40,4.40,439941763,1964964736.000
2015-03-04,4.40,4.43,4.36,4.38,248473365,1091708160.000
2015-03-05,4.35,4.37,4.28,4.31,295341122,1275158912.000
2015-03-06,4.32,4.36,4.30,4.34,219538207,951291968.000
2015-03-09,4.36,4.56,4.31,4.52,526958897,2344408064.000
2015-03-10,4.47,4.48,4.41,4.42,342244015,1520247680.000
2015-03-11,4.43,4.52,4.43,4.46,318957590,1427555072.000
2015-03-12,4.52,4.65,4.49,4.57,665406347,3044381184.000
2015-03-13,4.61,4.66,4.53,4.57,505880713,2329716224.000
2015-03-16,4.59,4.62,4.55,4.60,391708105,1797078528.000
2015-03-17,4.62,4.64,4.60,4.63,454549550,2099251200.000
2015-03-18,4.63,4.74,4.62,4.73,620859777,2905011200.000
2015-03-19,4.73,4.74,4.67,4.69,517945575,2435866112.000
2015-03-20,4.68,4.78,4.65,4.72,596498101,2812444160.000
2015-03-23,4.78,4.81,4.74,4.78,534961293,2555339264.000
2015-03-24,4.81,4.87,4.75,4.80,777551489,3728768000.000
2015-03-25,4.78,4.81,4.68,4.69,650708874,3088804608.000
2015-03-26,4.65,4.76,4.62,4.72,467425535,2191190016.000
2015-03-27,4.73,4.75,4.67,4.71,454051830,2139574400.000
2015-03-30,4.75,4.94,4.74,4.92,1137506284,5509450752.000
2015-03-31,4.99,5.01,4.82,4.86,1004747655,4946411008.000
2015-04-01,4.83,4.92,4.82,4.89,682475762,3322487296.000
2015-04-02,4.91,4.92,4.81,4.85,555922230,2697751296.000
2015-04-03,4.81,4.89,4.79,4.87,514181856,2495174400.000
2015-04-07,4.93,5.00,4.90,5.00,861760862,4270348288.000
2015-04-08,5.01,5.05,4.92,5.04,880345139,4397159424.000
2015-04-09,5.05,5.14,5.00,5.03,876879800,4426962432.000
2015-04-10,5.01,5.12,5.00,5.10,689361107,3486315008.000
数据来源:通达信
