601006 大秦铁路 日线 前复权
      日期	    开盘	    最高	    最低	    收盘	    成交量	    成交额
2011-03-02,6.81,6.84,6.74,6.78,36903103,307940544.000
2011-03-03,6.80,6.96,6.76,6.88,66099893,559061056.000
2011-03-04,6.90,6.97,6.83,6.94,39510697,333904512.000
2011-03-07,6.96,7.29,6.96,7.25,132262090,1157457024.000
2011-03-08,7.22,7.31,7.21,7.26,77995392,688880768.000
2011-03-09,7.27,7.37,7.17,7.17,61799160,545939072.000
2011-03-10,7.16,7.22,7.00,7.10,61906236,534650112.000
2011-03-11,7.05,7.13,6.99,7.01,29658831,255986784.000
2011-03-14,7.00,7.09,6.93,6.96,44024418,376494976.000
2011-03-15,6.92,6.96,6.69,6.80,69889534,583886400.000
2011-03-16,6.83,6.91,6.81,6.87,59644197,501950336.000
2011-03-17,6.84,6.99,6.76,6.84,44166865,372985088.000
2011-03-18,6.97,7.03,6.85,6.99,40614830,343942656.000
2011-03-21,6.95,6.99,6.80,6.87,42056971,354699168.000
2011-03-22,6.91,6.92,6.81,6.87,29084882,245174592.000
2011-03-23,6.88,6.99,6.86,6.96,43189365,366527136.000
2011-03-24,6.96,7.02,6.89,6.97,41794876,355643840.000
2011-03-25,6.99,7.11,6.94,7.06,50724843,437320992.000
2011-03-28,7.05,7.16,7.02,7.09,55325173,479518208.000
2011-03-29,7.08,7.11,6.97,6.98,51682345,444962112.000
2011-03-30,6.99,7.19,6.98,7.12,57647170,499241504.000
2011-03-31,7.12,7.18,6.95,7.00,38568474,332123712.000
2011-04-01,7.03,7.09,6.98,7.06,28517683,245208368.000
2011-04-06,7.06,7.39,7.03,7.27,90968336,800969856.000
2011-04-07,7.29,7.31,7.19,7.24,40003378,351942400.000
2011-04-08,7.24,7.25,7.14,7.21,35898031,314608512.000
2011-04-11,7.27,7.30,7.14,7.15,43186896,379281120.000
2011-04-12,7.13,7.37,7.11,7.22,65977698,580179968.000
2011-04-13,7.24,7.52,7.20,7.42,138831504,1249248256.000
2011-04-14,7.43,7.62,7.38,7.45,88773690,807368384.000
2011-04-15,7.45,7.54,7.34,7.49,50129424,450939904.000
2011-04-18,7.47,7.56,7.35,7.43,61578845,556566080.000
2011-04-19,7.39,7.46,7.24,7.28,45656287,406795712.000
2011-04-20,7.36,7.38,7.21,7.28,33509702,296321888.000
2011-04-21,7.32,7.33,7.22,7.28,42089797,371294688.000
2011-04-22,7.29,7.40,7.25,7.31,39661726,353272480.000
2011-04-25,7.30,7.31,7.12,7.13,39005575,341292000.000
2011-04-26,7.16,7.24,7.11,7.16,28478207,248662608.000
2011-04-27,7.21,7.34,7.13,7.19,41792241,367635104.000
2011-04-28,7.29,7.39,7.17,7.23,59517581,526298976.000
2011-04-29,7.28,7.46,7.19,7.42,81941317,728114304.000
2011-05-03,7.47,7.63,7.42,7.51,85239783,776804096.000
2011-05-04,7.48,7.85,7.44,7.59,207648800,1921242496.000
2011-05-05,7.53,7.56,7.37,7.46,83536732,755202240.000
2011-05-06,7.39,7.54,7.32,7.48,45457407,410236704.000
2011-05-09,7.51,7.62,7.45,7.48,38983426,354574880.000
2011-05-10,7.49,7.51,7.39,7.43,34500625,310058304.000
2011-05-11,7.42,7.53,7.38,7.43,26336237,237492976.000
2011-05-12,7.40,7.49,7.38,7.38,30102764,270889440.000
2011-05-13,7.38,7.45,7.28,7.40,38999499,347633824.000
2011-05-16,7.40,7.48,7.21,7.23,48377363,429069280.000
2011-05-17,7.23,7.27,7.16,7.22,40163096,351873216.000
2011-05-18,7.23,7.39,7.20,7.31,35303073,312964416.000
2011-05-19,7.35,7.37,7.19,7.24,29696590,262487424.000
2011-05-20,7.22,7.28,7.19,7.21,18895210,166156304.000
2011-05-23,7.21,7.21,6.86,6.87,55388779,474689088.000
2011-05-25,6.91,6.91,6.70,6.75,43487583,363584480.000
2011-05-26,6.81,6.83,6.70,6.71,29229838,242863856.000
2011-05-27,6.74,6.87,6.71,6.75,31792152,265554512.000
2011-05-30,6.76,6.85,6.74,6.81,32067665,267921840.000
2011-05-31,6.81,6.89,6.79,6.88,16728535,140670736.000
2011-06-01,6.90,7.05,6.85,7.02,31717004,270691680.000
2011-06-02,6.93,7.02,6.83,6.89,25924223,219563648.000
2011-06-03,6.90,6.98,6.86,6.93,19297594,163414864.000
2011-06-07,6.92,6.96,6.85,6.95,17605410,149212576.000
2011-06-08,6.95,7.07,6.84,7.01,24142648,205964928.000
2011-06-09,7.01,7.05,6.84,6.85,29858169,254259584.000
2011-06-10,6.85,6.98,6.85,6.96,29165754,247146016.000
2011-06-13,6.92,6.93,6.82,6.85,20864912,175540080.000
2011-06-14,6.85,6.93,6.83,6.87,31713328,267992416.000
2011-06-15,6.87,6.91,6.84,6.86,21688805,183058688.000
2011-06-16,6.82,6.85,6.63,6.66,33016022,272844512.000
2011-06-17,6.69,6.74,6.63,6.66,16821748,138653696.000
2011-06-20,6.66,6.68,6.56,6.60,15889165,129760568.000
2011-06-21,6.61,6.65,6.58,6.64,23494559,191960224.000
2011-06-22,6.65,6.71,6.61,6.64,22091105,181439056.000
2011-06-23,6.69,6.77,6.64,6.73,33963192,279885056.000
2011-06-24,6.72,6.97,6.70,6.90,60133399,504435264.000
2011-06-27,6.89,6.93,6.81,6.88,51159699,430416032.000
2011-06-28,6.89,6.90,6.78,6.84,36319969,304576608.000
2011-06-29,6.85,6.92,6.79,6.80,39531104,318710176.000
2011-06-30,6.81,7.00,6.79,6.98,52471482,426703936.000
2011-07-01,6.98,6.98,6.89,6.89,28529082,231975248.000
2011-07-04,6.95,7.07,6.91,6.99,60551869,496546592.000
2011-07-05,7.02,7.15,6.97,7.11,96027383,796144256.000
2011-07-06,7.09,7.20,6.97,7.18,60872534,504730464.000
2011-07-07,7.17,7.19,7.05,7.08,62376852,519286112.000
2011-07-08,7.08,7.09,6.99,7.02,20181661,166406400.000
2011-07-11,7.01,7.10,6.98,7.04,26103192,215725936.000
2011-07-12,7.00,7.01,6.89,6.90,28064171,228480272.000
2011-07-13,6.92,7.00,6.88,6.99,21260458,173366304.000
2011-07-15,6.94,7.03,6.89,7.02,34587653,282963712.000
2011-07-18,7.01,7.01,6.92,6.94,30823394,251583344.000
2011-07-19,6.90,6.99,6.89,6.93,25442821,207675488.000
2011-07-20,6.98,6.98,6.86,6.88,20191146,163812320.000
2011-07-21,6.87,6.91,6.79,6.82,34939912,281135040.000
2011-07-22,6.85,6.88,6.75,6.77,30559358,244453344.000
2011-07-25,6.67,6.68,6.48,6.55,62523194,487852576.000
2011-07-26,6.55,6.61,6.50,6.55,27272662,211506448.000
2011-07-27,6.53,6.65,6.51,6.60,33796993,263234240.000
2011-07-28,6.56,6.56,6.49,6.50,29319810,226611728.000
2011-07-29,6.50,6.53,6.31,6.39,53304890,405662784.000
2011-08-01,6.39,6.55,6.38,6.47,38931415,299052544.000
2011-08-02,6.45,6.49,6.39,6.43,26750568,204281328.000
2011-08-03,6.41,6.57,6.38,6.52,28558683,219921568.000
2011-08-04,6.52,6.59,6.51,6.56,19108247,148183552.000
2011-08-05,6.40,6.48,6.36,6.39,36310629,277421024.000
2011-08-08,6.37,6.44,5.99,6.11,71660882,528279136.000
2011-08-09,5.95,6.12,5.91,6.09,58092338,421476640.000
2011-08-10,6.20,6.23,6.04,6.08,46147679,338469280.000
2011-08-11,5.99,6.27,5.98,6.25,40390357,296963456.000
2011-08-12,6.28,6.34,6.23,6.31,33275329,249393440.000
2011-08-15,6.29,6.50,6.29,6.49,45883569,351054176.000
2011-08-16,6.48,6.53,6.41,6.42,33695008,258651232.000
2011-08-17,6.41,6.48,6.35,6.37,22584957,172151888.000
2011-08-18,6.37,6.41,6.25,6.26,33301035,251121824.000
2011-08-19,6.19,6.26,6.08,6.16,51243004,377262784.000
2011-08-22,6.12,6.18,6.08,6.12,15008131,110139680.000
2011-08-23,6.15,6.21,6.12,6.19,15530617,114309024.000
2011-08-24,6.21,6.22,6.09,6.15,21800927,160747824.000
2011-08-25,6.17,6.45,6.17,6.44,44711524,337390496.000
2011-08-26,6.40,6.52,6.37,6.48,26252336,201340560.000
2011-08-29,6.44,6.46,6.36,6.41,19303962,147068192.000
2011-08-30,6.47,6.54,6.32,6.36,25432652,194592128.000
2011-08-31,6.39,6.39,6.21,6.30,21163422,158452912.000
2011-09-01,6.31,6.36,6.21,6.22,25454197,190905104.000
2011-09-02,6.19,6.23,6.13,6.14,19552341,144177392.000
2011-09-05,6.11,6.13,5.99,6.06,34063036,246608432.000
2011-09-06,6.04,6.07,5.97,6.02,24218388,174827376.000
2011-09-07,6.04,6.27,6.04,6.22,31832457,234623920.000
2011-09-08,6.23,6.24,6.13,6.14,16469198,121560192.000
2011-09-09,6.19,6.31,6.13,6.15,25750709,191328272.000
2011-09-13,6.09,6.19,6.03,6.13,24894671,181865568.000
2011-09-14,6.16,6.22,6.08,6.21,17670775,129752672.000
2011-09-15,6.19,6.24,6.14,6.15,15941602,118207488.000
2011-09-16,6.20,6.29,6.18,6.23,24713045,183778816.000
2011-09-19,6.18,6.21,6.10,6.14,20950020,154374128.000
2011-09-20,6.17,6.17,6.04,6.10,21900101,159966048.000
2011-09-21,6.10,6.42,6.06,6.34,50157507,375928000.000
2011-09-22,6.27,6.30,6.07,6.09,55338896,407026144.000
2011-09-23,5.99,6.08,5.95,6.05,35505675,256842944.000
2011-09-26,6.02,6.09,5.91,5.98,27029489,195167968.000
2011-09-27,6.03,6.06,5.94,6.02,21867108,157897552.000
2011-09-28,6.05,6.05,5.93,5.94,27001572,193883904.000
2011-09-29,5.90,6.08,5.90,5.97,25508007,183072448.000
2011-09-30,5.96,5.99,5.93,5.96,22390577,160397056.000
2011-10-10,5.97,6.02,5.94,5.95,22962943,164853568.000
2011-10-11,6.09,6.14,5.95,6.02,31346873,227072848.000
2011-10-12,5.97,6.28,5.97,6.23,42359050,312577248.000
2011-10-13,6.19,6.31,6.17,6.30,41083670,307567456.000
2011-10-14,6.29,6.35,6.21,6.32,29701917,222430288.000
2011-10-17,6.31,6.33,6.25,6.29,20950968,157119840.000
2011-10-18,6.24,6.28,6.14,6.14,20710645,153088912.000
2011-10-19,6.18,6.25,6.14,6.22,16087290,119286960.000
2011-10-20,6.17,6.26,6.08,6.13,26201151,192960608.000
2011-10-21,6.17,6.25,6.13,6.19,22299204,165307456.000
2011-10-24,6.25,6.50,6.23,6.47,40134322,305885024.000
2011-10-25,6.40,6.52,6.38,6.49,46007282,352744576.000
2011-10-26,6.40,6.61,6.40,6.45,50176925,387043168.000
2011-10-27,6.45,6.70,6.45,6.49,58941867,456533312.000
2011-10-28,6.56,6.67,6.47,6.51,51023649,395642976.000
2011-10-31,6.48,6.57,6.46,6.47,31974294,246581712.000
2011-11-01,6.44,6.64,6.44,6.55,41469790,321804192.000
2011-11-02,6.45,6.66,6.44,6.64,35109974,272590976.000
2011-11-03,6.63,6.70,6.54,6.56,38950467,305116096.000
2011-11-04,6.64,6.66,6.53,6.61,31734979,247410752.000
2011-11-07,6.56,6.63,6.55,6.58,14499877,113106704.000
2011-11-08,6.61,6.62,6.48,6.52,21290056,165081744.000
2011-11-09,6.57,6.61,6.50,6.60,22584564,175550784.000
2011-11-10,6.56,6.66,6.52,6.57,30440740,237991840.000
2011-11-11,6.59,6.70,6.56,6.65,26620820,208931536.000
2011-11-14,6.72,6.84,6.69,6.82,41054361,328168288.000
2011-11-15,6.78,6.83,6.72,6.76,19651837,156509712.000
2011-11-16,6.78,6.79,6.39,6.47,38479560,299615136.000
2011-11-17,6.47,6.52,6.23,6.27,72090822,544864832.000
2011-11-18,6.25,6.30,6.19,6.25,39674213,295774272.000
2011-11-21,6.28,6.38,6.25,6.38,24337373,183282384.000
2011-11-22,6.35,6.38,6.26,6.36,24818055,186996528.000
2011-11-23,6.37,6.37,6.26,6.27,16102344,120878544.000
2011-11-24,6.21,6.34,6.21,6.27,16186482,121143576.000
2011-11-25,6.24,6.41,6.23,6.33,24113337,182165232.000
2011-11-28,6.36,6.42,6.30,6.35,14615065,110567568.000
2011-11-29,6.41,6.44,6.31,6.42,20243306,153987328.000
2011-11-30,6.39,6.42,6.19,6.24,21670138,162280368.000
2011-12-01,6.35,6.46,6.30,6.36,41339935,313813856.000
2011-12-02,6.35,6.36,6.27,6.30,13072255,98252288.000
2011-12-05,6.33,6.33,6.20,6.24,21829031,162957984.000
2011-12-06,6.23,6.25,6.11,6.18,16732295,123287840.000
2011-12-07,6.19,6.25,6.15,6.21,16690625,123767056.000
2011-12-08,6.22,6.29,6.14,6.19,22995423,170455360.000
2011-12-09,6.17,6.32,6.16,6.27,20080180,149336464.000
2011-12-12,6.26,6.36,6.24,6.28,23343915,175962672.000
2011-12-13,6.29,6.36,6.24,6.27,23975644,180023968.000
2011-12-14,6.24,6.33,6.11,6.12,23718061,175689568.000
2011-12-15,6.10,6.19,6.06,6.14,27514558,201769312.000
2011-12-16,6.11,6.21,6.07,6.18,20598781,151202144.000
2011-12-19,6.15,6.24,6.07,6.20,24914457,182961984.000
2011-12-20,6.20,6.30,6.14,6.21,19841617,147667808.000
2011-12-21,6.27,6.30,6.14,6.14,12650904,94129816.000
2011-12-22,6.13,6.20,6.07,6.15,25058716,183931760.000
2011-12-23,6.18,6.25,6.12,6.15,27492815,203081968.000
2011-12-26,6.15,6.20,6.11,6.13,18593195,137044288.000
2011-12-27,6.13,6.18,6.07,6.08,20154142,147817056.000
2011-12-28,6.08,6.16,6.02,6.08,24282375,177208464.000
2011-12-29,6.06,6.17,6.04,6.14,18691284,136899056.000
2011-12-30,6.16,6.27,6.14,6.25,29935886,222556912.000
2012-01-04,6.27,6.30,6.12,6.14,23590826,174632688.000
2012-01-05,6.09,6.32,6.09,6.24,41175788,307153696.000
2012-01-06,6.24,6.39,6.22,6.37,37373181,280970752.000
2012-01-09,6.38,6.54,6.37,6.49,42958979,330236864.000
2012-01-10,6.49,6.58,6.45,6.51,58156249,449992992.000
2012-01-11,6.52,6.57,6.42,6.43,48636880,373734272.000
2012-01-12,6.44,6.48,6.39,6.43,22684685,173554128.000
2012-01-13,6.44,6.51,6.33,6.43,29225128,223389904.000
2012-01-16,6.41,6.41,6.28,6.34,22863910,172861584.000
2012-01-17,6.32,6.56,6.30,6.52,36733019,280389728.000
2012-01-18,6.50,6.56,6.47,6.47,35403628,273508864.000
2012-01-19,6.49,6.61,6.48,6.55,43729438,338890784.000
2012-01-20,6.58,6.59,6.47,6.55,38730933,299410752.000
2012-01-30,6.55,6.56,6.35,6.37,34264257,261688512.000
2012-01-31,6.39,6.51,6.38,6.49,30107974,230893280.000
2012-02-01,6.48,6.53,6.36,6.40,25807281,197169200.000
2012-02-02,6.39,6.47,6.38,6.46,28492434,217330720.000
2012-02-03,6.44,6.47,6.35,6.43,51954263,396090816.000
2012-02-06,6.44,6.50,6.35,6.39,49483406,377152704.000
2012-02-07,6.36,6.39,6.21,6.24,41954997,314449504.000
2012-02-08,6.24,6.40,6.24,6.39,36497567,275051232.000
2012-02-09,6.39,6.39,6.31,6.32,32527911,245917328.000
2012-02-10,6.32,6.40,6.29,6.37,31903416,241460064.000
2012-02-13,6.33,6.40,6.31,6.34,26478377,200434912.000
2012-02-14,6.34,6.39,6.32,6.36,24711682,187070160.000
2012-02-15,6.34,6.40,6.29,6.35,56666454,428337440.000
2012-02-16,6.39,6.40,6.29,6.33,40400492,304855456.000
2012-02-17,6.36,6.39,6.31,6.36,26445674,200107568.000
2012-02-20,6.41,6.42,6.32,6.34,28717713,217780592.000
2012-02-21,6.34,6.35,6.26,6.31,29628255,222500288.000
2012-02-22,6.31,6.32,6.25,6.31,72897713,546406976.000
2012-02-23,6.30,6.38,6.28,6.37,90001378,679331776.000
2012-02-24,6.37,6.43,6.34,6.42,87193652,661746112.000
2012-02-27,6.44,6.56,6.43,6.46,106933902,823539520.000
2012-02-28,6.44,6.50,6.43,6.49,53202500,408768320.000
2012-02-29,6.48,6.51,6.40,6.41,46358694,355190656.000
2012-03-01,6.39,6.43,6.38,6.39,26061641,198419264.000
2012-03-02,6.40,6.48,6.39,6.46,52399201,400406912.000
2012-03-05,6.48,6.53,6.38,6.40,67881024,519655520.000
2012-03-06,6.39,6.40,6.27,6.28,55476423,417583136.000
2012-03-07,6.24,6.34,6.23,6.27,38451724,288314528.000
2012-03-08,6.30,6.33,6.25,6.29,43530490,326516768.000
2012-03-09,6.30,6.35,6.28,6.34,36557824,275474560.000
2012-03-12,6.34,6.35,6.26,6.29,55416703,415448032.000
2012-03-13,6.28,6.35,6.27,6.32,47774435,359144128.000
2012-03-14,6.34,6.36,6.19,6.22,86685078,650761856.000
2012-03-15,6.22,6.24,6.13,6.16,52078948,384502752.000
2012-03-16,6.16,6.27,6.16,6.26,42274650,313525632.000
2012-03-19,6.23,6.26,6.17,6.23,27063765,200818496.000
2012-03-20,6.21,6.23,6.16,6.17,24968528,184597856.000
2012-03-21,6.21,6.27,6.19,6.24,37988503,282268352.000
2012-03-22,6.24,6.28,6.23,6.25,41867771,312548192.000
2012-03-23,6.24,6.35,6.20,6.27,39227487,293165856.000
2012-03-26,6.27,6.27,6.21,6.22,20426705,152236992.000
2012-03-27,6.24,6.27,6.21,6.22,19102114,142310992.000
2012-03-28,6.22,6.25,6.10,6.11,37069130,273410336.000
2012-03-29,6.10,6.15,6.08,6.10,31931330,233770592.000
2012-03-30,6.12,6.24,6.09,6.24,52067190,384715488.000
2012-04-05,6.21,6.24,6.16,6.20,43952478,325521184.000
2012-04-06,6.20,6.27,6.17,6.19,21121723,156734304.000
2012-04-09,6.20,6.22,6.16,6.17,20519592,151732064.000
2012-04-10,6.17,6.22,6.14,6.20,28001671,206727760.000
2012-04-11,6.16,6.30,6.12,6.22,57329689,423772032.000
2012-04-12,6.20,6.25,6.13,6.24,51946026,384483232.000
2012-04-13,6.24,6.25,6.19,6.22,41082172,305375104.000
2012-04-16,6.19,6.24,6.19,6.20,31764681,235763424.000
2012-04-17,6.21,6.21,6.14,6.18,37282309,275184576.000
2012-04-18,6.17,6.27,6.17,6.25,55574026,413746176.000
2012-04-19,6.25,6.29,6.22,6.25,33129024,247410000.000
2012-04-20,6.24,6.32,6.24,6.30,39324736,294566016.000
2012-04-23,6.30,6.31,6.25,6.29,29529748,221341664.000
2012-04-24,6.28,6.36,6.22,6.27,46418946,347778912.000
2012-04-25,6.26,6.28,6.20,6.25,65225823,485357312.000
2012-04-26,6.24,6.26,6.23,6.24,37841143,281933344.000
2012-04-27,6.27,6.30,6.24,6.26,50857806,380289568.000
2012-05-02,6.32,6.37,6.28,6.36,79722753,601192256.000
2012-05-03,6.35,6.39,6.32,6.32,49374028,373103552.000
2012-05-04,6.32,6.35,6.29,6.34,61869407,465639456.000
2012-05-07,6.31,6.40,6.30,6.39,61801059,468340224.000
2012-05-08,6.38,6.42,6.36,6.40,55088042,418598496.000
2012-05-09,6.37,6.37,6.28,6.29,38983864,293648128.000
2012-05-10,6.29,6.35,6.29,6.33,23735262,178670768.000
2012-05-11,6.30,6.33,6.23,6.26,41780913,312802528.000
2012-05-14,6.27,6.29,6.20,6.21,37704703,280702592.000
2012-05-15,6.19,6.23,6.16,6.19,30455799,225246304.000
2012-05-16,6.19,6.22,6.17,6.20,29741117,220083792.000
2012-05-17,6.20,6.27,6.18,6.25,29158058,216761456.000
2012-05-18,6.23,6.29,6.17,6.24,47801698,355332544.000
2012-05-21,6.29,6.37,6.25,6.29,61296772,461043936.000
2012-05-22,6.40,6.46,6.31,6.36,109055215,826736384.000
2012-05-23,6.34,6.37,6.27,6.33,44284668,333478816.000
2012-05-24,6.30,6.34,6.25,6.26,26354069,197656240.000
2012-05-25,6.26,6.32,6.25,6.30,33208885,248916544.000
2012-05-28,6.28,6.29,6.24,6.29,52978252,395835168.000
2012-05-30,6.29,6.31,6.23,6.25,58149257,434180896.000
2012-05-31,6.23,6.25,6.19,6.23,33268988,247040144.000
2012-06-01,6.23,6.25,6.21,6.22,24403965,181504944.000
2012-06-04,6.18,6.19,6.13,6.13,42608152,313914016.000
2012-06-05,6.15,6.16,6.11,6.13,30685433,225323568.000
2012-06-06,6.14,6.16,6.10,6.12,22241113,163146976.000
2012-06-07,6.15,6.16,6.07,6.08,26729790,195576816.000
2012-06-08,6.11,6.11,6.05,6.08,18946725,137945056.000
2012-06-11,6.10,6.15,6.07,6.12,27209741,198961728.000
2012-06-12,6.11,6.13,6.09,6.11,20653649,151140304.000
2012-06-13,6.12,6.18,6.10,6.17,22074104,162336272.000
2012-06-14,6.15,6.17,6.10,6.10,24132399,177203936.000
2012-06-15,6.13,6.15,6.10,6.13,25204237,185025536.000
2012-06-18,6.15,6.19,6.12,6.14,27521830,202629424.000
2012-06-19,6.15,6.16,6.13,6.16,13081784,96209552.000
2012-06-20,6.17,6.17,6.13,6.15,17330067,127594984.000
2012-06-21,6.15,6.15,6.02,6.04,35041530,255028384.000
2012-06-25,6.03,6.03,5.94,5.95,34743450,249796384.000
2012-06-26,5.93,5.98,5.91,5.93,25864994,184897408.000
2012-06-27,5.95,5.95,5.90,5.92,22384360,159663504.000
2012-06-28,5.93,5.93,5.82,5.83,29901998,211950896.000
2012-06-29,5.81,5.85,5.74,5.82,48031300,336786688.000
2012-07-02,5.84,5.84,5.75,5.78,23976867,167705264.000
2012-07-03,5.78,5.79,5.74,5.76,33342949,232668176.000
2012-07-04,5.76,5.80,5.75,5.78,21542207,150536544.000
2012-07-05,5.78,5.78,5.60,5.62,36074208,248050272.000
2012-07-06,5.64,5.67,5.53,5.60,52964073,360332096.000
2012-07-09,5.57,5.61,5.38,5.40,52583385,352803744.000
2012-07-10,5.42,5.44,5.20,5.20,80722181,523163232.000
2012-07-11,5.22,5.35,5.21,5.32,57982757,377151680.000
2012-07-12,5.31,5.50,5.30,5.44,55998525,370738336.000
2012-07-13,5.48,5.53,5.46,5.50,31137019,208392704.000
2012-07-16,5.50,5.52,5.33,5.37,45940126,303436448.000
2012-07-17,5.38,5.43,5.35,5.42,32482669,214490480.000
2012-07-18,5.42,5.45,5.37,5.40,42820339,283590912.000
2012-07-19,5.41,5.41,5.32,5.38,78982207,488282560.000
2012-07-20,5.35,5.35,5.23,5.25,70826325,431854976.000
2012-07-23,5.22,5.23,5.16,5.21,38540545,231853552.000
2012-07-24,5.18,5.24,5.17,5.23,17659384,106458552.000
2012-07-25,5.23,5.27,5.20,5.21,18228173,110413656.000
2012-07-26,5.21,5.22,5.17,5.18,21168565,127204704.000
2012-07-27,5.21,5.22,5.12,5.13,33200654,198611328.000
2012-07-30,5.15,5.17,5.08,5.11,28735593,170796624.000
2012-07-31,5.13,5.15,5.09,5.10,31071878,184931408.000
2012-08-01,5.12,5.22,5.12,5.20,41703470,250412464.000
2012-08-02,5.20,5.24,5.16,5.21,24417409,146669984.000
2012-08-03,5.21,5.23,5.18,5.20,27431297,165350944.000
2012-08-06,5.18,5.25,5.18,5.24,27130583,164060992.000
2012-08-07,5.25,5.26,5.20,5.23,17519666,105899960.000
2012-08-08,5.23,5.25,5.22,5.25,20995945,127250560.000
2012-08-09,5.24,5.24,5.20,5.24,20168963,121888160.000
2012-08-10,5.24,5.25,5.20,5.20,18175340,109770848.000
2012-08-13,5.21,5.22,5.16,5.17,27259087,163819376.000
2012-08-14,5.18,5.19,5.08,5.13,37940084,225412240.000
2012-08-15,5.11,5.12,5.00,5.03,39142496,229182080.000
2012-08-16,5.04,5.11,5.01,5.08,21262503,125070536.000
2012-08-17,5.08,5.09,5.04,5.07,15880381,93412480.000
2012-08-20,5.02,5.07,5.00,5.03,16832314,98336440.000
2012-08-21,5.03,5.06,5.02,5.04,18621658,109150384.000
2012-08-22,5.04,5.06,5.01,5.03,13749982,80442480.000
2012-08-23,5.03,5.08,5.01,5.05,22634381,132991904.000
2012-08-24,5.06,5.12,5.04,5.10,24879482,146742688.000
2012-08-27,5.08,5.09,5.02,5.03,19826289,116241680.000
2012-08-28,5.02,5.12,5.01,5.08,18141264,106721344.000
2012-08-29,5.06,5.24,5.06,5.15,40513380,242572336.000
2012-08-30,5.13,5.21,5.13,5.19,33180152,199100080.000
2012-08-31,5.19,5.20,5.16,5.17,24942297,149753264.000
2012-09-03,5.17,5.23,5.13,5.19,24640655,147803360.000
2012-09-04,5.22,5.22,5.12,5.12,24429750,146088496.000
2012-09-05,5.12,5.15,5.05,5.06,16431285,97370048.000
2012-09-06,5.07,5.12,5.06,5.11,12818981,75691224.000
2012-09-07,5.16,5.32,5.14,5.27,78379582,476028064.000
2012-09-10,5.25,5.26,5.19,5.23,42941173,259462000.000
2012-09-11,5.21,5.22,5.17,5.19,25419960,152764896.000
2012-09-12,5.22,5.23,5.16,5.18,28161492,169297728.000
2012-09-13,5.19,5.20,5.17,5.18,16536959,99382208.000
2012-09-14,5.20,5.23,5.16,5.19,26695795,160603760.000
2012-09-17,5.20,5.23,5.17,5.18,33228830,200007920.000
2012-09-18,5.16,5.17,5.12,5.16,15734812,93906336.000
2012-09-19,5.16,5.18,5.09,5.13,22435116,133487664.000
2012-09-20,5.11,5.13,5.03,5.04,27613746,162722576.000
2012-09-21,5.03,5.07,5.02,5.04,13687069,80166672.000
2012-09-24,5.02,5.08,5.00,5.06,16868838,98882400.000
2012-09-25,5.06,5.07,5.02,5.05,7897135,46253360.000
2012-09-26,5.06,5.07,5.00,5.02,11891020,69444792.000
2012-09-27,5.02,5.16,5.00,5.13,30206893,178513984.000
2012-09-28,5.10,5.30,5.08,5.28,64882119,392512736.000
2012-10-08,5.26,5.32,5.22,5.26,18471156,112367936.000
2012-10-09,5.28,5.35,5.26,5.30,31448396,192992560.000
2012-10-10,5.28,5.30,5.25,5.27,24730957,150573680.000
2012-10-11,5.27,5.28,5.23,5.28,24246829,147365808.000
2012-10-12,5.28,5.34,5.26,5.28,33778666,207010704.000
2012-10-15,5.28,5.30,5.25,5.28,16425943,100024576.000
2012-10-16,5.27,5.31,5.23,5.27,19890677,121278888.000
2012-10-17,5.28,5.31,5.24,5.30,20973791,127885320.000
2012-10-18,5.29,5.37,5.29,5.35,39739968,244940256.000
2012-10-19,5.36,5.37,5.33,5.34,22168884,136725824.000
2012-10-22,5.32,5.36,5.30,5.34,16553850,101820960.000
2012-10-23,5.34,5.40,5.32,5.34,27899120,172576912.000
2012-10-24,5.33,5.33,5.29,5.31,20029686,122717088.000
2012-10-25,5.30,5.35,5.26,5.28,29232768,178929024.000
2012-10-26,5.28,5.28,5.18,5.20,19243143,116342408.000
2012-10-29,5.21,5.22,5.14,5.15,13595254,81439848.000
2012-10-30,5.17,5.22,5.15,5.18,17932116,107662768.000
2012-10-31,5.20,5.24,5.16,5.22,19741921,118717104.000
2012-11-01,5.23,5.33,5.22,5.32,28632951,174965344.000
2012-11-02,5.32,5.35,5.30,5.33,27124137,166878400.000
2012-11-05,5.34,5.35,5.30,5.33,14831650,91196128.000
2012-11-06,5.32,5.33,5.28,5.32,15737881,96361216.000
2012-11-07,5.32,5.34,5.28,5.33,23311133,143207168.000
2012-11-08,5.31,5.31,5.24,5.24,14472342,88108512.000
2012-11-09,5.23,5.27,5.21,5.27,14642225,88831776.000
2012-11-12,5.27,5.35,5.24,5.34,23647374,145179136.000
2012-11-13,5.34,5.34,5.27,5.29,23049144,141129840.000
2012-11-14,5.29,5.32,5.28,5.30,16392779,100381440.000
2012-11-15,5.28,5.30,5.23,5.24,15388261,93581672.000
2012-11-16,5.20,5.26,5.18,5.25,23660139,142622880.000
2012-11-19,5.26,5.39,5.23,5.37,37847788,232811008.000
2012-11-20,5.37,5.38,5.33,5.35,18740276,115844704.000
2012-11-21,5.35,5.38,5.28,5.35,15574579,95655288.000
2012-11-22,5.33,5.36,5.29,5.35,9572295,58802936.000
2012-11-23,5.37,5.48,5.34,5.44,36059143,225192592.000
2012-11-26,5.43,5.49,5.42,5.49,20854138,130952072.000
2012-11-27,5.49,5.49,5.41,5.42,27062404,169457872.000
2012-11-28,5.41,5.43,5.32,5.37,24939869,154157056.000
2012-11-29,5.39,5.40,5.35,5.37,17779272,110122632.000
2012-11-30,5.37,5.50,5.36,5.48,24790444,154954464.000
2012-12-03,5.47,5.54,5.44,5.52,25400180,160707696.000
2012-12-04,5.52,5.53,5.44,5.50,19534441,123024288.000
2012-12-05,5.48,5.61,5.45,5.57,57808498,367503808.000
2012-12-06,5.55,5.59,5.49,5.53,33025849,209878160.000
2012-12-07,5.54,5.57,5.50,5.55,50906393,323429120.000
2012-12-10,5.54,5.62,5.54,5.59,50610540,324562624.000
2012-12-11,5.57,5.60,5.50,5.55,43292088,274772576.000
2012-12-12,5.54,5.55,5.48,5.51,25904991,163955136.000
2012-12-13,5.49,5.57,5.48,5.50,38719182,245438448.000
2012-12-14,5.52,5.71,5.52,5.69,64031605,413776736.000
2012-12-17,5.70,5.77,5.64,5.69,52356688,340460736.000
2012-12-18,5.69,5.70,5.62,5.66,37681475,243913648.000
2012-12-19,5.66,5.70,5.63,5.65,38769528,251704464.000
2012-12-20,5.66,5.72,5.64,5.70,38148704,247828240.000
2012-12-21,5.70,5.71,5.64,5.64,28201212,183247008.000
2012-12-24,5.64,5.69,5.63,5.68,27728266,179826032.000
2012-12-25,5.66,5.87,5.65,5.85,50476744,333133568.000
2012-12-26,5.84,5.87,5.80,5.87,32382844,215410128.000
2012-12-27,5.88,5.98,5.85,5.95,40768672,274770688.000
2012-12-28,5.95,6.04,5.91,5.98,33012999,223942704.000
2012-12-31,6.00,6.03,5.92,5.94,43763163,296951712.000
2013-01-04,5.99,6.11,5.92,6.00,65773369,449342496.000
2013-01-07,5.99,6.08,5.95,6.00,33180909,227113152.000
2013-01-08,6.00,6.03,5.90,5.91,32729015,221644112.000
2013-01-09,5.92,5.96,5.90,5.95,23338533,157484320.000
2013-01-10,5.93,6.26,5.93,6.07,46104099,319057632.000
2013-01-11,6.10,6.16,5.95,6.00,26931949,185252352.000
2013-01-14,5.99,6.17,5.99,6.14,28115382,194404960.000
2013-01-15,6.15,6.20,6.11,6.19,33051028,230197296.000
2013-01-16,6.18,6.19,6.00,6.07,37122065,256999552.000
2013-01-17,6.09,6.21,6.07,6.19,43131334,300498368.000
2013-01-18,6.23,6.26,6.15,6.23,28176628,198187232.000
2013-01-21,6.24,6.29,6.14,6.26,46782434,330442976.000
2013-01-22,6.26,6.29,6.09,6.23,42698920,300048512.000
2013-01-23,6.21,6.22,6.11,6.19,28776012,200976512.000
2013-01-24,6.16,6.24,6.09,6.16,34299292,239897376.000
2013-01-25,6.16,6.20,6.11,6.19,32566034,227444208.000
2013-01-28,6.20,6.48,6.20,6.44,71945317,519034240.000
2013-01-29,6.46,6.49,6.37,6.45,38822116,281387232.000
2013-01-30,6.44,6.45,6.36,6.39,28472842,205166208.000
2013-01-31,6.43,6.43,6.37,6.37,29873587,215375680.000
2013-02-01,6.38,6.47,6.36,6.42,39934782,288690176.000
2013-02-04,6.39,6.42,6.28,6.30,59178210,423316000.000
2013-02-05,6.27,6.42,6.25,6.38,42606823,305359136.000
2013-02-06,6.40,6.42,6.29,6.35,35265803,252869408.000
2013-02-07,6.34,6.39,6.29,6.34,35774959,256070720.000
2013-02-08,6.35,6.46,6.34,6.46,42277406,306269056.000
2013-02-18,6.50,7.17,6.50,7.10,170357181,1312064000.000
2013-02-21,7.04,7.09,6.67,6.80,176882427,1363517568.000
2013-02-22,6.79,7.03,6.79,6.89,70118216,542937088.000
2013-02-25,6.90,7.18,6.90,7.01,50315148,395779328.000
2013-02-26,6.94,7.05,6.68,6.80,57280012,437340768.000
2013-02-27,6.80,6.85,6.70,6.77,35014513,265173376.000
2013-02-28,6.81,7.17,6.78,7.03,63045440,494331552.000
2013-03-01,7.08,7.14,6.92,7.08,45017659,353527136.000
2013-03-04,7.03,7.44,6.97,7.23,95773610,774579328.000
2013-03-05,7.18,7.28,7.04,7.22,66570979,531708320.000
2013-03-06,7.25,7.35,7.10,7.30,47427264,381530048.000
2013-03-07,7.23,7.43,6.98,7.04,62636262,501658560.000
2013-03-08,7.04,7.10,6.84,6.89,40230686,311617152.000
2013-03-11,7.07,7.13,6.89,6.95,40753376,318287360.000
2013-03-12,6.95,7.01,6.69,6.73,62841185,478936256.000
2013-03-13,6.73,6.76,6.56,6.68,29091634,217499936.000
2013-03-14,6.64,6.76,6.62,6.69,27854344,209466448.000
2013-03-15,6.75,7.09,6.71,7.00,84703085,657225408.000
2013-03-18,6.99,7.00,6.79,6.86,35966002,277010208.000
2013-03-19,6.94,6.95,6.74,6.78,27639046,211715968.000
2013-03-20,6.78,6.88,6.65,6.83,56378179,427256096.000
2013-03-21,6.82,6.90,6.73,6.88,32139009,245584176.000
2013-03-22,6.89,7.06,6.88,7.02,43482225,338073088.000
2013-03-25,6.98,7.03,6.88,6.90,24344903,189009088.000
2013-03-26,6.86,6.89,6.66,6.76,30752775,232802080.000
2013-03-27,6.75,6.86,6.67,6.70,26772883,201963280.000
2013-03-28,6.65,6.79,6.53,6.61,43440157,324271520.000
2013-03-29,6.63,6.69,6.60,6.63,14038509,104810640.000
2013-04-01,6.55,6.71,6.55,6.62,16689838,124330152.000
2013-04-02,6.60,6.68,6.46,6.52,26517906,194741072.000
2013-04-03,6.56,6.63,6.47,6.61,20445373,150810784.000
2013-04-08,6.48,6.60,6.46,6.53,24526609,180002336.000
2013-04-09,6.53,6.57,6.43,6.50,28504206,208142704.000
2013-04-10,6.48,6.50,6.32,6.37,32156453,231774832.000
2013-04-11,6.46,6.46,6.24,6.26,35129934,251006208.000
2013-04-12,6.28,6.31,6.22,6.27,24379019,172814160.000
2013-04-15,6.26,6.33,6.16,6.19,20411237,144000928.000
2013-04-16,6.18,6.23,6.11,6.19,25780127,180260464.000
2013-04-17,6.22,6.27,6.17,6.24,17699174,124736080.000
2013-04-18,6.23,6.29,6.18,6.24,22167398,156090016.000
2013-04-19,6.26,6.46,6.23,6.39,27869680,199884688.000
2013-04-22,6.38,6.45,6.37,6.44,23085423,167136928.000
2013-04-23,6.44,6.44,6.19,6.22,25685969,182339104.000
2013-04-24,6.27,6.38,6.19,6.36,34118807,242451056.000
2013-04-25,6.37,6.41,6.28,6.40,23729649,170061664.000
2013-04-26,6.43,6.44,6.20,6.23,32120187,227857440.000
2013-05-02,6.22,6.27,6.16,6.21,36116052,253612288.000
2013-05-03,6.23,6.31,6.18,6.21,43594852,307920736.000
2013-05-06,6.23,6.34,6.21,6.32,24137916,171778560.000
2013-05-07,6.33,6.44,6.32,6.38,27887365,200678720.000
2013-05-08,6.42,6.50,6.37,6.49,31594961,229366112.000
2013-05-09,6.51,6.52,6.27,6.36,30802692,221933984.000
2013-05-10,6.31,6.41,6.26,6.39,32717185,233787088.000
2013-05-13,6.41,6.41,6.24,6.31,33738810,239814944.000
2013-05-14,6.27,6.34,6.18,6.22,29200114,205701760.000
2013-05-15,6.21,6.25,6.20,6.23,13819551,97336696.000
2013-05-16,6.21,6.23,6.12,6.16,61467494,429255104.000
2013-05-17,6.16,6.39,6.12,6.34,51621824,365610944.000
2013-05-20,6.31,6.41,6.29,6.36,39361884,282105312.000
2013-05-21,6.33,6.34,6.23,6.33,39573796,281094272.000
2013-05-22,6.28,6.28,6.21,6.23,32950599,232542064.000
2013-05-23,6.21,6.26,6.16,6.18,34984191,245713792.000
2013-05-24,6.21,6.24,6.13,6.16,28015126,196020912.000
2013-05-27,6.14,6.19,6.10,6.14,30210889,210255584.000
2013-05-28,6.11,6.21,6.09,6.21,34148242,237780944.000
2013-05-29,6.22,6.29,6.21,6.23,28658355,202590400.000
2013-05-30,6.24,6.33,6.22,6.32,38990792,276273568.000
2013-05-31,6.33,6.33,6.25,6.25,23857655,169696784.000
2013-06-03,6.25,6.31,6.23,6.26,21880901,155300272.000
2013-06-04,6.26,6.26,6.16,6.17,37183724,261290912.000
2013-06-05,6.27,6.27,6.17,6.20,25164520,166970656.000
2013-06-06,6.17,6.22,6.16,6.19,16806956,111236928.000
2013-06-07,6.19,6.24,6.16,6.17,19143888,126605192.000
2013-06-13,6.13,6.13,5.80,5.95,51827478,328036576.000
2013-06-14,5.97,5.99,5.85,5.90,35931760,227396816.000
2013-06-17,5.91,5.92,5.77,5.78,27073295,169260000.000
2013-06-18,5.81,5.82,5.69,5.75,24158345,148915168.000
2013-06-19,5.74,5.81,5.67,5.80,20285869,125022664.000
2013-06-20,5.79,5.81,5.64,5.67,24323172,149352304.000
2013-06-21,5.60,5.67,5.56,5.62,24809128,150246624.000
2013-06-24,5.61,5.67,5.39,5.40,53773621,318967424.000
2013-06-25,5.36,5.51,4.98,5.47,66875474,382400512.000
2013-06-26,5.47,5.49,5.20,5.38,46720711,268890208.000
2013-06-27,5.37,5.47,5.33,5.42,32975392,192413328.000
2013-06-28,5.42,5.54,5.34,5.51,32219062,189483424.000
2013-07-01,5.44,5.48,5.31,5.37,27940450,162053232.000
2013-07-02,5.39,5.40,5.23,5.27,34411157,196538304.000
2013-07-03,5.27,5.28,5.14,5.21,25099376,141304032.000
2013-07-04,5.21,5.39,5.13,5.33,33418169,191396832.000
2013-07-05,5.35,5.38,5.26,5.31,16331391,93695600.000
2013-07-08,5.25,5.26,5.17,5.20,20798315,117156784.000
2013-07-09,5.21,5.28,5.20,5.25,21104473,119871800.000
2013-07-10,5.27,5.43,5.22,5.42,25001209,144757936.000
2013-07-11,5.46,5.72,5.43,5.67,41230231,248403056.000
2013-07-12,5.68,5.70,5.56,5.61,28968802,175918240.000
2013-07-15,5.66,5.72,5.58,5.63,20143171,122056464.000
2013-07-16,5.60,5.64,5.46,5.56,30179446,179568208.000
2013-07-17,5.53,5.58,5.43,5.46,28773958,170937136.000
2013-07-18,5.43,5.50,5.33,5.36,23514323,136603392.000
2013-07-19,5.38,5.39,5.25,5.29,26751289,153899312.000
2013-07-22,5.25,5.30,5.18,5.26,27251221,154176608.000
2013-07-23,5.28,5.45,5.24,5.41,34575695,200740240.000
2013-07-24,5.41,5.44,5.28,5.41,26287530,152431616.000
2013-07-25,5.45,5.65,5.44,5.63,57945087,348139072.000
2013-07-26,5.58,5.66,5.53,5.65,18504877,111384968.000
2013-07-29,5.57,5.64,5.56,5.58,17568395,105603744.000
2013-07-30,5.62,5.69,5.47,5.59,29381339,176957888.000
2013-07-31,5.59,5.66,5.58,5.62,15993836,96718176.000
2013-08-01,5.64,5.73,5.61,5.70,23512153,143692976.000
2013-08-02,5.74,5.93,5.74,5.84,42353122,265735264.000
2013-08-05,5.85,5.91,5.76,5.88,24068853,151034272.000
2013-08-06,5.82,5.92,5.81,5.90,21279987,133856800.000
2013-08-07,5.90,5.92,5.68,5.74,28405806,176767568.000
2013-08-08,5.72,5.74,5.63,5.70,22539967,137761200.000
2013-08-09,5.70,5.73,5.55,5.64,38576979,233063056.000
2013-08-12,5.65,5.87,5.63,5.85,48210550,298866080.000
2013-08-13,5.85,5.85,5.78,5.82,14403822,89874640.000
2013-08-14,5.82,5.90,5.79,5.86,22114133,139232864.000
2013-08-15,5.91,6.49,5.91,6.35,161399336,1093787136.000
2013-08-16,6.35,7.03,6.15,6.24,88132865,599929152.000
2013-08-19,6.20,6.26,6.12,6.20,53373988,353848224.000
2013-08-20,6.44,6.74,6.44,6.50,100579265,702576256.000
2013-08-21,6.50,6.52,6.35,6.41,24783794,169741472.000
2013-08-22,6.39,6.48,6.27,6.37,30810662,209206128.000
2013-08-23,6.37,6.62,6.34,6.49,49311695,340236736.000
2013-08-26,6.53,6.62,6.45,6.58,28784359,200702304.000
2013-08-27,6.57,6.67,6.52,6.60,20936074,146967376.000
2013-08-28,6.57,6.60,6.44,6.51,25309165,176238624.000
2013-08-29,6.50,6.54,6.38,6.41,20328248,139905552.000
2013-08-30,6.43,6.46,6.32,6.38,17201997,117378416.000
2013-09-02,6.41,6.67,6.41,6.49,38768885,270088992.000
2013-09-03,6.55,6.70,6.47,6.61,41380285,291091136.000
2013-09-04,6.58,6.62,6.49,6.61,25705968,179664400.000
2013-09-05,6.62,6.78,6.58,6.73,38261349,272213344.000
2013-09-06,6.69,7.02,6.69,6.96,53188227,389597344.000
2013-09-09,6.93,7.13,6.85,6.90,52695644,389581312.000
2013-09-10,6.90,7.22,6.84,7.13,56930041,428479040.000
2013-09-11,7.20,7.36,7.03,7.16,55850761,425934720.000
2013-09-12,7.13,7.22,7.06,7.18,40158041,304571904.000
2013-09-13,7.16,7.22,6.88,7.08,37259398,277481760.000
2013-09-16,7.06,7.39,7.01,7.16,53632009,411362208.000
2013-09-17,7.16,7.17,6.93,6.98,34053053,254612336.000
2013-09-18,6.97,7.03,6.82,6.89,28872624,212728800.000
2013-09-23,6.94,7.00,6.88,6.95,17837502,131478232.000
2013-09-24,6.91,6.95,6.84,6.89,20614324,150977104.000
2013-09-25,6.89,6.96,6.70,6.74,22622362,164808160.000
2013-09-26,6.75,6.75,6.46,6.62,42965723,300679008.000
2013-09-27,6.53,6.70,6.46,6.67,25684968,179111120.000
2013-09-30,6.69,6.89,6.65,6.85,26610593,191683264.000
2013-10-08,6.81,6.86,6.67,6.71,26628456,191499920.000
2013-10-09,6.72,6.72,6.54,6.63,29929704,210024272.000
2013-10-10,6.62,6.66,6.55,6.57,17750125,124872896.000
2013-10-11,6.64,6.72,6.58,6.66,21670744,153899920.000
2013-10-14,6.72,6.93,6.67,6.87,37267070,271041376.000
2013-10-15,6.88,6.90,6.62,6.73,34107152,243943632.000
2013-10-16,6.65,6.72,6.58,6.65,24534308,173122944.000
2013-10-17,6.63,6.69,6.52,6.55,18984118,133464808.000
2013-10-18,6.55,6.58,6.51,6.54,19838928,138256544.000
2013-10-21,6.54,6.61,6.53,6.58,33826453,236744464.000
2013-10-22,6.58,6.62,6.51,6.54,25671835,179365392.000
2013-10-23,6.59,6.65,6.52,6.55,18770819,131859752.000
2013-10-24,6.53,6.58,6.47,6.50,20369866,141445696.000
2013-10-25,6.50,6.58,6.45,6.45,22059896,152960192.000
2013-10-28,6.48,6.64,6.48,6.64,19727341,138412992.000
2013-10-29,6.65,6.80,6.63,6.77,39094698,279793184.000
2013-10-30,6.77,7.01,6.75,6.94,54256899,398542112.000
2013-10-31,6.95,7.05,6.89,6.93,29445941,217582464.000
2013-11-01,7.02,7.08,6.92,7.05,33507246,249417792.000
2013-11-04,7.12,7.14,6.85,6.91,23272086,171806672.000
2013-11-05,6.83,7.01,6.83,6.97,14399451,105848256.000
2013-11-06,6.93,7.01,6.83,6.93,12381011,90642736.000
2013-11-07,6.93,7.03,6.90,6.98,19234237,142178336.000
2013-11-08,6.95,7.04,6.87,6.92,21714405,160653456.000
2013-11-11,6.91,6.95,6.78,6.85,14317883,104181128.000
2013-11-12,6.86,6.94,6.79,6.87,14114629,102940496.000
2013-11-13,6.77,6.84,6.66,6.68,22610012,161657696.000
2013-11-14,6.72,6.83,6.68,6.82,23412983,169025664.000
2013-11-15,6.77,6.97,6.77,6.82,45732486,333443552.000
2013-11-18,6.92,7.22,6.83,7.16,65592628,491146272.000
2013-11-19,7.17,7.22,7.09,7.20,30921062,234737840.000
2013-11-20,7.24,7.35,7.22,7.29,31834055,245722336.000
2013-11-21,7.22,7.39,7.13,7.38,29556447,227355376.000
2013-11-22,7.42,7.43,7.30,7.34,16745448,130226016.000
2013-11-25,7.25,7.33,7.18,7.26,22798923,175234272.000
2013-11-26,7.29,7.34,7.23,7.30,12187010,94029552.000
2013-11-27,7.30,7.64,7.27,7.53,52977360,421437632.000
2013-11-28,7.55,7.59,7.48,7.51,20252645,161417408.000
2013-11-29,7.50,7.52,7.37,7.48,13497886,106080472.000
2013-12-02,7.40,7.62,7.26,7.52,35469755,281487840.000
2013-12-03,7.49,7.57,7.40,7.54,16962756,135115408.000
2013-12-04,7.51,7.61,7.49,7.55,25009171,199513152.000
2013-12-05,7.61,7.66,7.45,7.47,22313706,177891136.000
2013-12-06,7.45,7.49,7.25,7.27,27768286,215804496.000
2013-12-09,7.29,7.52,7.29,7.32,31625919,247486576.000
2013-12-10,7.33,7.57,7.33,7.56,36517541,289201408.000
2013-12-11,7.48,7.57,7.35,7.42,30787298,241424048.000
2013-12-12,7.38,7.52,7.23,7.24,31554785,245586416.000
2013-12-13,7.15,7.25,7.11,7.20,23556035,178957072.000
2013-12-16,7.18,7.22,6.98,7.06,23630578,177173872.000
2013-12-17,7.05,7.22,6.98,7.19,23898267,179244112.000
2013-12-18,7.25,7.26,7.02,7.15,18884985,142920736.000
2013-12-19,7.17,7.23,7.10,7.17,17688305,134700784.000
2013-12-20,7.24,7.24,6.88,6.98,37208620,277647392.000
2013-12-23,6.97,7.10,6.96,7.00,20256712,151017472.000
2013-12-24,7.07,7.11,6.93,7.04,15264072,114053616.000
2013-12-25,7.04,7.05,6.91,6.96,18461721,136336672.000
2013-12-26,6.89,6.94,6.79,6.89,18453436,134515888.000
2013-12-27,6.91,7.01,6.86,6.92,23283269,171342096.000
2013-12-30,6.92,6.97,6.81,6.82,24096030,176005760.000
2013-12-31,6.80,7.13,6.80,6.96,33237672,246121216.000
2014-01-02,6.95,7.05,6.87,7.02,20259391,150185760.000
2014-01-03,6.92,7.38,6.91,7.26,40392870,305272352.000
2014-01-06,7.19,7.22,6.89,7.02,34541276,257039040.000
2014-01-07,6.93,7.02,6.70,6.85,30308299,220523168.000
2014-01-08,6.85,7.03,6.71,6.86,25454944,186247840.000
2014-01-09,6.86,6.92,6.67,6.82,26780139,194555968.000
2014-01-10,6.78,6.85,6.71,6.81,15705697,113040488.000
2014-01-13,6.84,6.85,6.63,6.74,17579795,125449568.000
2014-01-14,6.73,6.74,6.47,6.63,27510908,192482720.000
2014-01-15,6.61,6.77,6.49,6.76,21980145,154937392.000
2014-01-16,6.77,6.77,6.59,6.69,18080188,128155968.000
2014-01-17,6.62,6.72,6.52,6.61,23134042,162856912.000
2014-01-20,6.61,6.62,6.52,6.61,11884172,83218720.000
2014-01-21,6.61,6.74,6.57,6.67,11193080,79334584.000
2014-01-22,6.66,6.92,6.65,6.80,28848880,208902304.000
2014-01-23,6.82,6.91,6.68,6.83,26036037,187517168.000
2014-01-24,6.98,7.07,6.89,6.93,46297154,342425856.000
2014-01-27,6.88,6.91,6.68,6.77,31169618,225292224.000
2014-01-28,6.75,6.82,6.70,6.75,20139014,144661840.000
2014-01-29,6.74,6.79,6.68,6.76,13827434,99178160.000
2014-01-30,6.75,6.90,6.73,6.83,13925398,101038104.000
2014-02-07,6.78,6.88,6.74,6.87,19800724,143395344.000
2014-02-10,6.89,7.01,6.86,6.91,36708834,269763520.000
2014-02-11,6.91,6.95,6.84,6.95,34588116,253348528.000
2014-02-12,7.02,7.02,6.91,6.95,22019565,162693632.000
2014-02-13,6.95,7.19,6.93,7.03,39524406,296826560.000
2014-02-14,7.09,7.50,7.07,7.34,81860141,634799936.000
2014-02-17,7.62,7.63,6.98,7.14,183517865,1400401280.000
2014-02-18,7.12,7.12,6.97,7.01,63739252,475951264.000
2014-02-19,7.02,7.09,6.92,6.98,50263120,372288320.000
2014-02-20,6.98,7.07,6.92,6.93,47947380,354985728.000
2014-02-21,6.94,6.96,6.70,6.74,51979770,375482048.000
2014-02-24,6.68,6.68,6.54,6.62,39527155,277752960.000
2014-02-25,6.62,6.66,6.58,6.64,35761951,252074784.000
2014-02-26,6.61,6.66,6.57,6.62,35377507,249694304.000
2014-02-27,6.59,6.61,6.51,6.58,52184211,364468704.000
2014-02-28,6.57,6.58,6.32,6.37,44696939,306549312.000
2014-03-03,6.37,6.51,6.29,6.40,31940037,217179328.000
2014-03-04,6.37,6.43,6.33,6.38,26513322,180295408.000
2014-03-05,6.39,6.41,6.30,6.31,24597032,166713056.000
2014-03-06,6.31,6.32,6.22,6.31,32808213,219532880.000
2014-03-07,6.30,6.32,6.24,6.29,18329242,123101912.000
2014-03-10,6.27,6.27,6.09,6.10,23329740,154003264.000
2014-03-11,6.07,6.10,5.96,6.01,31564806,203653856.000
2014-03-12,6.00,6.01,5.91,5.99,23138477,147991952.000
2014-03-13,6.00,6.07,5.96,6.00,31138595,200573360.000
2014-03-14,5.97,5.98,5.84,5.86,35854654,227348032.000
2014-03-17,5.89,6.07,5.87,5.95,35158584,225225904.000
2014-03-18,5.97,6.00,5.92,5.96,36790455,235119104.000
2014-03-19,5.93,5.95,5.86,5.91,20404452,128859776.000
2014-03-20,5.92,6.12,5.92,5.95,46015616,297098464.000
2014-03-21,5.99,6.16,5.94,6.15,37800504,245020880.000
2014-03-24,6.16,6.26,6.10,6.22,27722718,183004144.000
2014-03-25,6.19,6.31,6.13,6.28,26631300,177468400.000
2014-03-26,6.26,6.30,6.20,6.20,14352760,95685600.000
2014-03-27,6.20,6.31,6.17,6.27,18323024,122074488.000
2014-03-28,6.27,6.34,6.19,6.25,22589565,151646928.000
2014-03-31,6.31,6.34,6.20,6.25,15950347,106669848.000
2014-04-01,6.24,6.32,6.23,6.27,16248295,108962616.000
2014-04-02,6.41,6.48,6.30,6.32,32765086,223542496.000
2014-04-03,6.43,6.46,6.10,6.14,55067219,368800000.000
2014-04-04,6.14,6.25,6.09,6.22,20814473,137587552.000
2014-04-08,6.20,6.31,6.20,6.22,57098472,381450208.000
2014-04-09,6.25,6.29,6.22,6.27,38209704,255822752.000
2014-04-10,6.29,6.55,6.24,6.45,65178200,445436672.000
2014-04-11,6.42,6.72,6.40,6.66,80797180,568642752.000
2014-04-14,6.67,6.69,6.56,6.63,31424547,221058944.000
2014-04-15,6.58,6.60,6.51,6.51,28823376,201419824.000
2014-04-16,6.50,6.54,6.35,6.45,42618306,292126336.000
2014-04-17,6.43,6.48,6.38,6.41,22134322,152011104.000
2014-04-18,6.38,6.43,6.36,6.40,14352374,97870064.000
2014-04-21,6.35,6.40,6.29,6.30,13281816,90093000.000
2014-04-22,6.30,6.32,6.27,6.30,15060401,101253216.000
2014-04-23,6.30,6.42,6.26,6.36,21502313,145046688.000
2014-04-24,6.36,6.37,6.26,6.30,14482160,97543456.000
2014-04-25,6.28,6.33,6.18,6.26,29184171,194855552.000
2014-04-28,6.28,6.30,6.15,6.22,20142990,134085176.000
2014-04-29,6.22,6.26,6.13,6.20,20745257,137427872.000
2014-04-30,6.20,6.25,6.19,6.23,11327991,75380528.000
2014-05-05,6.23,6.28,6.12,6.20,27902002,184695696.000
2014-05-06,6.20,6.26,6.17,6.21,17568971,116834656.000
2014-05-07,6.22,6.31,6.18,6.25,20624514,137901840.000
2014-05-08,6.25,6.33,6.24,6.26,14076580,94529248.000
2014-05-09,6.28,6.30,6.24,6.27,11907764,79770800.000
2014-05-12,6.33,6.40,6.27,6.38,23161399,157153520.000
2014-05-13,6.38,6.38,6.29,6.32,15981135,108151152.000
2014-05-14,6.32,6.36,6.30,6.32,10670933,72081472.000
2014-05-15,6.31,6.33,6.29,6.30,12718565,85735824.000
2014-05-16,6.32,6.33,6.27,6.31,12732303,85727992.000
2014-05-19,6.31,6.31,6.20,6.23,10340702,68979416.000
2014-05-20,6.25,6.30,6.17,6.21,14027243,93438264.000
2014-05-21,6.18,6.29,6.18,6.28,14490442,96725656.000
2014-05-22,6.29,6.36,6.26,6.28,12584684,84810592.000
2014-05-23,6.31,6.31,6.21,6.28,17551232,117198936.000
2014-05-26,6.30,6.33,6.26,6.29,10664027,71629616.000
2014-05-27,6.27,6.28,6.21,6.25,17042625,113707696.000
2014-05-28,6.24,6.30,6.21,6.28,15440781,103211656.000
2014-05-29,6.29,6.30,6.24,6.27,14683296,98352856.000
2014-05-30,6.27,6.30,6.23,6.28,11669103,78176968.000
2014-06-03,6.29,6.31,6.24,6.27,13493296,90438520.000
2014-06-04,6.29,6.29,6.23,6.27,12303446,82192736.000
2014-06-05,6.25,6.31,6.22,6.31,14845096,99545592.000
2014-06-06,6.30,6.31,6.25,6.25,14777724,98981392.000
2014-06-09,6.24,6.29,6.24,6.25,11193142,74833328.000
2014-06-10,6.27,6.33,6.23,6.32,19126744,128437920.000
2014-06-11,6.30,6.34,6.27,6.33,16355655,110112664.000
2014-06-12,6.32,6.33,6.27,6.30,17222415,115876888.000
2014-06-13,6.28,6.38,6.28,6.37,21608718,146241184.000
2014-06-16,6.38,6.60,6.37,6.57,49552257,343807680.000
2014-06-17,6.55,6.55,6.49,6.51,18310569,127150240.000
2014-06-18,6.52,6.52,6.47,6.51,18131972,125638952.000
2014-06-19,6.50,6.53,6.40,6.45,23693108,162726368.000
2014-06-20,6.46,6.48,6.40,6.43,22932597,157499616.000
2014-06-23,6.49,6.49,6.31,6.33,33067273,211105760.000
2014-06-24,6.34,6.40,6.34,6.38,23889083,152263104.000
2014-06-25,6.39,6.39,6.24,6.27,24944244,156650304.000
2014-06-26,6.29,6.31,6.25,6.26,23446093,147111008.000
2014-06-27,6.25,6.28,6.24,6.24,18614175,116391896.000
2014-06-30,6.26,6.34,6.26,6.31,16658940,105152136.000
2014-07-01,6.34,6.36,6.31,6.34,12215172,77398232.000
2014-07-02,6.35,6.41,6.34,6.38,20606456,131546928.000
2014-07-03,6.40,6.44,6.37,6.41,15941327,102285936.000
2014-07-04,6.42,6.44,6.36,6.38,12238163,78085112.000
2014-07-07,6.38,6.38,6.31,6.32,20520897,130032512.000
2014-07-08,6.31,6.37,6.31,6.34,18533999,117437848.000
2014-07-09,6.35,6.36,6.28,6.29,17575203,111052592.000
2014-07-10,6.30,6.33,6.28,6.29,10043080,63366952.000
2014-07-11,6.30,6.39,6.28,6.37,17938783,114140976.000
2014-07-14,6.38,6.55,6.36,6.52,41053994,266356080.000
2014-07-15,6.53,6.59,6.45,6.51,40686734,264722512.000
2014-07-16,6.50,6.85,6.47,6.78,81064166,543504320.000
2014-07-17,6.78,6.96,6.73,6.83,69864037,479850944.000
2014-07-18,6.85,6.96,6.77,6.86,48199907,330882400.000
2014-07-21,6.86,6.96,6.79,6.83,25662837,175835200.000
2014-07-22,6.80,6.95,6.77,6.85,29005551,199441072.000
2014-07-23,6.86,7.04,6.86,7.02,47867544,333990720.000
2014-07-24,7.03,7.15,6.98,7.11,42774475,303600096.000
2014-07-25,7.14,7.20,7.05,7.17,28788512,205397344.000
2014-07-28,7.24,7.27,7.13,7.16,73759281,529806688.000
2014-07-29,7.15,7.22,7.11,7.15,43701152,312378272.000
2014-07-30,7.15,7.15,7.01,7.05,52510609,372061056.000
2014-07-31,7.04,7.15,7.01,7.14,52589437,370730368.000
2014-08-01,7.14,7.22,7.10,7.15,53221102,380968672.000
2014-08-04,7.15,7.26,7.14,7.24,45754458,329233088.000
2014-08-05,7.26,7.31,7.10,7.21,34189065,245884576.000
2014-08-06,7.14,7.21,7.11,7.13,28265652,201997216.000
2014-08-07,7.15,7.17,7.01,7.03,30378652,215284016.000
2014-08-08,7.07,7.11,7.01,7.07,28571657,201725824.000
2014-08-11,7.07,7.25,7.07,7.22,52500297,377872576.000
2014-08-12,7.21,7.23,7.15,7.21,30562258,219711648.000
2014-08-13,7.22,7.24,7.12,7.17,26072903,186996784.000
2014-08-14,7.19,7.47,7.11,7.28,61342462,446689600.000
2014-08-15,7.30,7.41,7.23,7.30,35027527,256608048.000
2014-08-18,7.34,7.43,7.29,7.43,44429784,327568256.000
2014-08-19,7.43,7.44,7.25,7.34,35518702,260374800.000
2014-08-20,7.32,7.33,7.22,7.30,28392694,206270192.000
2014-08-21,7.27,7.29,7.19,7.23,21022761,151873424.000
2014-08-22,7.24,7.29,7.21,7.27,14761886,106931616.000
2014-08-25,7.28,7.30,7.19,7.25,24976205,181126720.000
2014-08-26,7.25,7.40,7.23,7.26,30655527,223323344.000
2014-08-27,7.27,7.30,7.22,7.26,16510554,119741400.000
2014-08-28,7.25,7.42,7.24,7.29,38022870,279051264.000
2014-08-29,7.30,7.42,7.28,7.40,23098677,170102832.000
2014-09-01,7.40,7.45,7.33,7.39,27504916,202876928.000
2014-09-02,7.40,7.47,7.34,7.47,40414452,298802240.000
2014-09-03,7.46,7.75,7.45,7.69,68753823,524408160.000
2014-09-04,7.67,8.00,7.66,7.86,75703510,594120000.000
2014-09-05,7.88,8.05,7.84,8.02,55704218,444615456.000
2014-09-09,8.05,8.05,7.90,7.95,40387823,321638592.000
2014-09-10,7.90,7.93,7.79,7.82,47032506,368401280.000
2014-09-11,7.81,7.86,7.68,7.71,47811881,371600384.000
2014-09-12,7.68,7.79,7.66,7.78,32621602,252034224.000
2014-09-15,7.78,7.87,7.72,7.84,30381289,237231344.000
2014-09-16,7.84,7.88,7.59,7.66,46142367,355703936.000
2014-09-17,7.72,7.72,7.60,7.66,32047212,245928240.000
2014-09-18,7.65,7.79,7.61,7.78,35498938,272878752.000
2014-09-19,7.72,7.76,7.64,7.73,28806891,221608000.000
2014-09-22,7.70,7.70,7.51,7.55,32739848,248868608.000
2014-09-23,7.54,7.69,7.53,7.68,25981493,197507248.000
2014-09-24,7.64,7.85,7.57,7.78,50465606,389295968.000
2014-09-25,7.81,7.92,7.71,7.84,52311527,410001824.000
2014-09-26,7.82,7.84,7.70,7.78,30460071,235646640.000
2014-09-29,7.74,7.85,7.74,7.80,33848190,264108832.000
2014-09-30,7.80,7.81,7.73,7.78,26077460,202951968.000
2014-10-08,7.76,8.03,7.71,7.93,58899171,464870432.000
2014-10-09,7.90,7.98,7.89,7.92,29388117,232721152.000
2014-10-10,7.88,7.94,7.75,7.80,32598611,254962048.000
2014-10-13,7.74,7.74,7.44,7.55,79227618,596396928.000
2014-10-14,7.50,7.60,7.45,7.55,53216365,400285984.000
2014-10-15,7.50,7.60,7.48,7.57,23065507,174064224.000
2014-10-16,7.52,7.85,7.50,7.58,76031390,582801024.000
2014-10-17,7.58,7.64,7.43,7.54,48136034,361426880.000
2014-10-20,7.59,7.68,7.54,7.62,34150650,260072944.000
2014-10-21,7.63,7.69,7.59,7.63,31220486,238699520.000
2014-10-22,7.64,7.69,7.58,7.63,20341327,155212880.000
2014-10-23,7.65,7.68,7.45,7.46,28783854,218071920.000
2014-10-24,7.47,7.56,7.46,7.48,27803018,208806192.000
2014-10-27,7.45,7.45,7.33,7.38,31403687,231737328.000
2014-10-28,7.40,7.61,7.36,7.61,42831392,320441504.000
2014-10-29,7.64,7.74,7.54,7.70,75511476,578299840.000
2014-10-30,7.75,8.15,7.72,7.99,129604317,1034018304.000
2014-10-31,8.00,8.03,7.84,7.98,60011710,476323712.000
2014-11-03,7.97,8.18,7.94,8.10,79579875,643224256.000
2014-11-04,8.07,8.09,7.87,7.97,65048274,517866784.000
2014-11-05,7.94,8.14,7.89,8.01,48209705,387302656.000
2014-11-06,8.03,8.08,7.91,8.00,32633712,260724432.000
2014-11-07,8.05,8.09,7.88,7.96,47081910,376633856.000
2014-11-10,8.03,8.55,8.03,8.51,157269485,1318500992.000
2014-11-11,8.56,8.68,8.38,8.44,124379351,1059419456.000
2014-11-12,8.44,8.80,8.43,8.78,106739449,924943360.000
2014-11-13,8.82,9.05,8.68,8.84,102403769,907016128.000
2014-11-14,8.76,9.09,8.55,9.06,81330624,716910080.000
2014-11-17,9.69,9.86,9.24,9.62,344424958,3297570816.000
2014-11-18,9.80,9.80,9.15,9.22,217601685,2048812544.000
2014-11-19,9.16,9.18,8.91,9.00,100344049,906670336.000
2014-11-20,9.00,9.06,8.92,9.00,78343649,703939712.000
2014-11-21,9.01,9.33,8.97,9.27,80095513,734092544.000
2014-11-24,9.45,9.64,9.39,9.46,120768723,1146915584.000
2014-11-25,9.45,9.85,9.42,9.71,100061312,966348928.000
2014-11-26,9.68,9.84,9.50,9.64,95666515,925374592.000
2014-11-27,9.70,9.76,9.50,9.62,70326344,675116736.000
2014-11-28,9.61,9.62,9.35,9.58,79171468,749697280.000
2014-12-01,9.59,9.80,9.42,9.47,87374986,838734848.000
2014-12-02,9.40,9.90,9.39,9.68,97070931,928415168.000
2014-12-03,9.68,10.09,9.31,9.48,161579989,1564834816.000
2014-12-04,9.54,9.80,9.38,9.66,135620772,1296528768.000
2014-12-05,9.75,10.10,9.36,9.48,206788119,2002060032.000
2014-12-08,9.54,10.23,9.50,10.20,243516394,2407325952.000
2014-12-09,10.00,11.14,9.80,9.96,348798554,3648356096.000
2014-12-10,10.04,10.70,9.96,10.62,202499718,2089239424.000
2014-12-11,10.46,10.59,10.08,10.27,169427483,1748509312.000
2014-12-12,10.29,10.60,10.15,10.22,144962333,1500819840.000
2014-12-15,10.12,10.60,9.90,10.47,148734341,1517253504.000
2014-12-16,10.39,10.45,10.15,10.31,118736465,1220950912.000
2014-12-17,10.31,10.75,10.11,10.72,199450329,2071635712.000
2014-12-18,10.88,11.30,10.66,11.02,240134411,2636666112.000
2014-12-19,10.90,11.74,10.62,11.50,256509290,2878173696.000
2014-12-22,11.60,11.95,11.00,11.20,237587171,2706385408.000
2014-12-23,11.03,11.06,10.40,10.49,146293449,1585456768.000
2014-12-24,10.53,10.57,10.03,10.27,125429941,1285877760.000
2014-12-25,10.30,10.64,10.21,10.63,118813314,1243222784.000
2014-12-26,10.58,10.95,10.50,10.85,118259999,1270800896.000
2014-12-29,10.92,11.17,10.46,10.60,154461527,1678795520.000
2014-12-30,10.61,10.72,10.28,10.44,113438424,1187531136.000
2014-12-31,10.53,10.84,10.20,10.66,160153873,1693252224.000
2015-01-05,11.00,11.43,10.99,11.20,265061889,2959629568.000
2015-01-06,11.10,12.32,10.95,12.18,541141034,6513091584.000
2015-01-07,11.84,11.99,11.59,11.81,309010693,3632787712.000
2015-01-08,11.85,12.13,11.52,11.74,247986847,2944691968.000
2015-01-09,11.69,11.93,11.29,11.32,212126362,2458800896.000
2015-01-12,11.33,11.62,10.98,11.18,143153649,1610685440.000
2015-01-13,11.23,11.35,11.06,11.26,74495172,834998784.000
2015-01-14,11.25,11.31,11.03,11.09,92455233,1032820992.000
2015-01-15,11.09,11.37,10.93,11.36,130712425,1456735616.000
2015-01-16,11.40,11.71,11.35,11.46,161218496,1854760320.000
2015-01-19,10.80,11.00,10.31,10.31,170745648,1814340224.000
2015-01-20,10.55,10.58,10.10,10.43,184233769,1906605568.000
2015-01-21,10.49,11.06,10.35,10.99,173629479,1859184000.000
2015-01-22,11.00,11.05,10.71,10.82,97823702,1060073920.000
2015-01-23,10.95,10.96,10.64,10.79,105740833,1144521984.000
2015-01-26,10.80,10.82,10.52,10.79,81965682,875752192.000
2015-01-27,10.77,10.77,10.32,10.48,144275195,1516835072.000
2015-01-28,10.38,10.70,10.27,10.56,121960462,1276655872.000
2015-01-29,10.35,11.29,10.34,11.09,281261404,3076944640.000
2015-01-30,11.03,11.08,10.55,10.62,139460011,1501910144.000
2015-02-02,10.70,10.70,10.20,10.27,141060489,1467734400.000
2015-02-03,10.43,10.48,10.20,10.41,92891165,958957440.000
2015-02-04,10.48,10.56,10.33,10.39,73706927,769913664.000
2015-02-05,10.55,10.71,10.20,10.22,134068725,1404965888.000
2015-02-06,10.18,10.30,9.70,9.75,113990495,1139415424.000
2015-02-09,9.71,9.89,9.63,9.71,110279811,1077540224.000
2015-02-10,9.73,10.16,9.73,10.15,106999480,1072244224.000
2015-02-11,10.14,10.41,10.08,10.35,77285969,793683584.000
2015-02-12,10.40,10.57,10.34,10.49,59188458,620640128.000
2015-02-13,10.49,10.58,10.36,10.46,70313829,735753280.000
2015-02-16,10.48,10.53,10.36,10.50,50467487,527358784.000
2015-02-17,10.50,10.59,10.47,10.54,48616262,511778112.000
2015-02-25,10.64,10.64,10.18,10.25,71306750,742218880.000
2015-02-26,10.30,10.71,10.25,10.65,100139787,1056830720.000
2015-02-27,10.65,10.80,10.58,10.67,66238569,708526976.000
2015-03-02,10.70,10.80,10.47,10.56,87860578,928117312.000
2015-03-03,10.49,10.59,10.25,10.26,93557558,971796928.000
2015-03-04,10.34,10.38,10.14,10.27,87855145,899390080.000
2015-03-05,10.20,10.31,10.02,10.13,81176364,824944064.000
2015-03-06,10.14,10.32,10.09,10.21,66785226,681575616.000
2015-03-09,10.16,10.32,10.00,10.29,95418875,967430784.000
2015-03-10,10.26,10.28,10.09,10.18,84232427,856245888.000
2015-03-11,10.14,10.39,10.10,10.23,90623807,930523968.000
2015-03-12,10.23,10.41,10.19,10.38,93379077,964475392.000
2015-03-13,10.39,10.69,10.37,10.52,112032361,1178358784.000
2015-03-16,10.62,10.76,10.48,10.72,113026707,1204227328.000
2015-03-17,10.75,11.14,10.65,10.94,156779585,1711276800.000
2015-03-18,10.96,11.20,10.85,11.16,158576562,1747462016.000
2015-03-19,11.15,11.35,10.96,11.03,142225221,1580362240.000
2015-03-20,11.03,11.05,10.80,10.93,116548415,1270885248.000
2015-03-23,11.02,11.23,10.94,11.06,168438302,1868175232.000
2015-03-24,11.07,11.24,10.87,11.22,195438036,2167501312.000
2015-03-25,11.18,11.18,10.83,10.91,136968929,1500937216.000
2015-03-26,10.85,11.05,10.75,10.94,141477805,1543825152.000
2015-03-27,10.95,10.97,10.73,10.87,120600235,1309054976.000
2015-03-30,10.95,11.42,10.86,11.40,282086036,3155297280.000
2015-03-31,11.45,11.47,11.00,11.03,230415994,2584732672.000
2015-04-01,11.00,11.15,10.93,11.11,159250543,1757690496.000
2015-04-02,11.15,11.17,10.91,11.01,139608312,1536917376.000
2015-04-03,10.96,11.25,10.91,11.18,186190245,2069587200.000
2015-04-07,11.18,11.67,11.15,11.48,243920926,2785118208.000
2015-04-08,11.51,11.53,11.15,11.31,207200983,2340743936.000
2015-04-09,11.33,11.37,11.04,11.16,224818770,2511358720.000
2015-04-10,11.20,11.67,11.15,11.61,290461456,3326112256.000
数据来源:通达信
