600519 贵州茅台 日线 前复权
      日期	    开盘	    最高	    最低	    收盘	    成交量	    成交额
2011-03-02,131.93,132.59,130.12,131.11,3209550,569125312.000
2011-03-03,131.16,132.33,129.08,129.28,3773509,663456192.000
2011-03-04,129.28,130.75,128.87,130.05,3335119,587411584.000
2011-03-07,129.98,131.37,129.98,131.25,3355369,593119936.000
2011-03-08,131.29,131.43,129.12,130.70,3186955,560058560.000
2011-03-09,131.34,131.93,130.15,131.75,2297146,406818016.000
2011-03-10,131.74,136.89,131.25,135.07,5449213,991540416.000
2011-03-11,134.74,136.22,133.32,133.45,2334545,424871808.000
2011-03-14,133.02,136.72,132.68,135.79,2237298,408383264.000
2011-03-15,134.77,136.08,130.96,132.81,3089855,554199744.000
2011-03-16,133.08,135.87,132.84,134.93,2417624,438681952.000
2011-03-17,134.16,141.29,133.56,140.88,8852277,1653009408.000
2011-03-18,141.31,145.07,139.31,142.63,6148407,1175141376.000
2011-03-21,141.51,142.49,137.17,139.31,4865124,910057856.000
2011-03-22,140.34,141.66,137.71,138.17,2788755,521369664.000
2011-03-23,138.38,138.94,136.31,138.82,4288185,792668096.000
2011-03-24,138.62,138.83,136.31,136.35,2135318,393924352.000
2011-03-25,135.89,138.03,135.89,136.25,2790552,513404256.000
2011-03-28,136.35,137.05,133.82,134.17,4029587,731052992.000
2011-03-29,134.24,134.49,132.17,132.55,2652330,476995776.000
2011-03-30,132.54,133.63,132.01,132.35,2060299,368964864.000
2011-03-31,132.35,135.73,132.17,133.29,1752586,316949408.000
2011-04-01,133.40,134.53,132.22,132.97,1822749,326554080.000
2011-04-06,132.92,133.33,130.70,130.92,2877481,510620640.000
2011-04-07,130.27,130.93,129.10,129.23,4683074,820484800.000
2011-04-08,129.25,130.52,129.12,129.83,2182315,383817088.000
2011-04-11,129.65,132.30,129.37,131.34,2617314,463960288.000
2011-04-12,131.35,132.87,130.69,131.28,3494568,623251648.000
2011-04-13,131.18,132.59,130.95,132.03,2938919,522953568.000
2011-04-14,132.01,132.17,129.68,129.89,3662196,644626752.000
2011-04-15,130.08,130.93,125.79,127.12,5332701,919620928.000
2011-04-18,126.95,127.95,126.15,127.68,1960899,338287712.000
2011-04-19,127.68,128.98,126.38,127.94,2288067,395248448.000
2011-04-20,127.94,129.43,127.63,129.12,2250928,392495936.000
2011-04-21,129.28,131.42,129.04,129.17,2868434,505336032.000
2011-04-22,129.70,130.44,128.89,130.23,1450023,254794864.000
2011-04-25,133.41,137.61,133.00,135.94,7022553,1280812416.000
2011-04-26,135.89,136.31,134.14,134.38,3109542,565862144.000
2011-04-27,134.74,137.55,134.24,134.36,2774847,508713440.000
2011-04-28,135.15,135.55,131.60,132.11,2535717,455048064.000
2011-04-29,132.09,135.97,131.50,135.32,2208382,401140704.000
2011-05-03,135.89,139.03,135.07,138.26,4127082,764382848.000
2011-05-04,137.12,140.09,136.26,136.31,3252106,604784384.000
2011-05-05,136.31,139.61,135.90,137.50,2669349,496448128.000
2011-05-06,136.72,139.20,135.90,138.22,2396065,444808832.000
2011-05-09,138.85,139.60,136.64,136.85,1217595,225581744.000
2011-05-10,136.78,137.13,135.71,136.38,1591880,292606304.000
2011-05-11,135.91,138.62,135.91,137.77,1289667,238855456.000
2011-05-12,137.55,141.27,137.22,139.46,2502771,470405152.000
2011-05-13,139.49,140.84,137.96,139.74,1225320,229207568.000
2011-05-16,139.61,140.84,138.79,139.75,1150557,216417136.000
2011-05-17,139.22,141.93,138.37,139.72,2086644,393848448.000
2011-05-18,139.45,147.83,139.45,145.77,6216505,1212084736.000
2011-05-19,146.64,151.31,146.64,149.84,8573805,1716471168.000
2011-05-20,150.52,151.31,148.96,150.63,4004386,801739968.000
2011-05-23,149.94,152.22,147.46,147.49,3942088,783913344.000
2011-05-24,146.23,147.88,145.40,145.49,2399707,470085888.000
2011-05-26,145.65,152.25,145.65,148.86,3897036,779314752.000
2011-05-27,149.84,150.59,144.33,144.77,3172958,626618176.000
2011-05-30,143.48,152.08,143.14,152.03,4728600,942388992.000
2011-05-31,152.13,153.23,151.02,153.08,3385483,685945984.000
2011-06-01,153.33,158.19,152.44,158.12,3909376,813188032.000
2011-06-02,156.97,157.93,152.92,155.39,3958543,818432000.000
2011-06-03,154.92,160.44,154.92,159.54,2948396,618505280.000
2011-06-07,159.84,159.85,155.13,156.45,2687617,559703872.000
2011-06-08,156.18,157.96,152.90,157.17,2507047,517190784.000
2011-06-09,156.60,156.80,151.40,151.45,3617970,737042688.000
2011-06-10,151.18,153.65,149.78,152.06,3427917,692444736.000
2011-06-13,152.01,153.17,148.95,151.17,2800457,562464128.000
2011-06-14,151.16,154.06,150.36,153.63,3748788,758192896.000
2011-06-15,153.27,153.64,151.75,152.60,1640856,333131872.000
2011-06-16,151.76,154.31,150.12,152.44,1773147,359795616.000
2011-06-17,152.84,158.20,152.13,157.08,3341100,690941504.000
2011-06-20,156.64,156.79,150.77,152.80,2990915,611059072.000
2011-06-21,151.62,153.94,151.62,152.67,1273817,259198208.000
2011-06-22,152.59,156.12,152.59,154.84,1618853,333499808.000
2011-06-23,154.32,157.55,154.08,156.55,2028098,421820416.000
2011-06-24,156.43,158.33,154.36,155.27,3706850,770684608.000
2011-06-27,155.89,157.35,154.72,156.78,2319042,480816704.000
2011-06-28,157.38,159.75,155.91,158.58,2554048,536916032.000
2011-06-29,158.93,160.59,156.47,158.98,1959670,412274528.000
2011-06-30,158.22,160.93,158.22,160.38,3270121,694508288.000
2011-07-01,161.55,161.55,159.19,160.76,1581050,302002752.000
2011-07-04,160.38,162.31,160.01,162.03,4633841,888995904.000
2011-07-05,162.01,162.03,159.10,160.58,2705785,516722464.000
2011-07-06,160.17,161.10,159.38,160.25,1975377,377527552.000
2011-07-07,160.19,164.81,160.19,163.02,4095675,793379776.000
2011-07-08,163.24,164.26,161.96,162.99,1718381,333151328.000
2011-07-11,162.97,166.62,162.42,165.49,2561574,502438496.000
2011-07-12,165.03,165.49,162.59,162.68,2848826,554927104.000
2011-07-13,163.00,164.27,162.34,163.45,2210907,429986688.000
2011-07-14,163.45,163.65,161.83,162.24,2482217,480420224.000
2011-07-15,161.64,164.55,161.64,163.96,1776389,346071488.000
2011-07-18,164.01,168.77,164.01,167.43,2852341,566196224.000
2011-07-19,167.37,168.40,165.83,167.32,2027661,403182848.000
2011-07-20,168.36,168.81,167.01,168.27,1896708,378689408.000
2011-07-21,168.53,173.37,168.37,171.49,4767686,968173568.000
2011-07-22,171.25,176.45,171.25,174.08,4986088,1029115264.000
2011-07-25,174.74,175.35,170.65,171.69,3526043,720951296.000
2011-07-26,171.55,172.00,170.19,171.61,2479175,503434816.000
2011-07-27,171.91,175.19,170.79,172.30,3067625,630035072.000
2011-07-28,171.91,175.55,170.19,175.42,2292323,468616896.000
2011-07-29,175.19,175.19,173.19,174.45,1910416,394180480.000
2011-08-01,175.04,175.04,170.92,171.45,1857289,378447552.000
2011-08-02,170.37,170.87,167.05,169.38,2784958,555745792.000
2011-08-03,167.65,170.92,167.46,170.00,1706132,344076864.000
2011-08-04,170.65,173.55,170.01,172.90,1777327,363287264.000
2011-08-05,168.45,173.46,168.45,171.22,2131985,433966208.000
2011-08-08,169.29,173.01,166.55,168.06,3688434,740883136.000
2011-08-09,165.14,171.10,162.01,169.37,3692433,726671488.000
2011-08-10,170.55,174.27,168.15,173.55,3843626,782644224.000
2011-08-11,172.01,182.55,172.01,181.74,6194915,1301728256.000
2011-08-12,182.01,184.37,180.19,183.62,3946631,851693632.000
2011-08-15,184.01,185.45,179.21,180.46,2945063,630341312.000
2011-08-16,180.78,182.26,175.89,177.18,3749156,788423424.000
2011-08-17,177.46,178.82,176.30,177.33,1355328,284382048.000
2011-08-18,176.84,177.33,174.15,175.83,2934173,609082944.000
2011-08-19,174.65,177.60,174.33,177.37,3748808,780729984.000
2011-08-22,177.55,178.28,171.65,172.29,2816438,581020736.000
2011-08-23,172.00,174.01,171.46,172.85,2357921,482616544.000
2011-08-24,172.92,175.64,172.09,173.65,1795707,370146592.000
2011-08-25,175.19,176.10,172.93,175.12,3008305,623188928.000
2011-08-26,175.08,180.18,174.60,180.08,2274888,477352672.000
2011-08-29,179.28,182.90,177.01,182.25,2608244,558335936.000
2011-08-30,182.46,184.22,180.20,181.85,2881601,619557312.000
2011-08-31,185.46,186.10,181.55,181.80,5001461,1079339648.000
2011-09-01,181.74,182.45,177.92,178.81,2568961,544632832.000
2011-09-02,178.25,179.46,177.37,179.15,1383257,292111776.000
2011-09-05,178.55,178.72,174.28,174.98,2734484,569905664.000
2011-09-06,173.83,175.92,170.45,171.11,3209469,656690816.000
2011-09-07,171.65,175.54,171.55,175.27,2008770,412012256.000
2011-09-08,175.65,176.55,173.48,173.71,1318267,274052384.000
2011-09-09,174.34,177.17,172.00,174.81,1422719,294079488.000
2011-09-13,172.55,173.83,169.35,169.85,1894913,384543776.000
2011-09-14,171.10,171.35,163.07,166.51,4762579,940641408.000
2011-09-15,166.55,168.55,166.35,167.00,1912200,380380032.000
2011-09-16,167.91,171.22,166.55,171.03,1802927,361574720.000
2011-09-19,171.74,172.46,170.12,170.85,1535204,311793472.000
2011-09-20,170.83,170.83,167.92,169.14,1278463,256651648.000
2011-09-21,169.12,172.95,168.83,172.34,2464016,501953376.000
2011-09-22,171.10,171.90,165.92,166.25,2433610,489514720.000
2011-09-23,163.01,164.74,159.18,162.96,7653720,1476263552.000
2011-09-26,160.97,163.15,157.46,157.57,4221118,803193664.000
2011-09-27,159.25,160.77,157.16,158.79,2474981,468028768.000
2011-09-28,160.01,160.01,155.85,156.66,3238984,611544832.000
2011-09-29,154.65,160.19,154.65,156.64,3003061,563567680.000
2011-09-30,156.70,160.28,156.70,159.82,1826966,346902272.000
2011-10-10,160.08,160.92,157.13,157.46,1428391,270790784.000
2011-10-11,161.09,161.09,152.92,156.53,2058625,387171392.000
2011-10-12,156.10,161.65,154.22,161.14,2977855,563092928.000
2011-10-13,161.14,163.68,159.28,161.16,2396172,460883872.000
2011-10-14,160.24,161.81,159.10,160.59,1246836,238319744.000
2011-10-17,161.25,166.11,160.74,165.77,2600851,509046240.000
2011-10-18,164.14,167.80,163.84,165.12,2278575,451487840.000
2011-10-19,166.03,169.74,165.65,166.66,2265785,451701344.000
2011-10-20,165.65,167.06,159.83,160.28,2931263,569297344.000
2011-10-21,159.88,163.83,159.88,163.27,1711645,330777248.000
2011-10-24,164.55,169.38,163.28,168.87,3239068,638275456.000
2011-10-25,167.65,171.40,167.65,168.94,3204192,643502592.000
2011-10-26,168.26,170.26,167.20,170.06,2949276,591834112.000
2011-10-27,170.24,172.34,169.77,170.19,2010454,407006048.000
2011-10-28,171.56,174.55,171.56,172.93,2605660,533715360.000
2011-10-31,173.19,173.99,170.81,172.20,2812199,574616384.000
2011-11-01,171.26,175.19,170.65,174.91,2714739,559038592.000
2011-11-02,172.87,177.15,172.55,177.07,2664701,550968576.000
2011-11-03,178.44,178.83,174.89,174.99,3046590,636306560.000
2011-11-04,175.54,177.46,174.13,175.43,1854675,384686880.000
2011-11-07,175.83,176.28,174.34,174.55,1657390,344437184.000
2011-11-08,175.34,175.58,171.99,172.69,2554641,525028352.000
2011-11-09,172.83,174.43,170.65,172.12,2469607,506506688.000
2011-11-10,171.36,173.46,171.22,172.93,1461770,298980864.000
2011-11-11,172.93,173.05,171.13,171.98,1169264,238543936.000
2011-11-14,173.36,175.78,172.19,174.97,1798624,371343616.000
2011-11-15,175.28,175.60,171.10,171.95,1778226,364242656.000
2011-11-16,171.96,171.96,168.28,169.07,2954580,592948928.000
2011-11-17,169.15,171.65,168.65,170.05,1558904,315328832.000
2011-11-18,170.08,170.99,168.10,168.89,1990746,401272256.000
2011-11-21,169.01,171.46,168.47,169.16,1838975,370926336.000
2011-11-22,169.18,174.64,168.92,173.89,3565252,729198912.000
2011-11-23,173.48,176.83,173.48,176.65,3153785,656169792.000
2011-11-24,176.19,176.72,175.19,175.36,2655899,554286400.000
2011-11-25,175.42,180.50,174.74,177.45,4023570,848244736.000
2011-11-28,177.75,181.80,176.84,180.98,5337998,1136929536.000
2011-11-29,180.92,183.00,179.10,179.79,4135500,884545024.000
2011-11-30,180.08,181.81,176.37,177.52,4026323,850997824.000
2011-12-01,180.37,182.18,177.71,180.05,3378549,719311296.000
2011-12-02,179.28,183.10,179.28,181.13,2726718,584935168.000
2011-12-05,181.51,181.51,174.19,174.48,3902560,816027264.000
2011-12-06,174.29,174.33,169.92,171.71,3715216,756470592.000
2011-12-07,171.74,174.28,171.74,173.55,2733376,562146752.000
2011-12-08,173.74,176.19,170.99,171.10,2466108,506265024.000
2011-12-09,170.96,171.87,168.10,168.21,3674573,737854848.000
2011-12-12,168.21,169.19,165.55,166.14,2952692,585362496.000
2011-12-13,165.57,166.54,164.72,164.96,2999583,591182080.000
2011-12-14,164.96,168.37,164.96,166.41,2081322,412444000.000
2011-12-15,165.53,167.35,163.87,165.63,2188003,430851264.000
2011-12-16,166.55,170.17,166.55,169.99,3064900,614353408.000
2011-12-19,169.25,169.64,167.74,169.28,2545636,510463392.000
2011-12-20,169.28,170.92,167.01,168.59,1710630,342834656.000
2011-12-21,169.45,169.72,165.63,165.85,2196281,437207584.000
2011-12-22,166.10,169.21,164.55,168.07,1744332,346785280.000
2011-12-23,168.28,169.65,167.46,169.06,1760956,353128160.000
2011-12-26,168.93,168.94,161.37,162.12,4699504,918253504.000
2011-12-27,162.01,162.01,157.75,158.40,3131498,594898816.000
2011-12-28,157.74,159.74,156.09,159.49,2773843,524088096.000
2011-12-29,158.46,161.91,158.46,161.29,2006213,384717984.000
2011-12-30,161.74,163.72,159.28,162.28,2946086,569875584.000
2012-01-04,160.65,161.80,154.74,154.98,3387828,637232832.000
2012-01-05,153.83,154.92,152.34,153.05,3012264,553347008.000
2012-01-06,153.01,157.51,151.69,156.23,2519062,464647456.000
2012-01-09,155.65,157.55,151.80,157.47,2616016,483282464.000
2012-01-10,156.55,163.52,155.75,163.35,3923560,749263296.000
2012-01-11,161.96,162.82,158.65,158.99,3989116,761167936.000
2012-01-12,157.99,160.70,157.99,159.60,2744036,522231552.000
2012-01-13,159.92,160.37,157.03,158.09,2054230,387615936.000
2012-01-16,156.90,156.90,146.25,147.84,5165579,933514112.000
2012-01-17,148.28,151.99,141.92,150.59,6122764,1077158912.000
2012-01-18,151.48,154.90,147.15,147.81,4729465,858725568.000
2012-01-19,148.27,151.65,146.11,150.83,2432942,437246144.000
2012-01-20,152.01,155.83,152.01,155.62,2968320,548292992.000
2012-01-30,155.64,156.55,152.97,153.65,3055021,563162752.000
2012-01-31,154.21,156.19,154.15,156.02,1585470,294490848.000
2012-02-01,155.83,157.94,154.63,155.78,2482436,464159680.000
2012-02-02,155.78,156.55,154.08,156.04,2037511,378596192.000
2012-02-03,156.06,156.19,153.36,156.08,2651789,490438848.000
2012-02-06,156.20,158.15,155.46,157.95,2974767,557205056.000
2012-02-07,156.83,157.87,155.10,155.52,1794210,334371744.000
2012-02-08,155.52,158.37,154.81,157.73,2308220,432175424.000
2012-02-09,157.46,160.33,157.15,159.96,3138479,596916608.000
2012-02-10,158.85,161.46,158.46,159.75,2227637,425266912.000
2012-02-13,158.83,163.98,158.06,162.39,2163921,416409696.000
2012-02-14,161.73,163.52,160.92,162.75,1514248,292922048.000
2012-02-15,161.76,164.65,161.76,163.65,2471409,481676736.000
2012-02-16,162.48,163.65,159.83,160.85,2201602,424963040.000
2012-02-17,162.81,162.81,159.62,160.59,1228791,235751776.000
2012-02-20,161.97,162.62,160.01,160.06,1853002,356774752.000
2012-02-21,160.91,161.63,159.65,161.05,1378929,264260512.000
2012-02-22,161.79,162.46,160.17,161.79,2235227,429952032.000
2012-02-23,161.57,163.86,161.57,163.20,3343326,649316736.000
2012-02-24,163.08,166.75,163.05,166.63,2394408,471970592.000
2012-02-27,167.26,168.39,166.10,167.01,2656235,528808000.000
2012-02-28,167.85,169.24,167.06,169.05,2569800,514122720.000
2012-02-29,169.28,172.92,168.83,172.43,3943224,802601088.000
2012-03-01,171.57,173.35,170.55,170.72,1692079,345438336.000
2012-03-02,170.76,171.74,167.93,169.19,3521672,706746816.000
2012-03-05,169.15,169.17,167.10,168.23,3055381,609500928.000
2012-03-06,167.46,168.23,164.74,164.78,3147400,621286464.000
2012-03-07,163.57,164.36,161.99,162.13,2919886,567286784.000
2012-03-08,162.20,164.84,161.99,163.32,2357465,458505184.000
2012-03-09,163.55,168.48,163.10,168.31,2923934,578119744.000
2012-03-12,168.48,169.84,167.49,168.86,2568162,514548192.000
2012-03-13,168.46,171.37,168.46,169.88,1831624,370157888.000
2012-03-14,169.82,172.05,166.55,167.16,4069986,820433728.000
2012-03-15,167.50,170.55,167.10,167.40,2809496,562966976.000
2012-03-16,169.09,175.65,168.65,175.27,5158356,1060740608.000
2012-03-19,175.46,178.89,173.44,175.32,4563576,952934080.000
2012-03-20,175.24,176.65,173.93,175.42,2340021,486464288.000
2012-03-21,175.46,176.55,171.88,173.01,2952771,607930944.000
2012-03-22,172.30,174.65,172.27,173.24,833187,171049552.000
2012-03-23,175.19,179.78,175.19,179.30,5487370,1159278464.000
2012-03-26,178.48,182.83,178.46,182.19,3765379,807094336.000
2012-03-27,177.66,178.36,169.28,169.74,7910614,1635757952.000
2012-03-28,167.46,172.92,166.84,169.65,5546101,1116354688.000
2012-03-29,169.10,173.37,168.37,169.42,3698279,751200384.000
2012-03-30,169.43,171.09,163.83,165.61,3795990,749355392.000
2012-04-05,164.83,174.19,164.83,173.83,4096098,831105664.000
2012-04-06,173.48,175.72,173.40,175.62,2672989,553033024.000
2012-04-09,175.24,177.39,173.46,176.79,1447453,300301664.000
2012-04-10,176.81,177.26,173.02,175.75,1664063,344431360.000
2012-04-11,172.92,178.83,171.56,176.42,3146072,655577472.000
2012-04-12,176.42,179.75,174.45,179.66,2842297,597232640.000
2012-04-13,179.74,181.15,178.74,180.22,2052730,436617440.000
2012-04-16,179.74,182.37,178.91,180.04,2089329,447725408.000
2012-04-17,180.05,180.20,177.46,177.63,1787226,377050656.000
2012-04-18,177.84,181.83,177.46,180.97,2281545,485407328.000
2012-04-19,180.90,181.44,175.47,176.99,2182370,459867200.000
2012-04-20,175.92,180.51,175.92,179.74,1704631,360265728.000
2012-04-23,179.03,181.35,177.34,179.14,1328165,281175040.000
2012-04-24,179.45,180.20,177.41,178.85,2178206,459834816.000
2012-04-25,179.69,180.43,177.46,180.12,1552942,329552768.000
2012-04-26,181.33,183.83,180.65,183.55,3501976,753334272.000
2012-04-27,183.55,191.54,183.55,190.70,4272823,954712960.000
2012-05-02,192.01,192.53,188.37,191.99,3533975,793434496.000
2012-05-03,191.99,193.19,189.84,192.64,2565446,579082880.000
2012-05-04,192.46,200.08,192.46,199.28,3187943,734789696.000
2012-05-07,200.01,202.70,198.63,199.75,3424466,805751872.000
2012-05-08,199.69,200.05,195.08,199.38,3666491,851128768.000
2012-05-09,196.66,198.05,193.10,196.40,3290959,756259712.000
2012-05-10,196.55,196.55,192.87,193.55,3057404,697959424.000
2012-05-11,193.83,194.28,191.92,193.55,2326071,528011712.000
2012-05-14,193.83,193.83,187.11,188.54,3879704,863502656.000
2012-05-15,187.55,189.88,186.65,189.38,1616874,359784512.000
2012-05-16,189.24,189.65,184.74,186.57,2813954,619595456.000
2012-05-17,186.66,187.83,185.29,186.47,3417233,751957376.000
2012-05-18,185.35,186.53,182.83,184.66,2627778,571816896.000
2012-05-21,184.35,190.66,184.35,189.45,2884345,638767872.000
2012-05-22,191.11,197.01,191.11,194.99,4145847,951034112.000
2012-05-23,194.96,197.55,193.83,196.07,2472263,570787776.000
2012-05-24,195.46,198.16,184.63,186.77,5374347,1201209600.000
2012-05-25,186.77,187.35,182.92,185.26,3056929,667952256.000
2012-05-28,184.75,191.92,184.56,191.55,2783372,618961088.000
2012-05-30,193.38,195.63,192.92,194.43,2570070,587866112.000
2012-05-31,194.01,202.74,193.83,201.72,3736705,877484800.000
2012-06-01,202.92,207.46,201.75,205.07,3850434,923904320.000
2012-06-04,202.92,207.45,201.53,201.58,2432761,581257536.000
2012-06-05,202.45,206.37,202.20,205.46,2456131,588242240.000
2012-06-06,205.65,206.55,201.47,201.63,1872894,445576928.000
2012-06-07,203.27,205.34,201.83,202.90,1967730,470452064.000
2012-06-08,203.83,204.90,201.10,203.81,1728624,411908864.000
2012-06-11,203.74,204.95,198.74,200.69,3306123,780468480.000
2012-06-12,199.47,201.55,197.58,199.15,1637252,382922336.000
2012-06-13,199.74,203.99,198.46,203.82,2046347,485626144.000
2012-06-14,202.92,210.00,202.21,208.91,2870473,698222400.000
2012-06-15,209.30,210.56,204.53,207.81,1985984,483582944.000
2012-06-18,207.84,212.29,207.84,210.61,1953835,482525472.000
2012-06-19,209.38,212.16,206.52,208.10,1729994,423906496.000
2012-06-20,208.22,208.73,206.55,207.97,1139346,277398336.000
2012-06-21,207.97,208.01,203.65,204.54,1703403,409685088.000
2012-06-25,203.01,206.52,202.46,202.55,1843405,440645792.000
2012-06-26,202.19,203.72,198.03,202.78,2612247,615182464.000
2012-06-27,202.92,206.84,202.92,206.46,2325714,559606592.000
2012-06-28,206.45,206.55,201.09,201.23,2221341,529704800.000
2012-06-29,200.53,205.65,200.53,203.96,2322419,555873152.000
2012-07-02,204.74,209.23,201.12,206.42,2573126,622505536.000
2012-07-03,205.92,218.37,205.65,218.32,5015863,1255671552.000
2012-07-04,220.19,222.83,215.65,221.70,4503524,1155572224.000
2012-07-05,218.92,221.09,216.70,218.97,2274937,572395264.000
2012-07-06,219.23,228.35,217.64,226.54,3915883,1005403264.000
2012-07-09,226.44,229.28,221.67,221.76,2852711,736832320.000
2012-07-10,221.55,224.00,217.34,217.82,2698710,683253824.000
2012-07-11,218.30,225.03,215.99,224.74,3200994,808688576.000
2012-07-12,224.83,231.11,222.01,222.97,3727302,968810624.000
2012-07-13,222.62,230.19,222.28,229.01,2954811,769107520.000
2012-07-16,228.46,232.08,228.28,228.60,2953356,779744576.000
2012-07-17,226.55,227.45,220.47,220.88,3603098,925218304.000
2012-07-18,220.73,222.82,208.28,212.88,7404692,1815273728.000
2012-07-19,212.00,216.14,211.14,214.02,2658099,654750784.000
2012-07-20,213.36,218.13,211.00,211.17,2605464,644548800.000
2012-07-23,208.26,211.52,207.46,210.72,1981140,477867232.000
2012-07-24,208.92,221.26,208.92,216.90,3437214,853488576.000
2012-07-25,217.46,222.73,217.02,222.51,2617022,664005632.000
2012-07-26,221.92,226.10,217.19,217.86,2341879,594576384.000
2012-07-27,218.26,219.28,214.55,216.96,1842165,458534528.000
2012-07-30,216.78,219.82,215.23,217.32,1749531,439211392.000
2012-07-31,217.01,221.10,213.87,214.22,1946572,487548448.000
2012-08-01,213.99,216.22,210.09,211.14,2671517,654397888.000
2012-08-02,211.20,213.36,209.42,210.33,1705477,414452992.000
2012-08-03,210.64,214.73,210.34,214.70,1647273,403397216.000
2012-08-06,214.41,217.10,213.10,216.40,1732099,428757440.000
2012-08-07,216.39,219.98,215.75,219.19,1811918,454543104.000
2012-08-08,219.70,221.10,216.55,220.01,1489341,375890816.000
2012-08-09,219.10,228.05,218.55,227.39,3067240,789861696.000
2012-08-10,218.37,221.73,212.02,215.83,9122580,2273430528.000
2012-08-13,216.08,217.17,214.55,215.64,2303706,572237184.000
2012-08-14,215.64,217.45,212.92,215.19,1878686,465808768.000
2012-08-15,214.72,215.10,211.55,212.12,2272348,556345600.000
2012-08-16,212.24,213.37,207.52,207.72,3148258,758259712.000
2012-08-17,206.93,206.93,197.92,198.93,5907195,1365745664.000
2012-08-20,198.92,201.72,195.62,201.69,2405208,554470080.000
2012-08-21,201.71,208.28,201.71,204.54,2632324,624105408.000
2012-08-22,205.57,205.57,199.28,201.26,2042310,473902048.000
2012-08-23,201.01,201.01,195.71,197.71,2795600,639443968.000
2012-08-24,196.74,201.92,196.60,200.99,2167620,500922592.000
2012-08-27,199.73,199.85,196.69,197.92,2089940,478778016.000
2012-08-28,198.37,199.81,194.74,195.22,2029476,461461664.000
2012-08-29,194.73,194.73,189.07,189.42,3042567,674492608.000
2012-08-30,187.45,189.45,184.28,188.26,4834871,1046698752.000
2012-08-31,188.37,192.01,187.64,189.97,2248472,496296864.000
2012-09-04,205.64,206.55,200.19,202.40,11150873,2606767872.000
2012-09-05,201.55,203.80,201.10,202.97,2749049,643292480.000
2012-09-06,203.14,203.37,198.46,200.87,2079419,481683552.000
2012-09-07,202.19,211.10,202.19,209.82,4281280,1023079168.000
2012-09-10,209.92,213.82,207.72,209.90,2816965,683513920.000
2012-09-11,208.64,208.64,206.53,208.12,1613572,385605472.000
2012-09-12,209.73,214.28,207.37,208.61,2902325,703237248.000
2012-09-13,208.78,209.77,206.82,208.35,1429423,342849632.000
2012-09-14,209.28,213.05,207.56,212.70,2458683,597041984.000
2012-09-17,212.92,214.44,209.46,209.55,2001452,488152576.000
2012-09-18,209.09,211.19,207.92,208.67,1827708,441080160.000
2012-09-19,207.95,209.28,199.42,200.70,4099132,958082560.000
2012-09-20,200.10,201.82,198.27,198.41,2151753,496309728.000
2012-09-21,197.74,202.01,197.57,199.82,1567968,361373280.000
2012-09-24,198.37,201.99,197.53,201.42,1763483,408195808.000
2012-09-25,201.52,207.08,200.64,207.02,2623050,619272064.000
2012-09-26,206.55,208.88,202.64,204.62,2036267,482230816.000
2012-09-27,203.82,209.81,203.40,209.00,2714042,650222912.000
2012-09-28,207.48,213.78,207.46,213.64,3128344,760146560.000
2012-10-08,213.19,213.19,206.08,208.32,2360828,566527552.000
2012-10-09,209.26,212.96,208.41,212.14,2341089,569554624.000
2012-10-10,211.10,212.76,209.05,211.84,1345670,327126304.000
2012-10-11,210.51,211.78,209.40,210.12,1062599,257483488.000
2012-10-12,210.75,212.72,209.94,211.56,1174212,285916672.000
2012-10-15,212.71,214.95,212.71,213.56,1888333,464547296.000
2012-10-16,213.02,218.44,213.02,217.29,2773791,690466816.000
2012-10-17,217.29,217.92,215.55,216.35,1598080,397637472.000
2012-10-18,216.78,221.55,216.55,218.57,2227806,561905408.000
2012-10-19,218.60,221.97,218.60,220.19,1862954,472389440.000
2012-10-22,219.90,220.67,215.46,217.95,1911744,478244288.000
2012-10-23,218.19,218.19,212.55,212.64,1870276,461008032.000
2012-10-24,212.55,214.84,212.10,214.08,1097208,269652768.000
2012-10-25,214.73,215.64,212.28,213.89,915980,225725456.000
2012-10-26,216.30,216.53,208.43,209.36,2455909,596652736.000
2012-10-29,209.82,211.64,207.51,210.02,1449080,349849280.000
2012-10-30,210.01,213.36,209.47,212.53,1561011,380664736.000
2012-10-31,212.48,215.59,211.69,215.04,1584535,390460768.000
2012-11-01,215.83,218.23,214.14,216.92,1819126,453437152.000
2012-11-02,216.73,217.92,214.08,215.97,1697481,420531712.000
2012-11-05,214.72,214.72,209.46,211.02,2266559,552311488.000
2012-11-06,210.56,210.56,204.28,204.67,4171323,991450624.000
2012-11-07,203.82,206.58,203.82,206.07,1621759,383915168.000
2012-11-08,204.72,205.60,202.78,203.01,1626181,382711584.000
2012-11-09,203.00,204.55,202.61,203.65,1167006,273825056.000
2012-11-12,203.82,204.53,198.27,200.61,2046433,472928288.000
2012-11-13,200.19,200.19,195.37,197.52,2044777,465306368.000
2012-11-14,197.81,200.19,196.10,199.87,1223848,280680256.000
2012-11-15,198.37,198.37,195.94,196.78,1140061,259657232.000
2012-11-16,196.37,196.51,192.46,194.19,1967713,441363648.000
2012-11-19,194.19,194.19,180.10,184.78,7048401,1508795008.000
2012-11-20,183.69,188.68,183.37,186.52,3807816,820492544.000
2012-11-21,186.42,190.01,182.72,188.96,3333464,719458112.000
2012-11-22,178.82,187.88,178.19,187.72,5152080,1093946880.000
2012-11-23,185.66,192.92,185.65,192.22,2984464,655947648.000
2012-11-26,191.47,191.82,186.10,187.51,2195475,478884320.000
2012-11-27,187.51,191.18,186.72,189.97,2045885,447807808.000
2012-11-28,189.51,189.51,187.46,188.72,1501708,328018464.000
2012-11-29,188.73,190.30,188.50,189.53,1567574,343521792.000
2012-11-30,189.46,189.46,184.02,186.56,2137137,459310336.000
2012-12-03,183.82,183.82,171.14,172.18,7937236,1620343296.000
2012-12-04,167.47,171.99,163.64,169.23,7870541,1534594304.000
2012-12-05,166.82,172.48,161.67,168.95,11170381,2172380160.000
2012-12-06,168.55,169.28,157.46,166.74,11756199,2244829184.000
2012-12-07,169.27,174.45,168.90,170.91,9950141,1983064704.000
2012-12-11,170.64,179.28,170.64,174.11,9223260,1869715840.000
2012-12-12,176.55,182.91,174.28,182.79,6432531,1327462784.000
2012-12-13,181.00,185.62,176.64,177.19,6199646,1297953920.000
2012-12-14,174.73,180.64,170.64,179.21,7892633,1609442048.000
2012-12-17,177.46,184.42,173.82,182.09,7136126,1488539520.000
2012-12-18,182.20,187.26,182.16,185.22,4694545,1005177408.000
2012-12-19,183.94,191.10,183.83,189.69,4756978,1039482944.000
2012-12-20,188.82,190.55,186.18,188.73,3443414,750851776.000
2012-12-21,188.09,189.28,186.40,187.10,2509281,544719360.000
2012-12-24,182.92,182.92,172.01,176.17,10005074,2054317696.000
2012-12-25,174.64,178.25,173.12,176.30,5953352,1218659200.000
2012-12-26,175.44,178.19,174.47,176.78,4486624,918674048.000
2012-12-27,176.82,180.64,175.41,178.90,6092624,1259078016.000
2012-12-28,178.92,186.17,178.92,183.19,5658924,1202787584.000
2012-12-31,184.11,185.46,177.78,180.21,5191483,1085776128.000
2013-01-04,182.92,182.92,176.55,178.32,5837034,1205796480.000
2013-01-07,177.35,177.35,174.28,175.91,4127139,840359808.000
2013-01-08,174.90,181.87,174.90,181.86,6528698,1362186112.000
2013-01-09,182.46,188.05,182.46,186.96,5374932,1159330304.000
2013-01-10,186.17,187.46,183.82,185.19,3052786,656830912.000
2013-01-11,184.48,185.78,180.99,182.24,3700999,784542976.000
2013-01-14,179.73,181.37,174.56,180.57,6818358,1410483968.000
2013-01-15,180.00,183.01,178.21,181.87,5263508,1103130880.000
2013-01-16,176.55,178.19,175.35,177.46,6950165,1427067136.000
2013-01-17,176.54,178.99,176.12,176.67,3620185,744614976.000
2013-01-18,177.60,177.90,172.11,175.42,5531807,1122848384.000
2013-01-21,174.55,174.55,168.64,169.56,7477928,1482664960.000
2013-01-22,168.20,171.76,162.01,170.94,7381541,1425054464.000
2013-01-23,168.37,171.56,166.37,171.08,5101393,1006483584.000
2013-01-24,170.10,172.10,167.28,168.33,5947438,1171137792.000
2013-01-25,162.01,164.55,159.37,162.05,8000786,1508197760.000
2013-01-28,159.28,160.92,152.01,152.46,15829058,2857092864.000
2013-01-29,150.19,153.82,146.55,152.15,11544787,2034723456.000
2013-01-30,151.14,156.09,150.81,153.93,7137678,1285436672.000
2013-01-31,154.92,155.46,151.80,152.82,3781623,678384704.000
2013-02-01,152.81,155.43,152.03,152.90,4526564,813241664.000
2013-02-04,153.82,154.69,148.37,149.40,6496402,1142311040.000
2013-02-05,149.23,157.92,148.19,157.85,8782540,1575281152.000
2013-02-06,158.35,158.43,155.64,157.40,4619517,849026112.000
2013-02-07,156.55,159.78,155.02,158.52,4856791,895061568.000
2013-02-08,158.51,161.46,157.73,160.97,4157253,778273792.000
2013-02-18,161.37,161.37,152.92,153.54,5656978,1024714880.000
2013-02-19,152.90,154.36,150.92,151.93,3773753,673362432.000
2013-02-20,151.10,153.81,149.30,151.92,3658226,650765312.000
2013-02-21,149.49,158.55,149.32,153.84,5383287,974530688.000
2013-02-22,154.73,159.82,154.73,158.91,6286418,1163340800.000
2013-02-25,157.46,158.69,154.06,154.82,3454909,629472576.000
2013-02-26,154.46,157.46,151.40,151.43,4375479,783158016.000
2013-02-27,150.74,152.64,149.79,150.89,3415815,602608256.000
2013-02-28,151.82,151.82,146.55,149.28,5678643,990766784.000
2013-03-01,148.64,150.15,147.45,148.21,3800345,661720768.000
2013-03-04,148.12,150.75,148.12,149.02,5207295,912360640.000
2013-03-05,149.66,150.61,148.24,149.28,3697471,648668800.000
2013-03-06,150.19,151.37,148.05,151.30,4922726,861725440.000
2013-03-07,153.26,161.64,153.21,157.33,8519062,1573676032.000
2013-03-08,159.29,160.64,157.16,157.58,3595978,667118400.000
2013-03-11,157.28,158.82,155.47,158.55,3496528,642927296.000
2013-03-12,159.28,159.37,153.82,155.81,2539365,465220576.000
2013-03-13,156.01,159.30,156.01,157.31,3076990,567812096.000
2013-03-14,156.10,158.16,152.61,152.86,3512400,635985856.000
2013-03-15,151.57,154.46,149.37,151.07,3596112,639236992.000
2013-03-18,151.01,151.01,143.09,144.23,7823153,1336285568.000
2013-03-19,143.10,144.57,139.74,140.35,6341403,1052322560.000
2013-03-20,140.42,145.27,139.37,144.65,7189498,1202347904.000
2013-03-21,144.28,144.28,140.92,141.81,6539272,1091400960.000
2013-03-22,141.53,144.64,140.83,143.87,4557863,767262016.000
2013-03-25,143.82,145.43,143.01,143.85,3196646,541959936.000
2013-03-26,143.92,145.83,143.29,144.62,3248009,551865792.000
2013-03-27,144.74,145.10,140.55,141.82,4766221,795809856.000
2013-03-28,141.17,143.08,137.74,141.84,4149090,685703936.000
2013-03-29,142.23,144.34,141.12,143.70,4771709,802924416.000
2013-04-01,143.00,143.33,139.81,140.14,2912880,483197216.000
2013-04-02,140.28,141.07,138.62,139.02,3252490,534554080.000
2013-04-03,138.99,140.19,138.53,139.14,2199050,360543776.000
2013-04-08,137.59,140.19,136.05,139.57,3773276,613230400.000
2013-04-09,139.18,140.10,138.10,138.92,2419465,396645792.000
2013-04-10,139.28,145.74,138.10,144.70,7085838,1194391168.000
2013-04-11,144.73,145.64,143.19,143.75,2972952,504695104.000
2013-04-12,143.75,148.73,143.37,146.76,5980006,1032119616.000
2013-04-15,146.80,148.06,144.75,147.22,2833673,487286240.000
2013-04-16,144.73,149.46,144.37,147.61,3913792,676673408.000
2013-04-17,148.01,152.71,147.96,152.45,4297408,760898368.000
2013-04-18,151.28,153.82,150.20,153.05,4195684,749007296.000
2013-04-19,153.28,153.72,151.00,153.12,3923838,701185024.000
2013-04-22,152.82,152.82,147.92,148.11,4274596,747616512.000
2013-04-23,147.92,149.26,146.28,146.38,3095262,535923136.000
2013-04-24,146.75,149.28,145.01,149.16,3040261,525381344.000
2013-04-25,148.39,151.61,147.66,150.82,2535969,446045088.000
2013-04-26,151.47,152.01,147.47,148.36,1630764,285787936.000
2013-05-02,147.46,147.51,143.85,145.74,2858679,489586432.000
2013-05-03,146.37,148.39,145.28,146.96,2146052,369986944.000
2013-05-06,147.46,151.99,146.53,151.82,3019639,529181408.000
2013-05-07,152.93,161.41,152.93,160.82,7102055,1305178752.000
2013-05-08,160.92,162.92,159.40,161.91,4241606,799534976.000
2013-05-09,162.24,169.46,162.24,169.44,7013468,1370326144.000
2013-05-10,169.29,172.84,168.38,169.38,4877659,970169984.000
2013-05-13,169.38,173.46,166.34,169.90,3257904,645155904.000
2013-05-14,168.46,169.37,162.92,164.00,3643160,701153984.000
2013-05-15,163.72,168.97,163.57,167.15,2326440,452499712.000
2013-05-16,166.56,172.47,164.73,167.32,4546227,893376384.000
2013-05-17,166.62,168.78,165.64,168.29,3355672,654713536.000
2013-05-20,169.10,170.62,166.96,167.46,3094406,605798016.000
2013-05-21,167.35,168.15,166.11,167.48,2310234,449227072.000
2013-05-22,168.05,172.55,167.55,171.52,4614964,917905216.000
2013-05-23,171.64,177.91,171.64,174.22,6224745,1272531712.000
2013-05-24,175.64,178.52,172.01,172.85,4507312,915894080.000
2013-05-27,173.80,173.92,170.19,173.49,2677812,536544416.000
2013-05-28,173.72,175.02,171.60,173.95,2367636,477386720.000
2013-05-29,174.73,178.25,173.23,173.36,3234002,659505344.000
2013-05-30,172.73,174.57,171.11,172.23,2501942,500916448.000
2013-05-31,172.89,173.28,169.28,169.37,2459056,490984256.000
2013-06-03,170.28,174.32,169.44,173.90,4025675,807356544.000
2013-06-04,174.10,176.82,173.51,173.55,4235692,862313600.000
2013-06-05,173.82,174.28,171.62,173.07,2372442,476555328.000
2013-06-06,173.11,176.37,173.11,173.52,3387735,688473472.000
2013-06-07,173.40,177.84,171.94,174.44,2547838,502253024.000
2013-06-13,173.41,176.46,170.58,173.03,4499864,876852224.000
2013-06-14,172.71,173.30,168.37,172.41,3251867,625711424.000
2013-06-17,172.63,173.28,168.03,168.28,2968927,568914688.000
2013-06-18,167.99,170.39,165.59,170.25,2737772,516512032.000
2013-06-19,169.55,173.75,167.11,173.14,2890918,556142144.000
2013-06-20,172.81,173.73,169.31,170.33,2558681,493350624.000
2013-06-21,168.79,174.10,166.48,169.81,3965419,762942592.000
2013-06-24,170.21,170.57,164.37,164.77,4080720,765344896.000
2013-06-25,164.71,169.02,156.05,168.61,5135249,952843648.000
2013-06-26,167.38,168.59,164.01,167.59,3290348,613847360.000
2013-06-27,167.59,170.89,167.01,168.37,3413576,651525184.000
2013-06-28,167.71,171.90,167.71,170.91,2807002,540002752.000
2013-07-01,170.60,173.27,169.68,172.65,2582852,498364224.000
2013-07-02,172.63,176.92,171.13,175.98,3345317,656544896.000
2013-07-03,176.84,177.66,174.32,176.00,3542464,702154048.000
2013-07-04,175.18,177.71,174.73,174.77,2421452,480333728.000
2013-07-05,175.02,177.27,175.02,175.22,1777954,351961184.000
2013-07-08,175.01,175.92,171.48,173.44,2411390,471887328.000
2013-07-09,174.48,174.48,169.40,170.61,2023361,390495520.000
2013-07-10,169.85,172.48,167.74,172.24,3324496,635969728.000
2013-07-11,172.89,174.66,170.60,174.18,4605661,897968896.000
2013-07-12,173.40,174.91,167.57,167.67,4299164,823551936.000
2013-07-15,168.19,168.84,164.14,166.89,3660735,683259584.000
2013-07-16,167.08,169.91,164.66,169.61,3701140,698456704.000
2013-07-17,169.21,169.47,165.85,165.95,2738846,517180736.000
2013-07-18,166.02,166.43,163.02,164.27,2569977,475329696.000
2013-07-19,164.21,164.21,154.69,156.03,7331922,1309145856.000
2013-07-22,155.71,157.01,153.34,155.01,2706232,472471712.000
2013-07-23,155.96,159.92,155.10,159.29,2875611,513622528.000
2013-07-24,159.11,159.11,153.39,154.77,4406723,772480640.000
2013-07-25,155.48,159.48,154.48,158.51,3954054,701690240.000
2013-07-26,156.93,157.66,155.02,155.09,1904567,334279520.000
2013-07-29,154.46,154.46,151.48,151.77,2688331,462873568.000
2013-07-30,150.84,151.73,146.56,149.14,4211397,708812288.000
2013-07-31,150.28,151.66,148.48,149.21,1459004,246901552.000
2013-08-01,150.55,152.84,149.71,152.29,2485259,426199168.000
2013-08-02,153.11,157.99,153.01,156.05,2924078,514840320.000
2013-08-05,156.05,156.72,154.11,155.57,1806507,316638080.000
2013-08-06,154.14,155.57,153.02,155.32,2656226,462053664.000
2013-08-07,154.93,158.44,153.96,156.37,2837775,501679200.000
2013-08-08,156.41,157.26,154.57,155.26,1607673,282184736.000
2013-08-09,155.52,156.11,151.42,153.14,2288924,396239808.000
2013-08-12,153.11,158.23,152.85,158.12,3939034,692000832.000
2013-08-13,157.85,160.11,156.48,159.61,2543583,453549728.000
2013-08-14,159.56,161.79,158.21,158.47,2172190,392821856.000
2013-08-15,158.62,160.75,157.29,157.35,1536566,274789280.000
2013-08-16,157.41,160.57,154.25,154.57,3497393,617783360.000
2013-08-19,155.48,155.94,153.30,155.27,1935761,337652096.000
2013-08-20,154.34,155.11,153.02,153.85,3125074,541646656.000
2013-08-21,155.12,155.25,152.75,154.83,2310320,401820448.000
2013-08-22,154.75,156.64,154.22,155.19,1550152,272139872.000
2013-08-23,156.00,156.01,151.93,153.29,1952964,338959488.000
2013-08-26,153.40,155.11,152.39,154.15,1688531,293255616.000
2013-08-27,154.00,154.00,152.39,153.43,2443655,422029088.000
2013-08-28,152.54,152.54,150.18,150.48,3060304,521639360.000
2013-08-29,150.57,150.88,148.85,149.19,2180402,368545664.000
2013-08-30,149.19,149.66,148.34,149.46,2586142,435606368.000
2013-09-02,142.21,142.21,134.11,134.13,22497074,3438418432.000
2013-09-03,133.30,134.93,131.48,133.90,12321105,1855978624.000
2013-09-04,134.21,135.61,133.84,134.30,7678998,1171694848.000
2013-09-05,134.08,134.93,131.75,132.63,7128326,1070129344.000
2013-09-06,132.48,133.21,132.18,132.64,3778366,567391488.000
2013-09-09,133.30,133.77,132.28,133.25,6927092,1042258752.000
2013-09-10,133.11,134.10,132.46,133.86,5409309,816720640.000
2013-09-11,133.98,134.91,132.39,134.72,6901293,1045733440.000
2013-09-12,134.78,135.30,133.49,133.96,4772311,725740672.000
2013-09-13,133.92,136.46,133.89,134.22,6825487,1044001984.000
2013-09-16,134.77,134.77,132.01,132.07,5887712,889024064.000
2013-09-17,131.48,131.66,123.76,124.48,10905797,1571781632.000
2013-09-18,124.21,125.46,122.84,125.02,6731766,949223040.000
2013-09-23,125.11,125.11,123.34,124.03,6540962,921212160.000
2013-09-24,124.21,125.35,120.30,120.39,9881915,1371542656.000
2013-09-25,120.16,121.02,116.95,118.90,6978901,943851520.000
2013-09-26,117.84,119.86,117.84,119.13,4722783,638421056.000
2013-09-27,119.20,119.81,117.65,117.90,3463925,465617856.000
2013-09-30,117.78,119.94,117.41,119.61,5046064,681360320.000
2013-10-08,119.44,120.93,118.01,120.27,5686725,773294144.000
2013-10-09,120.21,120.93,119.48,120.56,4081504,557664512.000
2013-10-10,120.57,120.91,119.89,120.61,2904552,397207808.000
2013-10-11,119.02,121.32,119.02,121.04,3645556,499830912.000
2013-10-14,121.43,123.05,120.86,122.98,5527479,767129536.000
2013-10-15,123.06,127.66,122.46,127.16,6927751,986261696.000
2013-10-16,129.02,130.30,125.21,127.15,9481320,1382754176.000
2013-10-17,127.47,128.57,126.48,127.11,4862119,703392000.000
2013-10-18,127.38,127.76,125.11,126.01,3557495,510349728.000
2013-10-21,126.49,128.11,125.30,127.92,4702298,677908672.000
2013-10-22,127.66,127.66,125.80,126.41,2458139,353140640.000
2013-10-23,126.26,127.55,125.31,126.65,2621511,375070080.000
2013-10-24,126.30,126.91,125.75,126.67,2625533,376580480.000
2013-10-25,126.03,126.03,119.30,120.32,5858415,807380224.000
2013-10-28,119.46,120.36,117.17,117.81,3214102,431472160.000
2013-10-29,117.98,118.44,115.57,116.75,3518294,468246848.000
2013-10-30,116.91,117.21,115.99,116.56,2534346,335579616.000
2013-10-31,116.61,120.12,116.48,118.85,3489343,471033920.000
2013-11-01,118.14,119.51,117.66,118.91,2215447,299057632.000
2013-11-04,119.16,120.54,119.00,119.97,1943628,264834000.000
2013-11-05,119.48,121.83,118.48,121.58,2784307,381603616.000
2013-11-06,121.73,124.21,121.02,122.98,4444925,619496960.000
2013-11-07,122.71,123.19,120.30,122.36,2135888,294635360.000
2013-11-08,122.02,123.29,119.67,119.79,2153743,298492256.000
2013-11-11,121.48,124.82,119.82,122.89,5232877,729491584.000
2013-11-12,122.77,128.16,122.43,127.70,6947801,997440448.000
2013-11-13,127.01,129.16,126.11,127.59,3188146,460888128.000
2013-11-14,127.84,127.84,124.83,127.00,2404202,344294688.000
2013-11-15,126.70,127.50,125.21,126.42,3359785,481164992.000
2013-11-18,126.93,127.71,125.84,126.47,4157171,596980160.000
2013-11-19,126.48,127.11,124.48,125.86,4116683,588099520.000
2013-11-20,125.79,125.95,124.57,125.17,2551780,362889664.000
2013-11-21,124.82,125.38,121.98,122.08,3299198,459524480.000
2013-11-22,122.08,122.71,121.46,121.91,2811090,389528928.000
2013-11-25,121.28,124.99,121.04,124.14,2618102,367831840.000
2013-11-26,124.20,124.97,123.10,123.28,1640604,230259504.000
2013-11-27,123.29,124.38,122.02,123.25,1567952,219358336.000
2013-11-28,123.28,125.71,123.28,124.96,2224051,315027616.000
2013-11-29,124.21,124.80,123.22,124.61,2042378,287184352.000
2013-12-02,123.31,123.54,120.11,120.37,4289240,591853952.000
2013-12-03,120.16,121.41,119.06,121.10,3288230,448934464.000
2013-12-04,120.99,122.41,120.18,121.91,3351042,463071200.000
2013-12-05,121.88,121.88,120.52,120.56,1932631,265765312.000
2013-12-06,120.36,122.48,119.66,122.16,2915072,402741312.000
2013-12-09,122.02,122.11,119.66,121.42,2537190,347999968.000
2013-12-10,121.03,121.39,119.84,120.52,2539266,347805536.000
2013-12-11,120.44,121.11,119.81,120.01,1986816,271716032.000
2013-12-12,119.96,120.88,119.84,120.02,1830695,250384800.000
2013-12-13,119.87,120.92,119.86,120.02,1926726,263371184.000
2013-12-16,119.67,120.04,116.81,116.91,3286944,439536256.000
2013-12-17,116.89,118.51,116.39,117.12,1564120,209082464.000
2013-12-18,116.92,117.39,116.31,116.47,2010517,266750704.000
2013-12-19,117.20,117.30,115.21,115.25,1781345,235156560.000
2013-12-20,115.34,115.80,110.57,111.16,3855601,495862848.000
2013-12-23,110.96,112.06,110.68,111.03,1922251,243709872.000
2013-12-24,111.48,112.11,110.91,111.12,2789714,354505536.000
2013-12-25,111.48,111.81,110.47,110.81,1843945,233016832.000
2013-12-26,110.57,110.78,108.88,109.42,3415622,427007200.000
2013-12-27,109.84,111.69,109.42,110.75,2545548,321517728.000
2013-12-30,110.98,111.46,108.74,109.17,3216672,401569216.000
2013-12-31,108.75,113.58,107.39,112.73,5754649,730676608.000
2014-01-02,112.38,112.38,110.21,110.55,2197666,277430208.000
2014-01-03,109.89,110.39,108.05,108.73,2334165,288934592.000
2014-01-06,107.73,109.57,105.75,105.78,3022921,367274752.000
2014-01-07,105.21,106.34,104.39,105.62,1803946,216936560.000
2014-01-08,105.56,106.19,103.31,104.57,3198959,380752960.000
2014-01-09,104.21,106.75,103.84,104.51,4788671,575090368.000
2014-01-10,104.21,105.51,103.34,104.45,2112663,251742736.000
2014-01-13,104.48,107.22,104.28,105.01,3764646,454274368.000
2014-01-14,105.30,106.74,104.11,106.31,2347499,282925536.000
2014-01-15,105.58,106.16,103.34,103.99,1972069,235363888.000
2014-01-16,104.07,107.34,103.97,106.92,3911963,474484832.000
2014-01-17,106.75,107.52,105.22,105.39,3236373,393324800.000
2014-01-20,106.84,111.75,106.04,111.29,6009063,751598272.000
2014-01-21,110.57,113.03,109.98,111.47,3540462,451224704.000
2014-01-22,111.46,118.58,110.84,118.00,7366781,975900224.000
2014-01-23,118.01,119.11,115.81,117.92,4025848,538497408.000
2014-01-24,117.39,119.38,116.49,119.21,3578070,482834464.000
2014-01-27,118.65,126.73,118.44,123.98,8351084,1170783872.000
2014-01-28,123.76,125.11,121.02,122.59,3640115,508739360.000
2014-01-29,123.10,124.26,120.11,120.58,3152040,434136672.000
2014-01-30,120.11,120.52,115.11,116.21,3722344,496967648.000
2014-02-07,116.08,118.41,115.17,117.74,2386561,317924192.000
2014-02-10,117.84,118.21,114.99,116.81,3625174,479835328.000
2014-02-11,116.75,119.28,116.11,117.88,4300694,578123072.000
2014-02-12,118.02,118.72,117.21,117.98,1928348,258332736.000
2014-02-13,117.87,121.83,117.85,119.36,3856747,528398496.000
2014-02-14,119.11,126.02,119.11,125.93,6741037,946589760.000
2014-02-17,127.02,133.29,127.02,132.37,8746517,1301703936.000
2014-02-18,131.88,131.88,128.86,129.67,3364035,496116928.000
2014-02-19,129.71,134.19,129.71,131.96,3148266,472702784.000
2014-02-20,131.93,133.82,130.57,131.47,2318897,346513536.000
2014-02-21,130.57,132.52,130.37,131.55,3412540,508426624.000
2014-02-24,131.57,133.37,128.40,130.22,3117865,463140896.000
2014-02-25,130.57,130.93,124.21,125.45,4627993,662701568.000
2014-02-26,123.81,127.82,122.43,125.14,2651394,377024800.000
2014-02-27,125.25,128.56,123.31,127.80,2564611,367761888.000
2014-02-28,127.84,133.11,127.80,132.41,4192617,626931584.000
2014-03-03,132.39,136.92,130.87,136.87,4881665,745535040.000
2014-03-04,134.31,140.83,134.21,135.48,5086676,795956992.000
2014-03-05,136.05,141.47,134.21,141.33,4721154,741664000.000
2014-03-06,141.67,143.57,138.75,143.30,4274121,684035136.000
2014-03-07,143.30,148.02,141.51,146.47,5811048,952251136.000
2014-03-10,145.84,146.75,136.05,138.70,4998548,797666944.000
2014-03-11,137.84,144.75,137.02,143.46,3856141,619885248.000
2014-03-12,142.46,144.75,137.64,140.14,3676392,582653248.000
2014-03-13,139.30,146.11,138.85,145.91,4263778,695571584.000
2014-03-14,145.17,146.93,143.11,145.00,2493355,407076128.000
2014-03-17,146.02,147.53,143.31,147.36,3219888,529609728.000
2014-03-18,149.02,156.21,149.02,151.77,5947371,1030329344.000
2014-03-19,150.48,155.11,149.66,154.54,3536579,613576512.000
2014-03-20,154.48,154.66,149.66,149.82,3389521,579777920.000
2014-03-21,149.15,152.37,146.48,151.84,4031881,680945728.000
2014-03-24,151.48,155.78,150.48,151.74,2632092,453477920.000
2014-03-25,149.11,149.11,137.47,147.67,6240383,1024298880.000
2014-03-26,146.11,147.03,139.99,140.11,5737639,927285376.000
2014-03-27,139.35,142.21,138.21,139.35,3804459,603835712.000
2014-03-28,139.50,140.56,133.31,134.79,4827296,740132800.000
2014-03-31,134.21,139.10,134.21,136.66,3058360,473939136.000
2014-04-01,136.67,143.80,136.39,143.74,3404689,544622720.000
2014-04-02,143.97,150.26,142.41,146.61,4669833,777378688.000
2014-04-03,148.35,148.47,144.66,146.31,2691848,444348448.000
2014-04-04,145.71,146.30,142.39,145.17,2320651,377896960.000
2014-04-08,145.04,146.41,142.40,145.61,2592749,423934496.000
2014-04-09,146.04,147.51,143.41,144.52,2161889,354031808.000
2014-04-10,144.45,151.50,141.02,150.12,5417787,897611264.000
2014-04-11,152.39,159.30,152.39,156.10,9022579,1593651840.000
2014-04-14,154.84,157.21,153.30,154.53,2682436,469646912.000
2014-04-15,153.48,155.91,153.48,154.65,2588021,452432800.000
2014-04-16,153.93,154.71,150.74,151.50,2204062,379301952.000
2014-04-17,151.30,156.02,150.76,155.30,2974441,517914688.000
2014-04-18,155.11,157.63,153.57,155.40,1960146,344825504.000
2014-04-21,154.21,156.01,152.39,152.43,1833379,318935968.000
2014-04-22,152.39,155.23,151.95,152.51,2234496,387206400.000
2014-04-23,152.46,156.47,152.41,156.08,3375573,592119552.000
2014-04-24,156.16,156.67,153.93,155.81,1258135,220213008.000
2014-04-25,148.73,148.75,143.11,145.74,9587743,1581409280.000
2014-04-28,143.37,145.62,141.31,144.01,3302860,535511104.000
2014-04-29,144.02,146.46,143.72,144.74,2799649,459181216.000
2014-04-30,145.07,145.38,143.78,145.01,1922066,314017280.000
2014-05-05,144.66,144.66,138.82,141.71,3674347,585326656.000
2014-05-06,141.48,143.93,141.48,142.20,1362295,219512512.000
2014-05-07,142.94,142.94,141.11,142.08,1196073,192090272.000
2014-05-08,142.21,143.74,141.86,142.09,1469786,237490048.000
2014-05-09,142.08,143.57,141.75,142.04,1672145,269803744.000
2014-05-12,143.56,143.57,141.02,142.31,2619478,420667488.000
2014-05-13,142.18,142.94,141.08,142.15,1593936,256197648.000
2014-05-14,141.47,142.32,136.03,137.18,3401655,534826240.000
2014-05-15,136.91,138.82,136.48,137.98,1698338,264995344.000
2014-05-16,137.98,138.84,136.63,137.08,1846730,286938912.000
2014-05-19,134.66,135.11,130.51,130.55,5625009,838456320.000
2014-05-20,130.66,131.88,126.57,127.82,4688591,682615744.000
2014-05-21,127.02,133.90,126.89,133.30,3873787,575063808.000
2014-05-22,133.21,135.66,132.07,132.43,1867894,281907872.000
2014-05-23,132.39,134.91,132.37,134.48,1400963,212338048.000
2014-05-26,136.84,136.84,134.98,135.63,891056,137024224.000
2014-05-27,135.11,137.61,134.99,135.30,1303507,201097680.000
2014-05-28,135.01,136.93,134.93,135.97,1250197,192903904.000
2014-05-29,135.78,137.78,135.53,136.29,1010682,156525424.000
2014-05-30,136.25,137.19,135.13,135.31,921765,141927536.000
2014-06-03,135.11,136.48,134.43,134.91,1304848,199563920.000
2014-06-04,135.11,135.46,132.41,133.43,1049431,158992000.000
2014-06-05,133.41,136.93,131.78,136.72,2067863,314507712.000
2014-06-06,136.64,137.52,134.47,135.65,947745,145936336.000
2014-06-09,134.48,136.39,134.48,135.32,1003481,154198992.000
2014-06-10,135.34,137.20,135.34,136.75,1930551,298186720.000
2014-06-11,136.71,137.28,135.31,135.97,1078145,166086240.000
2014-06-12,136.09,136.09,134.31,134.78,1149960,175855792.000
2014-06-13,134.83,135.87,133.44,134.94,1697046,259337712.000
2014-06-16,135.02,136.73,134.57,136.41,1623790,249568880.000
2014-06-17,136.30,136.30,134.39,135.29,1636486,250297888.000
2014-06-18,135.84,136.43,135.48,135.64,1402456,215965712.000
2014-06-19,135.62,136.21,134.66,134.87,1155144,176868336.000
2014-06-20,134.84,135.66,134.50,135.28,1201940,183993520.000
2014-06-23,135.57,138.19,135.44,138.12,2898385,449611776.000
2014-06-24,138.41,144.93,138.34,144.72,3853263,621636096.000
2014-06-25,145.33,145.33,141.50,142.23,3817111,546556416.000
2014-06-26,142.23,142.98,141.41,141.64,3634851,515915136.000
2014-06-27,141.42,141.42,139.22,140.38,2647792,371027136.000
2014-06-30,141.18,142.89,140.40,141.98,2439950,345880000.000
2014-07-01,142.59,142.59,140.80,141.77,1194668,168987424.000
2014-07-02,142.03,142.35,141.00,142.08,1206848,171127808.000
2014-07-03,142.21,143.40,141.40,143.26,1933167,275808352.000
2014-07-04,143.40,144.18,142.72,143.32,1540280,220860912.000
2014-07-07,142.80,144.28,142.21,144.16,2287987,327900736.000
2014-07-08,144.10,144.17,141.02,142.18,2109160,299615520.000
2014-07-09,142.00,142.87,141.02,141.24,1432860,203120912.000
2014-07-10,141.12,141.83,140.60,141.04,1215988,171762400.000
2014-07-11,141.47,143.09,141.12,141.87,1843286,262292688.000
2014-07-14,141.87,150.89,141.50,149.77,4653481,684819840.000
2014-07-15,149.11,158.00,149.11,153.81,5878798,913284352.000
2014-07-16,153.85,156.78,153.85,154.57,2445933,379071456.000
2014-07-17,154.09,155.55,152.00,153.75,2019117,309501856.000
2014-07-18,153.59,165.00,152.70,160.98,7489691,1200093440.000
2014-07-21,160.39,162.88,158.59,160.98,3014322,485174688.000
2014-07-22,159.60,164.00,159.60,163.20,2982062,483906528.000
2014-07-23,162.00,165.00,161.60,163.89,2783633,455655808.000
2014-07-24,163.76,169.10,162.30,163.53,3568240,595593152.000
2014-07-25,164.00,166.05,161.06,163.88,2783358,454235008.000
2014-07-28,164.23,167.99,162.92,164.25,4296899,706875712.000
2014-07-29,164.30,164.30,160.26,161.06,3601700,580708800.000
2014-07-30,160.74,160.74,156.50,158.51,5487629,865210176.000
2014-07-31,158.29,160.38,156.96,160.27,2520631,400860672.000
2014-08-01,160.17,164.30,159.62,162.98,4325999,704961984.000
2014-08-04,163.00,165.62,162.29,164.40,3884820,637175424.000
2014-08-05,164.00,166.66,161.67,166.25,3835797,627210368.000
2014-08-06,164.80,165.78,162.00,163.32,2031723,332041728.000
2014-08-07,163.10,164.39,160.50,160.60,2539649,411237184.000
2014-08-08,161.96,163.33,159.80,162.14,2381942,384676128.000
2014-08-11,162.48,163.20,161.51,163.07,2007072,326555328.000
2014-08-12,161.81,162.75,160.15,162.04,1960436,316255840.000
2014-08-13,162.04,164.78,160.80,162.49,3445403,560675712.000
2014-08-14,162.02,163.44,161.28,161.46,2295894,373085472.000
2014-08-15,162.20,162.49,161.13,161.54,2180268,352476096.000
2014-08-18,162.00,162.30,159.10,159.75,4169827,667452096.000
2014-08-19,159.75,159.75,158.45,158.68,3209577,509709632.000
2014-08-20,158.74,162.06,158.50,162.00,3708495,596509504.000
2014-08-21,162.00,162.32,159.00,159.97,1887273,301791008.000
2014-08-22,160.00,160.39,158.75,159.27,1863671,297023424.000
2014-08-25,159.27,160.15,158.30,158.75,1537672,244745472.000
2014-08-26,158.50,159.42,156.96,157.72,1658960,261850704.000
2014-08-27,157.72,157.78,156.18,156.37,1382867,216703376.000
2014-08-28,156.00,158.36,156.00,156.02,1761803,276811136.000
2014-08-29,156.00,158.59,155.00,158.23,2383883,375517440.000
2014-09-01,158.20,159.50,157.71,158.45,1645024,260760128.000
2014-09-02,158.81,162.64,158.03,162.56,4124613,664712704.000
2014-09-03,162.58,167.42,162.56,164.82,4204225,695551808.000
2014-09-04,164.70,165.94,163.68,165.06,2397587,395280320.000
2014-09-05,165.70,168.16,165.21,167.51,3473195,579714752.000
2014-09-09,167.65,167.97,164.00,164.08,2056281,339388096.000
2014-09-10,163.70,165.00,163.01,163.91,1786772,293245984.000
2014-09-11,163.87,164.82,161.48,161.98,3187554,519406656.000
2014-09-12,161.49,162.65,160.32,162.45,1735601,280548672.000
2014-09-15,161.90,161.91,158.80,159.41,3254386,519621408.000
2014-09-16,160.50,160.60,157.02,157.46,3482315,551314368.000
2014-09-17,158.47,159.54,157.34,158.23,2584128,408684992.000
2014-09-18,158.02,159.38,157.08,159.25,2648204,418432000.000
2014-09-19,159.25,160.98,158.50,160.85,2266599,362408992.000
2014-09-22,160.71,160.71,156.84,156.94,3719154,586709120.000
2014-09-23,156.70,157.50,156.36,157.48,3454611,541705792.000
2014-09-24,156.49,160.50,155.60,160.19,4344896,687426560.000
2014-09-25,160.92,163.98,160.90,162.19,5685144,924878336.000
2014-09-26,161.50,163.12,159.20,162.31,2271665,366907296.000
2014-09-29,162.33,163.20,161.39,162.47,2348859,381683072.000
2014-09-30,162.74,162.99,161.20,162.13,2157419,349657792.000
2014-10-08,161.00,161.10,157.80,160.73,4565282,725030208.000
2014-10-09,159.87,160.25,158.58,160.01,3624491,578151808.000
2014-10-10,159.02,159.80,157.70,159.02,4314771,684789376.000
2014-10-13,157.81,157.88,153.68,156.10,5317638,826349760.000
2014-10-14,155.00,156.99,154.44,154.91,2889594,449942592.000
2014-10-15,154.75,157.58,154.71,157.32,2223805,348033856.000
2014-10-16,156.10,158.19,156.10,157.32,2394969,377655680.000
2014-10-17,158.00,159.05,156.90,158.38,3097659,489885664.000
2014-10-20,158.38,158.50,156.40,156.92,3291008,517853728.000
2014-10-21,157.00,159.34,156.60,158.46,3991128,632422400.000
2014-10-22,158.44,159.46,157.50,159.08,2283641,363211424.000
2014-10-23,158.57,160.28,157.89,159.05,3191734,508245984.000
2014-10-24,158.95,159.89,157.69,158.88,1998007,317073600.000
2014-10-27,156.97,159.10,154.89,157.50,2797069,439570880.000
2014-10-28,157.32,159.10,157.18,158.74,2054841,325762176.000
2014-10-29,158.80,159.56,157.48,158.30,2142344,339064768.000
2014-10-30,158.00,158.00,155.10,155.42,4908702,764742336.000
2014-10-31,155.47,156.90,154.35,156.68,3642170,567067456.000
2014-11-03,156.75,156.88,155.45,155.58,2467006,384677504.000
2014-11-04,155.49,155.49,151.00,151.39,5594390,854409088.000
2014-11-05,151.05,151.05,145.50,146.15,7671979,1131348480.000
2014-11-06,146.15,147.49,146.01,147.15,3636297,533913216.000
2014-11-07,147.17,148.30,147.11,148.04,4150731,613638080.000
2014-11-10,150.00,153.78,149.00,153.77,6232521,945032832.000
2014-11-11,154.30,155.20,152.01,153.35,4770689,733026112.000
2014-11-12,152.98,153.59,150.20,152.89,3082375,467531840.000
2014-11-13,152.72,152.73,149.68,151.58,4915556,739602880.000
2014-11-14,151.56,157.63,150.91,157.29,7522508,1168803328.000
2014-11-17,168.00,168.00,160.00,160.05,15041623,2451673856.000
2014-11-18,161.00,161.82,155.00,155.65,6349780,1001883712.000
2014-11-19,155.57,155.65,152.61,153.07,4629074,710715264.000
2014-11-20,152.88,152.92,150.49,150.68,4625841,698848960.000
2014-11-21,150.56,153.20,150.20,153.13,4199078,638007360.000
2014-11-24,153.88,155.00,152.00,153.95,5387899,828662528.000
2014-11-25,153.42,154.85,152.80,154.64,5323130,816840960.000
2014-11-26,154.60,156.36,153.89,155.95,6385897,990302208.000
2014-11-27,155.00,157.22,154.00,156.68,9655151,1508603264.000
2014-11-28,156.57,156.57,153.17,155.84,8828818,1363855104.000
2014-12-01,156.57,161.00,156.00,160.06,12174001,1932844672.000
2014-12-02,159.05,161.20,158.25,161.14,9926819,1588412416.000
2014-12-03,162.44,168.30,162.36,164.83,11732264,1936848384.000
2014-12-04,166.50,174.50,166.50,174.13,11778143,2020248704.000
2014-12-05,177.99,178.96,168.60,170.92,11290144,1943937536.000
2014-12-08,168.84,176.49,167.20,172.97,10089431,1731248512.000
2014-12-09,172.00,186.62,171.50,172.86,15189028,2713372160.000
2014-12-10,175.00,183.50,175.00,179.92,10665611,1919193472.000
2014-12-11,180.00,181.94,175.29,175.89,5488215,975885696.000
2014-12-12,176.78,180.99,176.00,176.59,5105516,911591104.000
2014-12-15,176.60,184.10,175.43,184.04,7096432,1281924224.000
2014-12-16,183.70,183.70,178.11,180.63,5112944,918180160.000
2014-12-17,179.99,181.45,177.80,179.07,6002047,1071735168.000
2014-12-18,179.69,182.20,179.00,179.34,3856750,695500800.000
2014-12-19,179.06,181.98,178.00,180.82,4963106,892730624.000
2014-12-22,179.65,184.29,175.88,184.10,7362381,1327712512.000
2014-12-23,183.78,193.49,182.01,188.86,8565082,1611272960.000
2014-12-24,188.00,191.80,180.68,183.06,6355459,1187206272.000
2014-12-25,183.15,186.00,181.01,185.83,4407168,806958784.000
2014-12-26,185.09,189.00,183.00,187.57,4267749,793340608.000
2014-12-29,188.10,190.00,182.00,183.48,8983865,1678243840.000
2014-12-30,183.00,187.98,182.48,186.84,5617110,1043215616.000
2014-12-31,185.60,190.00,185.00,189.62,4626936,871581696.000
2015-01-05,189.62,204.24,188.69,202.52,9451517,1875063168.000
2015-01-06,200.00,202.56,196.02,197.83,5502001,1094977408.000
2015-01-07,196.04,199.50,189.99,192.94,5479784,1063925632.000
2015-01-08,194.00,194.52,190.14,191.76,4052530,777874688.000
2015-01-09,190.40,195.77,190.11,190.31,5398220,1039955136.000
2015-01-12,190.00,192.59,184.46,186.43,4991459,934643392.000
2015-01-13,187.00,188.54,184.60,184.88,3670808,683429632.000
2015-01-14,185.00,186.50,180.88,183.18,5240344,965036160.000
2015-01-15,183.89,186.40,182.48,186.07,4858552,895503104.000
2015-01-16,186.20,188.00,185.98,186.11,3997806,746304320.000
2015-01-19,181.00,183.20,171.47,175.48,6467937,1151544320.000
2015-01-20,176.02,180.50,173.00,178.08,6102274,1086018432.000
2015-01-21,178.27,182.90,177.20,182.36,5267474,950750400.000
2015-01-22,182.37,184.36,180.00,181.23,3825481,696541248.000
2015-01-23,180.12,183.28,180.11,181.02,3308455,600627328.000
2015-01-26,181.70,183.50,181.05,182.80,3564906,650642112.000
2015-01-27,182.82,182.82,178.00,180.11,4188362,755025856.000
2015-01-28,179.00,180.40,177.30,177.47,3068066,547979136.000
2015-01-29,176.20,178.00,175.00,176.15,3249254,571553408.000
2015-01-30,176.99,181.00,176.50,177.18,4750834,848744512.000
2015-02-02,175.51,176.40,173.50,174.82,3398336,593379648.000
2015-02-03,177.48,178.65,176.20,178.37,2779280,493512576.000
2015-02-04,179.15,182.08,177.00,177.25,3529371,634135296.000
2015-02-05,178.97,180.90,174.00,174.05,4123962,735861120.000
2015-02-06,174.64,176.50,173.60,174.60,3710238,648205632.000
2015-02-09,175.77,185.10,175.00,184.30,8729358,1584342272.000
2015-02-10,184.80,185.20,181.45,182.88,5363887,984795840.000
2015-02-11,182.40,184.25,182.08,183.15,2289479,420358848.000
2015-02-12,183.99,184.49,182.01,183.57,2505098,458818624.000
2015-02-13,184.11,184.50,181.40,182.49,4012705,734977408.000
2015-02-16,182.54,183.63,181.22,183.31,3952108,722512128.000
2015-02-17,183.55,183.89,181.91,182.22,3417255,624854080.000
2015-02-25,183.00,185.70,181.11,183.96,5993512,1104113280.000
2015-02-26,183.80,188.39,183.55,186.64,6229772,1163369600.000
2015-02-27,186.90,194.50,186.80,191.05,6337094,1217723136.000
2015-03-02,190.80,193.80,189.00,190.73,3109870,592027072.000
2015-03-03,189.30,192.00,185.16,185.95,4299960,812905792.000
2015-03-04,186.99,188.01,184.60,187.19,4066223,757815040.000
2015-03-05,185.01,187.03,184.05,185.52,3620624,670609792.000
2015-03-06,185.35,186.48,183.27,183.62,2547066,471454752.000
2015-03-09,185.80,192.99,183.80,191.56,4348603,815432192.000
2015-03-10,190.94,191.50,187.28,187.83,2963706,561292480.000
2015-03-11,187.83,193.00,187.80,191.98,4058339,778418688.000
2015-03-12,193.00,195.99,191.40,192.75,3849640,747203200.000
2015-03-13,192.70,193.90,188.58,189.91,2547927,486997376.000
2015-03-16,190.06,194.50,187.01,193.76,3116097,597313664.000
2015-03-17,194.99,198.69,194.89,196.77,4590408,903712768.000
2015-03-18,196.80,199.99,195.52,199.45,3930446,778884992.000
2015-03-19,198.54,198.99,194.06,195.28,3353977,658535488.000
2015-03-20,194.20,194.99,190.88,193.15,5137371,991294912.000
2015-03-23,194.67,196.75,193.20,195.08,4097901,799009920.000
2015-03-24,195.30,197.44,192.10,195.69,6007944,1172628480.000
2015-03-25,193.00,195.10,192.06,192.78,4224030,815963264.000
2015-03-26,193.55,199.90,192.00,198.56,6710525,1315872128.000
2015-03-27,198.00,198.56,192.95,194.55,4014459,784086656.000
2015-03-30,194.68,198.95,193.10,196.77,6345139,1237889280.000
2015-03-31,196.68,200.77,194.02,195.96,8813097,1746870272.000
2015-04-01,196.03,197.56,194.48,195.34,7687523,1504959744.000
2015-04-02,195.96,197.60,192.88,194.58,6298161,1228604416.000
2015-04-03,194.00,197.01,192.78,196.81,5121088,996536064.000
2015-04-07,196.85,201.08,195.80,200.67,5982433,1189027072.000
2015-04-08,202.50,210.68,201.59,204.50,13585716,2798381824.000
2015-04-09,204.48,205.88,199.05,200.00,6239973,1255308032.000
2015-04-10,199.99,202.99,199.61,200.22,10201946,2048914304.000
数据来源:通达信
