600406 国电南瑞 日线 前复权
      日期	    开盘	    最高	    最低	    收盘	    成交量	    成交额
2011-03-02,17.18,17.25,16.81,17.05,1943040,140747184.000
2011-03-03,17.13,17.37,16.35,16.45,2898609,207537936.000
2011-03-04,16.49,16.57,16.10,16.49,3021967,211322512.000
2011-03-07,16.49,16.67,16.08,16.25,4024070,280070752.000
2011-03-08,16.24,16.34,16.08,16.27,2105763,145904704.000
2011-03-09,16.34,16.91,16.34,16.85,3156453,223897312.000
2011-03-10,16.88,16.89,16.55,16.70,2100418,149878768.000
2011-03-11,16.68,16.93,16.51,16.78,2768530,198958064.000
2011-03-14,16.82,16.85,16.39,16.69,2145889,152125648.000
2011-03-15,16.48,16.65,15.73,16.57,3235520,224294576.000
2011-03-16,16.58,16.58,16.20,16.34,1972516,137956288.000
2011-03-17,16.18,16.77,15.98,16.33,3605879,255225216.000
2011-03-18,16.36,16.58,15.85,15.87,3591261,247039760.000
2011-03-21,16.10,16.32,15.84,15.98,2766242,189743264.000
2011-03-22,16.06,16.15,15.47,15.58,3735857,251314976.000
2011-03-23,15.69,15.88,15.51,15.77,3699120,248580800.000
2011-03-24,15.89,16.26,15.79,16.20,3767096,259651968.000
2011-03-25,16.42,16.94,16.42,16.67,9148573,327441248.000
2011-03-28,16.71,16.79,16.30,16.33,11804411,415477728.000
2011-03-29,16.46,16.46,15.50,15.65,7656200,260268896.000
2011-03-30,15.62,16.15,15.58,15.73,7049059,238168432.000
2011-03-31,15.89,16.01,15.31,15.55,6862410,228438592.000
2011-04-01,15.56,15.74,15.37,15.68,5076385,168904960.000
2011-04-06,15.67,15.68,14.99,15.19,9906780,325011296.000
2011-04-07,15.20,15.53,15.01,15.42,8028506,261865472.000
2011-04-08,15.40,16.35,15.26,16.27,9045971,311234208.000
2011-04-11,16.38,16.63,16.20,16.32,9988488,351085088.000
2011-04-12,16.35,16.54,15.94,16.09,6130960,211331904.000
2011-04-13,16.02,16.34,15.70,16.25,4195816,144890320.000
2011-04-14,16.34,16.35,15.99,16.17,3414167,117520592.000
2011-04-15,16.17,16.49,16.12,16.32,4327325,150902128.000
2011-04-18,16.34,16.42,15.92,16.16,6662236,230243184.000
2011-04-19,16.08,16.51,15.94,16.37,7041586,245161968.000
2011-04-20,16.38,17.97,16.38,17.59,18084395,669495552.000
2011-04-21,17.65,17.93,17.35,17.56,9650555,363182528.000
2011-04-22,17.51,18.51,17.46,18.30,11043267,428406528.000
2011-04-25,18.37,18.37,17.56,17.63,9250716,352564512.000
2011-04-26,17.63,18.08,17.33,17.36,7928485,300143232.000
2011-04-27,17.46,17.65,16.76,16.98,7753918,281419360.000
2011-04-28,16.98,17.07,16.39,16.55,5053243,180718672.000
2011-04-29,16.54,17.05,16.54,16.94,5619371,202825552.000
2011-05-03,17.00,17.18,16.70,16.94,3818467,137927568.000
2011-05-04,16.87,17.15,16.56,16.63,5544961,199339136.000
2011-05-05,16.56,16.70,16.27,16.57,3231336,113892008.000
2011-05-06,16.37,16.84,16.32,16.75,2712804,96910872.000
2011-05-09,16.74,17.39,16.66,17.29,5301751,194814432.000
2011-05-10,17.32,17.45,17.01,17.22,3731598,136912800.000
2011-05-11,17.14,17.60,17.04,17.60,6030250,224193232.000
2011-05-12,17.41,17.57,17.26,17.26,3872497,143995472.000
2011-05-13,17.23,17.46,17.04,17.15,5378987,198120512.000
2011-05-16,17.15,17.29,16.81,16.82,4487393,163114272.000
2011-05-17,16.84,16.98,16.59,16.62,5049207,180414256.000
2011-05-18,16.63,16.75,16.46,16.58,3393842,120497336.000
2011-05-19,16.59,16.87,16.59,16.68,2213691,79232336.000
2011-05-20,16.67,16.79,16.37,16.47,3135530,110766048.000
2011-05-23,16.47,16.47,15.41,15.60,10331594,347831296.000
2011-05-24,15.42,15.63,15.27,15.52,3470080,115054112.000
2011-05-25,15.52,15.62,15.24,15.29,2537895,83704432.000
2011-05-26,15.33,15.61,15.24,15.30,2297711,75924280.000
2011-05-27,15.36,15.65,14.99,15.46,3497172,115016168.000
2011-05-30,15.47,15.51,15.27,15.34,2438913,80441784.000
2011-05-31,15.34,15.65,15.34,15.63,2084503,69435752.000
2011-06-01,15.64,15.65,15.51,15.60,1627479,54219684.000
2011-06-02,15.42,15.65,15.22,15.40,2344783,77356984.000
2011-06-03,15.32,15.60,15.32,15.57,1516479,50480084.000
2011-06-07,15.60,16.25,15.57,16.23,3872169,132527896.000
2011-06-08,16.10,16.38,15.93,16.30,2715204,94145400.000
2011-06-09,16.27,16.68,16.12,16.15,2688969,94188272.000
2011-06-10,16.00,16.30,15.99,16.17,1982734,68578432.000
2011-06-13,16.10,16.41,15.80,16.27,2223559,76779240.000
2011-06-14,16.30,16.46,16.13,16.33,3615902,126169264.000
2011-06-15,16.19,16.42,16.19,16.23,1251570,43621000.000
2011-06-16,16.13,16.37,15.74,15.93,2556034,87125936.000
2011-06-17,15.92,15.92,15.61,15.71,2381869,80001144.000
2011-06-20,15.71,15.78,15.43,15.74,1518719,50843372.000
2011-06-21,15.80,16.03,15.65,16.00,2156400,73176880.000
2011-06-22,16.07,16.54,16.01,16.48,4151939,145012272.000
2011-06-23,16.42,16.89,16.37,16.85,5097133,182619904.000
2011-06-24,16.82,17.04,16.63,16.84,3604190,129996640.000
2011-06-27,16.80,17.26,16.70,16.96,3637773,132561496.000
2011-06-28,17.05,17.09,16.85,17.01,3179910,115289392.000
2011-06-29,16.99,17.16,16.88,16.90,2708123,98305328.000
2011-06-30,16.89,17.22,16.89,16.99,4039455,147388768.000
2011-07-01,17.04,17.04,16.65,16.85,3536979,127536128.000
2011-07-04,16.93,17.12,16.77,17.06,3183338,115721640.000
2011-07-05,17.08,17.55,16.97,17.53,6537385,242658512.000
2011-07-06,17.54,17.65,17.32,17.55,3400767,127020512.000
2011-07-07,17.54,17.81,17.37,17.59,4441775,167160144.000
2011-07-08,17.58,18.04,17.56,17.87,3870460,147906304.000
2011-07-11,17.75,18.18,17.73,18.05,3589264,137867664.000
2011-07-12,17.96,18.27,17.74,17.74,5536866,213255696.000
2011-07-13,17.74,18.03,17.56,17.95,3216839,122638344.000
2011-07-14,17.96,18.49,17.96,18.40,5540741,216391264.000
2011-07-15,18.45,18.57,18.28,18.40,3057489,120248416.000
2011-07-18,18.39,18.46,18.09,18.22,3940375,153707984.000
2011-07-19,18.13,18.23,17.95,18.13,3389560,130858576.000
2011-07-20,18.35,18.48,17.56,17.74,4564105,174661632.000
2011-07-21,17.79,17.85,17.45,17.47,2860042,107743984.000
2011-07-22,17.52,17.81,17.52,17.59,2635033,99432536.000
2011-07-25,17.58,17.59,17.08,17.19,4575651,169041680.000
2011-07-26,17.18,17.58,17.15,17.56,3482865,129644056.000
2011-07-27,17.31,17.83,17.25,17.79,3344541,126415752.000
2011-07-28,17.61,17.94,17.61,17.89,2931389,111564040.000
2011-07-29,17.89,17.92,17.41,17.65,1890109,71576520.000
2011-08-01,17.71,17.88,17.46,17.65,1548067,58222496.000
2011-08-02,17.65,17.85,17.30,17.82,2103496,78671368.000
2011-08-04,18.04,18.60,18.04,18.27,8280195,325152288.000
2011-08-05,17.89,18.54,17.80,18.29,8977559,351236928.000
2011-08-08,17.87,19.46,17.74,18.78,15043558,594259392.000
2011-08-09,18.42,19.01,17.92,18.58,10381918,409052288.000
2011-08-10,18.75,19.05,18.59,18.75,7680555,307726784.000
2011-08-11,18.46,19.18,18.37,19.17,6043864,244222032.000
2011-08-12,19.18,19.25,18.61,18.66,7332052,296503104.000
2011-08-15,18.75,18.79,18.58,18.61,4641764,184990544.000
2011-08-16,18.61,18.75,18.37,18.53,3590681,142364000.000
2011-08-17,18.52,18.65,18.27,18.29,3569888,139959856.000
2011-08-18,18.43,18.46,18.18,18.25,2766731,107955992.000
2011-08-19,18.14,18.33,18.11,18.27,3440439,133929488.000
2011-08-22,18.42,18.44,17.61,17.68,3662014,140601344.000
2011-08-23,17.65,17.78,17.56,17.76,2870714,108187064.000
2011-08-24,17.81,17.87,17.65,17.67,2307084,87460496.000
2011-08-25,17.70,17.83,17.66,17.79,3640410,138243712.000
2011-08-26,17.81,18.05,17.75,17.82,3237993,123480200.000
2011-08-29,17.74,18.22,17.66,18.03,3133522,120411080.000
2011-08-30,18.25,18.61,18.07,18.30,6284867,247229504.000
2011-08-31,18.30,18.49,17.89,18.10,1964669,76106056.000
2011-09-01,18.20,18.27,17.80,17.87,2779664,106458440.000
2011-09-02,17.80,18.03,17.71,17.74,2017166,76663840.000
2011-09-05,17.65,17.65,17.16,17.32,2751152,101860384.000
2011-09-06,17.32,17.37,16.96,16.96,3289472,120110088.000
2011-09-07,17.05,17.56,16.96,17.55,2269528,83894016.000
2011-09-08,17.56,17.65,17.22,17.44,2205128,81971576.000
2011-09-09,17.64,17.74,17.24,17.30,1477056,54977068.000
2011-09-13,17.08,17.08,16.37,16.80,1830903,65605728.000
2011-09-14,16.82,17.01,16.27,16.69,4402417,155116928.000
2011-09-15,16.53,16.94,16.51,16.80,2306236,82681336.000
2011-09-16,16.85,16.93,16.56,16.69,2152899,76818008.000
2011-09-19,16.72,16.72,16.35,16.56,2423730,85159888.000
2011-09-20,16.37,16.57,16.13,16.47,1757688,61533396.000
2011-09-21,16.56,16.73,16.19,16.68,3888121,138009920.000
2011-09-22,16.59,16.60,15.99,16.00,3425192,118770808.000
2011-09-23,15.89,16.14,15.64,15.92,3086643,104820024.000
2011-09-26,15.76,15.97,15.65,15.77,1601619,54110996.000
2011-09-27,15.83,15.97,15.74,15.87,1771464,60097752.000
2011-09-28,15.90,16.06,15.77,15.85,2714945,92708928.000
2011-09-29,15.75,16.51,15.75,16.31,5912084,205389760.000
2011-09-30,16.36,16.47,16.14,16.36,4369063,151893616.000
2011-10-10,16.36,16.59,16.18,16.26,2060361,72104448.000
2011-10-11,16.46,16.68,15.88,15.98,1581518,54994356.000
2011-10-12,15.92,16.31,15.75,16.26,3211031,110932624.000
2011-10-13,16.25,16.27,15.98,16.07,4255801,146549872.000
2011-10-14,16.02,16.02,14.74,14.85,12552627,404787264.000
2011-10-17,14.86,15.15,14.72,14.95,5700479,182906592.000
2011-10-18,14.87,14.94,14.73,14.88,5205286,165261776.000
2011-10-19,14.92,14.94,14.42,14.46,7571756,236162416.000
2011-10-20,14.36,14.36,13.75,14.24,4583104,137593232.000
2011-10-21,14.13,14.70,13.99,14.25,3562492,110003864.000
2011-10-24,14.28,14.77,14.28,14.74,3475846,109151416.000
2011-10-25,14.74,15.51,14.65,15.19,4411033,143419520.000
2011-10-26,15.20,15.96,15.20,15.65,7064937,237944624.000
2011-10-27,15.77,15.93,15.42,15.56,1917030,64226736.000
2011-10-28,15.84,16.18,15.80,15.93,3790289,129442816.000
2011-10-31,15.94,16.37,15.89,16.09,2733195,94514768.000
2011-11-01,15.98,16.47,15.87,15.98,2789140,96356712.000
2011-11-02,15.75,16.45,15.65,16.37,4869470,169128032.000
2011-11-03,16.61,16.77,16.51,16.60,6038325,215082480.000
2011-11-04,16.84,16.93,16.61,16.63,3307817,118748304.000
2011-11-07,16.56,16.57,16.17,16.33,6117479,213659392.000
2011-11-08,16.33,17.15,16.15,17.12,5168300,183531360.000
2011-11-09,17.14,17.32,16.99,17.20,3410842,124804768.000
2011-11-10,17.20,17.23,17.00,17.20,2705758,99228872.000
2011-11-11,17.22,17.27,16.99,17.06,4075287,149204032.000
2011-11-14,17.18,17.47,17.18,17.40,3836737,142018512.000
2011-11-15,17.27,17.54,17.08,17.13,3735234,138291184.000
2011-11-16,17.14,17.42,16.61,16.64,3736237,135213616.000
2011-11-17,16.44,16.78,16.42,16.42,2427998,85908320.000
2011-11-18,16.27,16.70,15.88,16.10,5122710,177615952.000
2011-11-21,15.92,16.45,15.92,16.10,6727747,234485936.000
2011-11-23,16.19,16.77,16.19,16.46,8929075,315305248.000
2011-11-24,16.37,16.71,16.34,16.61,3634945,129066536.000
2011-11-25,16.56,16.86,16.56,16.62,2498019,89651064.000
2011-11-28,16.58,17.32,16.57,17.09,4185095,152427280.000
2011-11-29,17.09,17.32,16.94,16.99,2634617,96152408.000
2011-11-30,16.92,17.15,16.53,16.84,3597298,129494584.000
2011-12-01,17.08,17.18,16.85,17.03,3777468,137803088.000
2011-12-02,17.03,17.07,16.71,16.73,2597041,93971104.000
2011-12-05,16.77,16.95,15.94,16.32,2096656,73985472.000
2011-12-06,15.96,16.61,15.96,16.40,2484160,87004880.000
2011-12-07,16.40,16.65,16.40,16.55,2066230,73122672.000
2011-12-08,16.46,16.67,16.15,16.32,2608708,91381832.000
2011-12-09,16.31,16.38,15.91,16.07,1873904,64605912.000
2011-12-12,15.93,16.15,15.80,15.81,1520785,51773580.000
2011-12-13,15.87,15.89,15.71,15.73,2105988,71230360.000
2011-12-14,15.73,16.08,15.71,15.80,1414457,48059488.000
2011-12-15,15.80,15.89,15.37,15.45,2148238,71543600.000
2011-12-16,15.46,15.94,15.31,15.87,2999255,100076344.000
2011-12-19,15.89,15.89,14.94,15.15,8237710,272105952.000
2011-12-20,15.42,15.69,15.32,15.42,2035777,67600504.000
2011-12-21,15.65,15.80,14.11,14.99,7792881,244496736.000
2011-12-22,14.46,15.44,14.46,15.15,3373882,109333760.000
2011-12-23,15.23,15.56,15.15,15.32,2739894,90192856.000
2011-12-26,15.32,15.60,14.94,15.43,1776962,58647884.000
2011-12-27,15.53,15.53,14.94,15.02,3997874,128923848.000
2011-12-28,14.94,15.04,14.41,14.70,3172621,100655648.000
2011-12-29,14.89,14.89,14.39,14.40,4136276,128900296.000
2011-12-30,14.40,14.85,14.40,14.56,3762594,117957896.000
2012-01-04,14.63,15.44,14.63,14.96,4677541,151325440.000
2012-01-05,15.83,15.83,14.37,14.85,5997370,189233104.000
2012-01-06,14.93,14.99,14.13,14.95,5691117,176787376.000
2012-01-09,14.94,15.08,14.47,15.08,5515255,174889568.000
2012-01-10,15.04,15.80,14.92,15.41,8088379,266533280.000
2012-01-11,15.65,15.65,15.32,15.55,4128595,137116832.000
2012-01-12,15.55,15.75,15.23,15.33,4492546,148623360.000
2012-01-13,15.31,15.41,14.75,14.82,3756444,120407704.000
2012-01-16,14.66,14.66,13.31,13.32,11753213,345501216.000
2012-01-17,13.32,13.89,12.42,13.62,12859455,360041984.000
2012-01-18,13.61,13.84,12.50,12.64,9728878,274370624.000
2012-01-19,12.65,13.61,12.61,13.47,4632505,129799840.000
2012-01-20,13.49,13.80,13.18,13.71,4105444,119604928.000
2012-01-30,13.79,13.94,13.52,13.63,3567265,104733776.000
2012-01-31,13.76,13.76,13.31,13.51,3197160,92005728.000
2012-02-01,13.51,13.67,13.32,13.44,2414707,69756664.000
2012-02-02,13.42,13.56,13.32,13.53,6043080,173868512.000
2012-02-03,13.56,14.35,13.51,14.23,8862717,266860992.000
2012-02-06,14.42,14.93,14.42,14.70,8300305,261288000.000
2012-02-07,14.76,14.79,14.35,14.54,4382613,136605424.000
2012-02-08,14.54,14.93,14.50,14.92,4951474,156662432.000
2012-02-09,14.94,15.25,14.81,15.04,5711595,184605360.000
2012-02-10,14.96,15.18,14.87,14.97,3082775,98717064.000
2012-02-13,14.85,15.18,14.73,15.00,5294278,169494176.000
2012-02-14,15.03,15.12,14.84,14.88,3004443,96034776.000
2012-02-15,14.83,14.98,14.65,14.80,6341937,201032848.000
2012-02-16,14.80,15.07,14.56,14.68,4170107,131864432.000
2012-02-17,14.80,14.94,14.58,14.73,3181981,100404336.000
2012-02-20,14.94,15.40,14.86,15.21,7975896,259248960.000
2012-02-21,15.23,15.51,15.09,15.39,5501933,180658848.000
2012-02-22,15.39,15.82,15.39,15.60,4498546,150612448.000
2012-02-24,15.67,16.41,15.65,16.04,8095062,277700800.000
2012-02-27,16.17,16.37,15.88,16.09,7240959,248871568.000
2012-02-28,16.07,16.20,15.94,15.98,3189719,109430008.000
2012-02-29,15.93,15.97,15.70,15.87,5060861,171642720.000
2012-03-01,15.87,15.96,15.77,15.85,2509666,85191760.000
2012-03-02,15.92,16.03,15.82,16.00,3233209,110059904.000
2012-03-05,16.13,16.13,15.74,15.96,4966739,168540192.000
2012-03-06,15.91,15.93,15.65,15.71,3629616,122501112.000
2012-03-07,15.62,15.63,15.22,15.39,6655807,219410896.000
2012-03-08,15.39,15.53,15.23,15.25,6717945,220422320.000
2012-03-09,15.36,15.49,15.10,15.28,11789990,384748192.000
2012-03-12,15.32,15.65,15.29,15.57,8751725,289734240.000
2012-03-13,15.61,15.62,15.23,15.37,7859058,258497360.000
2012-03-14,15.41,15.73,14.95,15.04,12013514,397302304.000
2012-03-15,14.97,15.27,14.89,15.03,5060379,162937872.000
2012-03-16,15.13,15.22,14.70,15.17,5556704,178234256.000
2012-03-19,15.29,15.44,15.17,15.43,6442074,211558960.000
2012-03-20,15.39,15.40,14.85,14.92,6173288,199432320.000
2012-03-21,14.92,15.01,14.23,14.65,6391304,200275632.000
2012-03-22,14.66,14.82,14.41,14.44,4470820,139206240.000
2012-03-23,14.44,14.56,14.23,14.30,4097248,126473568.000
2012-03-26,14.27,14.58,14.23,14.56,2567739,79369584.000
2012-03-27,14.58,14.65,14.49,14.65,3333628,104175624.000
2012-03-28,14.61,14.65,14.34,14.45,3212058,99747144.000
2012-03-29,14.42,14.86,14.32,14.67,5043393,158172048.000
2012-03-30,14.84,14.84,14.62,14.74,3060635,96523264.000
2012-04-05,14.39,14.82,14.10,14.76,5081966,105582640.000
2012-04-06,14.75,14.75,14.19,14.36,8834648,182471568.000
2012-04-09,14.20,14.52,13.89,14.44,6605177,132826184.000
2012-04-10,14.34,14.60,14.05,14.57,4081782,83299872.000
2012-04-11,14.39,14.53,14.11,14.31,4942143,100819056.000
2012-04-12,14.33,14.43,14.21,14.38,6622374,135123440.000
2012-04-13,14.34,14.49,13.94,14.06,18022118,361222944.000
2012-04-16,13.99,13.99,13.58,13.74,11749969,230790240.000
2012-04-17,13.83,13.88,13.56,13.75,4978516,97461024.000
2012-04-18,13.84,14.21,13.79,14.19,9339786,187162368.000
2012-04-19,14.25,14.41,13.84,13.98,9938133,198851904.000
2012-04-20,13.99,14.06,13.83,13.95,3973509,78944344.000
2012-04-23,13.95,14.03,13.81,13.89,3266324,64714928.000
2012-04-24,13.84,14.11,13.50,13.75,7311472,143505216.000
2012-04-25,13.89,13.89,13.56,13.75,6882085,134336048.000
2012-04-26,13.79,14.18,13.74,14.04,8797152,175981344.000
2012-04-27,14.05,14.14,13.95,14.04,4370776,87447232.000
2012-05-02,14.18,14.25,13.95,14.09,7941712,159118688.000
2012-05-03,14.09,14.14,13.96,14.08,7666635,153189792.000
2012-05-04,14.12,14.71,14.09,14.70,13716135,282551232.000
2012-05-07,14.64,15.24,14.54,15.10,18478937,395511040.000
2012-05-08,15.10,15.27,14.89,15.04,11292669,243055808.000
2012-05-09,14.92,14.92,14.61,14.73,8036750,168725616.000
2012-05-10,14.77,14.94,14.60,14.69,4656908,97892256.000
2012-05-11,14.69,14.82,14.51,14.54,5630622,117612208.000
2012-05-14,14.59,14.85,14.46,14.73,7272235,152349216.000
2012-05-15,14.46,14.91,14.46,14.87,7265146,152409424.000
2012-05-16,14.89,14.92,14.44,14.46,6083606,127897336.000
2012-05-17,14.48,14.63,14.31,14.34,7961540,163834176.000
2012-05-18,14.32,14.54,14.03,14.07,4257460,86594960.000
2012-05-21,13.96,14.06,13.81,13.89,6041703,119789344.000
2012-05-22,13.91,14.08,13.71,14.01,8169405,161538592.000
2012-05-23,13.99,13.99,13.32,13.44,16521345,318718528.000
2012-05-24,13.32,13.50,12.81,13.43,21462614,401974432.000
2012-05-25,13.44,13.73,13.39,13.59,11459433,222687728.000
2012-05-28,13.59,13.71,13.53,13.57,5932020,114920128.000
2012-05-29,13.57,13.67,13.44,13.49,11755831,226587664.000
2012-05-30,13.49,13.59,13.30,13.40,8820809,168514496.000
2012-05-31,13.40,13.63,13.30,13.59,5723337,110375416.000
2012-06-01,13.49,13.68,13.46,13.52,5726821,110639136.000
2012-06-04,13.39,13.59,13.21,13.26,5985746,114024096.000
2012-06-05,13.28,13.39,13.06,13.10,4469439,83931664.000
2012-06-06,13.18,13.23,12.98,13.15,3199553,59599480.000
2012-06-07,13.24,13.29,13.04,13.06,3104163,58292776.000
2012-06-08,13.18,13.18,12.93,13.01,3676136,68298896.000
2012-06-11,13.11,13.54,12.96,13.48,8083413,153099504.000
2012-06-12,13.46,13.53,13.30,13.43,4652648,89125208.000
2012-06-13,13.49,13.71,13.39,13.64,7205024,139641088.000
2012-06-14,13.68,13.91,13.59,13.75,10111925,198851456.000
2012-06-15,13.76,13.93,13.60,13.86,9847119,193169968.000
2012-06-18,13.89,14.23,13.77,14.13,12834923,256816960.000
2012-06-19,14.14,14.14,13.59,13.70,13916765,273196960.000
2012-06-20,13.69,13.77,13.49,13.73,4122883,80190896.000
2012-06-25,13.46,13.46,13.16,13.19,10694515,202715872.000
2012-06-26,12.99,13.26,12.97,13.16,5408502,101553792.000
2012-06-27,13.16,13.33,12.96,13.10,6974273,131203744.000
2012-06-28,13.14,13.14,12.91,12.96,5684566,105358464.000
2012-06-29,12.94,13.11,12.74,13.10,13303247,244297008.000
2012-07-02,13.12,13.18,12.79,12.99,9883439,182201152.000
2012-07-03,12.96,12.99,12.37,12.46,11772555,212866816.000
2012-07-04,12.46,12.46,11.19,11.59,27383335,456673312.000
2012-07-05,11.54,11.59,11.16,11.56,19605001,317224864.000
2012-07-06,11.57,11.71,11.11,11.59,27444997,444440544.000
2012-07-09,11.49,11.61,11.17,11.34,17055910,274485344.000
2012-07-10,11.32,11.51,11.11,11.38,12698713,204835248.000
2012-07-11,11.39,12.04,11.39,11.82,11934810,199323280.000
2012-07-12,11.81,11.86,11.41,11.56,11968256,197644592.000
2012-07-13,11.51,11.66,11.39,11.47,11894255,195783920.000
2012-07-16,11.39,11.54,10.87,10.88,17033513,272868928.000
2012-07-17,10.81,11.03,10.51,10.88,12416290,189240400.000
2012-07-18,10.87,11.04,10.69,11.01,4883323,75923000.000
2012-07-19,11.08,11.25,10.90,10.95,13841613,220440640.000
2012-07-20,10.82,11.18,10.74,11.12,7686815,121294760.000
2012-07-23,11.02,11.18,10.81,11.14,5880564,92522168.000
2012-07-24,11.08,11.53,10.98,11.28,8847619,142640976.000
2012-07-25,11.25,11.50,11.11,11.20,6333555,102199568.000
2012-07-26,11.20,11.31,11.09,11.19,6842268,109707584.000
2012-07-27,11.19,11.43,10.82,11.04,9445276,149686848.000
2012-07-30,11.05,11.13,10.67,10.85,10176530,157302944.000
2012-07-31,10.85,11.34,10.68,11.15,9165883,143720016.000
2012-08-01,11.11,11.51,11.06,11.25,13717440,220639968.000
2012-08-02,11.25,11.25,10.52,11.16,6426775,101778832.000
2012-08-03,11.14,11.40,11.07,11.29,5987873,96792016.000
2012-08-06,11.36,11.74,11.21,11.67,8738550,143897760.000
2012-08-07,11.69,11.79,11.54,11.77,7664548,127996392.000
2012-08-08,11.82,12.11,11.69,12.04,19222965,327294592.000
2012-08-09,12.02,12.39,11.89,12.11,13670092,238582688.000
2012-08-10,12.13,12.16,11.75,11.81,9662756,164946720.000
2012-08-13,11.75,12.04,11.51,11.66,7668457,128274992.000
2012-08-14,11.66,11.87,11.37,11.85,7538902,124755480.000
2012-08-15,11.71,11.79,11.35,11.59,5270227,86653848.000
2012-08-16,11.51,11.82,11.39,11.69,4863499,81319576.000
2012-08-17,11.74,11.80,11.58,11.76,11249137,188539520.000
2012-08-20,11.77,11.86,11.52,11.70,10033886,168175104.000
2012-08-21,11.71,12.03,11.59,11.71,10266780,172453008.000
2012-08-22,11.67,11.75,11.37,11.50,6881226,113350928.000
2012-08-23,11.40,11.54,11.11,11.20,7625379,122538840.000
2012-08-24,11.16,11.24,11.04,11.21,4712672,75174912.000
2012-08-27,11.18,11.18,10.68,10.76,6678903,103665152.000
2012-08-28,10.68,11.02,10.64,10.84,5143227,79302400.000
2012-08-29,10.81,10.81,10.58,10.68,5680649,86858288.000
2012-08-30,10.81,10.81,10.13,10.36,11260940,166726528.000
2012-08-31,10.26,10.54,10.24,10.49,6456792,96299032.000
2012-09-03,10.46,10.70,10.29,10.66,7104057,107876712.000
2012-09-04,10.66,10.75,10.45,10.49,6022876,91379264.000
2012-09-05,10.47,10.81,10.47,10.73,6287949,96300880.000
2012-09-06,11.04,11.46,11.04,11.17,20395713,329114272.000
2012-09-07,11.32,12.01,11.32,11.88,23609268,397070272.000
2012-09-10,11.99,12.31,11.77,11.83,21728028,374139872.000
2012-09-11,11.77,11.90,11.57,11.81,8032264,134868448.000
2012-09-12,12.00,12.14,11.76,12.00,6758917,115737680.000
2012-09-13,11.99,12.16,11.76,11.77,7711753,132601088.000
2012-09-14,11.89,12.01,11.61,11.77,7736726,130291904.000
2012-09-17,11.76,12.05,11.69,11.70,9652955,164145904.000
2012-09-18,11.75,11.81,11.44,11.45,5840601,96821232.000
2012-09-19,11.39,11.74,11.39,11.69,5411687,89662800.000
2012-09-20,11.54,11.91,11.54,11.71,9423340,158692656.000
2012-09-21,11.69,12.59,11.62,12.42,20835387,363564128.000
2012-11-07,12.25,12.25,11.54,11.82,43905620,741532096.000
2012-11-08,11.78,11.78,11.16,11.24,14927160,243795552.000
2012-11-09,11.25,11.28,10.90,10.99,13588761,215142032.000
2012-11-12,11.04,11.23,10.81,10.99,8317158,130304376.000
2012-11-13,10.93,11.29,10.86,11.11,7074168,112523152.000
2012-11-14,11.15,11.32,11.04,11.31,3860806,61746380.000
2012-11-15,11.21,11.32,10.75,10.76,5784199,91030720.000
2012-11-16,10.75,10.80,10.43,10.67,5857780,88620464.000
2012-11-19,10.66,10.66,10.38,10.41,7491652,112643808.000
2012-11-20,10.47,10.54,10.31,10.46,6201954,92476448.000
2012-11-21,10.54,10.61,10.35,10.41,4276216,64127640.000
2012-11-22,10.41,10.74,10.24,10.31,7213845,108093248.000
2012-11-23,10.32,10.39,10.25,10.36,5185546,76700592.000
2012-11-26,10.45,10.57,10.32,10.51,5341766,80248472.000
2012-11-27,10.39,10.56,10.33,10.37,5139708,76808848.000
2012-11-28,10.37,10.43,9.44,10.10,12520616,177912656.000
2012-11-29,9.95,10.11,9.71,10.09,9125869,129403520.000
2012-11-30,10.03,10.07,9.75,9.96,6836148,97119312.000
2012-12-03,9.97,9.99,9.37,9.41,9296543,128443704.000
2012-12-04,9.41,9.66,9.24,9.57,5572674,75294128.000
2012-12-05,9.54,10.04,9.54,9.75,11096279,156574064.000
2012-12-06,9.86,9.99,9.75,9.81,3672280,51958252.000
2012-12-07,9.89,10.31,9.79,10.24,12186945,176871536.000
2012-12-10,10.31,10.71,10.26,10.61,12852431,193221920.000
2012-12-11,10.75,10.75,10.35,10.41,8595320,128855864.000
2012-12-12,10.41,10.50,10.22,10.33,6288433,92901216.000
2012-12-13,10.39,10.44,10.18,10.38,5234785,77502696.000
2012-12-14,10.45,10.96,10.34,10.94,20387357,310978816.000
2012-12-17,10.90,11.00,10.65,10.73,10826594,166611392.000
2012-12-18,10.84,10.88,10.66,10.84,9291781,143539328.000
2012-12-19,10.81,10.94,10.64,10.72,11562029,178134784.000
2012-12-20,10.61,10.70,10.29,10.45,12617685,188310640.000
2012-12-21,10.48,10.52,9.75,9.93,21681768,312170656.000
2012-12-24,9.92,10.05,9.59,10.04,28540771,401760960.000
2012-12-25,9.95,10.57,9.89,10.57,31367793,466005568.000
2012-12-26,10.59,10.84,10.54,10.64,26494460,405422624.000
2012-12-27,10.75,10.77,10.38,10.43,22243310,335014304.000
2012-12-28,10.43,10.86,10.26,10.85,30827396,470156928.000
2012-12-31,10.95,11.25,10.76,11.20,25136453,396460000.000
2013-01-04,11.25,11.44,10.78,10.91,23479352,371566144.000
2013-01-07,10.91,10.91,10.64,10.75,17561460,269886048.000
2013-01-08,10.79,11.54,10.79,11.49,33043941,530147424.000
2013-01-09,11.50,12.09,11.28,11.82,34220199,575620288.000
2013-01-10,11.75,11.93,11.66,11.78,12884547,217537504.000
2013-01-11,11.86,11.93,11.52,11.62,15018927,250997136.000
2013-01-14,11.61,12.10,11.60,12.00,17584370,299432960.000
2013-01-15,12.06,12.71,12.01,12.25,23723394,420857344.000
2013-01-16,12.25,12.26,11.90,12.18,15477348,267209408.000
2013-01-17,12.17,12.25,11.74,11.84,12549412,213709184.000
2013-01-18,11.95,12.11,11.67,11.92,15359181,260830176.000
2013-01-21,11.98,12.01,11.71,11.96,14410215,244025104.000
2013-01-22,11.92,11.92,11.45,11.54,18356828,306415616.000
2013-01-23,11.49,11.76,11.44,11.56,10719003,177168896.000
2013-01-24,11.61,11.87,11.24,11.29,14950710,247276800.000
2013-01-25,11.43,11.44,11.18,11.32,12171728,197010288.000
2013-01-28,11.39,11.54,11.37,11.52,15740381,257892128.000
2013-01-29,11.54,11.64,11.34,11.45,16408127,269412384.000
2013-01-30,11.46,11.52,11.22,11.42,16172476,261871968.000
2013-01-31,11.45,11.54,11.14,11.18,16891133,271167616.000
2013-02-01,11.09,11.43,11.09,11.40,17114817,277086944.000
2013-02-04,11.44,11.49,11.14,11.38,15094875,243904448.000
2013-02-05,11.36,11.49,11.24,11.49,15260926,248199328.000
2013-02-06,11.54,12.12,11.54,12.09,35639348,607365504.000
2013-02-07,12.04,12.20,11.75,12.08,18456220,317188704.000
2013-02-08,12.07,12.37,11.98,12.24,14648846,255895360.000
2013-02-18,12.32,12.36,11.99,12.02,12625731,218733376.000
2013-02-19,12.02,12.24,11.57,11.66,15232695,257088912.000
2013-02-20,11.61,12.04,11.61,12.00,11240238,191041856.000
2013-02-21,11.91,11.91,11.36,11.64,13109937,218048704.000
2013-02-22,11.63,11.81,11.55,11.58,5452892,90898120.000
2013-02-25,11.57,11.67,11.46,11.61,6456826,106725360.000
2013-02-26,11.51,11.80,11.31,11.42,11645959,192299264.000
2013-02-27,11.44,11.65,11.40,11.54,6799725,112012152.000
2013-02-28,11.60,11.76,11.45,11.74,9670232,160819616.000
2013-03-01,11.76,11.79,11.33,11.47,16525002,272972256.000
2013-03-04,11.36,11.61,11.04,11.21,13836390,222021984.000
2013-03-05,11.16,11.47,11.16,11.43,9790030,158104592.000
2013-03-06,11.52,11.61,11.35,11.58,11681739,191405584.000
2013-03-07,11.59,11.97,11.46,11.59,14988229,251184352.000
2013-03-08,11.53,11.76,11.50,11.60,8261151,137653168.000
2013-03-11,11.64,11.86,11.46,11.85,9698780,162552464.000
2013-03-12,11.79,12.14,11.61,11.73,18995344,323443200.000
2013-03-13,11.73,12.06,11.61,11.82,13716771,232719232.000
2013-03-14,11.69,11.95,11.66,11.81,7600716,128136816.000
2013-03-15,11.81,11.88,11.54,11.61,9326726,155615920.000
2013-03-18,11.54,11.56,10.42,10.42,39490058,609196352.000
2013-03-19,10.11,10.32,9.46,10.11,37729076,537288000.000
2013-03-20,10.09,10.56,9.95,10.40,24863077,364265440.000
2013-03-21,10.54,10.79,10.54,10.66,20365218,311903744.000
2013-03-22,10.66,10.84,10.60,10.70,8394578,129000136.000
2013-03-25,10.70,10.76,10.43,10.48,11556112,174555488.000
2013-03-26,10.48,10.48,9.89,10.15,22878709,330519200.000
2013-03-27,10.09,10.36,10.03,10.16,17694706,258677056.000
2013-03-28,10.25,10.32,9.98,9.99,13314185,195209408.000
2013-03-29,10.11,10.29,9.97,10.18,10538018,153344096.000
2013-04-01,10.16,10.67,10.06,10.56,15378677,230728640.000
2013-04-02,10.61,10.69,10.39,10.40,8592580,129732912.000
2013-04-03,10.52,10.56,10.29,10.38,5230861,77866400.000
2013-04-08,10.31,10.39,10.11,10.27,8236495,120739664.000
2013-04-09,10.23,10.56,10.21,10.53,10142035,151615776.000
2013-04-10,10.61,11.31,10.61,11.04,40430141,634393216.000
2013-04-11,11.06,11.28,10.97,11.16,14378613,229254048.000
2013-04-12,11.18,11.25,10.96,10.98,8581559,136336976.000
2013-04-15,10.98,11.07,10.68,10.89,8632206,134570080.000
2013-04-16,10.88,10.98,10.61,10.91,8030357,124358240.000
2013-04-17,10.95,11.22,10.86,11.14,7554852,119877224.000
2013-04-18,11.03,11.27,10.90,11.06,8539766,135737680.000
2013-04-19,11.09,11.54,11.05,11.44,16475324,267455728.000
2013-04-22,11.39,11.97,11.35,11.89,24619682,413501024.000
2013-04-23,11.81,11.92,11.47,11.78,18261035,306112064.000
2013-04-24,11.74,12.68,11.74,12.54,55343435,978023360.000
2013-04-25,12.51,12.90,12.42,12.49,25287648,458454176.000
2013-04-26,12.54,13.06,12.54,12.76,26283442,482570432.000
2013-05-02,12.76,13.05,12.44,12.79,17277311,315424896.000
2013-05-03,12.71,13.04,12.71,12.81,15960744,294281760.000
2013-05-06,12.87,13.21,12.46,13.16,26280060,481122976.000
2013-05-07,13.13,13.14,12.81,12.98,14349176,265617264.000
2013-05-08,13.00,13.53,12.82,13.34,18251360,344394464.000
2013-05-09,13.32,14.21,13.24,13.98,25681511,509725696.000
2013-05-10,13.96,14.43,13.89,14.08,16007333,323916224.000
2013-05-13,14.11,14.38,13.72,13.94,18647130,371370368.000
2013-05-14,13.76,14.14,13.42,13.46,13511531,264064400.000
2013-05-15,13.46,14.13,13.46,14.07,16644257,329705504.000
2013-05-16,14.11,15.27,14.11,14.92,23226474,491890272.000
2013-05-17,15.04,15.62,14.99,15.58,23897399,525738496.000
2013-05-20,15.61,17.11,15.61,16.54,24706304,579211776.000
2013-05-21,16.57,17.21,16.53,16.67,23477406,563888576.000
2013-05-22,16.51,17.04,16.20,16.61,13972840,329592736.000
2013-05-23,16.33,17.11,16.20,16.86,17587140,420433152.000
2013-05-24,16.86,17.11,16.64,16.96,12328177,296027488.000
2013-05-27,16.91,17.16,16.72,16.96,10553770,253388944.000
2013-05-28,16.80,16.89,16.31,16.39,13296748,313162496.000
2013-05-29,16.36,16.36,15.89,16.22,13110072,300595808.000
2013-05-30,16.22,16.59,15.94,16.34,8369077,192844336.000
2013-05-31,16.40,16.95,16.39,16.56,16593910,395446976.000
2013-06-03,16.60,16.85,15.74,16.05,17001028,389663264.000
2013-06-04,15.89,16.03,15.29,15.56,13737055,304736384.000
2013-06-05,15.61,16.32,15.54,15.96,14243784,322840160.000
2013-06-06,15.96,16.79,15.90,16.29,16274785,268432816.000
2013-06-07,16.29,16.60,15.31,15.64,18764742,299399904.000
2013-06-13,15.21,15.21,14.41,14.72,21328473,316283424.000
2013-06-14,14.75,15.56,14.73,15.32,16907815,259821600.000
2013-06-17,15.32,16.02,15.11,15.78,16673059,262023440.000
2013-06-18,15.90,16.00,15.51,15.80,9125864,144464960.000
2013-06-19,15.71,16.05,15.51,15.67,10911303,173115376.000
2013-06-20,15.60,15.60,14.46,14.48,21584936,321629344.000
2013-06-21,14.31,14.52,13.70,14.44,14219636,203100176.000
2013-06-24,14.38,14.38,13.44,13.53,20122811,280805856.000
2013-06-25,13.60,14.32,12.67,14.02,30431850,421691680.000
2013-06-26,14.11,15.20,14.09,15.18,26395149,389024576.000
2013-06-27,15.20,15.46,14.40,14.50,24189878,364957728.000
2013-06-28,14.40,15.03,14.26,14.83,16898281,251034272.000
2013-07-01,14.78,15.50,14.69,15.31,16825582,257496160.000
2013-07-02,15.18,16.06,15.12,15.55,26508563,416754624.000
2013-07-03,15.40,15.55,14.90,15.36,15207887,232826928.000
2013-07-04,15.29,15.37,14.81,15.11,14923905,226681200.000
2013-07-05,15.23,15.44,14.55,14.71,12570518,190254464.000
2013-07-08,14.50,14.50,13.62,13.65,26366005,369019328.000
2013-07-09,13.55,14.05,13.46,13.74,16012042,220491584.000
2013-07-10,13.59,14.17,13.17,14.02,22922756,313356928.000
2013-07-11,14.02,15.00,13.80,14.68,21746886,317726624.000
2013-07-12,14.70,15.18,14.34,14.37,19992076,298131168.000
2013-07-15,14.41,15.10,14.41,14.83,23003419,341893440.000
2013-07-16,15.05,15.75,15.00,15.61,27778090,431595872.000
2013-07-17,15.45,15.74,15.06,15.12,14810716,228735488.000
2013-07-18,15.12,15.43,14.73,15.13,13312273,201157536.000
2013-07-19,15.22,15.77,15.17,15.18,24863552,387542464.000
2013-07-22,14.90,15.36,14.68,14.93,18382929,277033600.000
2013-07-23,15.05,15.35,14.59,15.19,28882601,434373056.000
2013-07-24,15.10,15.10,13.66,14.38,53663808,768009280.000
2013-07-25,14.12,14.66,13.93,14.21,27499377,395558528.000
2013-07-26,14.21,14.21,13.53,13.68,27259296,377872064.000
2013-07-29,13.75,13.75,13.12,13.16,18144379,245301248.000
2013-07-30,13.40,13.64,12.85,13.30,16899754,225583344.000
2013-07-31,13.35,13.57,13.20,13.26,8624709,115825632.000
2013-08-01,13.55,14.60,13.55,14.58,40016918,572678272.000
2013-08-02,14.84,15.05,14.43,14.45,26399548,391156960.000
2013-08-05,14.50,14.80,14.44,14.58,12322586,181010304.000
2013-08-06,14.63,14.88,14.49,14.71,19462487,287885824.000
2013-08-07,14.75,15.20,14.61,14.76,21193634,319115136.000
2013-08-08,14.65,14.85,14.30,14.35,17276913,251903504.000
2013-08-09,14.45,14.71,14.10,14.37,12469822,180756384.000
2013-08-12,14.59,15.63,14.55,15.44,37594975,577858368.000
2013-08-13,15.60,16.38,15.58,16.03,37923998,610608512.000
2013-08-14,16.08,16.20,15.75,15.95,20618837,329532000.000
2013-08-15,15.99,16.18,15.67,15.78,15746156,251468848.000
2013-08-16,15.68,16.79,15.39,15.42,22057662,349250048.000
2013-08-19,15.33,15.85,15.14,15.77,13864498,218606624.000
2013-08-20,15.75,16.02,15.39,15.56,13999136,221115408.000
2013-08-21,15.65,15.85,15.54,15.65,11337577,178826960.000
2013-08-22,15.83,16.25,15.82,16.02,29020453,468446336.000
2013-08-23,16.08,16.23,15.00,15.34,40999413,635115904.000
2013-08-26,15.12,15.58,15.12,15.40,21482977,332533952.000
2013-08-27,15.41,16.00,15.41,15.79,20453369,324588224.000
2013-08-28,15.75,15.75,15.40,15.47,15762467,246526160.000
2013-08-29,15.46,15.57,15.11,15.24,11010244,169997728.000
2013-08-30,15.24,15.42,15.00,15.05,12551858,191498592.000
2013-09-02,15.13,15.38,14.85,15.32,12573794,191177888.000
2013-09-03,15.33,15.89,15.11,15.78,25193887,394482432.000
2013-09-04,15.77,16.01,15.65,15.80,19397776,309376352.000
2013-09-05,15.80,16.06,15.30,15.35,19923517,315316352.000
2013-09-06,15.33,16.01,15.16,15.72,19523261,308694240.000
2013-09-09,15.74,16.00,15.58,16.00,18223097,290536320.000
2013-09-10,16.09,17.18,16.09,16.49,36107482,607188992.000
2013-09-11,16.60,16.80,16.18,16.70,19944992,332068032.000
2013-09-12,16.70,16.73,15.99,16.06,22201194,362863456.000
2013-09-13,16.16,16.26,15.92,16.02,10181045,164833280.000
2013-09-16,15.98,16.14,15.60,16.00,18680720,297459744.000
2013-09-17,16.00,16.35,15.91,16.01,13414409,217340336.000
2013-09-18,16.14,16.58,16.03,16.30,19401593,318126208.000
2013-09-23,16.31,16.50,16.09,16.43,15537897,254569248.000
2013-09-24,16.35,16.40,15.87,16.21,20614684,332478304.000
2013-09-25,16.01,16.16,15.79,15.99,12984145,207686560.000
2013-09-26,15.71,15.89,15.42,15.49,15535168,243768416.000
2013-09-27,15.48,15.61,15.13,15.33,13339222,205904896.000
2013-09-30,15.46,15.64,13.84,14.35,43193271,628908992.000
2013-10-08,14.24,14.90,13.40,14.76,43644696,617875008.000
2013-10-09,14.60,14.75,14.30,14.59,20929865,305905536.000
2013-10-10,14.64,15.23,14.42,14.85,24188450,362387552.000
2013-10-11,14.86,15.20,14.63,14.84,21283016,318260192.000
2013-10-14,14.83,14.91,14.19,14.35,33271387,484396864.000
2013-10-15,14.35,14.48,14.10,14.40,21701443,311700384.000
2013-10-16,14.42,14.48,13.90,14.09,15410004,218522608.000
2013-10-17,14.10,14.31,14.00,14.06,10583493,150361696.000
2013-10-18,14.11,14.53,14.05,14.38,16455962,238243744.000
2013-10-21,14.45,14.45,13.98,14.18,28793350,409213504.000
2013-10-22,14.16,14.16,13.28,13.51,49081901,674177344.000
2013-10-23,13.52,13.75,13.15,13.31,25884762,349667648.000
2013-10-24,13.35,13.69,13.31,13.49,20614504,281017120.000
2013-10-25,13.46,13.56,12.91,13.06,22364982,296633216.000
2013-10-28,13.08,13.16,11.82,12.61,59623845,741767808.000
2013-10-29,12.47,12.90,11.91,12.13,28317184,349566592.000
2013-10-30,12.21,12.78,12.08,12.73,26674769,338089216.000
2013-10-31,12.79,13.48,12.62,12.98,33737477,445016672.000
2013-11-01,13.14,13.39,12.88,13.23,17744755,236227232.000
2013-11-04,13.22,13.35,13.04,13.17,10237377,135920048.000
2013-11-05,13.05,13.14,12.69,12.80,17939765,231600160.000
2013-11-06,12.77,12.95,12.48,12.52,17460938,224024608.000
2013-11-07,12.52,12.78,12.36,12.60,10865591,137702416.000
2013-11-08,12.56,12.65,12.20,12.29,10853456,135348944.000
2013-11-11,12.70,13.04,12.55,12.95,19811699,256009024.000
2013-11-12,12.90,13.13,12.75,12.84,14944170,194395968.000
2013-11-13,12.74,13.03,12.66,12.85,12333832,160078640.000
2013-11-21,13.50,13.78,13.01,13.36,43796044,588515264.000
2013-11-22,13.20,13.45,13.10,13.11,20296971,270771264.000
2013-11-25,13.16,13.30,13.09,13.20,14830508,197418112.000
2013-11-26,13.17,13.27,12.94,12.98,14465733,190076000.000
2013-11-27,13.11,13.56,13.11,13.50,24127697,326202464.000
2013-11-28,13.62,14.40,13.50,14.14,38840176,550929472.000
2013-11-29,14.15,14.34,13.65,14.12,23522858,332915840.000
2013-12-02,13.80,14.30,13.61,14.05,25893420,364889824.000
2013-12-03,14.00,14.25,14.00,14.17,18338699,260700640.000
2013-12-04,14.21,14.75,14.21,14.58,35710491,524321952.000
2013-12-05,14.60,14.76,14.35,14.64,25885706,380096992.000
2013-12-06,14.56,14.73,14.48,14.50,20652069,303866560.000
2013-12-09,14.50,14.74,14.10,14.22,19383327,282355840.000
2013-12-10,14.19,14.37,14.06,14.17,13442481,192281744.000
2013-12-11,14.14,14.24,13.82,14.21,17202813,242948752.000
2013-12-12,14.03,14.76,14.03,14.72,24704133,361782816.000
2013-12-13,14.71,15.23,14.70,14.84,30639706,462298624.000
2013-12-16,14.84,14.97,14.46,14.48,16259177,239891520.000
2013-12-17,14.49,14.56,14.11,14.31,9790869,141012528.000
2013-12-18,14.43,14.53,14.10,14.27,7752892,111089968.000
2013-12-19,14.33,14.50,14.26,14.32,10196150,147598480.000
2013-12-20,14.49,14.58,14.15,14.18,14485659,209367712.000
2013-12-23,14.23,14.42,14.01,14.35,11228185,161538640.000
2013-12-24,14.34,14.73,14.30,14.57,13985584,204804064.000
2013-12-25,14.80,15.07,14.58,14.75,14639674,218081920.000
2013-12-26,14.60,14.70,14.14,14.21,17885363,258117200.000
2013-12-27,14.21,14.55,14.12,14.50,15359211,222722656.000
2013-12-30,14.70,14.81,14.51,14.66,16170946,238763216.000
2013-12-31,14.70,14.85,14.46,14.77,12101839,179771472.000
2014-01-02,14.77,14.80,14.37,14.58,15963167,233430384.000
2014-01-03,14.46,14.77,14.45,14.63,11261260,165934304.000
2014-01-06,14.65,14.72,14.18,14.71,19290611,280416896.000
2014-01-07,14.80,15.76,14.80,15.40,42608176,659549504.000
2014-01-08,15.35,15.70,15.15,15.52,22854928,356315168.000
2014-01-09,15.47,15.84,15.26,15.31,17024838,266211392.000
2014-01-10,15.30,15.40,14.77,14.79,15245016,229932944.000
2014-01-13,14.76,15.14,14.60,14.89,18422164,276021024.000
2014-01-14,14.89,15.05,14.70,14.91,13908544,208321440.000
2014-01-15,14.91,15.11,14.78,15.07,14233394,213528960.000
2014-01-16,15.03,15.17,14.74,14.76,11203551,169491824.000
2014-01-17,14.66,14.86,14.08,14.23,17758746,257553616.000
2014-01-20,14.22,14.40,13.86,14.00,11045990,157269888.000
2014-01-21,13.99,14.33,13.95,14.11,8492072,120716160.000
2014-01-22,14.22,14.53,13.91,14.52,17324977,248512432.000
2014-01-23,14.48,14.65,14.39,14.44,12608981,184110208.000
2014-01-24,14.38,14.67,14.27,14.49,16400236,238560672.000
2014-01-27,14.49,14.76,14.41,14.64,13298551,195401664.000
2014-01-28,14.73,14.83,14.41,14.50,11977087,175632128.000
2014-01-29,14.57,14.58,14.30,14.43,10334171,150346336.000
2014-01-30,14.50,14.54,13.88,14.00,21567317,306677792.000
2014-02-07,14.00,14.31,13.88,14.15,14525370,205941520.000
2014-02-10,14.30,15.47,14.30,15.38,51479355,776049472.000
2014-02-11,15.31,15.48,15.01,15.13,32730356,501157088.000
2014-02-12,15.13,15.24,14.78,15.04,25452199,382818912.000
2014-02-13,15.10,15.42,14.82,15.01,28556862,436104416.000
2014-02-14,15.02,15.17,14.71,14.97,30475929,457205248.000
2014-02-17,15.02,16.08,15.02,15.91,56220157,881000384.000
2014-02-18,16.00,16.47,15.72,16.02,39603280,643039488.000
2014-02-19,16.13,16.40,15.89,16.26,33680040,547828352.000
2014-02-20,16.30,16.88,16.02,16.17,41106736,681163840.000
2014-02-21,16.25,16.46,15.70,16.08,31134945,501423456.000
2014-02-24,15.79,16.84,15.40,16.67,38485667,623511616.000
2014-02-25,17.21,17.89,16.25,16.28,69246820,1194991872.000
2014-02-26,16.75,17.84,16.51,17.80,83609530,1450380160.000
2014-02-27,17.78,18.89,17.30,17.53,91158790,1676360064.000
2014-02-28,17.50,18.78,17.41,18.64,62993249,1159844224.000
2014-03-03,19.40,19.58,18.31,18.81,54447526,1021753920.000
2014-03-04,18.58,19.05,18.01,18.23,46116920,856801664.000
2014-03-05,18.40,18.41,17.55,17.72,44757233,807451456.000
2014-03-06,17.55,17.75,17.18,17.57,32063096,562646656.000
2014-03-07,17.60,18.06,17.26,18.04,41371675,735592768.000
2014-03-10,17.80,17.80,16.50,16.54,51271564,881520064.000
2014-03-11,16.43,16.58,16.00,16.13,30369125,496543680.000
2014-03-12,16.13,16.32,15.48,16.18,32172658,517669952.000
2014-03-13,16.17,16.25,15.76,16.08,25133392,404168256.000
2014-03-14,15.91,16.02,15.72,15.87,18314377,292405120.000
2014-03-17,15.86,16.37,15.86,16.29,24203702,393414272.000
2014-03-18,16.32,16.35,16.07,16.12,22636422,368757056.000
2014-03-19,16.15,16.20,14.89,15.01,60905397,942288320.000
2014-03-20,15.05,15.48,14.70,14.87,38150430,582321216.000
2014-03-21,14.83,15.49,14.40,15.29,35724918,535456672.000
2014-03-24,15.28,15.44,15.01,15.30,25930058,396647968.000
2014-03-25,15.26,15.48,15.14,15.37,21984238,338963776.000
2014-03-26,15.48,16.00,15.40,15.86,28565526,453121952.000
2014-03-27,15.86,15.86,15.41,15.43,22366715,351868128.000
2014-03-28,15.18,15.35,14.30,14.51,40889035,605556736.000
2014-03-31,14.60,14.64,14.00,14.02,33281285,474767072.000
2014-04-01,14.04,14.29,13.93,14.19,27582220,392429728.000
2014-04-02,14.27,14.33,13.76,14.03,24191766,342541440.000
2014-04-03,14.09,14.46,13.97,14.14,28757333,410781152.000
2014-04-04,14.10,14.35,13.96,14.26,19055322,272910336.000
2014-04-08,14.26,14.72,14.19,14.70,36378159,530651200.000
2014-04-09,14.78,14.96,14.56,14.70,28208581,417396096.000
2014-04-10,14.72,15.02,14.63,14.90,28559646,425637216.000
2014-04-11,14.85,14.85,14.60,14.68,24951464,370338976.000
2014-04-14,14.76,15.27,14.68,15.23,43799188,667022656.000
2014-04-15,15.24,15.26,14.73,14.81,28269413,424642688.000
2014-04-16,14.70,15.17,14.65,14.83,23670785,355489792.000
2014-04-17,14.86,14.98,14.70,14.75,18718059,279324672.000
2014-04-18,14.80,15.13,14.70,15.12,29918432,451314560.000
2014-04-21,15.12,15.37,14.64,14.66,38393186,580691840.000
2014-04-22,14.64,14.80,14.24,14.28,33458846,485222752.000
2014-04-23,14.30,14.40,13.83,13.90,37780255,533715424.000
2014-04-24,13.92,14.13,13.92,14.04,29530307,416903744.000
2014-04-25,14.04,14.15,13.80,13.86,19228839,269597792.000
2014-04-28,13.83,13.94,12.90,13.60,27750901,373388480.000
2014-04-29,13.60,14.14,13.47,14.08,26067576,366147936.000
2014-04-30,14.05,14.37,13.88,13.92,20016115,284690528.000
2014-05-05,13.92,13.93,13.24,13.58,29755835,403754912.000
2014-05-06,13.48,13.70,13.37,13.58,16537729,226176368.000
2014-05-07,13.43,13.56,12.96,12.97,27951946,371865440.000
2014-05-08,12.95,12.98,12.52,12.83,29658372,380920960.000
2014-05-09,12.80,12.96,12.60,12.86,19758433,255898224.000
2014-05-12,12.96,13.26,12.94,13.25,19633006,260393504.000
2014-05-13,13.31,13.47,13.08,13.17,16068501,214556752.000
2014-05-14,13.20,13.26,13.11,13.23,9391433,124818064.000
2014-05-15,13.24,13.55,13.07,13.17,17378352,233270848.000
2014-05-16,13.13,13.28,13.05,13.17,10964236,145493632.000
2014-05-19,13.16,13.17,12.70,12.80,12623790,163466160.000
2014-05-20,12.94,13.05,12.56,12.70,17616344,225788656.000
2014-05-21,12.60,12.85,12.52,12.80,10719608,137225184.000
2014-05-22,12.84,13.04,12.70,12.75,16662113,216263584.000
2014-05-23,12.77,12.93,12.72,12.90,15968053,205966528.000
2014-05-26,13.06,13.38,13.06,13.29,22677053,302403328.000
2014-05-27,13.29,13.43,13.09,13.26,22787101,304312544.000
2014-05-28,13.34,13.50,13.23,13.47,22468212,303473728.000
2014-05-29,13.50,13.52,13.18,13.19,15217396,204199728.000
2014-05-30,13.18,13.21,12.90,13.06,16851841,221572368.000
2014-06-03,13.12,13.14,12.82,12.88,17004999,222459328.000
2014-06-04,12.80,12.88,12.68,12.73,15239993,195859536.000
2014-06-05,12.80,13.05,12.79,12.99,14014794,183121184.000
2014-06-06,13.00,13.03,12.76,12.86,13180778,171215856.000
2014-06-09,12.85,13.11,12.80,12.94,13724018,179732464.000
2014-06-10,13.02,13.11,12.83,13.09,16888936,221218576.000
2014-06-11,13.13,13.35,13.04,13.30,24376584,325265376.000
2014-06-12,13.32,13.35,13.05,13.15,17105007,227095184.000
2014-06-13,13.13,13.52,13.11,13.32,25786243,346657728.000
2014-06-16,13.55,13.65,13.38,13.42,30502472,414572704.000
2014-06-17,13.42,13.42,13.08,13.22,24561575,327151136.000
2014-06-18,13.22,13.24,13.10,13.23,13095852,173807616.000
2014-06-19,13.25,13.27,12.64,12.71,25053136,324034880.000
2014-06-20,12.71,12.96,12.70,12.93,12605561,162264128.000
2014-06-23,12.91,13.17,12.86,13.00,11533908,150373920.000
2014-06-24,13.00,13.07,12.91,13.05,8566304,111467000.000
2014-06-25,13.05,13.07,12.94,13.01,7690363,100032864.000
2014-06-26,13.07,13.19,13.03,13.16,11279722,148118400.000
2014-06-27,13.25,13.35,13.17,13.24,15421459,204846384.000
2014-06-30,13.29,13.49,13.28,13.33,17961010,240466352.000
2014-07-01,13.46,13.49,13.26,13.33,14324621,191095888.000
2014-07-02,13.34,13.40,13.25,13.32,20356272,270879264.000
2014-07-03,13.38,14.11,13.27,14.07,47327230,647383616.000
2014-07-04,14.00,14.48,13.92,14.20,47789620,680423552.000
2014-07-07,14.23,14.46,14.01,14.36,26145041,373409760.000
2014-07-08,14.36,14.39,14.07,14.24,19307920,274039264.000
2014-07-09,14.26,14.72,13.82,13.84,39699339,568621440.000
2014-07-10,14.10,14.58,13.86,14.49,45575990,653861696.000
2014-07-11,14.50,14.77,14.35,14.62,30776208,449690816.000
2014-07-14,14.69,15.07,14.52,14.95,32767611,488658592.000
2014-07-15,14.89,14.89,14.64,14.71,27038291,398336480.000
2014-07-16,14.59,14.81,14.46,14.54,20436687,298363232.000
2014-07-17,14.54,14.76,14.27,14.40,17418983,252513360.000
2014-07-18,14.29,14.49,14.19,14.26,14946204,213724688.000
2014-07-21,14.20,14.76,14.20,14.49,22561407,328616768.000
2014-07-22,14.49,15.03,14.49,14.87,41800545,622648832.000
2014-07-23,14.88,14.99,14.61,14.66,20333053,300067936.000
2014-07-24,14.68,14.96,14.45,14.71,19917816,293021504.000
2014-07-25,14.74,14.74,14.40,14.61,17081600,248307008.000
2014-07-28,14.56,14.85,14.44,14.73,34639764,507100064.000
2014-07-29,14.75,15.50,14.58,15.30,56366042,852773120.000
2014-07-30,15.28,15.44,15.15,15.29,23878546,364865440.000
2014-07-31,15.38,15.55,15.25,15.40,28049471,431532160.000
2014-08-01,15.30,15.50,15.00,15.01,28614906,435981216.000
2014-08-04,15.06,15.21,14.91,15.10,29365296,441355680.000
2014-08-05,15.10,15.10,14.54,14.70,58654056,861469184.000
2014-08-06,14.58,14.69,14.31,14.65,33139259,479444064.000
2014-08-07,14.64,14.75,14.40,14.43,24259259,353719744.000
2014-08-08,14.41,14.55,14.37,14.47,20909443,301753248.000
2014-08-11,14.48,14.66,14.48,14.65,25620602,374181184.000
2014-08-12,14.64,14.69,14.45,14.61,24126654,350878848.000
2014-08-13,14.60,14.65,14.40,14.49,21512323,312130912.000
2014-08-14,14.49,14.53,14.30,14.31,30807561,443187264.000
2014-08-15,14.33,14.46,14.25,14.30,29368568,420261600.000
2014-08-18,14.38,14.62,14.35,14.61,32829723,475750816.000
2014-08-19,14.63,14.69,14.47,14.58,26519457,386973792.000
2014-08-20,14.59,14.69,14.53,14.62,21454654,313781120.000
2014-08-21,14.70,14.88,14.57,14.81,32908051,485278912.000
2014-08-22,14.84,15.08,14.83,15.00,43791971,656137408.000
2014-08-25,14.99,14.99,14.33,14.41,47474949,691880064.000
2014-08-26,14.40,14.40,14.00,14.03,40756028,576892736.000
2014-08-27,14.12,14.38,14.12,14.24,23479062,334667200.000
2014-08-28,14.36,14.46,14.21,14.29,21519560,307953312.000
2014-08-29,14.30,14.48,14.12,14.44,22459966,322070848.000
2014-09-01,14.49,14.87,14.41,14.79,33796495,496876736.000
2014-09-02,14.86,15.10,14.64,15.08,51080007,759927872.000
2014-09-03,15.06,15.34,14.97,15.12,61827275,939725568.000
2014-09-04,15.12,15.29,14.90,15.16,45254376,682553024.000
2014-09-05,15.16,16.68,15.15,16.68,145647293,2337781760.000
2014-09-09,17.00,17.00,16.39,16.73,77219549,1290114688.000
2014-09-10,16.59,16.60,16.26,16.46,47010814,771422336.000
2014-09-11,16.49,16.64,16.00,16.18,52703007,861019648.000
2014-09-12,16.49,16.94,16.41,16.62,89887439,1502482432.000
2014-09-15,16.43,16.57,16.30,16.40,45727412,749665088.000
2014-09-16,16.40,16.64,15.87,15.92,48939542,794797824.000
2014-09-17,15.92,16.24,15.80,16.06,34881198,558565312.000
2014-09-18,16.06,16.23,15.90,16.08,22183201,355981952.000
2014-09-19,16.08,16.16,15.82,16.09,31898301,510103552.000
2014-09-22,16.02,16.19,15.88,16.10,35367165,567860736.000
2014-09-23,16.10,16.48,16.00,16.39,31079841,505559456.000
2014-09-24,16.30,16.59,16.22,16.33,46115008,756330496.000
2014-09-25,16.37,16.54,16.16,16.35,33595357,550027200.000
2014-09-26,16.34,16.93,16.27,16.85,60285757,1004942464.000
2014-09-29,16.85,17.49,16.70,17.08,57190972,978953344.000
2014-09-30,17.08,17.55,16.95,17.13,49466902,857334336.000
2014-10-08,17.22,17.31,16.86,17.05,37266751,633715840.000
2014-10-09,16.91,16.91,16.44,16.68,69320828,1153577600.000
2014-10-10,16.67,17.20,16.49,17.16,48396220,814851584.000
2014-10-13,16.93,17.88,16.90,17.61,68809656,1201074688.000
2014-10-14,17.45,17.85,17.21,17.50,42752243,750641408.000
2014-10-15,17.45,17.85,17.31,17.67,37924623,670412288.000
2014-10-16,17.61,17.82,17.13,17.19,34091899,596287296.000
2014-10-17,17.22,17.36,16.67,17.01,29385661,497570304.000
2014-10-20,17.01,17.44,16.86,17.31,29608533,507291904.000
2014-10-21,17.28,17.42,16.79,16.83,25644463,436802080.000
2014-10-22,16.80,16.95,16.20,16.22,31264791,517391296.000
2014-10-23,16.20,16.38,15.85,15.99,28032578,451073376.000
2014-10-24,15.99,16.12,15.68,15.75,21975504,349193856.000
2014-10-27,15.82,16.08,15.75,15.91,20873137,332065504.000
2014-10-28,15.74,16.35,15.61,16.28,37588852,603647168.000
2014-10-29,16.33,17.00,16.15,16.83,59922980,996135488.000
2014-10-30,16.82,16.90,16.30,16.42,44634632,739957888.000
2014-10-31,16.45,16.70,16.38,16.50,35612777,588592576.000
2014-11-03,16.53,16.72,16.38,16.61,30309208,501075072.000
2014-11-04,16.64,16.64,16.30,16.35,23936938,392702336.000
2014-11-05,16.40,16.66,16.31,16.40,28320856,466606720.000
2014-11-06,16.45,16.45,16.00,16.19,29235771,472908864.000
2014-11-07,16.17,16.19,15.81,15.86,48838655,782176384.000
2014-11-10,15.90,16.15,15.65,15.99,31631898,501363680.000
2014-11-11,15.98,16.53,15.93,16.36,72193630,1175891968.000
2014-11-12,16.30,16.45,16.03,16.34,26890648,435860992.000
2014-11-13,16.35,16.40,15.68,15.85,28163930,450359584.000
2014-11-14,15.80,15.95,15.49,15.57,27614276,433235712.000
2014-11-17,15.58,15.99,15.58,15.69,21082542,333397632.000
2014-11-18,15.78,15.80,15.37,15.41,24655948,381980704.000
2014-11-19,15.45,15.45,15.18,15.34,22799509,348922176.000
2014-11-20,15.30,15.43,15.21,15.42,18806115,287477824.000
2014-11-21,15.40,15.72,15.30,15.63,27076898,422309056.000
2014-11-24,15.78,15.86,15.46,15.64,36239849,565940032.000
2014-11-25,15.64,15.89,15.57,15.81,33981563,535296064.000
2014-11-26,15.92,16.40,15.92,16.13,42513829,685472896.000
2014-11-27,16.30,16.34,15.88,16.03,35983206,576256128.000
2014-11-28,16.03,16.04,15.65,15.79,34713910,547091840.000
2014-12-01,15.78,15.80,15.44,15.67,35349781,551568000.000
2014-12-02,15.77,15.97,15.68,15.91,38252324,606359232.000
2014-12-03,15.93,16.34,15.71,16.21,58218204,937457152.000
2014-12-04,16.21,16.70,16.13,16.61,61416939,1016638720.000
2014-12-05,16.59,16.86,15.89,16.16,50486375,823853696.000
2014-12-08,15.70,16.82,15.65,16.37,69999075,1137081728.000
2014-12-09,16.37,16.88,15.80,15.91,88133854,1456132992.000
2014-12-10,15.93,16.88,15.93,16.85,73570240,1219988224.000
2014-12-11,16.89,17.53,16.83,16.93,67250424,1151498496.000
2014-12-12,16.88,17.22,16.48,17.04,52138926,879517248.000
2014-12-15,16.99,17.45,16.69,17.13,46570181,798432192.000
2014-12-16,17.12,17.30,16.68,16.80,46761819,789966464.000
2014-12-17,16.75,16.96,16.28,16.49,47193497,783207232.000
2014-12-18,16.58,16.77,16.45,16.52,31354495,520199904.000
2014-12-19,16.53,16.60,15.80,16.28,43221674,699225536.000
2014-12-22,16.28,16.81,16.01,16.50,51164875,840149376.000
2014-12-23,16.45,16.45,15.45,15.52,38082810,608274176.000
2014-12-24,15.60,15.68,15.18,15.35,34727840,532203968.000
2014-12-25,15.44,15.75,15.08,15.72,40290155,617224896.000
2014-12-26,15.72,15.88,15.38,15.69,29029564,453432320.000
2014-12-29,15.70,15.70,14.59,14.78,74293749,1117500928.000
2014-12-30,14.80,14.93,14.13,14.37,49513127,715410048.000
2014-12-31,14.37,14.66,14.24,14.55,35035527,505472992.000
2015-01-05,14.58,15.15,14.25,14.98,55928098,817200256.000
2015-01-06,14.90,16.35,14.69,15.50,102734567,1609984768.000
2015-01-07,15.32,15.50,15.08,15.34,40090077,611265984.000
2015-01-08,15.34,15.41,14.91,15.10,38850050,588924352.000
2015-01-09,15.12,15.60,15.10,15.19,42427617,651905216.000
2015-01-12,15.23,15.69,15.18,15.57,42448425,658287040.000
2015-01-13,15.56,15.88,15.46,15.84,44068499,693298304.000
2015-01-14,15.84,15.84,15.41,15.51,28608159,446000576.000
2015-01-15,15.51,15.62,15.34,15.46,21615757,333818624.000
2015-01-16,15.60,16.30,15.59,15.94,53179450,850904064.000
2015-01-19,15.59,16.44,15.28,15.38,55513762,881522304.000
2015-01-20,15.35,15.92,15.35,15.81,38406001,602539328.000
2015-01-21,15.97,16.39,15.76,16.26,61655079,992522880.000
2015-01-22,16.26,16.31,15.97,16.17,43438646,700155072.000
2015-01-23,16.16,16.49,15.99,16.42,66094781,1076461056.000
2015-01-26,16.43,16.50,16.18,16.41,58141860,951314048.000
2015-01-27,16.39,16.40,15.83,16.02,50400906,811027904.000
2015-01-28,16.00,16.19,15.85,15.96,33313839,533185056.000
2015-01-29,15.87,16.43,15.74,16.42,60327987,977862528.000
2015-01-30,16.48,16.48,16.00,16.03,37870322,614695104.000
2015-02-02,15.90,15.93,15.45,15.53,42625572,668687168.000
2015-02-03,15.69,15.83,15.50,15.77,23878387,374433408.000
2015-02-04,15.79,15.98,15.60,15.60,22537805,355417280.000
2015-02-05,15.85,15.85,15.13,15.15,44249429,682937344.000
2015-02-06,15.20,15.40,14.95,14.97,20653271,312940256.000
2015-02-09,15.02,15.24,15.00,15.05,15240497,230473136.000
2015-02-10,15.15,15.29,15.06,15.21,15694115,238341696.000
2015-02-11,15.22,15.32,15.15,15.21,18144834,276349312.000
2015-02-12,15.23,15.42,15.14,15.27,20213760,308556192.000
2015-02-13,15.29,15.72,15.29,15.46,34322809,533919296.000
2015-02-16,15.60,15.74,15.50,15.68,27597415,431404544.000
2015-02-17,15.83,15.97,15.60,15.71,36449659,574573248.000
2015-02-25,15.73,15.95,15.64,15.73,29393413,465360640.000
2015-02-26,15.73,16.44,15.69,16.33,67004816,1079478400.000
2015-02-27,16.28,16.65,16.24,16.31,52799933,867117696.000
2015-03-02,16.40,16.40,16.11,16.22,50923984,827283200.000
2015-03-03,16.26,16.49,16.00,16.01,52133023,846589632.000
2015-03-04,16.01,16.40,16.00,16.33,42373429,688404608.000
2015-03-05,16.33,16.34,15.98,16.10,36978732,595575040.000
2015-03-06,16.15,16.68,16.13,16.47,68604691,1126856448.000
2015-03-09,16.34,16.58,16.07,16.54,42607050,695962176.000
2015-03-10,16.48,17.08,16.42,16.74,65324827,1098330880.000
2015-03-11,16.66,16.76,16.35,16.46,44324728,733205312.000
2015-03-12,16.58,16.81,16.31,16.71,48942980,813555072.000
2015-03-13,16.70,16.72,16.46,16.50,34077120,564671040.000
2015-03-16,16.53,17.07,16.52,16.90,64756728,1088387712.000
2015-03-17,16.90,17.38,16.81,17.11,80146950,1370215168.000
2015-03-18,17.17,17.49,17.12,17.41,76056884,1314098432.000
2015-03-19,17.41,17.54,17.21,17.36,57719107,1000237184.000
2015-03-20,17.55,18.28,17.44,18.20,96639060,1729642880.000
2015-03-23,18.45,18.60,17.92,18.28,95029192,1732859776.000
2015-03-24,18.35,18.35,17.56,18.11,83703565,1502271104.000
2015-03-25,18.12,18.12,17.50,17.72,73912398,1314491904.000
2015-03-26,17.73,18.04,17.54,17.97,65184961,1162448128.000
2015-03-27,17.97,19.77,17.86,19.77,132176691,2516034560.000
2015-03-30,20.30,21.68,20.17,20.80,190299211,3974050816.000
2015-03-31,20.80,21.50,20.30,20.74,121756984,2538626560.000
2015-04-01,20.85,22.81,20.85,22.81,80517207,1784735488.000
2015-04-02,23.80,24.70,23.20,23.66,177035425,4218132480.000
2015-04-03,23.80,24.27,22.96,23.96,116583682,2740551424.000
2015-04-07,23.85,24.27,23.13,23.39,118646852,2773586176.000
2015-04-08,23.22,23.22,21.98,22.61,120522757,2723866624.000
2015-04-09,22.15,23.59,22.14,23.11,134443674,3074307584.000
2015-04-10,23.00,23.46,22.70,23.11,83314201,1921172992.000
数据来源:通达信
