600690 青岛海尔 日线 前复权
      日期	    开盘	    最高	    最低	    收盘	    成交量	    成交额
2011-03-02,14.21,14.50,13.91,14.45,7166852,217791520.000
2011-03-03,14.35,14.50,13.95,14.04,4086843,124294296.000
2011-03-04,13.99,13.99,13.68,13.85,13433063,397539392.000
2011-03-07,13.93,14.77,13.89,14.50,14664330,456028224.000
2011-03-08,14.35,14.43,14.07,14.31,4677537,142925936.000
2011-03-09,14.41,14.54,13.81,14.08,6320229,190442256.000
2011-03-10,13.97,14.05,13.83,13.91,3213386,96079376.000
2011-03-11,13.88,14.14,13.60,13.80,4217560,125785552.000
2011-03-14,13.78,14.00,13.30,13.80,6597340,192077824.000
2011-03-15,13.64,13.64,12.95,13.24,9191216,262534176.000
2011-03-16,13.28,13.71,13.14,13.65,9343451,272270976.000
2011-03-17,13.40,13.53,13.00,13.38,10211560,293742112.000
2011-03-18,13.70,13.84,13.44,13.53,9127490,267046080.000
2011-03-21,13.55,13.83,13.21,13.37,3455697,100715592.000
2011-03-22,13.39,13.81,13.15,13.78,8925507,260503264.000
2011-03-23,13.70,14.10,13.58,14.03,7788980,231746992.000
2011-03-24,13.95,14.05,13.64,13.70,9982985,296852672.000
2011-03-25,13.70,14.10,13.58,13.89,10693699,321363456.000
2011-03-28,13.89,14.23,13.89,14.10,8954250,271441632.000
2011-03-29,14.08,14.18,13.37,13.45,8610237,255665392.000
2011-03-30,13.45,13.58,13.10,13.30,4915384,140538528.000
2011-03-31,13.09,13.54,12.98,13.04,5465180,154894896.000
2011-04-01,13.12,13.24,12.65,13.03,9461928,262709168.000
2011-04-06,12.88,13.04,12.56,12.80,12798927,352618176.000
2011-04-07,12.95,13.56,12.95,13.50,12195184,348625856.000
2011-04-08,13.50,13.88,13.31,13.70,8451800,249522608.000
2011-04-11,13.77,13.84,13.46,13.50,7478896,219049712.000
2011-04-12,13.66,13.67,13.10,13.41,6893888,198202672.000
2011-04-13,13.29,13.35,12.96,13.30,7615849,216344560.000
2011-04-14,13.21,13.34,13.13,13.19,6444441,184245280.000
2011-04-15,13.14,13.40,12.85,13.13,6736987,190192432.000
2011-04-18,12.99,13.14,12.70,12.88,8400859,234110960.000
2011-04-19,12.80,13.09,12.71,12.86,4835151,134671120.000
2011-04-20,12.87,13.04,12.87,12.95,3337792,93486120.000
2011-04-21,13.04,13.04,12.85,12.88,3753061,104664024.000
2011-04-22,12.85,13.34,12.81,13.28,7305201,207260624.000
2011-04-25,13.16,13.32,12.96,13.10,4922763,140131168.000
2011-04-26,13.11,13.31,13.06,13.17,3443133,97770848.000
2011-04-27,13.30,13.59,13.15,13.32,8262201,238774192.000
2011-04-28,13.43,13.53,12.71,12.98,8926977,254064144.000
2011-04-29,13.02,13.21,12.95,13.11,4083221,115434328.000
2011-05-03,13.14,13.16,12.91,13.08,3302550,92904184.000
2011-05-04,12.98,12.98,12.71,12.73,4189182,115866344.000
2011-05-05,12.73,12.78,12.58,12.76,4743854,130372728.000
2011-05-06,12.68,13.02,12.55,12.97,3484178,96912152.000
2011-05-09,12.88,13.37,12.88,13.02,6103484,173567552.000
2011-05-10,13.03,13.12,12.85,12.96,3657443,102479800.000
2011-05-11,12.90,13.05,12.75,12.85,5158488,143532128.000
2011-05-12,12.73,13.12,12.72,12.81,6951069,194943968.000
2011-05-13,12.82,12.93,12.33,12.64,7223609,196593744.000
2011-05-16,12.46,12.72,12.45,12.51,2737581,74727344.000
2011-05-17,12.55,12.63,12.35,12.45,4617786,124604680.000
2011-05-18,12.38,12.68,12.38,12.63,2696143,73370392.000
2011-05-19,12.63,12.99,12.56,12.60,4106124,113497136.000
2011-05-20,12.60,12.77,12.58,12.63,4239845,116153336.000
2011-05-23,12.63,12.63,12.17,12.21,3889240,104342456.000
2011-05-24,12.19,12.36,12.06,12.20,2672729,70741568.000
2011-05-25,12.15,12.24,11.89,11.90,2275443,59587416.000
2011-05-26,12.03,12.05,11.71,11.73,2543051,65765908.000
2011-05-27,11.80,11.90,11.54,11.65,3498594,88933768.000
2011-05-30,11.59,11.74,11.48,11.54,1874704,47534884.000
2011-05-31,11.58,12.08,11.51,12.05,2458557,62991916.000
2011-06-01,12.00,12.07,11.79,11.93,3746330,97533016.000
2011-06-02,11.80,11.95,11.61,11.75,1126144,28846820.000
2011-06-03,11.75,12.00,11.75,11.80,2728513,70414120.000
2011-06-07,11.73,12.10,11.70,12.05,3369559,87876200.000
2011-06-08,12.05,12.10,11.87,12.05,2695123,70117960.000
2011-06-09,12.00,12.10,11.70,11.79,2177223,56553240.000
2011-06-10,11.79,12.03,11.62,11.73,4305764,110350776.000
2011-06-13,11.65,11.78,11.50,11.76,1234397,31248462.000
2011-06-14,11.63,12.22,11.63,12.16,4816820,125795864.000
2011-06-15,12.09,12.15,11.80,11.88,2610952,67873872.000
2011-06-17,11.88,12.08,11.69,11.71,3540869,91396056.000
2011-06-20,11.78,11.90,11.60,11.79,4252942,108686416.000
2011-06-21,11.80,12.18,11.80,12.13,5771356,150876848.000
2011-06-22,12.13,12.25,12.03,12.12,3396249,89481800.000
2011-06-23,12.15,12.53,12.03,12.43,6331195,169915664.000
2011-06-24,12.36,13.03,12.36,12.76,7448188,206211104.000
2011-06-27,12.77,12.89,12.69,12.77,3906640,107879272.000
2011-06-28,12.84,12.95,12.65,12.92,4128442,114379632.000
2011-06-30,12.88,13.00,12.71,12.93,4730824,132289168.000
2011-07-01,13.01,13.05,12.75,12.78,3711788,103171088.000
2011-07-04,12.94,13.01,12.77,12.90,5068721,141438672.000
2011-07-05,12.91,13.01,12.69,12.74,5826679,161347824.000
2011-07-06,12.77,12.95,12.58,12.82,8291615,228634640.000
2011-07-07,12.88,12.91,12.60,12.61,7624904,210167840.000
2011-07-08,12.66,12.69,12.46,12.56,4252037,115915080.000
2011-07-11,12.50,12.95,12.40,12.89,9278579,254528912.000
2011-07-12,12.93,13.27,12.80,13.09,16843957,473750784.000
2011-07-13,13.14,13.37,13.01,13.30,9475071,270261664.000
2011-07-14,13.31,13.47,13.26,13.43,8867179,255825152.000
2011-07-15,13.38,13.38,13.02,13.24,12427259,353350720.000
2011-07-18,13.49,13.55,12.97,13.05,20476055,291543232.000
2011-07-19,12.95,13.24,12.70,12.76,21023379,292295232.000
2011-07-20,12.85,13.05,12.70,12.89,14080358,194910976.000
2011-07-21,12.89,12.89,12.30,12.32,19855471,268459360.000
2011-07-22,12.37,12.52,12.28,12.37,12505298,167174224.000
2011-07-25,12.33,12.37,11.55,11.60,21940382,283542624.000
2011-07-26,11.61,11.85,11.52,11.67,12343626,156288832.000
2011-07-27,11.68,11.90,11.55,11.81,8576236,109430856.000
2011-07-28,11.68,11.74,11.31,11.66,12242027,153423808.000
2011-07-29,11.73,11.88,11.56,11.70,9456090,120704032.000
2011-08-01,11.83,11.85,11.56,11.62,6973618,88567152.000
2011-08-02,11.67,11.67,11.28,11.42,7480203,92584408.000
2011-08-03,11.29,11.32,11.06,11.14,15968734,194090080.000
2011-08-04,11.19,11.31,11.14,11.16,9368233,114296688.000
2011-08-05,10.86,11.04,10.61,10.95,14665505,173458704.000
2011-08-08,10.60,10.91,10.40,10.61,13026417,151209040.000
2011-08-09,10.39,11.00,10.22,10.84,15505909,179948272.000
2011-08-10,11.02,11.21,10.90,10.99,11644920,140880672.000
2011-08-11,10.74,11.16,10.70,11.04,9147249,109846992.000
2011-08-12,11.18,11.24,10.68,10.80,20475564,243782048.000
2011-08-15,10.83,10.89,10.55,10.65,26863767,314055232.000
2011-08-16,10.68,10.80,10.59,10.61,18384398,214348688.000
2011-08-17,10.63,10.68,10.30,10.38,21522011,247874384.000
2011-08-18,10.34,10.47,10.25,10.36,22201014,252013488.000
2011-08-19,10.20,10.55,10.10,10.35,18026667,205086416.000
2011-08-22,10.48,10.54,10.18,10.25,6856931,77589104.000
2011-08-23,10.34,10.55,10.23,10.45,7288261,83190960.000
2011-08-24,10.53,10.61,10.38,10.41,6472541,74383456.000
2011-08-25,10.44,10.70,10.38,10.67,19889349,229792192.000
2011-08-26,10.66,10.66,10.39,10.44,19174044,220196288.000
2011-08-29,10.35,10.40,10.17,10.21,10592789,119185680.000
2011-08-30,10.32,10.40,10.08,10.16,12741815,143076064.000
2011-08-31,10.20,10.29,10.12,10.22,8191160,91835120.000
2011-09-01,10.29,10.34,10.12,10.18,9073216,101880040.000
2011-09-02,10.15,10.21,9.86,9.92,13294985,145801536.000
2011-09-05,9.85,9.92,9.71,9.72,6921808,74603808.000
2011-09-06,9.61,9.69,9.16,9.20,20151140,207921904.000
2011-09-07,9.30,9.47,9.23,9.37,14980792,155005024.000
2011-09-08,9.44,9.61,9.29,9.46,16129706,168868288.000
2011-09-09,9.40,9.61,9.20,9.36,8331004,86547272.000
2011-09-13,9.18,9.31,9.06,9.25,5522413,56241984.000
2011-09-14,9.25,9.36,9.11,9.30,7341754,75049248.000
2011-09-15,9.34,9.36,9.23,9.24,8210772,84502744.000
2011-09-16,9.33,9.35,9.15,9.19,6043241,61919056.000
2011-09-19,9.14,9.14,8.84,8.86,10694598,106085584.000
2011-09-20,8.80,8.95,8.70,8.82,10347181,101304048.000
2011-09-21,8.86,9.23,8.71,9.19,19744407,197953648.000
2011-09-22,9.07,9.12,8.76,8.82,13976895,138918080.000
2011-09-23,8.60,8.72,8.46,8.59,16664322,159743488.000
2011-09-26,8.60,8.64,8.41,8.46,13427630,128048584.000
2011-09-27,8.52,8.62,8.40,8.50,14349730,136845184.000
2011-09-28,8.58,8.61,8.40,8.42,14281359,135885056.000
2011-09-29,8.30,8.40,8.18,8.19,9082130,84293160.000
2011-09-30,8.23,8.31,8.12,8.18,8726234,80300432.000
2011-10-10,8.24,8.33,8.18,8.22,6084799,56203064.000
2011-10-11,8.42,8.48,7.99,8.08,13901496,128138528.000
2011-10-12,8.07,8.65,7.88,8.61,22596752,210815456.000
2011-10-13,8.62,8.89,8.53,8.83,20203673,197082064.000
2011-10-14,8.84,8.91,8.74,8.85,11691903,114803728.000
2011-10-17,8.88,9.02,8.80,8.94,12545031,124571024.000
2011-10-18,8.82,8.89,8.70,8.76,11196451,109489112.000
2011-10-19,8.86,8.88,8.60,8.68,13368001,130344368.000
2011-10-20,8.50,8.58,8.10,8.36,11473727,107239168.000
2011-10-21,8.34,8.47,8.26,8.30,4144059,38752604.000
2011-10-24,8.35,8.87,8.24,8.77,12816156,123690600.000
2011-10-25,8.73,9.10,8.65,8.98,13715846,135838976.000
2011-10-26,8.89,9.48,8.87,9.18,24716617,253082144.000
2011-10-27,9.18,9.34,9.15,9.20,8924717,91112592.000
2011-10-28,9.40,9.55,9.25,9.44,16707581,174521008.000
2011-10-31,9.39,9.43,9.21,9.33,10518743,108250088.000
2011-11-01,9.22,9.40,9.08,9.15,15269757,156194720.000
2011-11-02,8.95,9.29,8.90,9.27,15405846,155027824.000
2011-11-03,9.36,9.55,9.27,9.34,20736484,215460624.000
2011-11-04,9.48,9.60,9.32,9.38,13407737,139589664.000
2011-11-07,9.36,9.37,9.16,9.19,9723967,99472480.000
2011-11-08,9.23,9.30,9.15,9.18,5740832,58626704.000
2011-11-09,9.27,9.32,9.02,9.25,10353652,105101760.000
2011-11-10,9.10,9.14,8.90,8.96,13657833,136899408.000
2011-11-11,8.99,9.00,8.84,8.88,8683292,86083624.000
2011-11-14,8.98,9.04,8.92,9.03,20564797,205061792.000
2011-11-15,9.01,9.01,8.65,8.77,35865578,350823520.000
2011-11-16,8.78,8.81,8.41,8.45,17748788,170235712.000
2011-11-17,8.46,8.55,8.28,8.49,11393914,107135632.000
2011-11-18,8.36,8.43,8.13,8.25,9268472,86136856.000
2011-11-21,8.26,8.30,7.89,8.02,23401512,210300064.000
2011-11-22,7.90,7.98,7.64,7.85,21848590,192222304.000
2011-11-23,7.82,7.92,7.67,7.86,17718784,155336384.000
2011-11-24,7.75,7.90,7.71,7.86,14611616,128900720.000
2011-11-25,7.82,7.86,7.64,7.70,11366699,99316456.000
2011-11-28,7.73,7.78,7.54,7.59,10248589,88598224.000
2011-11-29,7.68,7.81,7.61,7.79,9663372,84241344.000
2011-11-30,7.78,7.78,7.46,7.52,12835896,110158720.000
2011-12-01,7.75,7.92,7.60,7.77,21021411,184898944.000
2011-12-02,7.71,7.74,7.52,7.66,11040209,94972712.000
2011-12-05,7.60,7.63,7.46,7.55,7882069,67309504.000
2011-12-06,7.50,7.71,7.48,7.68,10652482,91598152.000
2011-12-07,7.65,7.85,7.62,7.80,8664886,75871368.000
2011-12-08,7.75,7.88,7.72,7.82,9865993,86920288.000
2011-12-09,7.75,7.80,7.56,7.70,10690211,92439136.000
2011-12-12,7.63,7.68,7.48,7.49,9459276,80643632.000
2011-12-13,7.45,7.45,7.29,7.31,11281126,94247328.000
2011-12-14,7.26,7.32,7.12,7.14,6879235,56424552.000
2011-12-15,7.06,7.13,6.89,7.10,16719083,133694856.000
2011-12-16,7.08,7.36,7.01,7.33,9845484,80114600.000
2011-12-19,7.23,7.37,7.14,7.33,8851452,72946848.000
2011-12-20,7.33,7.56,7.30,7.42,9754334,82416288.000
2011-12-21,7.51,7.57,7.32,7.32,5344118,45249016.000
2011-12-22,7.22,7.52,7.17,7.51,10102387,84573696.000
2011-12-23,7.51,7.74,7.42,7.68,12205089,105601776.000
2011-12-26,7.59,7.86,7.56,7.80,16327418,143243088.000
2011-12-27,7.77,7.90,7.56,7.61,13388666,117327712.000
2011-12-28,7.52,7.63,7.38,7.57,10442778,88680544.000
2011-12-29,7.49,7.76,7.49,7.74,11473912,99109616.000
2011-12-30,7.78,7.96,7.77,7.93,17089921,151598624.000
2012-01-04,8.00,8.17,7.78,7.78,14228841,127992608.000
2012-01-05,7.75,7.93,7.60,7.73,9126603,80230576.000
2012-01-06,7.74,7.83,7.53,7.79,6983925,60719868.000
2012-01-09,7.88,8.10,7.68,8.07,16060642,143984784.000
2012-01-10,8.05,8.45,8.01,8.42,26825818,249525104.000
2012-01-11,8.42,8.46,8.23,8.26,14142762,131518488.000
2012-01-12,8.24,8.43,8.21,8.23,9878726,91948432.000
2012-01-13,8.41,8.51,7.75,7.83,26665890,240218656.000
2012-01-16,7.68,7.87,7.61,7.70,8588231,75279584.000
2012-01-17,7.73,8.35,7.68,8.29,18073047,163495904.000
2012-01-18,8.29,8.35,7.96,8.08,15783605,144594112.000
2012-01-19,8.12,8.44,8.01,8.40,16304388,151991584.000
2012-01-20,8.40,8.55,8.36,8.51,15072544,142787472.000
2012-01-30,8.51,8.54,8.22,8.24,11126761,103664440.000
2012-01-31,8.23,8.31,8.13,8.21,4670116,42857072.000
2012-02-01,8.20,8.28,8.03,8.10,7642262,69859592.000
2012-02-02,8.06,8.20,7.99,8.19,8615719,78364920.000
2012-02-03,8.20,8.22,8.09,8.17,9099819,83341888.000
2012-02-06,8.17,8.36,8.17,8.27,11221633,104093912.000
2012-02-07,8.24,8.24,7.97,8.07,9753294,88458728.000
2012-02-08,8.10,8.31,7.98,8.28,16870329,154637408.000
2012-02-09,8.26,8.39,8.14,8.33,16395872,152437824.000
2012-02-10,8.29,8.42,8.23,8.33,12916032,120565448.000
2012-02-13,8.23,8.33,8.14,8.28,14584158,134734800.000
2012-02-14,8.28,8.31,8.18,8.24,9615838,88738336.000
2012-02-15,8.22,8.55,8.19,8.54,24520065,231682144.000
2012-02-16,8.54,8.55,8.37,8.53,12923490,122338080.000
2012-02-17,8.56,8.60,8.44,8.58,9744149,92997248.000
2012-02-20,8.66,8.90,8.62,8.74,22470356,219358400.000
2012-02-21,8.70,8.96,8.66,8.91,15635946,153351152.000
2012-02-22,8.94,9.30,8.86,9.28,33386604,339033696.000
2012-02-23,9.28,9.36,9.08,9.22,20118318,205782336.000
2012-02-24,9.18,9.39,9.14,9.31,22007618,225848448.000
2012-02-27,9.28,10.14,9.28,9.68,47208371,508643936.000
2012-02-28,9.70,9.78,9.50,9.73,17137596,182689696.000
2012-02-29,9.72,9.72,9.41,9.49,20944822,219960608.000
2012-03-01,9.43,10.00,9.36,9.98,27575852,294707488.000
2012-03-02,9.95,10.65,9.94,10.57,39961099,448808640.000
2012-03-05,10.58,10.84,10.35,10.41,57452573,664893696.000
2012-03-06,10.30,11.27,10.28,11.20,84486613,999303360.000
2012-03-07,11.00,11.55,10.90,10.98,66472257,810668288.000
2012-03-08,11.03,11.16,10.78,11.14,42357639,506109568.000
2012-03-09,11.14,11.19,10.78,11.00,33570105,401486144.000
2012-03-12,10.99,11.12,10.72,11.05,38545651,460137504.000
2012-03-13,11.00,11.16,10.90,11.00,24652812,296470720.000
2012-03-14,11.05,11.17,10.41,10.48,43790331,519005152.000
2012-03-15,10.46,10.59,10.24,10.42,30205458,345078816.000
2012-03-16,10.40,10.63,10.35,10.61,20104819,230857344.000
2012-03-19,10.61,10.61,10.28,10.44,19270941,219264800.000
2012-03-20,10.35,10.57,10.14,10.30,20444907,232194064.000
2012-03-21,10.35,10.40,9.78,10.03,16908576,186963440.000
2012-03-22,10.04,10.32,9.85,10.16,12414269,138074192.000
2012-03-23,10.08,10.19,9.86,9.95,9789045,107407128.000
2012-03-26,9.90,9.95,9.56,9.71,11879046,127659872.000
2012-03-27,9.78,9.88,9.45,9.55,12179384,130175472.000
2012-03-28,9.47,9.48,8.99,9.04,25088622,254316848.000
2012-03-29,9.05,9.20,8.92,9.16,18759075,188680320.000
2012-03-30,9.15,9.32,9.00,9.29,11375733,115629184.000
2012-04-05,9.32,9.63,9.14,9.55,19916609,208564752.000
2012-04-06,9.52,9.68,9.40,9.53,18360967,193722464.000
2012-04-09,9.47,9.63,9.27,9.49,8948241,93728808.000
2012-04-10,9.40,9.78,9.16,9.68,13721656,142976464.000
2012-04-11,9.51,9.99,9.43,9.76,17414104,187080176.000
2012-04-12,9.70,9.93,9.68,9.90,13053622,141486688.000
2012-04-13,9.94,10.15,9.81,10.14,19996652,220184848.000
2012-04-16,10.05,10.22,9.90,9.98,15986280,176310016.000
2012-04-17,9.96,10.02,9.71,9.79,11176100,120914304.000
2012-04-18,9.81,10.22,9.77,10.18,19238766,212840832.000
2012-04-19,10.19,10.20,10.04,10.15,8696653,96752240.000
2012-04-20,10.13,10.20,9.95,10.14,11439143,126587216.000
2012-04-23,10.12,10.15,9.90,10.12,21081630,231636864.000
2012-04-24,10.04,10.13,9.46,9.81,23280779,249865952.000
2012-04-25,9.70,9.96,9.58,9.92,16217869,174501536.000
2012-04-26,9.92,10.02,9.85,9.88,8595095,93832360.000
2012-04-27,9.86,10.25,9.50,10.16,26789684,290899296.000
2012-05-02,10.23,10.47,10.08,10.35,28285637,319358208.000
2012-05-03,10.28,10.37,10.19,10.36,10398171,117224616.000
2012-05-04,10.36,10.73,10.36,10.67,21698362,251212512.000
2012-05-07,10.61,11.09,10.55,10.98,24846835,296614560.000
2012-05-08,11.00,11.04,10.74,10.99,19099074,227623760.000
2012-05-09,10.82,10.90,10.57,10.66,15215677,178234704.000
2012-05-10,10.66,10.80,10.57,10.68,9844545,114864616.000
2012-05-11,10.68,10.81,10.58,10.59,10543591,123063080.000
2012-05-14,10.66,10.70,10.23,10.32,14285331,162981264.000
2012-05-15,10.24,11.30,10.21,11.20,56172181,669164416.000
2012-05-16,11.23,11.31,10.88,11.03,31856987,384652448.000
2012-05-17,11.10,11.25,10.85,11.10,34751156,419588096.000
2012-05-21,10.94,11.31,10.80,11.03,18830631,227979824.000
2012-05-22,11.06,11.16,10.88,11.15,12893894,155277648.000
2012-05-23,11.13,11.25,10.96,11.14,12745769,154115008.000
2012-05-24,11.06,11.20,10.96,10.99,11555503,139391072.000
2012-05-25,10.96,11.12,10.74,10.77,10024309,119496144.000
2012-05-28,10.77,10.92,10.53,10.88,20844084,245158176.000
2012-05-29,11.00,11.39,10.98,11.19,23773735,290293056.000
2012-05-30,11.16,11.26,10.98,11.14,15198184,184150768.000
2012-05-31,11.02,11.35,10.98,11.19,16487961,201170432.000
2012-06-01,11.16,11.27,10.96,10.99,9718059,117357720.000
2012-06-04,10.76,10.92,10.55,10.64,12224518,143290416.000
2012-06-05,10.71,10.98,10.65,10.83,11220114,132895472.000
2012-06-06,10.90,11.03,10.81,10.92,7273621,86814632.000
2012-06-07,11.06,11.22,10.77,10.86,9195269,110101408.000
2012-06-08,10.95,11.03,10.65,10.70,9939282,117776992.000
2012-06-11,10.80,10.95,10.66,10.90,5846053,69141496.000
2012-06-12,10.89,11.02,10.84,10.91,4829777,56749444.000
2012-06-13,10.89,11.19,10.89,11.16,15023046,178761072.000
2012-06-14,11.09,11.48,11.09,11.29,19773933,240571552.000
2012-06-15,11.37,11.39,11.21,11.29,7093899,85987272.000
2012-06-18,11.28,11.40,11.25,11.32,9496428,115432744.000
2012-06-19,11.33,11.52,11.30,11.34,11980405,146765104.000
2012-06-20,11.37,11.53,11.17,11.24,10482276,128045360.000
2012-06-21,11.28,11.28,10.97,11.23,8729642,104262960.000
2012-06-25,11.17,11.32,11.00,11.02,5198575,62252780.000
2012-06-26,10.92,11.08,10.69,11.00,6635987,77844608.000
2012-06-27,10.97,10.97,10.65,10.66,11201622,129990720.000
2012-06-28,10.67,10.78,10.56,10.68,6869921,78922528.000
2012-06-29,10.67,10.97,10.49,10.89,9258251,106482520.000
2012-07-02,10.89,10.98,10.73,10.83,5564998,65020560.000
2012-07-03,10.85,11.17,10.83,10.98,7541123,89488032.000
2012-07-04,11.05,11.11,10.79,11.01,4862671,57115180.000
2012-07-05,10.89,10.97,10.47,10.50,6491855,74887568.000
2012-07-06,10.63,11.10,10.56,11.04,9901023,114903152.000
2012-07-09,10.97,11.03,10.37,10.57,16147122,184544304.000
2012-07-10,10.62,10.64,9.96,10.15,12284204,135507376.000
2012-07-11,10.14,10.33,10.02,10.25,6832459,75123448.000
2012-07-12,10.25,10.39,10.10,10.27,8209890,91046344.000
2012-07-13,10.35,10.37,10.22,10.31,4101417,45607228.000
2012-07-16,10.36,10.36,9.87,9.97,6669173,72422680.000
2012-07-17,9.95,10.06,9.55,9.60,8219493,87053592.000
2012-07-18,9.85,10.40,9.85,10.25,22873008,252321264.000
2012-07-19,10.28,10.51,10.20,10.46,11259108,126143440.000
2012-07-20,10.39,10.50,10.15,10.28,8198943,91136704.000
2012-07-23,10.24,10.34,10.13,10.24,4136639,45793800.000
2012-07-24,10.21,10.32,9.99,10.21,10306044,113109224.000
2012-07-25,10.12,10.27,10.01,10.11,4861525,53103768.000
2012-07-26,10.09,10.18,10.00,10.05,5478302,59826616.000
2012-07-27,10.07,10.15,9.95,10.13,5740528,62448208.000
2012-07-30,10.06,10.20,9.96,10.02,3946816,42948708.000
2012-07-31,9.99,10.38,9.97,10.35,9012464,99718400.000
2012-08-01,10.37,10.49,10.32,10.39,4389164,49373176.000
2012-08-02,10.31,10.44,10.15,10.21,4290505,47762424.000
2012-08-03,10.23,10.27,9.87,10.17,8049189,87447384.000
2012-08-06,10.09,10.25,10.01,10.22,5811458,63632888.000
2012-08-07,10.16,10.19,10.03,10.07,8605998,93955616.000
2012-08-08,10.11,10.12,9.85,9.93,8426654,90618984.000
2012-08-09,9.87,10.09,9.87,9.98,9339943,100881680.000
2012-08-10,9.92,10.02,9.89,10.01,5620131,60615444.000
2012-08-13,9.99,10.01,9.86,9.92,6437439,69204720.000
2012-08-14,9.92,9.94,9.66,9.80,8523512,90279704.000
2012-08-15,9.70,9.82,9.49,9.55,11470566,119414832.000
2012-08-16,9.55,9.64,9.52,9.55,7220294,75127392.000
2012-08-17,9.58,9.67,9.49,9.60,5675598,58889552.000
2012-08-20,9.51,9.52,9.17,9.28,12541187,126585984.000
2012-08-21,9.32,9.47,9.27,9.35,10282097,105152744.000
2012-08-22,9.38,9.40,9.15,9.21,8166357,81890224.000
2012-08-23,9.23,9.26,9.08,9.21,6453431,64489088.000
2012-08-24,9.16,9.37,9.10,9.19,4256120,42689120.000
2012-08-27,9.19,9.20,9.03,9.10,5907753,58656108.000
2012-08-28,9.07,9.07,8.72,8.94,4681055,45710508.000
2012-08-29,8.85,9.27,8.85,9.18,6977446,69768480.000
2012-08-30,9.20,9.39,9.07,9.23,6382424,64362140.000
2012-08-31,9.23,9.70,9.23,9.62,12632049,131746888.000
2012-09-03,9.67,10.03,9.66,9.82,16421590,176353232.000
2012-09-04,9.80,9.82,9.60,9.63,5929269,62303704.000
2012-09-05,9.62,10.00,9.57,9.98,9817302,105307408.000
2012-09-06,9.93,10.11,9.93,10.05,6825927,74267888.000
2012-09-07,10.10,10.57,9.99,10.34,29874620,334029856.000
2012-09-10,10.34,10.51,10.29,10.38,8998481,100934200.000
2012-09-12,10.42,10.52,9.94,10.04,19231752,210234368.000
2012-09-13,10.06,10.20,9.97,9.97,5966402,65200956.000
2012-09-14,10.12,10.16,9.73,10.01,9087687,97715728.000
2012-09-17,10.02,10.13,9.82,9.87,7119406,77149776.000
2012-09-18,9.86,9.93,9.71,9.75,3677251,39088864.000
2012-09-19,9.75,10.11,9.67,9.93,11870965,127635848.000
2012-09-20,9.92,10.02,9.64,9.65,7799308,83294232.000
2012-09-21,9.64,9.82,9.57,9.74,7582667,80067992.000
2012-09-24,9.67,9.88,9.55,9.82,4535438,47762820.000
2012-09-25,9.80,9.86,9.70,9.78,2700530,28671630.000
2012-09-26,9.67,9.83,9.67,9.77,3283446,34742984.000
2012-09-27,9.77,10.27,9.69,10.13,7870729,85712096.000
2012-09-28,10.07,10.70,10.04,10.50,31754720,359667680.000
2012-10-08,10.50,10.56,10.32,10.39,5372512,60553224.000
2012-10-09,10.55,10.80,10.46,10.68,9799295,113100720.000
2012-10-10,10.67,10.83,10.61,10.75,7069057,82007696.000
2012-10-11,10.67,10.72,10.55,10.61,7307770,83711920.000
2012-10-12,10.70,10.83,10.49,10.73,7235269,83021904.000
2012-10-15,10.73,11.01,10.68,10.80,11429309,133574392.000
2012-10-16,10.80,10.99,10.77,10.78,5180900,60617476.000
2012-10-17,10.83,10.85,10.45,10.60,7262664,82776720.000
2012-10-18,10.60,10.75,10.36,10.70,17264693,195940080.000
2012-10-19,10.65,10.65,10.46,10.58,5139165,58381788.000
2012-10-22,10.50,10.69,10.46,10.64,4291783,49160256.000
2012-10-23,10.61,10.71,10.55,10.56,3752294,43058152.000
2012-10-24,10.49,10.60,10.45,10.52,2761773,31334424.000
2012-10-25,10.53,10.68,10.48,10.55,4860552,55429140.000
2012-10-26,10.50,10.60,10.12,10.38,10152205,112558432.000
2012-10-29,10.25,10.35,9.67,10.29,9191580,100685016.000
2012-10-30,10.28,10.49,10.13,10.37,3993033,44552064.000
2012-10-31,10.42,10.78,10.40,10.53,13028094,148067024.000
2012-11-01,10.65,10.92,10.50,10.67,11722099,135334256.000
2012-11-02,10.74,10.86,10.63,10.72,8497393,98272136.000
2012-11-05,10.71,10.82,10.62,10.63,3661301,42237836.000
2012-11-06,10.64,10.82,10.52,10.77,9841623,113174704.000
2012-11-07,10.75,10.97,10.72,10.88,6964731,81490672.000
2012-11-08,10.79,10.98,10.63,10.65,6996531,81701136.000
2012-11-09,10.64,10.74,10.55,10.64,2842446,32569316.000
2012-11-12,10.62,10.72,10.48,10.66,5273393,60136424.000
2012-11-13,10.62,10.67,10.31,10.32,5972244,67200384.000
2012-11-14,10.32,10.44,10.17,10.40,7612922,84872352.000
2012-11-15,10.30,10.56,10.13,10.41,4800327,53608332.000
2012-11-16,10.36,10.40,10.12,10.29,6614537,72922208.000
2012-11-19,10.32,10.36,10.15,10.23,4618097,51119892.000
2012-11-20,10.23,10.33,10.07,10.11,3961903,43688476.000
2012-11-21,10.08,10.22,9.86,10.16,8168813,88868256.000
2012-11-22,10.01,10.22,10.00,10.09,3519144,38540376.000
2012-11-23,10.15,10.27,10.10,10.16,9001618,99296536.000
2012-11-26,10.12,10.19,9.93,9.97,5933739,64197560.000
2012-11-27,9.95,9.97,9.81,9.90,4516634,48266132.000
2012-11-28,9.89,10.03,9.83,9.96,5181247,55885524.000
2012-11-29,9.96,10.19,9.96,10.03,5004983,54696232.000
2012-11-30,10.00,10.35,10.00,10.33,8236528,91386568.000
2012-12-03,10.32,10.59,10.30,10.31,10681050,120598544.000
2012-12-04,10.22,10.50,10.22,10.34,6451390,72317448.000
2012-12-05,10.35,10.90,10.30,10.80,29785227,344467744.000
2012-12-06,10.80,10.99,10.74,10.88,14172101,166663920.000
2012-12-07,10.90,10.90,10.67,10.84,12377909,143820224.000
2012-12-10,10.90,10.95,10.74,10.84,8176147,95322408.000
2012-12-11,10.78,10.82,10.56,10.66,10769940,123848024.000
2012-12-12,10.66,10.79,10.62,10.70,8634375,99778624.000
2012-12-13,10.68,10.83,10.60,10.80,9093082,105137128.000
2012-12-14,10.83,11.23,10.73,11.16,17411066,207607888.000
2012-12-17,11.17,11.47,11.09,11.29,12403947,150124752.000
2012-12-18,11.17,11.41,11.09,11.35,13016663,157133488.000
2012-12-19,11.32,11.41,11.21,11.24,7275789,88149608.000
2012-12-20,11.28,11.83,11.16,11.79,17783381,219975536.000
2012-12-21,11.78,12.38,11.78,12.15,28806470,374189088.000
2012-12-24,12.09,12.39,12.05,12.20,13443485,175433248.000
2012-12-25,12.17,12.61,12.02,12.47,16852995,222421376.000
2012-12-26,12.47,12.47,12.16,12.35,11724085,153921536.000
2012-12-27,12.40,12.42,12.12,12.13,7219767,94343904.000
2012-12-28,12.24,12.26,12.03,12.18,12866510,167083424.000
2012-12-31,12.22,12.62,12.22,12.57,15462944,206004896.000
2013-01-04,12.59,12.77,12.46,12.59,11938193,160671936.000
2013-01-07,12.57,12.97,12.53,12.59,18095734,245437184.000
2013-01-08,12.60,12.60,12.17,12.35,16680614,219158640.000
2013-01-09,12.32,12.41,12.19,12.24,10178458,133384120.000
2013-01-10,12.28,12.54,12.24,12.48,11658317,154348320.000
2013-01-11,12.48,12.70,12.37,12.47,10929312,145978960.000
2013-01-14,12.37,13.25,12.37,13.22,17460355,241128448.000
2013-01-15,13.22,13.35,13.05,13.17,10153681,142602880.000
2013-01-16,13.13,13.26,12.80,13.01,12772166,177052336.000
2013-01-17,13.01,13.09,12.65,12.89,9357115,127669376.000
2013-01-18,12.96,13.52,12.96,13.33,13775120,194414640.000
2013-01-21,13.33,13.57,13.15,13.32,11884596,168099040.000
2013-01-22,13.35,13.35,12.82,13.03,16505087,228188656.000
2013-01-23,12.92,13.03,12.67,12.99,9167373,125519576.000
2013-01-24,12.90,13.21,12.55,12.62,18147735,247932064.000
2013-01-25,12.63,12.97,12.61,12.70,13829458,188112816.000
2013-01-28,12.72,13.28,12.69,13.25,17157932,239462240.000
2013-01-29,13.25,13.52,13.17,13.32,13040344,185028864.000
2013-01-30,13.30,13.44,13.22,13.32,8870171,125526944.000
2013-01-31,13.38,13.41,12.93,13.13,13491451,188098800.000
2013-02-01,13.02,13.37,12.92,13.33,16147494,224092816.000
2013-02-04,13.27,13.33,12.62,12.95,24706614,338864032.000
2013-02-05,12.76,13.02,12.72,12.85,13464039,184508928.000
2013-02-06,12.88,12.97,12.45,12.84,25792741,347814848.000
2013-02-07,12.71,12.85,12.52,12.82,12104337,163709088.000
2013-02-08,12.80,13.19,12.70,13.15,18351897,253898560.000
2013-02-18,13.17,13.25,12.94,13.11,9852756,137647520.000
2013-02-19,13.12,13.15,12.56,12.76,14573314,199149856.000
2013-02-20,12.59,12.87,12.59,12.83,9204907,124958096.000
2013-02-21,12.63,12.72,12.15,12.41,21838754,287975744.000
2013-02-22,12.32,12.42,12.05,12.19,11956714,156164464.000
2013-02-25,12.19,12.37,12.08,12.26,9293462,121120576.000
2013-02-26,12.15,12.29,11.98,12.05,11582956,150032496.000
2013-02-27,12.04,12.23,11.92,12.07,9049271,116673784.000
2013-02-28,12.09,12.37,12.03,12.35,19433505,254523328.000
2013-03-01,12.35,12.67,12.17,12.41,24201359,320748992.000
2013-03-04,12.20,12.27,11.47,11.65,26251006,329736032.000
2013-03-05,11.65,12.07,11.62,12.05,15019296,190240608.000
2013-03-06,12.02,12.22,11.80,12.03,20245205,258512656.000
2013-03-07,11.94,12.02,11.61,11.76,18544082,232893328.000
2013-03-08,11.75,12.02,11.66,11.80,11824050,149809824.000
2013-03-11,11.73,11.82,11.58,11.80,9224292,115465784.000
2013-03-12,11.72,11.89,11.36,11.38,9266474,115494888.000
2013-03-13,11.36,11.46,11.07,11.16,9037948,108929480.000
2013-03-14,11.18,11.50,11.16,11.43,9231591,112646880.000
2013-03-15,11.43,12.07,11.31,11.68,15837843,197968544.000
2013-03-18,11.69,11.83,11.36,11.47,9957189,123854360.000
2013-03-19,11.59,11.76,11.41,11.69,9879344,122516104.000
2013-03-20,11.64,12.09,11.64,11.96,28389927,362944864.000
2013-03-21,11.97,11.99,11.76,11.96,20024166,254043216.000
2013-03-22,11.95,12.27,11.89,12.21,17073075,219946544.000
2013-03-25,12.26,12.44,12.15,12.19,13092348,172045472.000
2013-03-26,12.17,12.44,12.10,12.31,15682006,205204704.000
2013-03-27,12.27,12.51,12.24,12.34,8331870,110128104.000
2013-03-28,12.19,12.35,11.88,12.01,9901170,127723816.000
2013-03-29,12.06,12.15,11.88,11.90,6077657,77962560.000
2013-04-01,11.78,12.17,11.76,12.08,8251746,106295184.000
2013-04-02,12.08,12.33,11.98,12.22,8557441,111510080.000
2013-04-03,12.18,12.31,11.97,12.12,5816462,75371088.000
2013-04-08,11.94,12.16,11.72,12.15,15103715,191564800.000
2013-04-09,12.01,12.29,12.01,12.23,9962903,129577744.000
2013-04-10,12.22,12.32,11.96,12.19,11968076,154742272.000
2013-04-11,12.22,12.27,11.96,12.02,9530194,122722504.000
2013-04-12,12.02,12.03,11.72,11.88,16103706,203363904.000
2013-04-15,11.84,11.91,11.73,11.85,6325824,79876960.000
2013-04-16,11.82,12.03,11.78,12.01,6911312,88400496.000
2013-04-17,12.05,12.43,12.05,12.42,15981295,209894496.000
2013-04-18,12.43,12.55,12.32,12.38,8315444,110186656.000
2013-04-19,12.42,12.82,12.40,12.63,16815591,226961360.000
2013-04-22,12.56,12.70,12.45,12.55,8711068,116445848.000
2013-04-23,12.55,12.57,11.98,12.07,12174495,157717552.000
2013-04-24,12.12,12.50,12.02,12.30,18537253,242968608.000
2013-04-25,12.29,12.42,12.05,12.11,9859114,128586584.000
2013-04-26,12.14,12.21,11.87,11.99,6614424,84919104.000
2013-05-02,11.93,11.97,11.69,11.81,9469152,119682432.000
2013-05-03,11.89,12.40,11.77,12.36,18300218,237919616.000
2013-05-06,12.33,12.63,12.33,12.53,20981571,279724288.000
2013-05-07,12.39,12.66,12.39,12.45,8977550,119490176.000
2013-05-08,12.59,12.64,12.39,12.45,10586180,140832496.000
2013-05-09,12.45,12.45,11.97,12.15,10842361,141340624.000
2013-05-10,12.00,12.36,12.00,12.34,11785018,152926320.000
2013-05-13,12.35,12.35,12.14,12.25,10884114,141774528.000
2013-05-14,12.15,12.18,11.88,11.94,10782213,138128768.000
2013-05-15,11.97,12.11,11.82,11.99,6569810,83917032.000
2013-05-16,11.91,12.17,11.87,12.12,9953819,128288112.000
2013-05-17,12.10,12.16,11.74,12.13,21330749,271871552.000
2013-05-20,12.07,12.44,12.00,12.35,34142525,446167424.000
2013-05-21,12.34,12.37,12.20,12.30,16169412,211928880.000
2013-05-22,12.27,12.27,12.04,12.17,15016821,194501232.000
2013-05-23,12.08,12.18,11.97,12.08,9455639,121766384.000
2013-05-24,12.12,12.15,11.91,12.04,9691079,124550456.000
2013-05-27,12.03,12.05,11.77,11.85,15856267,201648048.000
2013-05-28,11.87,12.09,11.61,12.06,19244893,244394224.000
2013-05-29,12.07,12.19,11.98,12.10,13067630,169009120.000
2013-05-30,12.02,12.07,11.79,11.94,17819989,226613104.000
2013-05-31,11.92,12.05,11.84,11.85,9610405,123022656.000
2013-06-03,11.90,12.01,11.83,11.91,6607896,84368424.000
2013-06-04,11.87,11.93,11.57,11.66,17050281,213897040.000
2013-06-05,11.69,11.72,11.47,11.55,9150059,113285856.000
2013-06-06,11.55,11.60,11.32,11.48,9908333,121181792.000
2013-06-07,11.59,11.59,11.20,11.53,9675714,114701928.000
2013-06-13,11.34,11.44,11.06,11.33,11273357,132366840.000
2013-06-14,11.33,11.42,11.23,11.34,6395787,75315008.000
2013-06-17,11.35,11.41,10.82,10.89,20730787,237436784.000
2013-06-18,10.96,11.21,10.88,11.18,9049907,104146672.000
2013-06-19,11.10,11.20,10.93,11.18,7818088,89808952.000
2013-06-20,11.12,11.20,10.90,11.09,8756891,100867352.000
2013-06-21,10.92,10.98,10.59,10.94,17424210,196856944.000
2013-06-24,10.89,10.90,10.37,10.47,10763367,119109800.000
2013-06-25,10.44,10.63,9.55,10.51,22930360,242883264.000
2013-06-26,10.54,10.72,10.24,10.52,14165884,154175040.000
2013-06-27,10.52,10.58,10.19,10.29,13503776,145890448.000
2013-06-28,10.18,10.55,10.14,10.45,14556671,158482256.000
2013-07-01,10.44,10.48,10.22,10.41,6092468,65904712.000
2013-07-02,10.44,10.62,10.35,10.60,8093039,88800120.000
2013-07-03,10.54,10.84,10.54,10.73,10006396,112172000.000
2013-07-04,10.64,11.25,10.64,11.03,9612383,110107760.000
2013-07-05,10.98,11.26,10.98,11.05,7568109,87880824.000
2013-07-08,11.05,11.05,10.64,10.74,6094008,68501960.000
2013-07-09,10.74,10.75,10.32,10.56,8571752,93666288.000
2013-07-10,10.58,10.87,10.47,10.83,5177108,57640324.000
2013-07-11,10.85,11.22,10.78,11.10,12032841,138386896.000
2013-07-12,11.10,11.15,10.87,11.10,11233644,128748464.000
2013-07-15,11.05,11.50,11.05,11.29,8223327,97083168.000
2013-07-16,11.25,11.64,11.21,11.44,9488878,113184296.000
2013-07-17,11.44,11.67,11.30,11.38,9992205,119775640.000
2013-07-18,11.32,11.48,11.04,11.14,9051959,106159376.000
2013-07-19,11.19,11.22,10.77,10.90,7832119,89629656.000
2013-07-22,10.81,11.17,10.65,11.14,7157123,80881104.000
2013-07-23,11.24,11.46,11.04,11.25,10763685,125978552.000
2013-07-24,11.24,11.26,10.84,11.13,14378131,164703056.000
2013-07-25,11.07,11.19,10.71,10.80,11972545,135313520.000
2013-07-26,10.70,10.99,10.64,10.90,8605274,97489960.000
2013-07-29,10.81,10.81,10.58,10.72,6685983,74329456.000
2013-07-30,10.63,10.96,10.55,10.62,7049390,78661064.000
2013-07-31,10.76,11.07,10.76,10.88,11893248,135916448.000
2013-08-01,10.99,11.19,10.83,11.09,8821717,101666312.000
2013-08-02,11.14,11.21,11.03,11.12,6191545,71585536.000
2013-08-05,11.12,11.30,11.05,11.15,11947964,139156944.000
2013-08-06,11.15,11.25,11.09,11.17,17774860,206826496.000
2013-08-07,11.21,11.58,11.19,11.25,21323271,252994032.000
2013-08-08,11.25,11.40,11.16,11.21,7160954,84004648.000
2013-08-09,11.33,11.47,11.22,11.34,9444981,111611872.000
2013-08-12,11.53,11.69,11.45,11.66,13882333,167574512.000
2013-08-13,11.67,11.79,11.49,11.60,6560428,79065664.000
2013-08-14,11.61,11.73,11.49,11.54,6360150,76904256.000
2013-08-15,11.61,11.61,11.38,11.50,5003350,59722120.000
2013-08-16,11.52,12.70,11.26,11.46,15434120,184882064.000
2013-08-19,11.45,11.77,11.30,11.73,9709098,116912888.000
2013-08-20,11.71,11.79,11.33,11.44,11171455,133586600.000
2013-08-21,11.54,11.64,11.35,11.63,8186556,97943248.000
2013-08-22,11.60,11.72,11.52,11.53,3773991,45533844.000
2013-08-23,11.63,11.63,11.14,11.48,6960113,82192640.000
2013-08-26,11.44,11.64,11.39,11.60,7667384,92110656.000
2013-08-27,11.58,11.70,11.46,11.69,5352965,64365896.000
2013-08-28,11.64,11.91,11.49,11.83,16983735,207618352.000
2013-08-29,11.92,12.39,11.92,12.36,34347448,435754880.000
2013-08-30,12.36,12.72,12.19,12.38,20640718,267883424.000
2013-09-02,12.31,12.59,12.14,12.22,12996391,167047136.000
2013-09-03,12.29,12.52,12.09,12.49,13337282,171023648.000
2013-09-04,12.42,12.48,12.21,12.43,9611381,123144824.000
2013-09-05,12.43,12.47,12.14,12.42,11613373,148465472.000
2013-09-06,12.23,12.43,12.13,12.24,8872224,112388872.000
2013-09-09,12.24,12.24,11.93,12.11,20762074,260283264.000
2013-09-10,12.14,12.16,11.94,12.14,12683800,158702864.000
2013-09-11,12.17,12.49,12.10,12.47,17093836,218124544.000
2013-09-12,12.42,12.87,12.36,12.86,20432833,268680160.000
2013-10-08,14.19,14.19,13.07,13.35,47721356,667350080.000
2013-10-09,13.19,14.09,13.15,13.85,42457296,605004736.000
2013-10-10,13.75,15.28,13.75,15.28,56513234,869068800.000
2013-10-11,15.74,15.94,15.04,15.36,42738284,678869312.000
2013-10-14,15.54,15.87,15.10,15.49,47277309,754049344.000
2013-10-15,15.34,15.82,15.25,15.57,21058422,336259264.000
2013-10-16,15.36,15.41,14.62,14.93,21990112,339322272.000
2013-10-17,14.94,15.23,14.49,14.65,25811093,393199360.000
2013-10-18,14.62,15.09,14.37,14.75,17645809,269961568.000
2013-10-21,14.74,16.27,14.66,16.27,31497066,517206112.000
2013-10-22,16.53,16.72,15.80,16.10,25199098,421898208.000
2013-10-23,16.11,16.58,15.49,15.75,19139449,316779872.000
2013-10-24,15.61,16.72,15.43,15.92,22502350,372219616.000
2013-10-25,15.91,16.39,14.44,14.93,26060176,412133984.000
2013-10-28,14.74,15.78,14.71,15.76,22869377,361716448.000
2013-10-29,15.84,15.84,14.77,15.36,17812035,279751872.000
2013-10-30,15.44,15.93,14.99,15.58,22504329,359615904.000
2013-10-31,15.57,16.24,15.05,15.07,20694026,332649632.000
2013-11-01,15.15,15.46,15.02,15.32,11227882,176345840.000
2013-11-04,15.53,16.11,15.53,16.00,17892981,290684032.000
2013-11-05,15.75,15.99,15.55,15.73,15546136,252016224.000
2013-11-06,15.64,16.09,15.45,15.58,19484632,316309472.000
2013-11-07,15.57,15.57,14.37,14.60,23355199,356838464.000
2013-11-08,14.34,14.84,14.22,14.35,11574870,173332464.000
2013-11-11,14.39,14.84,14.02,14.59,8445299,125743992.000
2013-11-12,14.64,15.31,14.64,14.99,16463722,255656464.000
2013-11-13,14.73,14.85,14.50,14.63,13053732,196750960.000
2013-11-14,14.72,15.04,14.54,14.82,8971473,136453152.000
2013-11-15,14.95,15.84,14.95,15.27,18811000,301086368.000
2013-11-18,15.47,16.39,15.31,16.07,29582421,486253312.000
2013-11-19,16.11,16.47,15.80,16.09,17777845,297659808.000
2013-11-20,16.34,16.59,16.19,16.36,10576067,178044480.000
2013-11-21,16.29,17.04,16.08,16.82,21074757,360369984.000
2013-11-22,16.91,17.17,16.28,16.43,14455791,247910800.000
2013-11-25,16.19,16.39,15.99,16.07,9275484,153984960.000
2013-11-26,15.97,16.67,15.97,16.58,11404565,191510016.000
2013-11-27,16.55,16.78,16.26,16.42,7357616,124425480.000
2013-11-28,16.42,17.21,16.34,16.79,16560598,286943616.000
2013-11-29,16.84,17.33,16.53,16.76,13976294,243519088.000
2013-12-02,16.52,16.99,16.09,16.16,14635696,248795280.000
2013-12-03,16.16,16.75,15.99,16.59,15640062,265576624.000
2013-12-04,16.59,17.54,16.49,17.53,25470661,449687744.000
2013-12-05,17.44,18.04,17.25,17.64,19895325,361071360.000
2013-12-10,19.45,19.45,19.45,19.45,19909017,396388544.000
2013-12-11,20.04,20.70,19.54,19.82,64820424,1330425856.000
2013-12-12,19.74,20.33,19.26,19.49,24533001,494012032.000
2013-12-13,18.99,19.74,18.73,19.40,28444549,561915904.000
2013-12-16,19.20,20.48,19.19,19.90,29284399,600102016.000
2013-12-17,19.74,19.99,18.29,18.49,24203293,466654912.000
2013-12-18,18.49,18.78,18.01,18.09,19305826,362550016.000
2013-12-19,18.09,18.43,17.76,18.17,20345489,378111392.000
2013-12-20,18.17,18.19,17.50,17.72,20188127,367679616.000
2013-12-23,17.74,18.69,17.66,18.56,14202760,264095008.000
2013-12-24,18.54,18.84,18.25,18.69,14364111,274229824.000
2013-12-25,18.79,18.94,18.47,18.70,7082712,135705504.000
2013-12-26,18.57,18.70,17.94,18.24,15480715,289252128.000
2013-12-27,18.21,19.19,18.06,19.02,17438054,337294560.000
2013-12-30,19.09,19.23,18.50,18.93,8940865,171564928.000
2013-12-31,18.67,19.24,18.57,19.04,11135612,217066800.000
2014-01-02,18.94,19.18,18.68,18.79,6740374,130198432.000
2014-01-03,18.79,19.05,17.94,18.21,14341360,268814880.000
2014-01-06,18.15,18.18,17.52,18.12,13757016,250346928.000
2014-01-07,17.82,18.22,17.77,18.01,11384712,210129856.000
2014-01-08,17.84,18.21,17.70,18.11,9265536,171269728.000
2014-01-09,18.14,18.18,17.24,17.47,14219993,257850864.000
2014-01-10,17.49,17.91,17.34,17.73,17990849,326120128.000
2014-01-13,17.69,17.78,17.32,17.54,10510833,189300688.000
2014-01-14,17.64,19.06,17.53,18.65,18342413,345902592.000
2014-01-15,18.74,20.33,18.73,19.44,23535313,473676448.000
2014-01-16,19.35,19.98,19.15,19.54,13541705,271099776.000
2014-01-17,19.44,20.02,19.04,19.48,13468995,269224512.000
2014-01-20,19.23,19.77,19.15,19.29,11549521,230177440.000
2014-01-21,19.17,19.84,18.90,19.57,9928958,196586464.000
2014-01-22,19.57,20.54,19.37,20.31,18758346,385120672.000
2014-01-23,20.28,21.14,20.12,20.73,16244818,345475168.000
2014-01-24,20.44,21.71,20.35,21.34,16528603,361891680.000
2014-01-27,21.14,21.90,20.74,20.97,13677703,297575872.000
2014-01-28,21.00,21.24,20.14,20.70,13429578,281399456.000
2014-01-29,20.69,21.30,20.36,21.10,8094719,172471456.000
2014-01-30,20.94,21.14,20.57,20.72,5769806,122914680.000
2014-02-07,20.42,21.11,20.08,21.04,7297016,153154832.000
2014-02-10,21.08,22.31,20.96,21.89,15057274,335361888.000
2014-02-11,21.88,21.88,20.85,20.91,15923767,345167680.000
2014-02-12,20.84,21.26,20.42,20.88,12851861,273016768.000
2014-02-13,20.88,21.01,20.31,20.34,9634853,203280976.000
2014-02-14,20.37,20.73,20.16,20.47,7598597,158418912.000
2014-02-17,20.47,20.84,20.14,20.52,13675652,285451840.000
2014-02-18,20.45,21.09,19.99,21.08,18549116,390169472.000
2014-02-19,21.09,21.49,20.80,21.34,17233006,372669408.000
2014-02-20,21.36,21.61,20.72,21.12,8729852,188603616.000
2014-02-21,21.03,21.03,20.15,20.24,8779651,183520128.000
2014-02-24,20.02,20.02,18.17,18.17,39215131,743069184.000
2014-02-25,17.94,18.44,16.54,17.44,31003713,557298432.000
2014-02-26,17.24,17.43,16.74,17.28,17757665,312025632.000
2014-02-27,17.42,17.87,16.54,17.45,23211162,411054176.000
2014-02-28,17.24,17.84,16.76,17.79,18904466,336349952.000
2014-03-03,17.54,18.30,17.46,18.12,14258663,263137040.000
2014-03-04,17.84,17.97,17.23,17.59,11063900,199840288.000
2014-03-05,17.69,17.69,16.73,17.05,18461774,321772480.000
2014-03-06,16.91,17.04,16.04,16.69,18070920,305704032.000
2014-03-07,16.62,17.09,16.47,17.06,17408763,300190592.000
2014-03-10,16.84,16.84,16.05,16.45,11702364,198436448.000
2014-03-11,16.31,16.53,15.94,16.18,12806856,213090480.000
2014-03-12,16.04,16.19,15.62,16.16,15587647,254798720.000
2014-03-13,16.14,16.69,15.90,16.57,11510703,194109184.000
2014-03-14,16.39,16.85,16.30,16.76,10181426,173789840.000
2014-03-17,16.76,17.20,16.31,16.55,15149160,260502320.000
2014-03-18,16.54,16.92,16.53,16.71,12939091,222154320.000
2014-03-19,16.74,16.74,16.12,16.17,13312847,222627712.000
2014-03-20,16.17,16.30,14.74,14.85,32177790,509537536.000
2014-03-21,14.82,15.81,14.53,15.75,18982683,295740704.000
2014-03-24,15.54,15.62,15.10,15.41,11725222,185496448.000
2014-03-25,15.42,15.95,15.24,15.57,10984213,176558784.000
2014-03-26,15.75,15.89,15.51,15.57,9546630,153867712.000
2014-03-27,15.53,15.60,15.21,15.25,7723990,122176416.000
2014-03-28,15.19,15.88,15.17,15.77,11658305,187558816.000
2014-03-31,15.86,16.27,15.25,15.78,18555649,299513504.000
2014-04-01,15.70,15.89,15.49,15.79,9565585,154832400.000
2014-04-02,15.68,16.09,15.67,15.90,12428949,202754992.000
2014-04-03,16.04,16.04,15.37,15.54,12652991,204184224.000
2014-04-04,15.40,15.66,15.29,15.61,7091377,112932048.000
2014-04-08,15.46,16.52,15.46,16.47,19950132,331165184.000
2014-04-09,16.44,16.89,16.44,16.59,14354651,246232864.000
2014-04-10,16.72,16.86,16.33,16.63,13145478,223306176.000
2014-04-14,16.89,17.20,16.60,16.85,15766613,273314496.000
2014-04-15,16.79,16.79,16.07,16.32,14066741,235905936.000
2014-04-16,16.24,16.42,15.87,16.00,14359041,237481984.000
2014-04-17,16.03,16.27,15.90,16.24,9397798,155677808.000
2014-04-18,16.14,16.14,15.67,15.73,14539398,236300832.000
2014-04-21,15.63,15.96,15.44,15.56,8750500,141162416.000
2014-04-22,15.56,15.60,15.02,15.36,14362319,225110096.000
2014-04-23,15.23,15.36,14.89,15.18,12627037,196578624.000
2014-04-24,15.08,15.37,15.04,15.26,7039536,110512056.000
2014-04-25,15.32,15.32,14.73,14.83,9107345,139977776.000
2014-04-28,14.83,14.89,14.49,14.55,7466761,113060656.000
2014-04-29,14.57,14.99,14.56,14.91,7147824,109145800.000
2014-04-30,14.84,15.03,14.43,14.89,14896319,225711776.000
2014-05-05,14.86,14.86,14.49,14.76,7681622,115803112.000
2014-05-06,14.71,14.80,14.58,14.66,9548563,144491536.000
2014-05-07,14.61,14.61,14.15,14.16,13644430,202007616.000
2014-05-08,14.18,14.39,13.94,14.00,11594978,169476416.000
2014-05-09,13.84,14.01,13.69,13.83,8428646,120456552.000
2014-05-12,14.07,14.17,13.69,14.06,18650371,269997824.000
2014-05-13,14.07,14.39,13.93,14.33,11554334,168846512.000
2014-05-14,14.32,14.32,13.92,13.98,13603022,197172288.000
2014-05-15,13.91,13.99,13.55,13.58,14003176,199370128.000
2014-05-16,13.55,14.04,13.55,13.85,11016082,156810768.000
2014-05-19,13.84,13.84,13.44,13.63,8469029,118753776.000
2014-05-20,13.66,13.74,13.28,13.35,13029896,181646832.000
2014-05-21,13.27,13.69,13.17,13.62,11023345,153374624.000
2014-05-22,13.69,13.91,13.58,13.70,11454561,163395232.000
2014-05-23,13.69,14.31,13.63,14.17,18272668,265021744.000
2014-05-26,14.22,14.37,14.04,14.15,13733012,201496976.000
2014-05-27,14.09,14.38,14.09,14.20,9163693,134879136.000
2014-05-28,14.20,14.58,14.10,14.55,13833974,205738560.000
2014-05-29,14.59,14.77,14.52,14.58,13072554,197496480.000
2014-05-30,14.59,14.73,14.09,14.59,30604950,453544512.000
2014-06-03,15.15,15.30,14.61,14.62,28492039,437739872.000
2014-06-04,14.65,14.65,13.99,14.19,12773188,187478736.000
2014-06-05,14.14,14.64,14.06,14.57,9309181,137561984.000
2014-06-06,14.64,14.69,14.26,14.53,8309444,124091704.000
2014-06-09,14.39,14.74,14.35,14.64,9203240,138938000.000
2014-06-10,14.69,15.04,14.65,14.97,11796506,180809424.000
2014-06-11,14.98,15.02,14.75,14.93,7820831,119866288.000
2014-06-12,14.93,14.93,14.62,14.67,7348725,111632664.000
2014-06-13,14.69,15.37,14.69,15.03,27283891,425532832.000
2014-06-16,15.03,15.52,15.03,15.24,20200671,318073184.000
2014-06-17,15.24,15.24,14.89,14.98,13470231,207984768.000
2014-06-18,15.10,15.10,14.69,14.72,8798947,130557704.000
2014-06-19,14.71,14.85,14.15,14.56,10068226,145792144.000
2014-06-20,14.41,14.60,13.90,14.51,21762426,310483552.000
2014-06-23,14.40,14.49,14.15,14.19,13489717,192811360.000
2014-06-24,14.20,14.20,13.80,13.89,19523859,272093440.000
2014-06-25,13.82,14.02,13.70,13.99,10361659,143936192.000
2014-06-26,14.15,14.43,14.11,14.37,13882738,198532224.000
2014-06-27,14.32,14.45,14.16,14.38,8474787,121639568.000
2014-06-30,14.35,14.80,14.19,14.76,18667390,270775072.000
2014-07-01,14.69,14.80,14.41,14.45,12571158,182482016.000
2014-07-02,14.45,14.45,14.11,14.39,15456553,220124272.000
2014-07-03,14.29,14.37,14.18,14.30,8756937,125257552.000
2014-07-04,14.31,14.47,14.24,14.39,8619284,123923568.000
2014-07-07,14.38,14.50,14.03,14.11,12924610,183268688.000
2014-07-08,14.08,14.17,13.96,14.09,10367624,145707632.000
2014-07-09,14.09,14.09,13.68,13.74,16362153,226468560.000
2014-07-10,13.68,13.90,13.63,13.75,8409028,115879848.000
2014-07-11,13.78,14.20,13.76,13.97,12810045,178951280.000
2014-07-14,14.02,14.39,13.89,14.36,19510118,276058560.000
2014-07-15,14.34,14.54,14.15,14.29,15425547,221651920.000
2014-07-16,14.22,14.34,14.11,14.20,8084019,114798096.000
2014-07-17,14.20,14.42,14.11,14.29,10542103,150768240.000
2014-07-18,14.18,14.75,14.18,14.60,16638033,241804672.000
2014-07-21,14.60,15.37,14.60,15.18,38829331,588796608.000
2014-07-22,15.25,15.55,15.09,15.12,28018647,431439616.000
2014-07-23,15.14,15.74,15.03,15.52,29041436,449813248.000
2014-07-24,15.66,16.04,15.65,15.90,32507619,516070816.000
2014-07-25,15.99,16.31,15.99,16.10,21420647,346624736.000
2014-07-28,16.12,16.31,15.86,16.00,28345383,455991520.000
2014-07-29,16.04,16.70,16.02,16.28,28794842,472626176.000
2014-07-30,16.29,16.43,15.99,16.09,18726329,303340288.000
2014-07-31,16.03,16.24,15.89,16.21,11443602,184327776.000
2014-08-01,16.15,16.72,16.12,16.31,16751416,276382656.000
2014-08-04,16.39,16.75,16.36,16.73,13022707,216292336.000
2014-08-05,16.77,16.81,16.48,16.64,7900588,131101408.000
2014-08-06,16.50,16.50,15.82,16.05,30259149,485206720.000
2014-08-07,16.06,16.09,15.47,15.57,32408394,506968224.000
2014-08-08,15.59,15.66,15.29,15.45,23744076,367096800.000
2014-08-11,15.51,15.72,15.44,15.67,22865600,356494528.000
2014-08-12,15.69,15.73,15.44,15.54,25483145,395825920.000
2014-08-13,15.50,15.69,15.32,15.67,30768300,477007040.000
2014-08-14,15.60,15.75,15.40,15.50,16824087,261903136.000
2014-08-15,15.41,15.96,15.41,15.79,25717033,404629760.000
2014-08-18,15.88,16.25,15.88,16.21,25925483,416329760.000
2014-08-19,16.17,16.18,15.95,16.15,17011999,273096800.000
2014-08-20,16.20,16.42,16.05,16.19,18341974,297435232.000
2014-08-21,16.21,16.32,15.77,15.96,14176938,226895008.000
2014-08-22,15.90,16.03,15.85,15.98,11518602,183799568.000
2014-08-25,16.01,16.04,15.59,15.61,13720382,216863648.000
2014-08-26,15.60,15.64,15.15,15.19,16809496,257489808.000
2014-08-27,15.21,15.33,15.14,15.25,9354629,142410256.000
2014-08-28,15.25,15.30,15.11,15.26,9432254,143474368.000
2014-08-29,15.34,16.00,15.34,15.94,21420055,335357312.000
2014-09-01,15.90,16.07,15.90,16.03,15915650,254721840.000
2014-09-02,16.10,16.21,15.89,16.19,21281577,341435264.000
2014-09-03,16.19,16.54,16.12,16.35,28248379,461730624.000
2014-09-04,16.40,17.12,16.31,16.99,39461419,663033088.000
2014-09-05,16.98,17.26,16.85,17.04,28601539,488902560.000
2014-09-09,17.01,17.17,16.81,16.93,14671295,249279696.000
2014-09-10,16.85,16.89,16.36,16.53,24006303,396989952.000
2014-09-11,16.53,17.11,16.53,16.98,26177760,441343168.000
2014-09-12,16.90,16.91,16.53,16.88,14197039,237656240.000
2014-09-15,16.71,17.19,16.45,17.14,24872124,414917600.000
2014-09-16,17.00,17.17,16.43,16.48,21262110,356932320.000
2014-09-17,16.34,16.67,16.31,16.45,13652320,224731360.000
2014-09-18,16.48,16.49,16.21,16.30,12408007,202935936.000
2014-09-19,16.40,16.62,16.39,16.53,13530416,223362880.000
2014-09-22,16.59,16.68,16.22,16.23,10824657,177817712.000
2014-09-23,16.23,16.94,16.23,16.73,21593997,360889248.000
2014-09-24,16.61,16.92,16.51,16.78,19703516,330453984.000
2014-09-25,16.89,17.08,16.71,16.80,17155646,289134912.000
2014-09-26,16.71,16.81,16.47,16.79,15057379,249706512.000
2014-09-29,16.80,16.80,16.28,16.33,40486395,665311360.000
2014-09-30,16.32,16.32,15.67,15.80,49304774,780481856.000
2014-10-08,15.85,16.05,15.67,16.04,23261230,369093408.000
2014-10-09,16.03,16.17,15.97,16.13,25368006,407620864.000
2014-10-10,16.08,16.13,15.84,15.91,18513731,295968000.000
2014-10-13,15.86,15.86,15.38,15.61,20609599,320229280.000
2014-10-14,15.60,15.80,15.55,15.73,14437925,226870112.000
2014-10-15,15.77,15.82,15.55,15.77,11307575,177417248.000
2014-10-16,15.66,15.70,15.48,15.51,20357733,317238144.000
2014-10-17,15.50,15.62,15.32,15.59,15147011,233979552.000
2014-10-20,15.63,15.84,15.54,15.81,14623171,229957280.000
2014-10-21,15.80,15.83,15.54,15.54,9277458,145342768.000
2014-10-22,15.53,15.75,15.46,15.50,8686771,135013680.000
2014-10-23,15.53,15.63,15.37,15.39,9556323,147798752.000
2014-10-24,15.41,15.59,15.32,15.52,9345135,144084592.000
2014-10-27,15.48,15.65,15.27,15.54,12213764,188957952.000
2014-10-28,15.53,15.76,15.52,15.71,18626062,291528928.000
2014-10-29,15.75,15.80,15.58,15.71,20150045,315966688.000
2014-10-31,15.99,16.61,15.99,16.53,70489774,1154082944.000
2014-11-03,16.63,16.75,16.42,16.66,35254815,583579264.000
2014-11-04,16.66,16.76,16.37,16.60,25962040,430573120.000
2014-11-05,16.59,16.60,16.20,16.22,18795379,308592032.000
2014-11-06,16.18,16.35,16.14,16.28,13225264,214655152.000
2014-11-07,16.27,16.38,16.07,16.29,22350736,362348416.000
2014-11-10,16.38,17.08,16.38,17.03,44090506,740195008.000
2014-11-11,17.05,17.17,16.60,16.76,26223039,441359424.000
2014-11-12,16.83,17.47,16.78,17.31,39747189,684242240.000
2014-11-13,17.30,17.69,17.24,17.29,29307861,511022336.000
2014-11-14,17.20,17.82,17.15,17.72,34000094,599562944.000
2014-11-17,19.00,19.01,17.46,17.51,46482618,843336128.000
2014-11-18,17.50,17.60,16.83,16.92,24949394,425674560.000
2014-11-19,16.89,16.95,16.55,16.89,14954402,251190192.000
2014-11-20,16.78,17.07,16.70,16.98,15051446,255422272.000
2014-11-21,16.98,17.20,16.85,17.05,17667669,300613376.000
2014-11-24,17.45,17.66,17.08,17.32,53369394,930309632.000
2014-11-25,17.33,17.75,17.21,17.68,29744608,520513056.000
2014-11-26,17.75,17.80,17.42,17.64,25141992,441585632.000
2014-11-27,17.71,17.74,17.20,17.32,25739735,447924832.000
2014-11-28,17.29,17.30,16.77,17.11,36708117,621332736.000
2014-12-01,17.01,18.06,17.00,17.52,73894822,1306277376.000
2014-12-02,17.46,18.03,17.32,17.93,60545745,1074973056.000
2014-12-03,18.00,19.00,18.00,18.17,82451849,1520017408.000
2014-12-04,18.23,18.65,18.15,18.44,80078564,1473684352.000
2014-12-05,18.59,18.90,17.78,18.06,71795929,1315113088.000
2014-12-08,18.23,18.69,17.88,18.64,82035676,1506332032.000
2014-12-09,18.60,19.95,18.10,18.31,124980505,2386689024.000
2014-12-10,18.50,19.53,18.32,19.41,73271947,1390641152.000
2014-12-11,19.29,19.80,18.88,19.09,51161231,987831936.000
2014-12-12,19.10,19.39,18.60,18.84,45918353,869020736.000
2014-12-15,19.18,19.37,18.60,18.94,47650685,898563712.000
2014-12-16,18.95,19.00,18.35,18.69,51073303,950569152.000
2014-12-17,18.56,18.62,18.20,18.46,43803323,805168128.000
2014-12-18,18.60,19.15,18.45,18.83,47807234,903362624.000
2014-12-19,18.81,18.95,18.31,18.69,38321900,712005504.000
2014-12-22,18.85,19.35,18.40,19.25,59746233,1134882048.000
2014-12-23,19.50,19.84,18.93,19.08,50441030,978883520.000
2014-12-24,19.06,19.07,18.23,18.41,36938067,685057536.000
2014-12-25,18.43,18.68,18.18,18.50,38517778,708851392.000
2014-12-26,18.50,18.75,18.18,18.66,43607014,802856000.000
2014-12-29,18.59,18.78,18.20,18.33,45363407,837088896.000
2014-12-30,18.22,18.50,17.91,17.99,40574351,737083840.000
2014-12-31,18.15,18.64,18.08,18.56,35416140,651739776.000
2015-01-05,18.86,20.25,18.71,19.99,91066570,1799932160.000
2015-01-06,19.78,21.30,19.60,20.35,70404384,1441701120.000
2015-01-07,20.34,20.34,19.78,20.00,37593210,750748416.000
2015-01-08,20.00,20.25,19.51,19.84,31644242,629245824.000
2015-01-09,19.87,20.38,19.50,19.60,39284173,788852928.000
2015-01-12,19.78,20.69,19.65,20.40,50977746,1033325952.000
2015-01-13,20.50,21.28,20.38,20.97,45845708,958256576.000
2015-01-14,21.18,21.22,20.50,20.95,37587744,785052096.000
2015-01-15,20.80,21.08,20.30,20.98,23269212,483530560.000
2015-01-16,20.76,21.43,20.59,21.24,29704828,625278144.000
2015-01-19,20.35,20.85,19.12,19.38,55012941,1103529984.000
2015-01-20,19.55,20.35,19.52,20.30,34349184,688662912.000
2015-01-21,20.45,20.69,20.12,20.62,31083948,636136128.000
2015-01-22,20.52,20.85,20.11,20.40,25343759,517062912.000
2015-01-23,20.39,20.60,20.02,20.18,24132331,488110464.000
2015-01-26,20.22,20.51,20.04,20.50,21431664,434563200.000
2015-01-27,20.50,20.69,19.96,20.55,24714103,503705664.000
2015-01-28,20.41,20.45,20.06,20.13,17478975,353129408.000
2015-01-29,19.92,20.05,19.70,19.79,16599115,330005952.000
2015-01-30,19.90,20.35,19.85,19.95,26120072,525048288.000
2015-02-02,19.58,20.11,19.46,19.68,17284627,341923552.000
2015-02-03,19.99,20.15,19.70,20.03,16211928,323771968.000
2015-02-04,20.15,20.60,20.01,20.34,25901137,525582912.000
2015-02-05,20.66,20.68,19.76,19.79,23337906,474067712.000
2015-02-06,19.73,19.98,19.11,19.15,18035719,352523840.000
2015-02-09,19.33,19.39,18.63,19.05,23640448,449167168.000
2015-02-10,19.23,19.89,19.05,19.82,16088009,315092448.000
2015-02-11,19.82,20.58,19.75,20.12,20280450,411077184.000
2015-02-12,20.30,20.42,19.96,20.14,19918373,401854144.000
2015-02-13,20.33,20.43,20.05,20.15,18390930,371996448.000
2015-02-16,20.18,20.38,20.01,20.36,29292630,592299136.000
2015-02-17,20.44,21.00,20.36,20.56,26806148,553568768.000
2015-02-25,20.56,20.68,20.23,20.48,24564114,503145792.000
2015-02-26,20.48,20.48,20.07,20.44,21540000,436075872.000
2015-02-27,20.40,20.51,20.18,20.44,17080070,347795584.000
2015-03-02,20.45,20.76,20.32,20.54,28772923,591884544.000
2015-03-03,20.46,20.68,20.05,20.10,28709135,582590080.000
2015-03-04,20.22,20.51,20.08,20.30,26095816,528904288.000
2015-03-05,20.17,20.17,19.64,19.83,25799662,511728640.000
2015-03-06,19.95,20.00,19.22,19.36,30798966,604051520.000
2015-03-09,19.20,19.85,19.08,19.68,35128198,687773888.000
2015-03-10,19.66,20.43,19.50,20.03,30823426,618355584.000
2015-03-11,20.30,22.03,20.30,22.03,58752653,1275606400.000
2015-03-12,22.69,22.89,21.83,22.34,89109218,1987586944.000
2015-03-13,22.30,23.88,22.30,22.80,54038484,1244392704.000
2015-03-16,23.05,23.50,22.70,23.22,39168018,907503040.000
2015-03-17,23.10,23.71,22.90,23.31,47648430,1109991680.000
2015-03-18,23.35,24.09,22.99,23.90,51332790,1205640576.000
2015-03-19,23.90,23.90,22.88,23.18,53452950,1242005632.000
2015-03-20,23.17,23.21,22.74,22.99,40015259,917337280.000
2015-03-23,22.99,23.61,22.99,23.29,40607226,946883392.000
2015-03-24,23.50,24.00,22.70,23.99,58933627,1376623744.000
2015-03-25,23.79,24.86,23.46,24.53,68038674,1655682048.000
2015-03-26,24.40,24.41,23.46,23.59,43352611,1034455360.000
2015-03-27,23.60,23.83,23.32,23.76,24603465,580036672.000
2015-03-30,24.10,24.75,23.88,24.48,37766704,917209408.000
2015-03-31,26.79,26.80,25.51,25.84,82154256,2142298112.000
2015-04-01,25.68,26.29,25.68,26.02,46419320,1206436224.000
2015-04-02,26.15,27.99,25.86,27.79,65536652,1761758208.000
2015-04-03,27.50,28.25,27.02,27.68,73744871,2024289280.000
2015-04-07,27.55,27.85,27.11,27.37,84182484,2307097856.000
2015-04-08,27.50,27.55,26.47,26.72,82405512,2217467136.000
2015-04-09,26.79,26.84,25.60,26.05,61998689,1614979072.000
2015-04-10,26.50,27.35,26.30,27.29,68608598,1856952448.000
数据来源:通达信
