600111 北方稀土 日线 前复权
      日期	    开盘	    最高	    最低	    收盘	    成交量	    成交额
2011-03-02,24.73,25.49,24.49,24.91,27071482,2081073280.000
2011-03-03,24.95,26.56,24.95,26.09,44758317,3573978880.000
2011-03-04,26.08,26.39,25.70,26.24,24038910,1928838144.000
2011-03-07,26.79,27.09,26.16,26.49,22662056,1847630592.000
2011-03-08,26.50,28.04,26.49,27.91,29031297,2448179712.000
2011-03-09,28.06,29.38,27.73,27.93,30031508,2618542336.000
2011-03-10,28.13,28.63,26.73,26.93,32718359,2788617216.000
2011-03-11,26.73,27.36,26.48,26.78,24185998,1995040128.000
2011-03-14,26.40,26.62,25.66,26.52,18437720,1485992832.000
2011-03-15,26.29,27.56,26.09,27.43,24595237,2036326784.000
2011-03-16,27.45,30.04,27.45,29.42,39292902,3472845312.000
2011-03-17,28.99,29.11,27.40,27.63,32424311,2810090496.000
2011-03-18,28.06,28.86,28.03,28.13,18583789,1612335488.000
2011-03-21,27.99,28.39,27.30,27.83,13760633,1173792128.000
2011-03-22,27.83,27.95,26.99,27.16,15413406,1290941952.000
2011-03-23,27.16,27.99,26.59,27.94,18882643,1579101952.000
2011-03-24,27.98,28.79,27.38,27.41,16694776,1432765184.000
2011-03-25,27.52,28.32,27.52,27.90,18736642,1601696640.000
2011-03-28,27.93,28.39,27.82,27.94,17995203,1551563648.000
2011-03-29,27.66,27.91,26.75,26.81,18076194,1517145728.000
2011-03-30,26.73,28.59,26.69,28.39,28463647,2427250944.000
2011-03-31,28.32,29.39,28.26,28.51,25697593,2268864512.000
2011-04-01,29.33,29.33,27.87,28.87,18295765,1603072128.000
2011-04-06,28.87,31.81,28.86,31.81,47979755,4501218816.000
2011-04-07,31.81,32.24,30.95,31.63,31059638,3009166080.000
2011-04-08,31.67,32.33,30.95,31.24,25481618,2444839936.000
2011-04-11,31.24,32.02,30.92,31.62,21180839,2032612224.000
2011-04-12,31.39,31.56,29.25,29.39,35735747,3311209216.000
2011-04-13,29.33,29.56,28.36,29.43,17744096,1573459712.000
2011-04-14,29.43,29.43,28.43,28.68,14227561,1256472192.000
2011-04-15,28.53,29.49,28.43,29.10,12551184,1119604096.000
2011-04-18,28.78,29.26,28.51,28.71,9651732,849737664.000
2011-04-19,28.66,28.66,27.06,27.56,18590582,1570990592.000
2011-04-20,27.60,28.06,27.59,27.72,9513258,810980032.000
2011-04-21,28.13,29.36,27.55,29.03,15706486,1370606208.000
2011-04-22,29.05,29.89,28.56,29.41,15199208,1363890816.000
2011-04-25,29.04,29.10,28.35,28.53,12063960,1061493056.000
2011-04-26,28.41,30.05,28.40,28.71,15253984,1366439936.000
2011-04-28,28.83,29.06,27.67,27.78,15004623,1301438592.000
2011-04-29,27.82,28.51,27.65,28.30,9613688,832501696.000
2011-05-03,28.15,28.26,27.26,27.79,10455640,886941312.000
2011-05-04,27.74,28.34,27.02,27.07,14688367,1242591616.000
2011-05-05,27.08,27.35,26.08,27.03,13912394,1132787712.000
2011-05-06,26.99,29.69,26.61,29.21,29947402,2602333184.000
2011-05-09,29.28,30.27,28.80,29.90,23297047,2111496704.000
2011-05-10,29.86,32.67,29.86,31.89,38809405,3702802944.000
2011-05-11,31.98,32.61,31.38,32.30,35904757,3523845632.000
2011-05-12,32.73,32.73,31.48,31.61,36850253,2410427392.000
2011-05-13,31.33,31.57,30.38,31.45,41144579,2595042304.000
2011-05-16,31.69,31.87,31.08,31.47,36254781,2323863552.000
2011-05-17,31.53,31.53,29.22,29.50,46610576,2846675200.000
2011-05-18,28.94,30.13,28.52,29.37,20611558,1237441280.000
2011-05-19,29.65,30.25,29.37,30.03,29142027,1776091392.000
2011-05-20,31.07,32.37,30.83,31.87,61360924,3937494016.000
2011-05-23,31.93,32.65,31.41,31.61,51263196,3335437824.000
2011-05-24,31.43,34.83,31.13,34.75,86452111,5833035776.000
2011-05-25,34.48,35.41,33.93,34.41,63098649,4440952832.000
2011-05-26,35.17,36.71,34.42,34.74,64733550,4655871488.000
2011-05-27,34.23,34.67,32.67,33.64,48794859,3329661952.000
2011-05-30,33.07,33.92,32.76,33.10,31408025,2130229504.000
2011-05-31,33.44,35.07,32.20,34.62,58831078,4042315520.000
2011-06-01,34.43,35.03,34.23,34.66,34893718,2459091712.000
2011-06-02,34.15,36.18,34.15,35.89,56444096,4035093248.000
2011-06-03,35.93,36.41,35.70,35.81,34489478,2520620288.000
2011-06-07,35.53,39.12,35.53,38.43,58417527,4458260992.000
2011-06-08,38.43,38.67,37.62,38.29,39571054,3064332544.000
2011-06-09,38.42,39.36,38.02,38.18,43867789,3431267584.000
2011-06-10,38.12,38.35,35.93,37.34,45689349,3441857536.000
2011-06-13,37.01,38.60,36.86,38.01,38826941,2993097728.000
2011-06-14,38.13,38.21,37.28,37.58,31427996,2402226688.000
2011-06-15,37.72,38.60,37.24,38.00,36792874,2847846656.000
2011-06-16,37.62,38.43,37.43,37.98,30720694,2365037312.000
2011-06-17,37.83,37.93,34.13,34.13,67159512,4858126848.000
2011-06-20,33.43,35.23,33.05,34.33,40465961,2815327488.000
2011-06-21,34.61,34.68,32.44,33.63,47716642,3216107008.000
2011-06-22,33.37,33.91,32.98,33.37,28225741,1923131648.000
2011-06-23,33.18,34.17,32.52,33.66,34682026,2362704896.000
2011-06-24,33.33,35.01,32.68,34.23,60858849,4174452992.000
2011-06-27,33.94,34.64,33.93,34.01,29338360,2039751424.000
2011-06-28,34.07,35.70,34.07,35.58,54621822,3894402816.000
2011-06-29,35.53,35.66,34.86,34.88,33538004,2397275648.000
2011-06-30,35.57,35.86,34.97,35.14,41897565,3008751104.000
2011-07-01,35.14,35.42,34.65,34.84,26875935,1907415552.000
2011-07-04,34.82,36.36,34.68,35.67,42119884,3034123264.000
2011-07-05,35.63,35.63,34.89,35.26,32156651,2301150976.000
2011-07-06,35.05,35.90,34.83,35.22,30743690,2210200576.000
2011-07-07,35.13,35.13,33.82,33.89,56023183,3899274240.000
2011-07-08,33.88,34.25,33.22,33.45,27724710,1897534720.000
2011-07-11,33.13,34.65,33.12,34.24,28484945,1977440000.000
2011-07-12,34.03,34.42,33.72,33.81,17637383,1219036544.000
2011-07-13,34.02,34.67,33.81,34.34,21303696,1486838144.000
2011-07-14,34.58,35.11,34.30,34.46,26239438,1848739328.000
2011-07-15,34.68,35.06,34.44,34.73,20050472,1414309504.000
2011-07-18,34.95,35.07,33.98,34.06,21196970,1477800832.000
2011-07-19,33.77,34.17,33.12,33.84,21073018,1439682816.000
2011-07-20,34.03,34.40,33.65,33.84,14045395,973065280.000
2011-07-21,33.80,33.80,33.16,33.18,17104694,1161027840.000
2011-07-22,33.21,33.57,32.87,32.99,14665917,989882688.000
2011-07-25,32.70,33.18,31.94,32.04,20715491,1370558976.000
2011-07-26,32.30,32.82,32.15,32.60,15039842,996419584.000
2011-07-27,32.58,33.18,32.27,33.17,16588778,1108601984.000
2011-07-28,32.87,33.85,32.78,33.58,21015890,1432254080.000
2011-07-29,33.62,33.66,32.88,33.05,17830802,1205779968.000
2011-08-01,32.71,33.77,32.69,33.43,15390004,1049471808.000
2011-08-02,33.08,33.17,32.07,32.62,17947836,1188022272.000
2011-08-03,32.18,32.30,31.76,32.06,18955033,1235084544.000
2011-08-04,32.13,32.68,32.07,32.19,12127364,798970752.000
2011-08-05,30.93,31.53,30.68,31.41,16931410,1079220096.000
2011-08-08,30.85,31.21,28.76,30.07,31196169,1895913728.000
2011-08-09,28.94,32.15,28.83,31.54,40881990,2585922816.000
2011-08-10,32.04,32.37,31.43,31.50,24211845,1572496128.000
2011-08-11,30.58,31.72,30.58,31.59,17198052,1099713664.000
2011-08-12,31.85,32.23,31.51,31.52,13456789,871143488.000
2011-08-15,31.56,31.98,31.35,31.82,13181716,849584128.000
2011-08-16,31.87,32.35,31.63,31.65,16263351,1059221312.000
2011-08-17,31.32,31.65,30.82,30.97,16622838,1052873600.000
2011-08-18,30.98,31.42,30.61,30.63,12974595,820443200.000
2011-08-19,29.78,30.33,29.68,30.12,13042623,796134336.000
2011-08-22,30.12,30.29,29.33,29.43,11746236,712002624.000
2011-08-23,29.58,29.93,29.37,29.90,10267696,620726784.000
2011-08-24,30.18,30.33,29.63,29.69,10054902,614211264.000
2011-08-25,29.76,30.42,29.37,30.30,17386711,1064183232.000
2011-08-26,30.23,31.62,30.01,31.16,23115712,1453179136.000
2011-08-29,30.89,31.07,30.43,30.48,12301433,768693568.000
2011-08-30,30.92,30.92,29.95,30.01,10410356,645835520.000
2011-08-31,29.85,30.18,29.68,29.92,7001845,426863136.000
2011-09-01,30.12,30.12,29.65,29.73,6672072,405723072.000
2011-09-02,29.76,30.18,29.61,29.75,7175561,436860704.000
2011-09-05,29.44,29.60,28.96,29.31,8638736,515204544.000
2011-09-06,29.00,29.59,28.95,29.07,7131053,424522240.000
2011-09-07,29.22,30.07,29.08,29.89,11372643,687136192.000
2011-09-08,30.17,30.17,29.48,29.49,8311707,505117120.000
2011-09-09,29.49,29.80,29.26,29.47,6453003,388208256.000
2011-09-13,29.02,29.03,28.56,28.63,9129966,535273024.000
2011-09-14,28.83,28.88,27.96,28.68,9378134,544402688.000
2011-09-15,28.82,28.90,28.33,28.39,7954386,465622016.000
2011-09-16,28.51,28.72,28.01,28.10,9019614,520879680.000
2011-09-19,27.86,27.92,27.03,27.05,10376237,580382848.000
2011-09-20,26.93,27.70,26.93,27.47,11439981,641307136.000
2011-09-21,27.28,30.18,27.18,29.60,27249112,1604459904.000
2011-09-22,29.08,29.48,28.07,28.23,19888838,1172555136.000
2011-09-23,27.64,28.37,27.13,27.89,15541802,880024640.000
2011-09-26,27.48,28.19,27.13,27.26,9746665,547198272.000
2011-09-27,27.68,28.18,27.37,27.73,11926832,675948544.000
2011-09-28,28.07,28.17,27.24,27.39,10009871,566422144.000
2011-09-29,27.08,27.42,26.83,26.92,9307203,514465504.000
2011-09-30,27.13,27.21,26.77,26.93,6099090,335889056.000
2011-10-10,26.93,27.18,24.96,25.33,16136925,857053632.000
2011-10-11,26.03,26.42,23.58,24.14,20462256,1037404224.000
2011-10-12,23.93,25.13,23.46,24.86,17791739,895754624.000
2011-10-13,24.83,25.43,24.68,25.18,14808517,758603392.000
2011-10-14,25.05,25.17,24.31,24.68,12450243,628845504.000
2011-10-17,24.82,25.17,24.40,24.64,9781686,495396000.000
2011-10-18,24.12,24.15,23.09,23.18,19238309,929020800.000
2011-10-19,23.18,23.44,21.93,22.06,18902907,865816768.000
2011-10-20,22.18,22.57,21.70,22.48,17670087,804470400.000
2011-10-21,22.28,22.28,21.10,21.24,14970072,662638784.000
2011-10-24,21.13,21.74,20.43,21.52,17249195,747915456.000
2011-10-25,21.53,23.10,20.68,22.60,32053945,1448069760.000
2011-10-27,22.77,22.87,22.26,22.39,20750210,960336832.000
2011-10-28,22.82,23.57,22.69,23.38,27911164,1328601216.000
2011-10-31,23.18,23.45,22.84,23.24,20699594,978330752.000
2011-11-01,22.87,23.26,22.77,22.88,14231657,670386752.000
2011-11-02,22.38,22.69,21.59,22.61,21914639,993495808.000
2011-11-03,22.75,24.68,22.61,23.40,59461276,2874859264.000
2011-11-04,23.74,24.42,23.74,23.96,31931265,1569732608.000
2011-11-07,23.97,24.53,23.68,23.89,21656804,1070317632.000
2011-11-08,23.73,24.12,23.37,23.46,16724210,812449408.000
2011-11-09,23.59,24.03,23.18,24.02,16329937,789839232.000
2011-11-10,23.65,23.82,23.27,23.29,15629441,751385792.000
2011-11-11,23.59,23.92,23.24,23.60,13012192,629141696.000
2011-11-14,24.08,24.16,23.73,24.00,16491283,809381568.000
2011-11-15,23.93,25.17,23.88,24.92,31433430,1592333184.000
2011-11-16,24.93,24.93,23.83,24.02,22946248,1143930624.000
2011-11-17,24.01,24.12,23.45,23.64,13056679,634910336.000
2011-11-18,23.37,23.48,22.43,22.52,16338368,767771776.000
2011-11-21,22.54,22.81,22.18,22.64,9412821,433919936.000
2011-11-22,22.40,23.07,22.23,22.96,12266906,570139456.000
2011-11-23,22.97,23.16,22.48,22.52,9231729,430799936.000
2011-11-24,22.20,22.80,21.93,22.57,10311074,472899936.000
2011-11-25,22.58,23.07,22.37,22.49,8526683,397225248.000
2011-11-28,22.57,22.72,22.26,22.43,5783228,266570448.000
2011-11-29,22.73,22.92,22.56,22.88,8267938,385657120.000
2011-11-30,22.81,22.83,21.43,21.68,13466572,609292480.000
2011-12-01,22.53,22.73,22.18,22.22,14383912,662688960.000
2011-12-02,22.06,22.13,21.54,21.72,8090318,362235456.000
2011-12-05,21.72,21.88,20.83,20.87,8926538,388434304.000
2011-12-06,20.87,21.13,20.69,20.93,5976122,256225264.000
2011-12-07,21.03,21.05,20.78,20.90,4316503,185347024.000
2011-12-08,20.93,21.41,20.83,21.07,7491714,325174912.000
2011-12-09,20.68,21.01,20.58,20.70,4644021,198406512.000
2011-12-12,20.83,21.06,20.68,20.77,4374779,187168448.000
2011-12-13,20.62,20.76,19.88,19.90,7771485,323056256.000
2011-12-14,19.90,20.22,19.59,19.66,6283634,257622496.000
2011-12-15,19.30,19.41,18.38,18.41,11747800,455741952.000
2011-12-16,18.30,18.68,17.53,18.51,17881435,668901952.000
2011-12-19,18.30,18.43,17.53,18.33,13251275,491463456.000
2011-12-20,18.22,18.93,18.08,18.40,14037921,537171072.000
2011-12-21,18.63,18.71,17.54,17.58,11459099,428711360.000
2011-12-22,17.18,18.03,16.44,17.38,18413726,650797696.000
2011-12-23,17.17,17.70,17.00,17.24,13425533,481282144.000
2011-12-26,17.06,18.08,16.94,17.60,17366976,634401920.000
2011-12-27,17.42,18.02,17.33,17.53,14898390,545300608.000
2011-12-28,17.28,17.84,16.93,17.82,13816968,498125984.000
2011-12-29,17.63,17.93,17.53,17.54,11665260,426323712.000
2011-12-30,17.59,18.59,17.54,18.24,18825083,704865536.000
2012-01-04,18.38,18.53,18.18,18.23,16053319,606348672.000
2012-01-05,18.19,18.19,17.18,17.25,12927283,469273184.000
2012-01-06,17.14,17.72,16.83,17.59,10011755,356363904.000
2012-01-09,17.59,19.13,17.32,18.94,26367619,1001935936.000
2012-01-10,18.93,19.86,18.74,19.62,26608410,1057210880.000
2012-01-11,19.62,21.14,19.43,20.74,35304804,1477780224.000
2012-01-12,20.43,22.25,20.30,21.16,37063124,1600524928.000
2012-01-13,21.11,22.47,20.88,21.91,47053862,2103956096.000
2012-01-16,21.43,21.65,19.88,19.97,32211654,1372557440.000
2012-01-17,19.98,22.02,19.98,22.02,42180670,1846974464.000
2012-01-18,22.53,23.81,22.03,22.16,56479139,2649427712.000
2012-01-19,21.92,23.08,21.84,22.72,29209536,1352181248.000
2012-01-20,22.77,22.87,21.24,22.24,27739009,1255349120.000
2012-01-30,22.08,23.20,21.47,22.46,29116603,1340736128.000
2012-01-31,22.35,23.12,22.18,22.71,23757189,1107016832.000
2012-02-01,22.63,22.63,21.52,21.79,23095354,1045016704.000
2012-02-02,21.88,22.24,21.58,22.21,20146153,910683520.000
2012-02-03,22.18,22.42,21.72,22.23,17044322,773736192.000
2012-02-06,22.38,22.60,21.92,22.23,13401463,612625152.000
2012-02-07,21.99,21.99,21.40,21.70,16579401,736032256.000
2012-02-08,21.70,23.86,21.60,23.68,45891375,2160947456.000
2012-02-09,23.48,23.72,23.03,23.21,35402902,1693613568.000
2012-02-10,23.18,23.77,22.99,23.18,22789466,1088671360.000
2012-02-13,22.83,23.58,22.70,23.25,16780355,797344064.000
2012-02-14,23.25,23.32,22.87,23.18,13750535,650558144.000
2012-02-15,23.04,23.89,22.97,23.49,26341352,1269653632.000
2012-02-16,23.38,23.62,22.92,23.18,20528341,976728320.000
2012-02-17,23.33,23.48,22.88,23.08,13023167,617421696.000
2012-02-20,23.48,23.56,23.02,23.03,22064088,1054676416.000
2012-02-21,23.03,23.18,22.73,23.13,16408670,772362560.000
2012-02-22,23.13,23.68,23.13,23.52,21844275,1047860160.000
2012-02-23,23.77,24.73,23.72,24.31,37981772,1891682048.000
2012-02-24,24.38,24.86,24.34,24.53,29469817,1482295936.000
2012-02-27,24.58,26.88,24.58,25.94,46792034,2466819840.000
2012-02-28,25.87,26.94,25.68,26.75,50757276,2741231616.000
2012-02-29,26.59,27.95,26.31,27.06,51755031,2881672448.000
2012-03-01,26.81,27.86,26.68,26.95,31958521,1782460160.000
2012-03-02,26.98,27.51,26.98,27.38,25152899,1399209216.000
2012-03-05,27.88,28.03,27.39,27.92,28798066,1629528960.000
2012-03-06,27.76,27.77,26.83,27.00,28361766,1572568832.000
2012-03-07,26.52,27.12,26.21,26.57,22002813,1202847616.000
2012-03-08,26.83,29.18,26.83,28.77,52040547,2996083456.000
2012-03-09,28.89,30.87,28.78,30.80,54500260,3311917312.000
2012-03-12,31.18,32.14,30.96,31.40,45834689,2942733824.000
2012-03-13,31.20,31.52,30.53,31.40,28086786,1770318720.000
2012-03-14,31.86,33.18,30.33,31.51,51981157,3381573120.000
2012-03-15,31.43,32.27,30.74,31.35,36862604,2359393536.000
2012-03-16,31.34,34.39,30.68,33.91,53252493,3492637696.000
2012-03-19,33.86,36.32,33.43,35.38,57500229,4089660928.000
2012-03-20,35.18,36.13,34.45,35.10,39475790,2832406016.000
2012-03-21,35.48,35.89,34.43,34.58,38765164,2756562944.000
2012-03-22,34.43,34.43,32.48,32.65,41578329,2801795328.000
2012-03-23,32.15,33.53,31.94,32.87,34433985,2308328192.000
2012-03-26,32.88,33.11,31.43,32.17,28935038,1884312704.000
2012-03-27,33.19,35.41,33.18,34.90,72593714,5098974720.000
2012-03-28,34.43,34.78,33.50,33.55,44519419,3089440768.000
2012-03-29,32.94,34.38,32.27,33.22,41604133,2835293440.000
2012-03-30,33.53,34.02,31.93,32.81,33554678,2238152192.000
2012-04-05,32.42,36.12,32.33,36.00,57857870,4049525504.000
2012-04-06,36.00,36.17,34.76,35.26,49185360,3545792512.000
2012-04-09,34.88,35.76,34.68,35.22,36110597,2591876352.000
2012-04-10,35.83,35.93,32.58,34.44,58495829,4044171520.000
2012-04-11,33.48,34.05,33.10,33.47,32707351,2232462592.000
2012-04-12,33.73,34.16,33.03,33.79,29516488,2021457280.000
2012-04-13,33.95,35.58,33.73,34.83,51700485,3669333760.000
2012-04-16,34.55,34.91,33.76,34.34,29115016,2027756544.000
2012-04-17,34.23,34.83,34.01,34.19,18127444,1268896000.000
2012-04-19,35.39,35.69,34.33,34.44,40621414,2893480448.000
2012-04-20,34.08,34.53,33.76,34.27,23884737,1657890432.000
2012-04-23,34.29,35.02,33.75,33.94,24949820,1743743232.000
2012-04-24,33.70,33.87,32.22,33.28,32859204,2215527936.000
2012-04-25,33.60,35.00,33.50,34.61,38831702,2717712640.000
2012-04-26,34.73,34.76,33.48,34.17,27889646,1942492160.000
2012-04-27,34.13,35.54,33.93,34.91,36691237,2611221760.000
2012-05-02,35.23,38.41,35.01,37.98,70842117,5321312256.000
2012-05-03,38.14,38.31,37.48,37.76,39300969,3021205760.000
2012-05-04,38.50,41.58,38.22,41.58,105871625,4314912768.000
2012-05-07,41.49,42.71,40.62,42.11,147885186,6244635648.000
2012-05-08,41.77,45.40,41.10,44.37,131837613,5689912320.000
2012-05-09,43.10,45.47,42.96,43.29,153047620,6832222208.000
2012-05-10,42.99,45.10,42.70,44.50,113128868,5067610112.000
2012-05-11,44.30,44.80,43.40,43.46,90790554,4029561344.000
2012-05-14,43.70,43.96,41.60,42.13,97298389,4177696768.000
2012-05-15,41.50,42.75,41.11,42.68,78166854,3297569536.000
2012-05-16,42.60,44.48,42.15,43.38,105902088,4651442688.000
2012-05-17,43.35,44.22,42.60,43.71,80126635,3520012288.000
2012-05-18,43.00,44.07,42.87,43.19,69596489,3057045248.000
2012-05-21,43.19,44.98,43.19,44.40,92709863,4132576000.000
2012-05-22,44.80,44.96,43.88,44.20,60122584,2683490048.000
2012-05-23,44.29,44.46,42.07,42.84,92465437,4038801152.000
2012-05-24,42.50,43.56,42.28,43.00,47667469,2068277632.000
2012-05-25,43.00,43.90,42.82,43.12,43845386,1918557312.000
2012-05-28,42.91,43.08,41.81,42.77,42409745,1817895296.000
2012-05-29,42.82,44.60,42.60,44.38,85331571,3781165312.000
2012-05-30,44.38,44.60,43.68,43.71,52627351,2333595392.000
2012-05-31,43.28,44.18,43.23,43.80,38424893,1699053440.000
2012-06-01,44.08,46.80,44.07,45.27,107151374,4920542208.000
2012-06-04,44.58,46.10,44.35,44.82,79142228,3604255488.000
2012-06-05,44.91,45.50,43.96,44.42,52993938,2385712896.000
2012-06-06,44.72,45.85,44.21,45.58,71270191,3248249600.000
2012-06-07,46.40,46.40,44.89,45.10,58362880,2681887488.000
2012-06-08,45.45,45.55,44.48,44.50,46671011,2114146688.000
2012-06-11,44.25,45.58,44.25,45.36,52350367,2373850368.000
2012-06-12,44.98,45.50,44.93,45.10,32963948,1503213184.000
2012-06-13,45.24,45.50,44.42,45.13,42613368,1931956352.000
2012-06-14,45.12,45.27,44.10,44.25,41967994,1886327552.000
2012-06-15,44.31,44.79,42.11,44.06,77548889,3395174656.000
2012-06-18,44.08,44.80,43.97,44.19,36880316,1651497344.000
2012-06-19,44.28,44.28,43.10,43.19,34148305,1497458816.000
2012-06-20,43.59,44.59,43.31,43.58,44602835,1978663552.000
2012-06-21,43.71,44.20,42.88,43.82,35049470,1538332544.000
2012-06-25,43.40,43.77,41.90,42.30,40341480,1739404672.000
2012-06-26,42.06,42.06,40.30,41.18,47731519,1979333760.000
2012-06-27,40.71,41.39,39.50,39.75,42742820,1748133632.000
2012-06-28,39.75,40.10,37.50,37.55,69883113,2720385536.000
2012-06-29,36.98,39.25,36.45,39.06,60523763,2325085696.000
2012-07-02,39.00,40.90,38.90,40.50,55861922,2272012288.000
2012-07-03,40.45,40.57,39.61,39.92,36946037,1496000000.000
2012-07-04,40.11,40.55,39.78,40.25,26315923,1066369408.000
2012-07-05,40.30,40.31,38.62,38.99,33414116,1325867008.000
2012-07-06,39.54,40.99,38.39,40.89,54586246,2198834688.000
2012-07-09,40.30,41.60,40.09,40.35,54163400,2236845056.000
2012-07-10,40.00,41.00,39.88,40.51,36978559,1513291776.000
2012-07-11,40.55,40.79,39.71,40.52,28789637,1169608832.000
2012-07-12,40.10,42.05,39.95,41.59,64168839,2675458304.000
2012-07-13,41.36,41.67,40.74,41.05,35921738,1495265024.000
2012-07-16,41.20,41.40,39.46,39.48,43297839,1761667072.000
2012-07-17,39.04,39.40,38.18,39.14,28695235,1128201088.000
2012-07-18,38.98,39.85,38.61,39.75,27054908,1074257920.000
2012-07-19,39.65,40.10,39.02,39.30,28388613,1135320832.000
2012-07-20,39.31,39.51,38.41,38.59,23217649,911972544.000
2012-07-23,38.58,39.25,38.05,38.60,25960275,1016482880.000
2012-07-24,38.25,39.07,38.19,38.69,20951509,818511936.000
2012-07-25,38.54,38.80,38.10,38.24,20028802,776783232.000
2012-07-26,38.26,38.98,38.08,38.35,23946812,931270528.000
2012-07-27,38.60,39.31,37.42,37.49,30750974,1177651456.000
2012-07-30,37.60,38.07,36.31,36.62,23642143,889182528.000
2012-07-31,36.60,36.80,34.79,35.15,30810257,1108814848.000
2012-08-01,35.16,37.03,35.16,36.84,34915356,1286524928.000
2012-08-02,36.84,37.06,35.90,36.34,23286753,858377472.000
2012-08-03,36.60,37.69,36.23,37.51,33893797,1272489600.000
2012-08-06,37.53,41.15,37.24,41.06,79331194,3179559936.000
2012-08-07,41.11,42.93,40.80,42.32,98231663,4162930688.000
2012-08-08,42.31,43.10,40.60,40.99,79018927,3333333504.000
2012-08-09,41.00,42.17,39.90,41.11,86256694,3572458752.000
2012-08-10,40.80,40.80,39.51,39.85,80925622,3273321984.000
2012-08-13,39.49,40.10,39.12,39.18,43832102,1748438144.000
2012-08-14,39.10,39.15,36.85,38.36,65796867,2516630784.000
2012-08-15,37.61,38.26,37.32,37.54,31191356,1188183936.000
2012-08-16,37.39,38.09,37.30,37.70,32295548,1231546240.000
2012-08-17,37.50,37.65,36.60,37.22,36672514,1369153024.000
2012-08-20,36.45,36.98,35.60,36.60,32976102,1209945856.000
2012-08-21,36.62,37.54,36.62,36.94,30839246,1154262784.000
2012-08-22,36.95,37.12,36.10,36.34,29063849,1068389888.000
2012-08-23,36.62,37.50,36.48,37.21,44760432,1680280576.000
2012-08-24,37.60,38.54,37.04,37.13,50716968,1939347712.000
2012-08-27,36.20,36.21,34.60,34.65,59115191,2104673024.000
2012-08-28,34.64,35.38,34.45,34.85,29020423,1022301888.000
2012-08-29,34.86,34.96,32.40,32.51,58506458,1967232896.000
2012-08-30,31.73,32.88,30.60,31.87,42359240,1363009152.000
2012-08-31,31.84,32.05,30.91,31.14,26141526,830341696.000
2012-09-03,30.98,31.90,30.73,31.57,32226830,1028770240.000
2012-09-04,31.74,32.80,31.74,32.01,44818458,1464411264.000
2012-09-05,31.84,32.30,31.47,32.06,25070211,810734336.000
2012-09-06,32.25,32.64,32.00,32.38,21940304,716172480.000
2012-09-07,32.76,35.58,32.76,35.36,83300073,2906325760.000
2012-09-10,35.35,35.89,34.75,35.37,55692314,1993151488.000
2012-09-11,35.10,35.10,34.10,34.77,38226074,1337316224.000
2012-09-12,35.18,35.77,34.90,35.41,40118038,1436917504.000
2012-09-13,35.65,35.75,34.18,34.32,29088467,1032151616.000
2012-09-14,35.46,36.05,34.80,35.09,48466856,1733270400.000
2012-09-17,35.00,35.47,34.08,34.10,34756068,1219872896.000
2012-09-18,33.62,33.70,32.67,32.83,31497752,1052087552.000
2012-09-19,32.85,33.50,32.74,33.33,25482376,854605696.000
2012-09-20,33.19,33.19,31.61,31.79,36703168,1199071616.000
2012-09-21,31.79,32.85,31.61,32.28,29171677,954824768.000
2012-09-24,31.70,32.80,31.22,32.55,26952138,875307840.000
2012-09-25,32.33,32.71,31.81,32.00,16808783,548751360.000
2012-09-26,31.99,32.28,31.50,31.66,17501287,564346752.000
2012-09-27,31.58,32.78,31.30,32.55,35675812,1163240192.000
2012-09-28,32.63,33.95,32.40,33.60,45006674,1514752768.000
2012-10-08,33.60,33.84,32.56,32.78,32302622,1078990592.000
2012-10-09,32.85,33.98,32.70,33.61,33540496,1137272576.000
2012-10-10,33.55,33.56,32.95,33.45,26180588,881874176.000
2012-10-11,33.28,34.10,33.02,33.34,31274991,1063247744.000
2012-10-12,33.34,33.85,32.80,33.11,21075721,709180800.000
2012-10-15,33.00,33.07,32.00,32.33,26041893,851115328.000
2012-10-16,32.35,32.75,32.15,32.28,16165642,530864960.000
2012-10-17,32.45,33.40,32.15,33.12,24292795,804580352.000
2012-10-18,33.10,33.55,32.87,33.33,30240818,1017032192.000
2012-10-19,33.28,33.41,32.86,33.05,20357952,681580416.000
2012-10-22,31.80,32.46,31.12,32.06,39636018,1276889472.000
2012-10-23,32.00,32.25,31.60,32.02,21805826,705609792.000
2012-10-24,31.50,31.80,30.95,31.06,36170035,1148427008.000
2012-10-25,31.00,31.29,30.60,30.69,29105413,908716928.000
2012-10-26,30.69,30.85,27.90,28.52,47755788,1405377920.000
2012-10-29,28.10,28.38,26.74,26.95,47071483,1304381056.000
2012-10-30,26.85,27.60,26.85,27.31,27320617,756350272.000
2012-10-31,27.37,28.18,27.18,28.07,27798465,784307648.000
2012-11-01,28.28,30.70,28.25,30.56,66575175,2013801088.000
2012-11-02,30.30,30.76,29.62,30.55,51055408,1567828480.000
2012-11-05,30.35,30.97,30.17,30.67,32302106,1003217344.000
2012-11-06,30.92,31.60,29.81,31.58,47852031,1491013760.000
2012-11-07,31.58,33.70,31.29,32.92,74270215,2467060480.000
2012-11-08,32.59,32.96,32.00,32.17,40387790,1328419584.000
2012-11-09,32.23,32.80,31.87,31.88,31406099,1027185088.000
2012-11-12,31.62,33.03,31.62,32.99,37922536,1252882304.000
2012-11-13,33.30,33.75,32.08,32.23,46555909,1558764160.000
2012-11-14,32.55,33.70,31.85,33.55,46755185,1560059008.000
2012-11-15,33.20,33.65,32.36,32.39,43980931,1475684096.000
2012-11-16,32.44,32.65,31.06,32.32,39118306,1263918848.000
2012-11-19,32.29,33.28,31.80,33.24,33956313,1122311296.000
2012-11-20,33.52,34.16,33.26,33.38,46364317,1580861440.000
2012-11-21,33.10,33.78,32.40,33.54,34376219,1154359424.000
2012-11-22,33.55,33.56,32.60,32.82,23619884,789465024.000
2012-11-23,33.18,33.88,32.83,33.27,36770556,1248042752.000
2012-11-26,33.25,33.67,32.78,33.11,23149581,777093376.000
2012-11-27,32.75,32.98,31.52,31.59,28584508,932973376.000
2012-11-28,31.01,31.50,29.54,29.87,35657097,1103692416.000
2012-11-29,29.99,30.59,29.10,29.66,24793435,753526656.000
2012-11-30,29.68,30.56,29.35,30.52,25390412,774546240.000
2012-12-03,30.51,30.77,29.35,29.44,29739726,904091008.000
2012-12-04,29.37,30.27,28.29,30.12,35773821,1055129216.000
2012-12-05,30.10,32.65,29.94,32.32,63584405,2027355136.000
2012-12-06,32.20,32.38,31.04,31.33,44534927,1425217280.000
2012-12-07,31.30,32.09,31.14,31.62,38130430,1223196672.000
2012-12-10,31.65,32.75,31.65,32.37,44171198,1448597376.000
2012-12-11,32.60,32.80,32.06,32.32,37415703,1227840128.000
2012-12-12,32.34,32.55,31.81,32.36,31069845,1012508480.000
2012-12-13,32.05,32.36,31.46,31.49,24594545,793063552.000
2012-12-14,31.47,33.73,31.47,33.24,75437222,2511440128.000
2012-12-17,33.20,34.93,32.63,34.03,76567311,2641252608.000
2012-12-18,34.01,36.60,33.47,35.77,100517879,3588495104.000
2012-12-19,35.41,36.55,35.30,35.39,70077875,2537544704.000
2012-12-20,35.09,38.09,35.00,37.86,107506851,3996344320.000
2012-12-21,37.88,38.44,36.80,37.01,78703531,2980912896.000
2012-12-24,36.81,37.89,36.48,37.04,56300006,2111730432.000
2012-12-25,36.45,37.37,35.41,36.77,74301877,2740181504.000
2012-12-26,36.79,38.39,36.71,36.93,68029377,2576655360.000
2012-12-27,37.13,37.51,36.30,36.69,54886062,2046713856.000
2012-12-28,37.20,37.75,36.85,37.00,50895407,1912732928.000
2012-12-31,37.10,37.50,36.73,37.05,43504504,1633087872.000
2013-01-04,37.65,37.78,37.00,37.20,47012494,1773946112.000
2013-01-07,37.00,37.00,35.89,36.31,48587869,1783163648.000
2013-01-08,36.17,37.20,35.80,37.15,57741703,2133772032.000
2013-01-09,36.98,37.17,35.68,36.04,54451570,2004410624.000
2013-01-10,36.00,36.60,35.70,36.18,43490296,1588355328.000
2013-01-11,36.22,36.38,34.81,34.95,49985996,1796386304.000
2013-01-14,34.50,36.05,34.50,35.72,55424694,1987970816.000
2013-01-15,35.75,36.77,35.32,36.44,74281929,2703784192.000
2013-01-16,36.25,37.08,35.90,36.44,64356068,2372696320.000
2013-01-17,36.32,36.52,35.21,35.33,44429865,1605154944.000
2013-01-18,35.64,36.00,35.26,35.55,29053179,1046520832.000
2013-01-21,35.50,35.86,35.20,35.33,31770945,1138564608.000
2013-01-22,35.35,35.80,34.50,34.74,36166862,1284505856.000
2013-01-23,34.81,35.76,34.81,35.47,36975328,1322928384.000
2013-01-24,35.67,35.76,34.46,34.63,42749906,1520726400.000
2013-01-25,34.63,34.90,34.25,34.26,28344725,990485184.000
2013-01-28,34.20,35.34,34.20,35.16,36681732,1293415680.000
2013-01-29,35.19,35.90,34.90,35.72,46559333,1664357888.000
2013-01-30,35.46,35.55,34.60,34.74,54942525,1943388544.000
2013-01-31,35.13,35.36,34.68,34.78,36076317,1277806848.000
2013-02-01,34.58,34.58,33.44,33.76,61497458,2102667776.000
2013-02-04,33.76,34.02,32.01,33.28,61499908,2051169536.000
2013-02-05,32.90,33.68,32.40,33.29,31728936,1065099584.000
2013-02-06,33.70,34.52,33.41,33.94,49131061,1696381312.000
2013-02-07,34.00,34.14,33.43,33.51,27399197,933586432.000
2013-02-08,33.51,34.16,33.51,33.83,23877070,820186816.000
2013-02-18,33.83,34.21,33.66,33.81,20881933,716811392.000
2013-02-19,33.90,34.02,32.52,32.72,30491215,1018888576.000
2013-02-20,32.68,33.08,32.60,32.90,16365849,543970496.000
2013-02-21,32.60,32.60,31.51,31.84,33140606,1069624960.000
2013-02-22,31.84,34.01,31.41,33.35,49713770,1648875008.000
2013-02-25,33.30,33.54,32.73,33.01,23247510,777470976.000
2013-02-26,33.01,33.20,32.06,32.33,30479209,1002138112.000
2013-02-27,32.43,32.78,32.12,32.26,16682166,546697472.000
2013-02-28,32.35,33.30,32.05,32.89,33422212,1109056384.000
2013-03-01,32.79,33.08,32.38,32.59,23548623,779136512.000
2013-03-04,32.40,32.40,31.28,31.52,34540306,1109517952.000
2013-03-05,31.54,31.96,31.45,31.72,21911789,702868672.000
2013-03-06,31.78,32.05,31.50,31.71,24716828,793239936.000
2013-03-07,31.45,31.99,30.67,31.40,36645304,1158706688.000
2013-03-08,31.38,32.10,31.10,31.48,34006702,1092576128.000
2013-03-11,31.19,31.44,30.76,30.77,31229744,978659904.000
2013-03-12,30.86,31.22,29.85,30.01,29923188,923792960.000
2013-03-13,30.05,31.09,29.93,30.42,32871740,1019600256.000
2013-03-14,30.30,30.41,29.55,29.74,24425266,740938176.000
2013-03-15,29.78,30.19,29.46,29.79,26998147,814108800.000
2013-03-18,29.60,29.60,28.40,28.57,33746757,983095424.000
2013-03-19,28.57,28.89,28.23,28.70,21646847,625925184.000
2013-03-20,28.77,29.99,28.57,29.74,38979071,1155680128.000
2013-03-21,29.74,29.89,29.16,29.36,26311938,787438784.000
2013-03-22,29.28,29.50,29.01,29.11,17472876,517501664.000
2013-03-25,29.10,31.58,29.10,31.28,73100846,2258044416.000
2013-03-26,31.00,31.25,30.42,30.74,38384552,1197266688.000
2013-03-27,30.74,31.36,30.47,30.95,32009042,1001233984.000
2013-03-28,30.40,30.40,29.60,29.61,28258447,856780544.000
2013-03-29,29.60,30.19,29.33,29.42,19108568,575869184.000
2013-04-01,29.05,29.06,28.39,28.65,24441572,710756928.000
2013-04-02,28.72,29.17,28.50,28.72,16558204,483107168.000
2013-04-03,28.65,28.96,28.50,28.59,13498865,392194304.000
2013-04-08,28.00,28.00,27.08,27.64,25407972,709287616.000
2013-04-09,27.75,28.99,27.71,28.41,30372255,879175616.000
2013-04-10,28.50,28.70,28.21,28.48,16693392,482208960.000
2013-04-11,28.65,28.80,27.91,27.99,14403638,413376512.000
2013-04-12,27.99,28.39,27.60,27.72,12649114,358285440.000
2013-04-15,27.46,27.48,27.05,27.39,17029704,470041824.000
2013-04-16,27.00,27.66,26.69,27.51,16476082,454094560.000
2013-04-17,27.51,27.64,27.14,27.31,12968239,359439968.000
2013-04-18,27.23,27.80,26.81,27.30,15413443,428160928.000
2013-04-19,27.45,28.29,27.45,28.08,29132820,827067072.000
2013-04-22,27.70,28.00,27.57,27.79,19070766,536566912.000
2013-04-23,27.93,28.18,27.02,27.08,21955712,612904704.000
2013-04-24,27.19,27.68,27.13,27.44,17398692,484223392.000
2013-04-25,27.44,27.58,27.04,27.09,18007066,498419488.000
2013-04-26,27.16,27.75,27.10,27.19,18292792,508394752.000
2013-05-02,26.97,26.97,25.80,26.11,25873205,690746816.000
2013-05-03,26.11,26.66,26.11,26.18,19883854,532618752.000
2013-05-06,26.71,27.67,26.70,27.51,39824773,1099598208.000
2013-05-07,27.59,29.60,27.31,28.67,66599807,1932833152.000
2013-05-08,28.70,28.79,28.12,28.48,30987271,891011328.000
2013-05-09,28.63,28.97,27.94,28.25,27587430,795747456.000
2013-05-10,28.20,28.48,27.70,28.04,20132566,572059968.000
2013-05-13,28.04,28.56,28.00,28.22,17923602,513783360.000
2013-05-14,28.19,28.19,27.29,27.39,21884181,612499712.000
2013-05-15,27.41,27.57,27.02,27.39,15321291,423920128.000
2013-05-16,27.44,27.67,27.07,27.61,16611228,459269184.000
2013-05-17,27.68,28.37,27.55,28.29,27411707,772762112.000
2013-05-20,28.49,29.30,28.10,28.79,37023180,1070503296.000
2013-05-21,28.80,28.89,28.26,28.50,27256194,782075200.000
2013-05-22,28.50,29.18,28.46,28.72,32095536,929981184.000
2013-05-23,28.48,28.49,27.91,27.95,30045948,851552256.000
2013-05-24,27.95,28.70,27.80,28.41,26847999,764174784.000
2013-05-27,28.19,28.44,27.90,28.00,22409127,634417152.000
2013-05-28,28.00,28.40,27.62,28.35,30236993,854877760.000
2013-05-29,28.36,28.55,28.20,28.23,25982480,741773824.000
2013-05-30,28.08,28.10,27.73,27.76,26467371,743240000.000
2013-05-31,27.76,28.08,27.48,27.49,21733224,606582272.000
2013-06-03,27.50,27.73,27.31,27.36,15937969,440400576.000
2013-06-04,27.36,27.38,26.71,26.83,20491433,556216896.000
2013-06-05,26.84,27.28,26.82,27.06,13668813,372456704.000
2013-06-06,27.07,27.15,26.60,26.83,16859706,455514912.000
2013-06-07,26.89,27.00,26.17,26.30,17059644,455096576.000
2013-06-13,26.10,26.10,24.57,24.78,24202553,608685632.000
2013-06-14,24.79,24.98,24.40,24.87,20446625,509474336.000
2013-06-17,24.90,24.96,24.28,24.30,17502305,431747008.000
2013-06-18,24.33,24.73,24.28,24.39,13411689,329994720.000
2013-06-19,24.50,25.65,24.35,25.63,41283211,1054031104.000
2013-06-20,25.21,25.47,24.49,24.51,20870138,525272576.000
2013-06-21,24.01,24.60,23.41,24.07,23698821,573165184.000
2013-06-24,24.00,24.00,21.70,21.73,31525672,718892224.000
2013-06-25,21.58,21.58,19.54,21.06,46295438,956444608.000
2013-06-26,21.17,21.54,20.50,21.30,28562007,608601664.000
2013-06-27,21.41,21.57,20.50,20.64,30749282,653880704.000
2013-06-28,20.22,21.40,19.81,20.67,24102057,504281504.000
2013-07-01,20.50,21.28,20.32,21.07,22367838,470502784.000
2013-07-02,20.85,21.08,20.38,20.58,27319085,567924352.000
2013-07-03,20.58,20.58,19.73,19.78,28201855,567445184.000
2013-07-04,19.60,21.66,19.12,21.20,64798072,1344660352.000
2013-07-05,21.00,22.78,20.85,22.09,78401308,1734680576.000
2013-07-08,21.69,21.97,20.72,20.81,39933278,858272832.000
2013-07-09,20.81,21.65,20.70,20.93,25132923,536904256.000
2013-07-10,21.02,23.04,21.02,23.04,74205211,1672629888.000
2013-07-11,24.40,25.36,24.15,25.36,147085865,3700993024.000
2013-07-12,24.99,25.29,24.41,24.55,100319253,2513608448.000
2013-07-15,24.54,25.60,24.31,24.98,76814933,1931617920.000
2013-07-16,24.80,25.49,24.54,24.84,54790488,1379121920.000
2013-07-17,25.21,25.21,23.80,23.90,50190333,1227700736.000
2013-07-18,23.86,24.04,23.40,23.48,34660607,826430144.000
2013-07-19,23.40,23.65,21.80,21.86,45473979,1045032192.000
2013-07-22,21.81,22.69,21.48,22.66,41293333,921526976.000
2013-07-23,22.68,24.80,22.67,24.51,67647482,1647054592.000
2013-07-24,24.20,24.69,23.57,24.45,53926614,1314863104.000
2013-07-25,24.30,24.49,23.55,23.57,39020832,943401408.000
2013-07-26,23.28,23.63,22.77,23.22,27361475,640062080.000
2013-07-29,22.80,23.15,22.38,23.12,23181657,532668928.000
2013-07-30,23.45,24.78,23.42,23.92,46034074,1120193792.000
2013-07-31,23.90,24.35,23.33,23.40,30768111,738526848.000
2013-08-01,23.61,24.28,23.40,24.14,33869310,818782528.000
2013-08-02,24.41,24.51,23.88,23.93,26192402,636388032.000
2013-08-05,23.97,24.59,23.91,24.43,35447844,869702144.000
2013-08-06,24.39,25.38,23.98,25.08,59546612,1484310784.000
2013-08-07,24.88,25.68,24.60,25.01,60896267,1544054656.000
2013-08-08,25.88,26.44,25.20,25.40,66214987,1719789440.000
2013-08-09,25.80,27.96,25.71,27.96,156992095,4332560896.000
2013-08-12,27.96,30.43,27.60,29.37,169164616,4926742016.000
2013-08-13,28.83,29.76,28.80,29.39,74586681,2194796288.000
2013-08-14,29.30,29.68,28.65,28.97,65255162,1906189184.000
2013-08-15,28.98,29.54,28.40,29.10,75556225,2204691456.000
2013-08-16,29.18,29.79,27.65,27.73,87146467,2516535040.000
2013-08-19,27.90,30.00,27.56,29.96,100073280,2929179648.000
2013-08-20,29.63,30.26,29.14,29.40,73459423,2195111168.000
2013-08-21,29.41,30.38,29.26,29.90,66941890,2012882944.000
2013-08-22,29.72,29.89,28.85,29.00,54642100,1613642880.000
2013-08-23,29.00,29.52,27.62,28.54,71670854,2057332096.000
2013-08-26,28.82,29.06,28.25,28.98,43130620,1251489536.000
2013-08-27,29.00,30.69,28.83,30.04,81692941,2472999424.000
2013-08-28,29.80,31.35,29.40,31.03,106129103,3251896320.000
2013-08-29,30.80,31.14,30.33,30.49,58344519,1799243392.000
2013-08-30,30.75,30.94,28.58,29.04,76020777,2256489984.000
2013-09-02,29.09,29.50,28.38,28.86,38646234,1124544768.000
2013-09-03,28.86,29.09,28.18,29.06,32444411,937679104.000
2013-09-04,28.90,30.09,28.40,29.26,52965314,1560704896.000
2013-09-05,28.98,28.98,28.36,28.40,41160569,1185508736.000
2013-09-06,28.42,29.00,28.41,28.51,27021079,778676928.000
2013-09-09,28.51,29.50,28.45,29.19,49248542,1444794368.000
2013-09-10,29.46,29.97,29.02,29.77,53503774,1588237184.000
2013-09-11,30.15,31.68,30.15,30.50,96055942,2989003520.000
2013-09-12,30.50,30.50,29.61,29.78,44241254,1332783616.000
2013-09-13,30.11,31.40,29.60,30.43,60150474,1856179584.000
2013-09-16,30.26,30.64,29.67,29.80,43117515,1300514944.000
2013-09-17,29.80,30.03,28.49,28.58,59624001,1735969792.000
2013-09-18,28.54,28.79,27.91,28.47,31534583,898052416.000
2013-09-23,28.56,29.22,28.47,28.93,30700120,894330880.000
2013-09-24,28.98,29.24,28.30,28.39,40786729,1176195328.000
2013-09-25,28.22,28.28,27.63,27.87,39459464,1108894208.000
2013-09-26,27.91,28.95,27.13,27.87,51163928,1445620736.000
2013-09-27,27.60,28.18,27.46,27.60,25002500,699703488.000
2013-09-30,27.90,28.08,27.46,28.00,21405562,599480640.000
2013-10-08,27.70,28.48,27.45,28.06,27223602,767111360.000
2013-10-09,28.09,28.53,27.83,28.41,33551543,955001792.000
2013-10-10,28.30,28.45,27.54,27.67,35239710,990181888.000
2013-10-11,27.80,28.07,27.60,27.73,23220814,649697664.000
2013-10-14,27.66,27.66,26.82,26.93,41446328,1133938432.000
2013-10-15,27.31,28.14,27.30,27.70,43761916,1224000512.000
2013-10-16,27.40,27.48,26.48,26.79,33694385,912241792.000
2013-10-17,26.92,27.43,26.68,26.79,20714279,562937728.000
2013-10-18,26.88,27.07,26.70,26.77,14500589,392530176.000
2013-10-21,26.70,26.96,25.92,26.94,36071552,958973120.000
2013-10-22,26.80,26.89,26.52,26.57,19529659,524618400.000
2013-10-23,26.76,27.68,26.68,27.11,44162321,1209740928.000
2013-10-24,27.25,27.30,26.43,26.47,24701316,668085440.000
2013-10-25,26.40,26.64,25.51,25.60,26389605,689814080.000
2013-10-28,25.60,25.78,24.80,24.96,18987694,482030432.000
2013-10-29,25.00,25.48,23.86,24.79,25331501,632578432.000
2013-10-30,24.80,25.22,24.49,24.93,16320897,409042368.000
2013-10-31,24.71,25.08,24.55,24.98,13573469,340962560.000
2013-11-01,25.24,26.42,25.22,26.20,37801068,991845952.000
2013-11-04,26.90,27.50,26.18,26.22,30321190,818078592.000
2013-11-05,26.23,26.99,25.95,26.87,26402933,710078528.000
2013-11-06,26.88,27.49,26.48,26.97,35882294,978237120.000
2013-11-07,27.14,27.15,26.20,26.24,21390763,572456064.000
2013-11-08,25.81,26.14,24.87,25.09,25112869,641143424.000
2013-11-11,24.95,25.10,23.98,24.42,33345649,817622784.000
2013-11-12,24.39,24.77,24.31,24.66,15950555,394582944.000
2013-11-13,24.56,24.86,24.11,24.17,18552259,456232032.000
2013-11-14,24.35,24.65,24.12,24.55,18978834,467359136.000
2013-11-15,24.56,25.30,24.40,24.94,24617214,620076480.000
2013-11-18,24.95,25.54,24.75,25.49,34086912,865443840.000
2013-11-19,25.50,25.50,25.10,25.29,22078993,562104640.000
2013-11-20,25.42,25.54,25.20,25.31,16376829,417684224.000
2013-11-21,25.18,25.18,24.61,24.81,22370403,559219840.000
2013-11-22,24.90,24.94,24.63,24.64,12553345,312959744.000
2013-11-25,24.43,24.79,24.33,24.54,13047346,322978496.000
2013-11-26,24.41,24.72,24.41,24.54,9114113,225768848.000
2013-11-27,24.60,25.05,24.50,24.96,16443901,411070528.000
2013-11-28,24.98,27.45,24.95,27.07,82477631,2204300288.000
2013-11-29,26.75,26.75,26.18,26.31,43541142,1157075712.000
2013-12-02,25.96,26.79,25.48,25.91,57345345,1515813760.000
2013-12-03,25.70,26.37,25.60,26.33,30091084,791955328.000
2013-12-04,26.32,26.65,25.97,26.30,32009494,849573696.000
2013-12-05,26.31,26.42,25.89,25.91,21437289,563000064.000
2013-12-06,25.80,26.27,25.80,25.98,13144048,345048896.000
2013-12-09,26.18,26.37,25.90,25.98,13456272,353886080.000
2013-12-10,26.10,26.25,25.81,26.12,17674356,463364768.000
2013-12-11,25.80,26.39,25.57,25.77,22479356,586984256.000
2013-12-12,25.62,25.73,25.10,25.11,24591205,627365504.000
2013-12-13,24.80,25.19,24.79,24.89,13267890,334264192.000
2013-12-16,24.61,24.81,24.00,24.04,27113534,665376128.000
2013-12-17,24.05,24.28,23.70,23.73,21161653,511716288.000
2013-12-18,23.73,24.11,23.70,23.91,14192407,341416864.000
2013-12-19,23.99,24.43,23.80,23.82,19944768,485250272.000
2013-12-20,23.78,23.93,21.42,21.54,54614699,1243125888.000
2013-12-23,21.81,22.08,21.51,21.75,22736620,500680416.000
2013-12-24,21.85,22.06,21.40,21.67,18828997,413094432.000
2013-12-25,21.72,21.94,21.51,21.93,12905705,283974144.000
2013-12-26,21.96,21.96,21.00,21.18,23312894,503066432.000
2013-12-27,21.18,21.76,21.05,21.57,16861814,365701312.000
2013-12-30,21.63,21.88,21.52,21.53,12684453,277649248.000
2013-12-31,21.34,22.57,21.08,22.07,23322519,517290176.000
2014-01-02,21.97,22.03,21.79,21.94,13461656,297626400.000
2014-01-03,23.10,23.19,22.45,22.60,33762969,773730112.000
2014-01-06,22.60,23.08,22.28,22.30,27932338,639648064.000
2014-01-07,22.39,22.44,21.80,21.91,17193993,383296224.000
2014-01-08,21.78,22.26,21.63,21.65,16544103,364919136.000
2014-01-09,21.70,21.93,21.18,21.31,19799926,428796608.000
2014-01-10,21.31,21.55,21.12,21.30,14121756,303946784.000
2014-01-13,21.34,21.94,21.30,21.49,15773608,343116928.000
2014-01-14,21.51,21.54,21.01,21.47,13924677,298504544.000
2014-01-15,21.51,21.56,21.15,21.26,11354541,243624320.000
2014-01-16,21.25,22.06,21.14,21.81,28555956,625147264.000
2014-01-17,21.60,21.65,21.13,21.15,18293200,393761056.000
2014-01-20,21.08,21.08,20.51,20.61,17410202,364984000.000
2014-01-21,20.61,20.98,20.41,20.73,12184644,255089152.000
2014-01-22,20.76,21.50,20.62,21.41,25494231,545949056.000
2014-01-23,21.38,21.38,21.03,21.12,17370777,371303360.000
2014-01-24,21.00,21.65,20.95,21.36,21505122,464688224.000
2014-01-27,21.19,21.34,21.00,21.08,14955803,318805824.000
2014-01-28,21.11,21.34,21.00,21.18,10001808,213695856.000
2014-01-29,21.21,21.40,20.98,21.04,11919233,254334800.000
2014-01-30,21.05,21.10,20.61,20.69,13027720,273052352.000
2014-02-07,20.69,20.90,20.48,20.80,10352409,216703936.000
2014-02-10,21.03,22.54,21.00,22.25,53983488,1195945088.000
2014-02-11,22.26,22.32,21.77,22.02,36128356,804089344.000
2014-02-12,22.12,22.24,21.91,22.14,19789370,440462944.000
2014-02-13,22.15,22.57,21.98,22.16,33297798,750501120.000
2014-02-14,22.16,22.57,22.14,22.34,24878236,561699712.000
2014-02-17,22.59,22.67,22.12,22.45,29872871,673913984.000
2014-02-18,22.49,22.49,21.82,21.94,26097504,579205248.000
2014-02-19,21.94,22.16,21.64,21.96,22365737,494060992.000
2014-02-20,21.67,22.34,21.62,21.88,33690943,746111296.000
2014-02-21,21.66,21.99,21.48,21.56,20034372,438383968.000
2014-02-24,21.40,21.40,20.85,20.92,23517266,498855104.000
2014-02-25,20.91,21.23,20.35,20.62,22805339,478370080.000
2014-02-26,20.75,21.23,20.62,21.21,25208615,533668096.000
2014-02-27,21.37,21.42,20.52,20.55,21865523,463075168.000
2014-02-28,20.45,20.90,20.35,20.80,16173120,336294720.000
2014-03-03,20.90,20.99,20.61,20.85,14780408,310884160.000
2014-03-04,20.79,21.35,20.43,20.99,26352360,555816000.000
2014-03-05,21.04,21.13,20.74,20.76,14957905,315699360.000
2014-03-06,20.60,20.77,20.46,20.60,13199091,274534432.000
2014-03-07,20.61,21.46,20.61,20.84,23895616,508194208.000
2014-03-10,20.58,20.59,19.91,19.98,21205871,432953728.000
2014-03-11,19.97,20.09,19.72,19.95,12336080,247695792.000
2014-03-12,19.90,20.07,19.75,19.99,12757611,256657312.000
2014-03-13,20.06,20.35,19.93,20.06,13750566,279193344.000
2014-03-14,20.00,20.23,19.84,19.93,12197457,246408160.000
2014-03-17,19.95,20.23,19.83,20.14,14974504,302988224.000
2014-03-18,20.15,20.28,19.95,20.03,16327208,331686304.000
2014-03-19,19.94,19.95,19.61,19.77,15754352,313930784.000
2014-03-20,19.59,19.86,19.22,19.24,17315264,342041984.000
2014-03-21,19.25,19.93,18.85,19.78,25922969,507393024.000
2014-03-24,19.60,20.04,19.60,19.98,23437735,470765792.000
2014-03-25,19.80,20.08,19.70,19.86,16614127,333208480.000
2014-03-26,19.84,21.09,19.45,20.78,43038139,883917696.000
2014-03-27,20.75,20.75,20.20,20.23,30102356,620694208.000
2014-03-28,20.21,20.57,19.86,20.04,24197152,493846912.000
2014-03-31,19.90,20.13,19.73,19.82,12301424,247375744.000
2014-04-01,19.81,20.09,19.77,19.99,10663696,214909408.000
2014-04-02,19.95,20.29,19.90,20.03,14377563,291050176.000
2014-04-03,20.05,20.22,19.82,19.85,14185775,286307584.000
2014-04-04,19.83,21.00,19.75,20.62,47898983,993864768.000
2014-04-08,20.46,21.27,20.34,21.00,42602328,899608448.000
2014-04-09,21.13,21.48,20.87,21.13,37616038,803913344.000
2014-04-10,21.17,21.34,20.84,21.08,32291188,685591296.000
2014-04-11,20.99,21.02,20.70,20.73,21200232,446104416.000
2014-04-14,20.60,21.15,20.53,20.88,26614367,561545408.000
2014-04-15,20.80,21.09,20.60,20.81,20650417,433449312.000
2014-04-16,20.45,20.45,19.90,19.94,44872602,909493632.000
2014-04-17,19.94,20.06,19.77,19.81,18538707,371961248.000
2014-04-18,19.81,19.95,19.65,19.87,12356456,247332352.000
2014-04-21,19.72,19.98,19.55,19.60,13831374,275775872.000
2014-04-22,19.60,19.72,19.20,19.43,16966925,332414752.000
2014-04-23,19.41,19.53,19.28,19.40,8419263,165017536.000
2014-04-24,19.40,19.46,19.11,19.13,11759191,229007056.000
2014-04-25,19.13,19.24,19.00,19.12,10936453,210921696.000
2014-04-28,19.40,19.56,19.11,19.13,16243696,317107104.000
2014-04-29,19.08,19.37,18.92,19.30,12202021,236158336.000
2014-04-30,19.28,19.28,19.10,19.14,8019263,155231808.000
2014-05-05,19.10,19.20,18.85,19.02,10852951,208052768.000
2014-05-06,19.03,19.58,19.02,19.27,14388183,281403296.000
2014-05-07,19.10,19.17,18.91,18.95,9364196,179609600.000
2014-05-08,18.90,19.27,18.88,18.98,10162370,195760352.000
2014-05-09,19.05,19.55,18.99,19.33,21121638,412442880.000
2014-05-12,19.55,20.69,19.32,20.37,63046283,1287503744.000
2014-05-13,20.18,20.25,19.70,19.78,30627475,616275648.000
2014-05-14,19.71,19.89,19.50,19.62,14348273,284523808.000
2014-05-15,19.50,19.64,19.27,19.30,14698809,288179520.000
2014-05-16,19.31,19.45,19.15,19.30,10249362,199899216.000
2014-05-19,19.32,19.54,19.10,19.41,10047705,193905904.000
2014-05-20,19.55,19.62,19.19,19.24,9067508,175317456.000
2014-05-21,19.24,19.44,19.09,19.37,8700535,168011088.000
2014-05-22,19.40,19.50,19.15,19.19,12448373,240617584.000
2014-05-23,19.19,19.29,19.15,19.26,7842936,150706832.000
2014-05-26,19.46,19.49,19.25,19.29,11110760,214713440.000
2014-05-27,19.44,19.47,19.18,19.20,10969024,211302720.000
2014-05-28,19.20,19.39,19.12,19.34,15477091,298125216.000
2014-05-29,19.35,19.39,19.15,19.16,12620623,242842640.000
2014-05-30,19.16,19.48,19.16,19.29,15587821,301241024.000
2014-06-03,19.30,19.40,19.15,19.18,13179089,254122528.000
2014-06-04,19.18,19.18,18.63,18.82,21147544,398446560.000
2014-06-05,18.91,19.60,18.90,19.40,34455386,667300992.000
2014-06-06,19.40,19.40,18.90,19.10,18105324,345901088.000
2014-06-09,19.18,19.58,19.12,19.26,27554167,535241440.000
2014-06-10,19.20,19.36,19.06,19.29,15384976,295147328.000
2014-06-11,19.21,19.40,19.13,19.30,12989018,250533488.000
2014-06-12,19.24,19.33,19.08,19.10,15088676,289026368.000
2014-06-13,19.10,19.35,19.09,19.21,15716716,302422720.000
2014-06-16,19.18,19.27,19.12,19.20,12242742,234980880.000
2014-06-17,19.20,19.31,19.13,19.16,11042372,211978528.000
2014-06-18,19.14,19.34,18.86,19.21,22353125,427082304.000
2014-06-19,19.20,19.30,18.88,18.92,19961394,380605632.000
2014-06-20,18.95,19.16,18.91,19.03,11959882,227955392.000
2014-06-23,19.05,19.38,18.92,19.23,22138176,424289152.000
2014-06-24,19.14,20.48,19.11,20.03,80227097,1590228480.000
2014-06-25,19.75,19.84,19.41,19.43,37858602,742335552.000
2014-06-26,19.55,19.70,19.41,19.45,24068485,469985440.000
2014-06-27,19.44,19.59,19.26,19.38,19853081,385781952.000
2014-06-30,19.41,19.79,19.34,19.65,22941635,449513184.000
2014-07-01,19.74,20.06,19.51,19.69,28862601,571701824.000
2014-07-02,19.70,19.78,19.49,19.72,17879165,351069888.000
2014-07-03,19.80,20.10,19.76,19.81,25641242,509802592.000
2014-07-04,19.81,19.91,19.57,19.61,16673865,327936192.000
2014-07-07,19.62,19.66,19.37,19.41,13580023,264381504.000
2014-07-08,19.52,19.52,19.30,19.44,11639054,225805616.000
2014-07-09,19.48,20.25,19.45,19.67,40945332,811451712.000
2014-07-10,19.70,20.34,19.58,20.06,68113267,1370087168.000
2014-07-11,20.00,20.29,19.89,20.06,38494804,772947968.000
2014-07-14,20.20,20.56,19.98,20.39,50552232,1027676992.000
2014-07-15,20.40,20.77,20.23,20.64,55741862,1144917632.000
2014-07-16,20.58,20.74,20.13,20.23,31161484,634336768.000
2014-07-17,20.30,20.45,20.05,20.22,20578134,416261216.000
2014-07-18,20.50,20.50,20.10,20.15,18191155,368705600.000
2014-07-21,20.10,20.12,19.80,19.93,19050990,379527904.000
2014-07-22,19.87,20.65,19.87,20.46,45268266,923808640.000
2014-07-23,20.48,20.59,20.16,20.30,33286215,678606400.000
2014-07-24,20.29,21.16,20.29,20.89,76018018,1580833536.000
2014-07-25,21.01,22.38,21.01,21.81,117156656,2543197952.000
2014-07-28,21.82,22.76,21.61,21.98,108754289,2409354496.000
2014-07-29,21.93,22.19,21.64,21.86,59503264,1301453184.000
2014-07-30,21.65,22.05,21.60,21.73,43459255,948012224.000
2014-07-31,21.70,22.22,21.70,22.20,58976789,1301822208.000
2014-08-01,22.13,22.43,21.88,21.89,57874069,1279779840.000
2014-08-04,21.95,23.70,21.70,23.39,101164100,2297072384.000
2014-08-05,24.01,24.78,23.52,23.75,115524675,2778256384.000
2014-08-06,23.65,24.55,23.20,24.38,89822545,2153020672.000
2014-08-07,24.38,24.74,23.80,23.82,69217040,1672706304.000
2014-08-08,23.71,23.97,23.42,23.49,50204354,1185808384.000
2014-08-11,23.89,24.38,23.58,24.15,49614411,1192667008.000
2014-08-12,24.21,24.58,23.94,24.06,46528322,1126926336.000
2014-08-13,24.05,24.07,23.45,23.93,42968622,1019716928.000
2014-08-14,23.88,23.97,23.17,23.26,37069547,873663552.000
2014-08-15,23.23,23.56,23.20,23.34,31760298,741431168.000
2014-08-18,23.38,23.55,23.21,23.35,27899390,651965952.000
2014-08-19,23.36,23.44,22.91,23.16,41060895,948192960.000
2014-08-20,23.05,23.37,23.05,23.17,28104876,652067008.000
2014-08-21,23.20,23.38,22.58,22.71,38734774,889582464.000
2014-08-22,22.69,22.79,22.50,22.64,26510010,599161664.000
2014-08-25,22.63,23.39,22.22,23.02,53050529,1211358080.000
2014-08-26,22.75,23.19,22.28,22.35,29032103,659824832.000
2014-08-27,22.24,22.79,21.81,22.31,37765078,838210368.000
2014-08-28,22.21,22.43,21.92,21.97,21250735,470460032.000
2014-08-29,22.01,22.55,21.80,22.37,27055797,601046592.000
2014-09-01,22.28,22.46,22.10,22.41,26453180,590638592.000
2014-09-02,22.44,22.76,22.29,22.69,33979471,764956032.000
2014-09-03,22.71,23.10,22.63,22.77,43888784,1002244224.000
2014-09-04,22.81,22.85,22.60,22.78,27511258,624485760.000
2014-09-05,22.83,23.09,22.66,22.95,36463979,836183360.000
2014-09-09,22.96,23.09,22.73,22.79,25239157,576230656.000
2014-09-10,22.80,23.27,22.80,22.89,41323593,951501120.000
2014-09-11,22.90,22.99,22.45,22.48,37994501,863042816.000
2014-09-12,22.41,22.50,22.16,22.49,27415636,611573888.000
2014-09-15,22.50,22.72,22.18,22.60,33124436,743556480.000
2014-09-16,22.60,22.64,21.86,21.92,33912100,754513536.000
2014-09-17,21.95,22.16,21.82,22.04,20540053,451446080.000
2014-09-18,22.04,22.13,21.85,22.01,20577252,452055488.000
2014-09-19,22.01,22.14,21.92,22.10,18769461,413593376.000
2014-09-22,22.09,22.09,21.43,21.49,23198570,503100800.000
2014-09-23,21.45,21.60,21.37,21.50,23441539,503390592.000
2014-09-24,21.48,21.98,21.33,21.91,33247374,723680704.000
2014-09-25,21.93,22.27,21.82,22.01,33722909,742464832.000
2014-09-26,21.96,21.98,21.73,21.86,17043889,372350656.000
2014-09-29,21.91,21.94,21.63,21.69,25664776,558194304.000
2014-09-30,21.80,21.96,21.71,21.81,19211544,419916384.000
2014-10-08,21.82,22.04,21.81,21.98,19903085,436223808.000
2014-10-09,21.98,22.44,21.88,22.41,46380366,1028627968.000
2014-10-10,22.35,22.35,21.96,22.03,29849527,660114560.000
2014-10-13,22.21,22.64,22.21,22.63,62401181,1404535808.000
2014-10-14,22.68,22.74,22.31,22.46,33805102,761187072.000
2014-10-15,22.49,22.60,22.08,22.33,23421221,521679552.000
2014-10-16,22.15,22.25,21.80,21.82,27106774,597568448.000
2014-10-17,21.75,22.30,21.51,21.93,26896695,588363776.000
2014-10-20,21.99,22.02,21.78,21.86,14230984,311050176.000
2014-10-21,21.74,21.74,21.40,21.42,20463131,441768416.000
2014-10-22,21.42,21.58,21.13,21.14,17328327,370236768.000
2014-10-23,21.14,21.25,20.42,20.62,25380172,527425024.000
2014-10-24,20.70,20.91,20.61,20.72,16507628,342024704.000
2014-10-27,20.74,20.74,20.43,20.64,13505683,277379360.000
2014-10-28,20.69,21.12,20.69,21.08,19990173,418461792.000
2014-10-29,21.15,21.44,21.07,21.28,26048479,553720384.000
2014-10-30,21.26,21.55,21.11,21.31,24888905,531035200.000
2014-10-31,21.29,22.35,21.15,22.00,61818178,1350177664.000
2014-11-03,22.16,22.29,21.82,21.96,42277729,930303360.000
2014-11-04,21.84,22.10,21.74,21.84,27523778,602652160.000
2014-11-05,21.81,21.99,21.55,21.58,22925360,499887104.000
2014-11-06,21.51,21.70,21.32,21.48,20171601,433455328.000
2014-11-07,21.49,21.75,21.21,21.26,24249692,521333280.000
2014-11-10,21.28,21.74,21.14,21.60,31703488,680308928.000
2014-11-11,21.59,21.91,21.30,21.39,45536188,986171648.000
2014-11-12,21.30,21.84,21.25,21.80,31700283,685654400.000
2014-11-13,21.90,22.88,21.66,22.76,120163940,2694036992.000
2014-11-14,22.45,22.66,22.10,22.34,59016639,1317037056.000
2014-11-17,22.64,22.77,22.01,22.09,39489994,878127936.000
2014-11-18,22.03,22.19,21.75,21.88,33833636,743443712.000
2014-11-19,21.81,21.95,21.61,21.70,26352253,573140800.000
2014-11-20,21.62,21.86,21.56,21.76,19870291,432017632.000
2014-11-21,21.78,22.04,21.67,22.01,28322785,620275392.000
2014-11-24,22.30,22.69,21.98,22.29,62672430,1400005248.000
2014-11-25,22.18,22.95,22.10,22.78,76198202,1721194112.000
2014-11-26,22.73,22.79,22.35,22.51,57782942,1301657984.000
2014-11-27,22.60,23.24,22.51,22.81,89990521,2058398592.000
2014-11-28,22.85,22.95,22.18,22.50,60790619,1364915712.000
2014-12-01,22.30,23.10,22.26,22.50,65254286,1481036416.000
2014-12-02,22.60,23.16,22.36,22.93,86990880,1984809216.000
2014-12-03,22.94,25.22,22.76,25.00,215969666,5263052800.000
2014-12-04,25.04,25.64,24.60,25.25,174154042,4371865088.000
2014-12-05,25.09,25.10,23.30,24.11,129387826,3148722944.000
2014-12-08,24.00,25.37,23.60,24.94,116772563,2881327104.000
2014-12-09,24.68,26.39,23.80,24.04,160160133,4037799936.000
2014-12-10,24.06,24.96,23.60,24.69,77798110,1896988416.000
2014-12-11,24.70,25.85,24.41,25.06,83763317,2107661056.000
2014-12-12,26.52,27.50,25.83,25.85,141839636,3755856128.000
2014-12-15,25.54,25.64,24.98,25.30,68703535,1731295488.000
2014-12-16,25.23,25.35,24.48,25.18,75459768,1882815232.000
2014-12-17,25.00,25.01,24.12,24.45,69790608,1713933824.000
2014-12-18,24.45,26.50,24.45,25.58,120933034,3096266496.000
2014-12-19,25.56,25.99,25.01,25.39,83673500,2135171712.000
2014-12-22,25.80,26.56,24.92,25.13,89502445,2303894528.000
2014-12-23,24.79,26.00,23.98,24.84,75519201,1900705920.000
2014-12-24,24.85,25.45,24.28,25.04,47872821,1189453184.000
2014-12-25,25.03,25.70,24.58,25.60,68767857,1734137216.000
2014-12-26,25.78,26.55,25.75,26.22,113942842,2984027392.000
2014-12-29,26.22,27.36,25.85,26.76,117021224,3123573248.000
2014-12-30,26.88,27.08,25.80,25.82,76313723,2004718592.000
2014-12-31,25.82,26.20,25.30,25.88,53946174,1385530880.000
2015-01-05,25.91,28.47,25.90,28.47,202308066,5572489216.000
2015-01-06,28.80,28.80,27.43,27.68,145668135,4077940736.000
2015-01-07,27.59,28.74,27.30,27.79,94918606,2663349504.000
2015-01-08,27.80,27.93,26.69,26.89,70331635,1907737216.000
2015-01-09,26.92,27.43,26.30,26.35,63854406,1719419776.000
2015-01-12,26.10,26.75,25.90,26.40,48690642,1280157312.000
2015-01-13,26.31,26.70,26.10,26.49,33992890,897719040.000
2015-01-14,26.55,26.65,25.02,25.17,58310939,1499743360.000
2015-01-15,25.30,25.60,24.77,25.59,46574886,1172697472.000
2015-01-16,25.90,26.20,25.62,25.71,44550547,1151139200.000
2015-01-19,24.50,25.15,23.70,23.96,61051757,1492375808.000
2015-01-20,24.04,24.67,24.04,24.52,42329366,1034623360.000
2015-01-21,24.54,26.09,24.53,25.64,69952730,1776867840.000
2015-01-22,25.50,26.78,25.35,26.12,80716606,2118083712.000
2015-01-23,26.50,26.82,25.60,25.94,66399921,1739612160.000
2015-01-26,26.12,27.48,25.95,27.12,111088115,2989483008.000
2015-01-27,27.18,27.20,26.23,26.77,73868987,1969416704.000
2015-01-28,26.60,26.95,26.11,26.26,45191659,1195160576.000
2015-01-29,26.20,26.95,26.02,26.27,53555429,1419802368.000
2015-01-30,26.33,27.12,26.30,26.35,54473821,1451335936.000
2015-02-02,26.00,26.00,25.21,25.28,49794219,1271742976.000
2015-02-03,25.38,25.68,24.90,25.59,47160723,1189306112.000
2015-02-04,25.75,25.80,25.10,25.15,34986281,890076480.000
2015-02-05,25.50,25.60,24.68,24.70,42503337,1066524928.000
2015-02-06,24.72,24.92,24.00,24.14,35962861,873652480.000
2015-02-09,24.20,24.55,24.09,24.36,26122793,635151744.000
2015-02-10,24.40,24.65,24.33,24.63,21382862,524700992.000
2015-02-11,24.69,25.06,24.59,24.78,26084295,647555328.000
2015-02-12,24.78,24.78,24.30,24.41,26783879,655454848.000
2015-02-13,24.52,25.10,24.52,24.68,33304187,826386624.000
2015-02-16,24.70,24.92,24.61,24.86,27082258,671506496.000
2015-02-17,24.89,25.04,24.65,24.70,29986145,742671232.000
2015-02-25,24.64,24.64,24.23,24.33,25368023,618507328.000
2015-02-26,24.33,25.10,24.33,25.09,40389967,1001463360.000
2015-02-27,25.15,26.13,24.93,25.69,70413630,1797139200.000
2015-03-02,25.88,26.09,25.56,25.85,48922521,1263667456.000
2015-03-03,25.74,26.27,25.30,25.97,68843971,1774269696.000
2015-03-04,25.93,26.26,25.66,25.84,37706914,975771520.000
2015-03-05,25.80,25.80,25.22,25.43,37094963,943997632.000
2015-03-06,25.51,26.08,25.30,25.81,53060540,1366598656.000
2015-03-09,25.51,25.80,25.05,25.72,34636985,881425536.000
2015-03-10,25.79,26.00,25.60,25.66,35028732,903694080.000
2015-03-11,25.50,25.78,25.20,25.28,33556417,853247296.000
2015-03-12,25.39,25.78,25.25,25.64,37297311,950157632.000
2015-03-13,25.73,26.20,25.56,26.04,57350198,1488022912.000
2015-03-16,26.09,26.48,25.82,26.40,73897621,1935652864.000
2015-03-17,26.44,27.09,26.27,26.62,87190794,2324159232.000
2015-03-18,26.62,26.96,26.44,26.84,69709394,1863538304.000
2015-03-19,26.85,27.34,26.58,26.96,77986196,2103067776.000
2015-03-20,26.97,27.25,26.65,26.73,66783448,1794124160.000
2015-03-23,27.00,27.48,26.88,27.11,85475493,2322431232.000
2015-03-24,27.12,27.19,26.33,26.84,85831433,2296867328.000
2015-03-25,26.80,26.80,26.20,26.32,61603176,1626859904.000
2015-03-26,26.20,26.84,26.10,26.64,61899426,1644083072.000
2015-03-27,26.70,27.04,26.65,26.79,54239287,1455738112.000
2015-03-30,26.79,27.42,26.52,27.27,96948787,2617359360.000
2015-03-31,27.40,27.67,26.96,27.18,100241094,2739559936.000
2015-04-01,27.18,28.37,26.98,28.02,123277275,3427209216.000
2015-04-02,28.16,28.25,27.60,28.01,91091768,2539384832.000
2015-04-03,28.14,28.80,27.75,28.13,101059352,2856794368.000
2015-04-07,28.15,28.66,27.91,28.51,101986382,2886244608.000
2015-04-08,28.65,28.67,27.49,27.88,107067644,2992037888.000
2015-04-09,27.88,28.20,27.02,27.26,84500552,2319973120.000
2015-04-10,27.30,29.00,27.22,28.96,141768115,4004267008.000
数据来源:通达信
