600018 上港集团 日线 前复权
      日期	    开盘	    最高	    最低	    收盘	    成交量	    成交额
2011-03-02,4.04,4.06,3.97,4.00,11951064,53681264.000
2011-03-03,4.00,4.00,3.81,3.85,21745749,95838216.000
2011-03-04,3.86,3.95,3.85,3.93,15025211,65845696.000
2011-03-08,3.98,4.01,3.93,3.98,15652472,69813944.000
2011-03-09,3.98,4.02,3.90,3.94,16616987,73560680.000
2011-03-10,3.93,3.93,3.73,3.74,40288061,173378992.000
2011-03-11,3.74,3.83,3.74,3.78,18064368,77262800.000
2011-03-14,3.78,3.87,3.77,3.85,16810248,72745216.000
2011-03-15,3.83,3.83,3.59,3.69,30779468,128214944.000
2011-03-16,3.69,3.71,3.65,3.71,22585323,94027064.000
2011-03-17,3.67,3.70,3.62,3.63,16218806,67130496.000
2011-03-18,3.69,3.69,3.52,3.58,35962424,147383328.000
2011-03-21,3.60,3.63,3.57,3.61,14202991,58174664.000
2011-03-22,3.62,3.63,3.57,3.63,9164872,37543816.000
2011-03-23,3.64,3.66,3.59,3.65,11396200,46955276.000
2011-03-24,3.65,3.66,3.62,3.65,9871290,40751628.000
2011-03-25,3.65,3.68,3.63,3.68,16088021,66767660.000
2011-03-28,3.67,3.69,3.62,3.64,29987036,123790792.000
2011-03-29,3.63,3.66,3.59,3.63,21142639,86891656.000
2011-03-30,3.63,3.66,3.61,3.65,16549596,68269800.000
2011-03-31,3.65,3.65,3.57,3.60,14867047,60737376.000
2011-04-01,3.59,3.65,3.57,3.64,10182795,41706840.000
2011-04-06,3.63,3.77,3.62,3.76,38115920,159666656.000
2011-04-07,3.75,3.77,3.71,3.74,18551489,78230696.000
2011-04-08,3.74,3.77,3.71,3.75,13624683,57656124.000
2011-04-11,3.77,3.79,3.73,3.76,15606077,66248444.000
2011-04-12,3.76,3.86,3.65,3.79,56576627,240316000.000
2011-04-13,3.76,3.84,3.73,3.81,31296907,134419504.000
2011-04-14,3.81,3.85,3.78,3.80,23408973,100719408.000
2011-04-15,3.78,3.80,3.74,3.77,18367096,78128832.000
2011-04-19,3.77,3.77,3.67,3.70,21493178,90180824.000
2011-04-20,3.70,3.74,3.66,3.71,18144357,76075040.000
2011-04-21,3.73,3.78,3.69,3.74,25967004,109572544.000
2011-04-22,3.73,3.82,3.71,3.79,29459974,125862232.000
2011-04-25,3.80,3.84,3.77,3.77,32279631,138497184.000
2011-04-26,3.78,3.79,3.65,3.66,21017684,88104432.000
2011-04-27,3.68,3.71,3.62,3.64,15108000,62659892.000
2011-04-28,3.64,3.67,3.52,3.53,22273219,90609584.000
2011-04-29,3.53,3.60,3.53,3.59,9365938,38018432.000
2011-05-03,3.59,3.68,3.57,3.66,14873137,61413828.000
2011-05-04,3.65,3.72,3.62,3.66,17913001,74604376.000
2011-05-05,3.65,3.67,3.63,3.65,8162437,33765716.000
2011-05-06,3.64,3.76,3.60,3.72,19194932,80370048.000
2011-05-09,3.73,3.75,3.70,3.72,9167266,38598172.000
2011-05-10,3.73,3.74,3.68,3.70,7903211,33117444.000
2011-05-11,3.69,3.76,3.67,3.71,10495473,44183836.000
2011-05-12,3.69,3.70,3.63,3.63,11277153,46836028.000
2011-05-13,3.62,3.66,3.59,3.66,7640427,31450774.000
2011-05-16,3.64,3.67,3.63,3.64,5633676,23310566.000
2011-05-17,3.64,3.65,3.60,3.62,8043732,33091534.000
2011-05-18,3.62,3.66,3.61,3.64,5157543,21279476.000
2011-05-19,3.64,3.65,3.61,3.62,5463306,22539418.000
2011-05-23,3.61,3.62,3.52,3.53,10467028,42305440.000
2011-05-24,3.51,3.52,3.46,3.49,8856088,35226184.000
2011-05-25,3.49,3.50,3.35,3.38,14815255,57800560.000
2011-05-26,3.40,3.45,3.36,3.39,6821723,26572478.000
2011-05-27,3.40,3.44,3.38,3.41,6612790,25788894.000
2011-05-30,3.41,3.51,3.39,3.43,8560485,33689740.000
2011-05-31,3.44,3.47,3.42,3.46,3965104,15611307.000
2011-06-01,3.47,3.47,3.42,3.44,4987419,19551364.000
2011-06-02,3.41,3.43,3.36,3.40,5799141,22501284.000
2011-06-03,3.39,3.43,3.38,3.43,3952037,15418511.000
2011-06-07,3.41,3.44,3.40,3.44,4284542,16740482.000
2011-06-08,3.42,3.45,3.40,3.44,4753224,18593828.000
2011-06-09,3.43,3.46,3.38,3.39,5694936,22256180.000
2011-06-10,3.39,3.42,3.36,3.39,6257052,24226026.000
2011-06-13,3.39,3.41,3.34,3.41,4506422,17436986.000
2011-06-14,3.40,3.45,3.38,3.42,7084245,27688714.000
2011-06-15,3.43,3.46,3.40,3.41,7328125,28703962.000
2011-06-16,3.39,3.39,3.34,3.35,6182454,23823128.000
2011-06-17,3.37,3.40,3.34,3.38,6062410,23419218.000
2011-06-20,3.36,3.39,3.32,3.33,3498930,13418990.000
2011-06-21,3.35,3.36,3.32,3.34,4489568,17165436.000
2011-06-22,3.35,3.36,3.33,3.34,3735861,14309647.000
2011-06-23,3.34,3.38,3.31,3.36,7202593,27603000.000
2011-06-24,3.35,3.44,3.34,3.43,17611306,68284120.000
2011-06-27,3.40,3.45,3.38,3.42,14476505,56407088.000
2011-06-28,3.41,3.44,3.38,3.44,8645132,33692024.000
2011-06-29,3.43,3.43,3.38,3.39,9255592,35998152.000
2011-06-30,3.39,3.45,3.38,3.41,12448705,48638600.000
2011-07-01,3.41,3.43,3.39,3.41,7820536,30484290.000
2011-07-04,3.42,3.47,3.42,3.47,15003251,59089068.000
2011-07-05,3.47,3.47,3.43,3.46,9594851,37749540.000
2011-07-06,3.45,3.48,3.43,3.47,9706920,38275668.000
2011-07-07,3.47,3.48,3.43,3.44,10262414,40450772.000
2011-07-08,3.44,3.47,3.43,3.46,8163048,32239898.000
2011-07-11,3.46,3.51,3.44,3.50,10614528,42112068.000
2011-07-12,3.49,3.49,3.45,3.46,9511976,37620164.000
2011-07-13,3.46,3.51,3.46,3.51,10296844,40988372.000
2011-07-14,3.53,3.54,3.49,3.51,8345212,32433614.000
2011-07-15,3.50,3.51,3.48,3.51,7605936,29469194.000
2011-07-18,3.51,3.51,3.47,3.48,9559086,36898468.000
2011-07-19,3.47,3.48,3.44,3.46,6448988,24760162.000
2011-07-20,3.48,3.49,3.45,3.47,5621200,21667616.000
2011-07-21,3.48,3.49,3.46,3.47,5919371,22804330.000
2011-07-22,3.48,3.49,3.46,3.49,6397998,24695044.000
2011-07-25,3.46,3.52,3.45,3.48,23461366,90648104.000
2011-07-26,3.47,3.51,3.45,3.50,9246901,35735780.000
2011-07-27,3.47,3.54,3.47,3.52,13221532,51561172.000
2011-07-28,3.50,3.50,3.47,3.47,8087512,31209480.000
2011-07-29,3.47,3.49,3.43,3.49,6936939,26640280.000
2011-08-01,3.49,3.51,3.46,3.47,4273361,16529146.000
2011-08-02,3.45,3.46,3.40,3.42,5045336,19172556.000
2011-08-03,3.40,3.41,3.36,3.37,6812451,25594746.000
2011-08-04,3.37,3.39,3.33,3.36,7423874,27737142.000
2011-08-05,3.30,3.30,3.23,3.25,11536135,41839168.000
2011-08-08,3.23,3.26,3.17,3.19,22058852,79620864.000
2011-08-09,3.12,3.14,3.05,3.12,11131199,38581968.000
2011-08-10,3.14,3.18,3.11,3.13,8698373,30671184.000
2011-08-11,3.05,3.15,3.04,3.14,14476635,50141344.000
2011-08-12,3.13,3.24,3.11,3.22,17170982,61097496.000
2011-08-15,3.19,3.20,3.12,3.18,15238562,53967532.000
2011-08-16,3.17,3.19,3.14,3.15,6809385,24131006.000
2011-08-17,3.16,3.16,3.13,3.14,4289440,15132826.000
2011-08-18,3.15,3.16,3.08,3.08,6120890,21397502.000
2011-08-19,3.04,3.06,3.02,3.04,9663438,33017816.000
2011-08-22,3.04,3.06,3.01,3.03,5042244,17215834.000
2011-08-23,3.04,3.08,3.02,3.07,5553291,19054232.000
2011-08-24,3.07,3.09,3.04,3.05,4543036,15634458.000
2011-08-25,3.07,3.14,3.05,3.14,9669307,33696072.000
2011-08-26,3.12,3.14,3.10,3.13,5399555,18899192.000
2011-08-29,3.11,3.11,3.07,3.08,3296827,11420618.000
2011-08-30,3.10,3.13,3.06,3.07,5154171,17937924.000
2011-08-31,3.07,3.08,3.04,3.07,3419680,11764068.000
2011-09-01,3.06,3.09,3.03,3.06,5517023,18945528.000
2011-09-02,3.05,3.06,2.98,3.00,6757836,22899648.000
2011-09-05,2.98,2.98,2.93,2.93,4860225,16155159.000
2011-09-06,2.93,2.94,2.90,2.92,3716498,12273105.000
2011-09-07,2.93,2.97,2.93,2.97,3054349,10181521.000
2011-09-08,2.98,2.99,2.94,2.94,2631958,8795378.000
2011-09-09,2.96,2.99,2.93,2.95,3357540,11222802.000
2011-09-13,2.93,2.93,2.89,2.92,2686006,8821322.000
2011-09-14,2.92,2.94,2.88,2.92,4504129,14814386.000
2011-09-15,2.92,2.95,2.92,2.94,3835854,12702502.000
2011-09-16,2.95,2.96,2.91,2.92,3927206,13009228.000
2011-09-19,2.90,2.91,2.86,2.86,4030802,13134701.000
2011-09-20,2.84,2.87,2.83,2.86,2886252,9329039.000
2011-09-21,2.87,2.94,2.84,2.93,6143079,20140636.000
2011-09-22,2.91,2.93,2.85,2.86,5529785,18106996.000
2011-09-26,2.84,2.87,2.73,2.74,11259038,35674360.000
2011-09-27,2.76,2.77,2.72,2.74,7754277,24211884.000
2011-09-28,2.75,2.76,2.64,2.66,9772439,30131132.000
2011-09-29,2.65,2.65,2.60,2.62,9260371,27849916.000
2011-09-30,2.62,2.64,2.59,2.62,10554497,31546720.000
2011-10-10,2.64,2.64,2.56,2.58,9376873,27988744.000
2011-10-11,2.63,2.66,2.59,2.61,6664904,20039466.000
2011-10-12,2.61,2.70,2.58,2.68,9881208,30011698.000
2011-10-13,2.68,2.74,2.66,2.74,14472822,44685532.000
2011-10-14,2.73,2.73,2.69,2.72,4793093,14807861.000
2011-10-17,2.72,2.76,2.70,2.70,4776668,14855472.000
2011-10-18,2.70,2.70,2.64,2.65,4123100,12571767.000
2011-10-19,2.67,2.69,2.64,2.65,3344024,10184445.000
2011-10-20,2.65,2.67,2.60,2.61,4311050,12938038.000
2011-10-21,2.62,2.65,2.60,2.61,3188509,9563888.000
2011-10-24,2.61,2.69,2.60,2.68,4786900,14490408.000
2011-10-25,2.68,2.73,2.65,2.72,7625057,23484524.000
2011-10-26,2.70,2.75,2.69,2.74,11123134,34560564.000
2011-10-27,2.79,2.90,2.78,2.80,15645033,50276792.000
2011-10-28,2.80,2.85,2.77,2.82,10588543,33780540.000
2011-10-31,2.80,2.81,2.76,2.78,6627526,20951584.000
2011-11-01,2.77,2.81,2.74,2.77,6048204,19112238.000
2011-11-02,2.75,2.83,2.73,2.82,8274336,26158852.000
2011-11-03,2.84,2.89,2.81,2.85,15798215,51130404.000
2011-11-04,2.88,2.89,2.82,2.85,11750680,37891324.000
2011-11-07,2.84,2.86,2.82,2.84,6145969,19764056.000
2011-11-08,2.83,2.84,2.78,2.79,10309138,32776888.000
2011-11-09,2.80,2.81,2.77,2.80,4256548,13504011.000
2011-11-10,2.78,2.78,2.73,2.73,7881623,24689164.000
2011-11-11,2.75,2.77,2.74,2.75,3909435,12269764.000
2011-11-14,2.77,2.80,2.76,2.79,4295703,13605645.000
2011-11-15,2.80,2.80,2.77,2.80,4077168,12903112.000
2011-11-16,2.80,2.80,2.71,2.73,6414915,20046684.000
2011-11-17,2.74,2.74,2.70,2.70,5544458,17170112.000
2011-11-18,2.70,2.70,2.64,2.66,5463438,16646610.000
2011-11-21,2.67,2.67,2.63,2.67,3374297,10221502.000
2011-11-22,2.66,2.67,2.63,2.66,3654638,11058337.000
2011-11-23,2.66,2.67,2.62,2.62,5183672,15607082.000
2011-11-24,2.62,2.63,2.60,2.62,4488093,13451784.000
2011-11-25,2.62,2.63,2.60,2.63,3359769,10081328.000
2011-11-28,2.62,2.63,2.58,2.62,4167941,12415765.000
2011-11-29,2.62,2.67,2.62,2.65,4861801,14708008.000
2011-11-30,2.66,2.66,2.56,2.57,6935993,20583012.000
2011-12-01,2.62,2.67,2.59,2.63,8765273,26400490.000
2011-12-02,2.62,2.62,2.57,2.58,3394272,10064225.000
2011-12-05,2.60,2.60,2.57,2.58,3428163,10151120.000
2011-12-06,2.58,2.59,2.56,2.58,2796522,8254237.000
2011-12-07,2.58,2.61,2.57,2.59,3036063,9010321.000
2011-12-08,2.60,2.61,2.56,2.59,2758469,8182216.000
2011-12-09,2.57,2.60,2.56,2.58,2338066,6919012.000
2011-12-12,2.58,2.59,2.51,2.53,4601804,13443809.000
2011-12-13,2.52,2.52,2.46,2.48,7642021,21911472.000
2011-12-14,2.47,2.48,2.42,2.43,4031701,11381369.000
2011-12-15,2.43,2.43,2.34,2.35,5535297,15223851.000
2011-12-16,2.37,2.39,2.34,2.39,9466707,25947680.000
2011-12-19,2.38,2.38,2.27,2.35,6637076,17943096.000
2011-12-20,2.34,2.36,2.30,2.31,6070720,16438621.000
2011-12-21,2.34,2.34,2.27,2.28,8575162,23006340.000
2011-12-22,2.27,2.27,2.20,2.24,7847046,20479536.000
2011-12-23,2.24,2.29,2.21,2.24,8863676,23224188.000
2011-12-26,2.24,2.27,2.22,2.26,4970006,13070762.000
2011-12-27,2.26,2.26,2.21,2.22,4831104,12614105.000
2011-12-28,2.22,2.23,2.17,2.20,6240626,16043954.000
2011-12-29,2.20,2.24,2.18,2.23,6547901,16983780.000
2011-12-30,2.23,2.24,2.17,2.21,14720531,38114048.000
2012-01-04,2.23,2.23,2.19,2.20,7880113,20391336.000
2012-01-05,2.18,2.22,2.16,2.21,11241019,28954276.000
2012-01-06,2.20,2.23,2.19,2.23,10573056,27407932.000
2012-01-09,2.24,2.28,2.22,2.28,9211025,24276814.000
2012-01-10,2.28,2.37,2.26,2.36,12158183,32921468.000
2012-01-11,2.36,2.38,2.32,2.37,8268638,22591966.000
2012-01-12,2.36,2.39,2.34,2.38,7710973,21227392.000
2012-01-13,2.37,2.42,2.34,2.36,9562323,26412984.000
2012-01-16,2.34,2.42,2.33,2.41,9821231,27185868.000
2012-01-17,2.39,2.53,2.39,2.52,14922453,42440424.000
2012-01-18,2.51,2.53,2.46,2.50,10362225,29686082.000
2012-01-19,2.49,2.53,2.48,2.50,6164178,17772660.000
2012-01-20,2.51,2.55,2.48,2.52,5753691,16672630.000
2012-01-30,2.54,2.54,2.41,2.43,7988165,22813856.000
2012-01-31,2.43,2.46,2.42,2.45,2994591,8426276.000
2012-02-01,2.45,2.46,2.42,2.43,2631698,7410002.000
2012-02-02,2.43,2.49,2.42,2.48,4360790,12362960.000
2012-02-03,2.47,2.52,2.45,2.52,6475661,18595406.000
2012-02-06,2.52,2.53,2.50,2.52,5296429,15342289.000
2012-02-07,2.51,2.52,2.46,2.47,3308182,9451869.000
2012-02-08,2.47,2.54,2.45,2.54,7436509,21511014.000
2012-02-09,2.54,2.56,2.52,2.56,6344258,18554570.000
2012-02-10,2.55,2.59,2.54,2.58,7638468,22501608.000
2012-02-13,2.56,2.61,2.55,2.58,5350230,15883686.000
2012-02-14,2.57,2.58,2.55,2.56,2631450,7732866.000
2012-02-15,2.56,2.62,2.55,2.60,6804740,20241860.000
2012-02-16,2.60,2.60,2.55,2.58,5274240,15593781.000
2012-02-17,2.58,2.59,2.54,2.56,2831898,8340060.000
2012-02-20,2.58,2.60,2.56,2.57,3203700,9497102.000
2012-02-21,2.57,2.59,2.55,2.58,2529962,7454603.000
2012-02-22,2.58,2.61,2.56,2.61,5031580,14937082.000
2012-02-23,2.60,2.64,2.59,2.62,5320304,15947504.000
2012-02-24,2.62,2.66,2.60,2.66,10226844,30817136.000
2012-02-27,2.67,2.71,2.66,2.68,10462334,32147840.000
2012-02-28,2.67,2.69,2.65,2.68,6441536,19658708.000
2012-02-29,2.67,2.67,2.62,2.63,5407936,16354714.000
2012-03-01,2.62,2.65,2.62,2.63,3966281,11939203.000
2012-03-02,2.64,2.66,2.63,2.65,5638709,17036452.000
2012-03-05,2.67,2.67,2.63,2.64,4174984,12642904.000
2012-03-06,2.62,2.63,2.58,2.59,5627898,16764124.000
2012-03-07,2.56,2.72,2.55,2.62,8260000,24767260.000
2012-03-08,2.62,2.68,2.62,2.65,4327276,13118119.000
2012-03-09,2.66,2.72,2.64,2.72,13899784,42661024.000
2012-03-12,2.72,2.73,2.68,2.70,4748015,14596285.000
2012-03-13,2.70,2.73,2.68,2.73,6071638,18721532.000
2012-03-14,2.74,2.75,2.66,2.67,14768718,45545004.000
2012-03-15,2.66,2.67,2.57,2.60,6768189,20257524.000
2012-03-16,2.59,2.62,2.58,2.61,3006052,8969729.000
2012-03-19,2.62,2.62,2.60,2.61,3165099,9465037.000
2012-03-20,2.61,2.62,2.57,2.57,3219580,9553205.000
2012-03-21,2.59,2.60,2.56,2.58,2869008,8483439.000
2012-03-22,2.58,2.59,2.56,2.58,2514979,7426488.000
2012-03-23,2.56,2.57,2.54,2.54,3307036,9682583.000
2012-03-26,2.54,2.56,2.54,2.55,2105871,6162975.000
2012-03-27,2.56,2.57,2.55,2.56,2515888,7383007.000
2012-03-28,2.56,2.57,2.50,2.50,3784587,10990667.000
2012-03-29,2.50,2.51,2.43,2.47,5388224,15372428.000
2012-03-30,2.47,2.57,2.46,2.52,5570388,16204271.000
2012-04-05,2.51,2.62,2.50,2.60,5125929,15150645.000
2012-04-06,2.59,2.60,2.57,2.59,2811847,8337554.000
2012-04-09,2.60,2.60,2.57,2.58,1920897,5699790.000
2012-04-10,2.58,2.59,2.55,2.58,2368820,6977543.000
2012-04-11,2.58,2.60,2.55,2.57,2629751,7773116.000
2012-04-12,2.58,2.65,2.57,2.64,7293561,21902620.000
2012-04-13,2.64,2.66,2.62,2.63,4353039,13140540.000
2012-04-16,2.62,2.65,2.61,2.64,3641443,10969874.000
2012-04-17,2.64,2.67,2.60,2.61,3526864,10651298.000
2012-04-18,2.62,2.66,2.61,2.65,4051579,12244076.000
2012-04-19,2.65,2.66,2.63,2.64,4008137,12113193.000
2012-04-20,2.64,2.67,2.64,2.67,4467791,13588500.000
2012-04-23,2.67,2.68,2.63,2.64,4073656,12332511.000
2012-04-24,2.62,2.66,2.58,2.63,4796608,14398447.000
2012-04-25,2.63,2.65,2.61,2.65,4642637,13993073.000
2012-04-26,2.65,2.66,2.50,2.53,28085910,82530624.000
2012-04-27,2.54,2.55,2.47,2.48,16273202,47025736.000
2012-05-02,2.53,2.56,2.51,2.55,8154237,23791192.000
2012-05-03,2.55,2.58,2.53,2.56,6303330,18560716.000
2012-05-04,2.56,2.58,2.54,2.57,7623904,22396658.000
2012-05-07,2.55,2.57,2.54,2.56,4892062,14328267.000
2012-05-08,2.55,2.56,2.52,2.55,7860150,22903712.000
2012-05-09,2.54,2.54,2.51,2.52,4799582,13917093.000
2012-05-10,2.51,2.54,2.50,2.53,4244165,12309693.000
2012-05-11,2.53,2.54,2.51,2.52,3684562,10704542.000
2012-05-14,2.55,2.55,2.51,2.52,4727813,13714570.000
2012-05-15,2.51,2.51,2.48,2.50,3937333,11291774.000
2012-05-16,2.50,2.56,2.48,2.51,6176497,17909838.000
2012-05-17,2.49,2.58,2.49,2.57,11786734,34568496.000
2012-05-21,2.58,2.61,2.50,2.52,15943822,46824360.000
2012-05-22,2.51,2.53,2.49,2.52,6336797,18292604.000
2012-05-23,2.50,2.52,2.47,2.48,5969973,17127800.000
2012-05-24,2.48,2.50,2.47,2.47,4416697,12633892.000
2012-05-25,2.47,2.49,2.45,2.45,4106725,11675830.000
2012-05-28,2.45,2.50,2.42,2.50,6417486,18167542.000
2012-05-29,2.49,2.52,2.48,2.52,6462630,18626744.000
2012-05-30,2.50,2.52,2.49,2.52,6381562,18402948.000
2012-05-31,2.49,2.50,2.47,2.48,4043637,11567726.000
2012-06-01,2.49,2.51,2.47,2.48,3399013,9743240.000
2012-06-04,2.44,2.45,2.32,2.34,17585133,48498104.000
2012-06-05,2.33,2.35,2.30,2.31,10648023,28788826.000
2012-06-06,2.33,2.34,2.31,2.33,3330340,9012898.000
2012-06-07,2.34,2.36,2.34,2.36,5952358,16266443.000
2012-06-08,2.36,2.38,2.32,2.34,3622268,9852489.000
2012-06-11,2.35,2.36,2.33,2.36,3041101,8305402.000
2012-06-12,2.34,2.35,2.31,2.32,5919654,15998469.000
2012-06-13,2.32,2.35,2.31,2.34,5486977,14859111.000
2012-06-14,2.34,2.35,2.31,2.33,3066070,8310333.000
2012-06-15,2.33,2.40,2.31,2.40,11584375,31737612.000
2012-06-18,2.37,2.38,2.36,2.37,8413566,23136588.000
2012-06-19,2.36,2.37,2.34,2.35,3251016,8896534.000
2012-06-20,2.36,2.37,2.34,2.35,2233092,6104012.000
2012-06-21,2.36,2.36,2.32,2.33,2957888,8031972.000
2012-06-25,2.33,2.33,2.28,2.29,3566791,9582253.000
2012-06-26,2.28,2.29,2.23,2.25,7777102,20500596.000
2012-06-27,2.25,2.28,2.25,2.26,3100441,8203051.000
2012-06-28,2.26,2.27,2.23,2.24,3337392,8794243.000
2012-06-29,2.22,2.28,2.22,2.28,2337911,6156651.000
2012-07-02,2.28,2.30,2.27,2.28,2477771,6602061.000
2012-07-03,2.30,2.34,2.30,2.32,4155491,11215895.000
2012-07-04,2.32,2.34,2.31,2.33,3044041,8246853.000
2012-07-05,2.33,2.34,2.29,2.30,3512692,9445137.000
2012-07-06,2.32,2.34,2.31,2.34,3567266,9650150.000
2012-07-09,2.34,2.34,2.31,2.32,4637960,12534214.000
2012-07-10,2.33,2.33,2.28,2.31,5022978,13507867.000
2012-07-11,2.31,2.32,2.27,2.30,3398164,8669439.000
2012-07-12,2.30,2.32,2.27,2.31,3074958,7852581.000
2012-07-13,2.31,2.31,2.28,2.30,2198942,5616504.000
2012-07-16,2.30,2.30,2.24,2.25,3248780,8193632.000
2012-07-17,2.25,2.27,2.24,2.27,2396566,6027850.000
2012-07-18,2.27,2.29,2.25,2.28,3396190,8598286.000
2012-07-19,2.28,2.32,2.27,2.30,4049607,10375063.000
2012-07-20,2.30,2.31,2.29,2.29,2729339,6979245.000
2012-07-23,2.28,2.29,2.25,2.26,2643692,6677746.000
2012-07-24,2.26,2.27,2.24,2.27,6936061,17405450.000
2012-07-25,2.26,2.26,2.25,2.26,1547039,3889555.000
2012-07-26,2.26,2.27,2.24,2.25,2183910,5492135.000
2012-07-27,2.26,2.26,2.24,2.24,2167208,5442297.000
2012-07-30,2.25,2.29,2.24,2.26,4486131,11323135.000
2012-07-31,2.26,2.26,2.22,2.23,4872942,12158364.000
2012-08-01,2.23,2.26,2.22,2.24,3078894,7720992.000
2012-08-02,2.25,2.26,2.24,2.24,2704224,6784241.000
2012-08-03,2.26,2.27,2.24,2.27,3059882,7708199.000
2012-08-06,2.26,2.31,2.25,2.30,6143049,15643581.000
2012-08-07,2.30,2.32,2.28,2.32,6467013,16583455.000
2012-08-08,2.32,2.32,2.30,2.31,3846682,9891889.000
2012-08-09,2.32,2.32,2.29,2.31,3619879,9307523.000
2012-08-10,2.30,2.33,2.29,2.32,3500426,9018975.000
2012-08-13,2.32,2.32,2.29,2.29,2532950,6481315.000
2012-08-14,2.29,2.32,2.28,2.32,2721826,6969700.000
2012-08-15,2.32,2.32,2.27,2.28,3057031,7775208.000
2012-08-16,2.27,2.28,2.26,2.26,1546845,3913493.000
2012-08-17,2.27,2.28,2.24,2.26,2569797,6480703.000
2012-08-20,2.25,2.26,2.21,2.25,3593380,8971914.000
2012-08-21,2.24,2.26,2.24,2.26,2996078,7521508.000
2012-08-22,2.26,2.26,2.23,2.26,2690251,6719251.000
2012-08-23,2.25,2.27,2.23,2.27,5266033,13221585.000
2012-08-24,2.26,2.26,2.23,2.24,4410739,11029839.000
2012-08-27,2.24,2.24,2.20,2.21,4155464,10306706.000
2012-08-28,2.21,2.23,2.20,2.23,2450931,6070377.000
2012-08-29,2.22,2.23,2.20,2.20,1777416,4395962.000
2012-08-30,2.19,2.21,2.18,2.21,3545054,8709122.000
2012-08-31,2.21,2.23,2.19,2.22,2553267,6310179.000
2012-09-03,2.20,2.23,2.20,2.21,2823871,6977905.000
2012-09-04,2.21,2.21,2.19,2.19,2378464,5846194.000
2012-09-05,2.18,2.20,2.17,2.18,1920288,4688883.000
2012-09-06,2.19,2.20,2.17,2.19,2410269,5892213.000
2012-09-07,2.19,2.28,2.19,2.27,8802078,22107884.000
2012-09-10,2.26,2.27,2.24,2.26,4196041,10559873.000
2012-09-11,2.25,2.25,2.21,2.23,3332107,8275203.000
2012-09-12,2.23,2.24,2.22,2.24,3123956,7795243.000
2012-09-13,2.24,2.25,2.22,2.24,2451807,6126104.000
2012-09-14,2.24,2.27,2.23,2.27,5184352,13013946.000
2012-09-17,2.26,2.26,2.21,2.21,3184357,7913112.000
2012-09-18,2.21,2.22,2.19,2.20,2415173,5952091.000
2012-09-19,2.19,2.22,2.19,2.21,1595033,3930876.000
2012-09-20,2.20,2.21,2.17,2.17,3633083,8868921.000
2012-09-21,2.17,2.19,2.16,2.19,3575675,8700714.000
2012-09-24,2.15,2.17,2.14,2.15,2695555,6514981.000
2012-09-25,2.16,2.16,2.13,2.15,1916068,4600544.000
2012-09-26,2.15,2.15,2.11,2.12,2365100,5647286.000
2012-09-27,2.11,2.17,2.11,2.15,4049317,9732463.000
2012-09-28,2.13,2.18,2.13,2.17,3374970,8182760.000
2012-10-08,2.17,2.20,2.15,2.17,2810949,6845928.000
2012-10-09,2.16,2.21,2.16,2.21,3494585,8595439.000
2012-10-10,2.20,2.24,2.19,2.23,5258290,13035016.000
2012-10-11,2.21,2.24,2.20,2.21,4336452,10750682.000
2012-10-12,2.21,2.24,2.18,2.20,6950328,17094124.000
2012-10-15,2.20,2.20,2.16,2.18,5641477,13760189.000
2012-10-16,2.18,2.19,2.16,2.16,4008845,9745583.000
2012-10-17,2.17,2.19,2.16,2.17,3180827,7749491.000
2012-10-18,2.17,2.22,2.17,2.21,8791193,21639104.000
2012-10-19,2.20,2.22,2.19,2.21,4598142,11343324.000
2012-10-22,2.21,2.22,2.19,2.22,3933799,9717201.000
2012-10-23,2.22,2.23,2.17,2.20,4743480,11649143.000
2012-10-24,2.19,2.24,2.18,2.21,11678219,28957456.000
2012-10-25,2.22,2.30,2.22,2.26,16121244,40642236.000
2012-10-26,2.24,2.25,2.19,2.19,8628584,21316864.000
2012-10-29,2.18,2.23,2.17,2.20,4638135,11437648.000
2012-10-30,2.20,2.21,2.18,2.21,3098605,7615489.000
2012-10-31,2.21,2.22,2.18,2.21,2102808,5176598.000
2012-11-01,2.21,2.24,2.20,2.24,5651226,14068286.000
2012-11-02,2.24,2.26,2.23,2.26,5801471,14577339.000
2012-11-05,2.25,2.27,2.24,2.27,4428381,11149096.000
2012-11-06,2.26,2.29,2.22,2.28,6374641,16031496.000
2012-11-07,2.27,2.28,2.24,2.25,3148910,7944696.000
2012-11-08,2.23,2.25,2.22,2.23,4182163,10455057.000
2012-11-09,2.22,2.25,2.22,2.23,2679909,6679441.000
2012-11-12,2.23,2.25,2.23,2.24,2591050,6475804.000
2012-11-13,2.24,2.24,2.20,2.21,3079820,7615916.000
2012-11-14,2.21,2.21,2.19,2.20,2404813,5915722.000
2012-11-15,2.20,2.20,2.18,2.18,2322944,5683008.000
2012-11-16,2.18,2.18,2.15,2.16,2805732,6788905.000
2012-11-19,2.16,2.19,2.15,2.18,3141854,7631946.000
2012-11-20,2.19,2.19,2.17,2.18,1390215,3396713.000
2012-11-21,2.18,2.23,2.17,2.22,4201220,10336424.000
2012-11-22,2.22,2.22,2.20,2.21,1965340,4861026.000
2012-11-23,2.21,2.24,2.19,2.22,3784499,9407451.000
2012-11-26,2.22,2.24,2.20,2.23,4134512,10278249.000
2012-11-27,2.23,2.23,2.19,2.19,2348515,5794701.000
2012-11-28,2.17,2.19,2.15,2.17,3120273,7576388.000
2012-11-29,2.16,2.20,2.16,2.17,4074159,9949541.000
2012-11-30,2.16,2.21,2.16,2.20,2883249,7066036.000
2012-12-03,2.20,2.21,2.18,2.18,2934571,7211969.000
2012-12-04,2.18,2.21,2.16,2.20,4292365,10465876.000
2012-12-05,2.20,2.27,2.18,2.24,11713011,29288242.000
2012-12-06,2.25,2.26,2.23,2.24,5782593,14473849.000
2012-12-07,2.24,2.27,2.22,2.26,15835273,39835940.000
2012-12-10,2.26,2.29,2.25,2.28,12592779,31849392.000
2012-12-11,2.27,2.28,2.25,2.25,6465497,16324792.000
2012-12-12,2.26,2.27,2.24,2.27,5536815,13912462.000
2012-12-13,2.26,2.27,2.24,2.25,3341294,8411871.000
2012-12-14,2.24,2.34,2.24,2.33,16318449,41876444.000
2012-12-17,2.34,2.34,2.31,2.32,10438360,26973820.000
2012-12-18,2.32,2.34,2.31,2.31,10386815,26838132.000
2012-12-19,2.31,2.32,2.30,2.31,4904871,12598138.000
2012-12-20,2.31,2.31,2.28,2.30,8393061,21425656.000
2012-12-21,2.30,2.30,2.20,2.24,38556946,96936656.000
2012-12-24,2.23,2.26,2.22,2.25,10717522,26754100.000
2012-12-25,2.24,2.30,2.21,2.29,30334816,76624904.000
2012-12-26,2.28,2.30,2.27,2.29,11471247,29180564.000
2012-12-27,2.29,2.36,2.29,2.32,34283178,88831728.000
2012-12-28,2.32,2.36,2.30,2.35,16912893,43852188.000
2012-12-31,2.35,2.39,2.34,2.37,13970787,36658664.000
2013-01-04,2.39,2.40,2.34,2.37,14980134,39436328.000
2013-01-07,2.37,2.37,2.34,2.35,9392240,24552748.000
2013-01-08,2.35,2.37,2.34,2.36,8508325,22233314.000
2013-01-09,2.36,2.40,2.35,2.38,10190192,26894380.000
2013-01-10,2.38,2.40,2.37,2.39,8675189,22941778.000
2013-01-11,2.39,2.39,2.31,2.33,11667790,30415266.000
2013-01-14,2.32,2.41,2.32,2.40,14059074,37016844.000
2013-01-15,2.40,2.41,2.39,2.41,12433652,33087130.000
2013-01-16,2.41,2.41,2.36,2.39,10557900,27872194.000
2013-01-17,2.38,2.39,2.36,2.39,7704578,20307236.000
2013-01-18,2.38,2.44,2.38,2.43,15479838,41337328.000
2013-01-21,2.43,2.51,2.42,2.50,25711532,70395000.000
2013-01-22,2.49,2.58,2.48,2.54,38551911,107953936.000
2013-01-23,2.54,2.60,2.52,2.57,17707957,49953600.000
2013-01-24,2.57,2.62,2.50,2.52,16973639,48070996.000
2013-01-25,2.51,2.60,2.51,2.55,12589306,35465344.000
2013-01-28,2.55,2.59,2.54,2.58,9001627,25461124.000
2013-01-29,2.57,2.67,2.57,2.64,28512283,82538800.000
2013-01-30,2.68,2.76,2.67,2.73,32673315,97418488.000
2013-01-31,2.73,2.74,2.68,2.70,12663569,37455716.000
2013-02-01,2.69,2.72,2.66,2.71,13217075,38888536.000
2013-02-04,2.71,2.76,2.67,2.68,17369582,51609104.000
2013-02-05,2.66,2.67,2.61,2.67,10392845,30185594.000
2013-02-06,2.66,2.68,2.64,2.65,7525773,21903914.000
2013-02-07,2.66,2.66,2.62,2.65,5678578,16470507.000
2013-02-08,2.65,2.70,2.64,2.69,6956715,20499044.000
2013-02-18,2.69,2.73,2.68,2.72,9545357,28389550.000
2013-02-19,2.72,2.72,2.66,2.68,7929037,23329056.000
2013-02-20,2.67,2.68,2.64,2.67,6077126,17719452.000
2013-02-21,2.67,2.67,2.57,2.62,11901924,34184720.000
2013-02-22,2.61,2.63,2.59,2.61,4262043,12227381.000
2013-02-25,2.59,2.62,2.57,2.58,7992366,22784290.000
2013-02-26,2.58,2.61,2.56,2.57,4696050,13366550.000
2013-02-27,2.56,2.60,2.53,2.55,5163452,14537080.000
2013-02-28,2.55,2.62,2.55,2.61,5599871,15960443.000
2013-03-01,2.61,2.61,2.57,2.61,4497999,12831428.000
2013-03-04,2.59,2.59,2.51,2.53,9033745,25397846.000
2013-03-05,2.53,2.55,2.44,2.51,24090176,65927424.000
2013-03-06,2.49,2.62,2.49,2.56,25088127,71261384.000
2013-03-07,2.57,2.59,2.54,2.55,6987205,19702040.000
2013-03-08,2.55,2.58,2.51,2.53,4945376,13808901.000
2013-03-11,2.53,2.54,2.49,2.51,6759236,18720512.000
2013-03-12,2.51,2.52,2.45,2.47,7050907,19375772.000
2013-03-13,2.47,2.47,2.39,2.42,10835968,29005228.000
2013-03-14,2.42,2.44,2.39,2.39,8753955,23353208.000
2013-03-15,2.40,2.44,2.39,2.42,15106012,40305188.000
2013-03-18,2.41,2.42,2.35,2.37,7983467,21099672.000
2013-03-19,2.36,2.38,2.35,2.37,5572834,14619328.000
2013-03-20,2.38,2.42,2.37,2.42,8526624,22726480.000
2013-03-21,2.43,2.43,2.40,2.43,12350896,33005488.000
2013-03-22,2.43,2.43,2.41,2.42,6245982,16737903.000
2013-03-25,2.42,2.43,2.41,2.42,6554829,17573928.000
2013-03-26,2.42,2.42,2.39,2.41,6192465,16496289.000
2013-03-27,2.42,2.47,2.42,2.47,15912505,43076184.000
2013-03-28,2.47,2.49,2.44,2.48,24459756,66763588.000
2013-03-29,2.48,2.48,2.46,2.48,6612841,18042180.000
2013-04-01,2.48,2.51,2.47,2.50,11842939,32634960.000
2013-04-02,2.50,2.51,2.47,2.48,5651452,15508524.000
2013-04-03,2.48,2.50,2.43,2.43,6461101,17550356.000
2013-04-08,2.43,2.44,2.40,2.42,5619735,15061696.000
2013-04-09,2.42,2.44,2.40,2.43,5009538,13434844.000
2013-04-10,2.43,2.44,2.42,2.42,4376868,11768877.000
2013-04-11,2.42,2.44,2.39,2.41,9448504,25182050.000
2013-04-12,2.39,2.41,2.38,2.39,6921123,18357028.000
2013-04-15,2.39,2.40,2.38,2.39,7982136,21161176.000
2013-04-16,2.38,2.41,2.36,2.40,7408426,19582188.000
2013-04-17,2.40,2.41,2.39,2.41,3449914,9162507.000
2013-04-18,2.40,2.42,2.38,2.41,5885597,15669303.000
2013-04-19,2.41,2.47,2.40,2.46,11744849,31683176.000
2013-04-22,2.44,2.46,2.43,2.45,5481762,14814713.000
2013-04-23,2.46,2.46,2.40,2.41,4955729,13283990.000
2013-04-24,2.41,2.45,2.40,2.43,4604230,12370796.000
2013-04-25,2.43,2.44,2.40,2.41,5554779,14860172.000
2013-04-26,2.41,2.42,2.38,2.39,3919490,10437875.000
2013-05-02,2.39,2.41,2.37,2.38,4272432,11324478.000
2013-05-03,2.38,2.42,2.38,2.41,7777754,20739528.000
2013-05-06,2.41,2.43,2.40,2.43,9114217,24420920.000
2013-05-07,2.42,2.43,2.41,2.43,3821358,10241346.000
2013-05-08,2.43,2.45,2.42,2.45,6374196,17218416.000
2013-05-09,2.45,2.48,2.44,2.45,13165438,35848068.000
2013-05-10,2.45,2.48,2.44,2.48,6855471,18656188.000
2013-05-13,2.49,2.49,2.46,2.48,6157229,16864172.000
2013-05-14,2.49,2.52,2.47,2.49,13836984,38182136.000
2013-05-15,2.48,2.50,2.48,2.49,4001701,10995755.000
2013-05-16,2.49,2.51,2.48,2.51,5469696,15083806.000
2013-05-17,2.51,2.53,2.49,2.53,9356696,25988572.000
2013-05-20,2.53,2.54,2.52,2.53,9206028,25696368.000
2013-05-21,2.53,2.53,2.49,2.50,8465637,23400480.000
2013-05-22,2.50,2.56,2.49,2.56,15303924,42816556.000
2013-05-23,2.56,2.66,2.53,2.60,34994695,100666704.000
2013-05-24,2.59,2.66,2.59,2.64,8722567,25219564.000
2013-05-27,2.64,2.66,2.60,2.62,6514878,18716300.000
2013-05-28,2.62,2.63,2.59,2.61,8265754,23657280.000
2013-05-29,2.62,2.64,2.61,2.62,8524210,24567696.000
2013-05-30,2.62,2.62,2.59,2.60,6258670,17898016.000
2013-05-31,2.61,2.62,2.59,2.59,5009873,14356325.000
2013-06-03,2.59,2.61,2.58,2.59,4705500,13438504.000
2013-06-04,2.58,2.59,2.54,2.54,7056156,19914298.000
2013-06-05,2.54,2.55,2.52,2.53,3520270,9824511.000
2013-06-06,2.54,2.56,2.48,2.50,8726488,24264896.000
2013-06-07,2.52,2.53,2.49,2.51,7035501,19441746.000
2013-06-13,2.49,2.50,2.44,2.45,6960241,18933012.000
2013-06-14,2.45,2.48,2.44,2.48,7010202,19115074.000
2013-06-17,2.48,2.49,2.42,2.47,6190769,16779616.000
2013-06-18,2.47,2.47,2.44,2.45,3396111,9208605.000
2013-06-19,2.46,2.47,2.38,2.42,11941083,31785952.000
2013-06-20,2.40,2.42,2.37,2.38,5732463,15217486.000
2013-06-21,2.37,2.39,2.34,2.37,4756324,12500822.000
2013-06-24,2.39,2.39,2.24,2.28,10450895,26856160.000
2013-06-25,2.28,2.29,2.07,2.24,13396048,33182208.000
2013-06-26,2.24,2.25,2.20,2.22,6901521,17148782.000
2013-06-27,2.22,2.26,2.21,2.22,7936718,19806742.000
2013-06-28,2.20,2.24,2.20,2.22,8560669,21224320.000
2013-07-01,2.22,2.27,2.22,2.27,5166347,12955143.000
2013-07-02,2.27,2.37,2.24,2.34,8533605,21804180.000
2013-07-03,2.34,2.34,2.28,2.30,5317488,13622012.000
2013-07-04,2.42,2.51,2.39,2.46,33395340,90544728.000
2013-07-05,2.46,2.47,2.39,2.40,14229563,37977952.000
2013-07-08,2.35,2.35,2.24,2.25,13851130,35236660.000
2013-07-09,2.23,2.29,2.19,2.27,5375911,13505709.000
2013-07-10,2.25,2.33,2.25,2.32,5273435,13468406.000
2013-07-11,2.32,2.41,2.30,2.37,10113896,26617184.000
2013-07-12,2.37,2.39,2.31,2.32,5637183,14698921.000
2013-07-15,2.31,2.34,2.31,2.33,4565501,11807418.000
2013-07-16,2.34,2.35,2.28,2.34,7121715,18334660.000
2013-07-17,2.36,2.41,2.35,2.39,9289132,24579240.000
2013-07-18,2.39,2.40,2.34,2.39,5100107,13432422.000
2013-07-19,2.39,2.40,2.35,2.36,3896527,10239103.000
2013-07-22,2.37,2.38,2.34,2.38,4740887,12406658.000
2013-07-23,2.39,2.42,2.37,2.41,9083375,24162100.000
2013-07-24,2.42,2.42,2.36,2.38,6844233,17193878.000
2013-07-25,2.37,2.39,2.36,2.37,3694626,9236995.000
2013-07-26,2.36,2.36,2.31,2.32,8078701,19856156.000
2013-07-29,2.31,2.31,2.26,2.29,5462093,13194471.000
2013-07-30,2.29,2.31,2.27,2.30,5246615,12708753.000
2013-07-31,2.31,2.33,2.30,2.32,4312690,10553042.000
2013-08-01,2.32,2.34,2.30,2.34,5213324,12804189.000
2013-08-02,2.34,2.35,2.32,2.33,5118394,12580571.000
2013-08-05,2.33,2.34,2.31,2.33,4694860,11519299.000
2013-08-06,2.33,2.38,2.31,2.36,7754809,19147382.000
2013-08-07,2.35,2.41,2.35,2.37,8985113,22561532.000
2013-08-08,2.37,2.39,2.36,2.37,6072794,15197799.000
2013-08-09,2.37,2.40,2.33,2.36,6200660,15460288.000
2013-08-12,2.38,2.43,2.37,2.42,14625771,37210908.000
2013-08-13,2.42,2.47,2.41,2.44,12881878,33134440.000
2013-08-14,2.45,2.48,2.43,2.45,14232284,36789628.000
2013-08-15,2.45,2.45,2.40,2.41,7639620,19550292.000
2013-08-16,2.41,2.46,2.36,2.38,20286865,51093956.000
2013-08-19,2.38,2.52,2.37,2.47,26973809,70068224.000
2013-08-20,2.47,2.50,2.42,2.48,24691053,64163508.000
2013-08-21,2.47,2.48,2.44,2.47,7526580,19465640.000
2013-08-22,2.46,2.47,2.41,2.42,11423545,29290046.000
2013-08-23,2.68,2.68,2.68,2.68,48311349,135754896.000
2013-08-26,2.90,2.96,2.78,2.96,135654253,412080736.000
2013-08-27,3.16,3.27,3.09,3.27,113849457,380249568.000
2013-08-28,3.61,3.61,3.57,3.61,118985059,444879168.000
2013-08-29,3.97,3.98,3.97,3.98,86404059,354691744.000
2013-08-30,4.39,4.39,4.39,4.39,79742539,360436288.000
2013-09-02,4.84,4.84,4.27,4.67,560460771,2651744768.000
2013-09-03,4.37,4.53,4.26,4.39,286812040,1301383040.000
2013-09-04,4.62,4.84,4.48,4.84,442948582,2160211456.000
2013-09-05,4.75,5.34,4.62,5.34,471421752,2411606016.000
2013-09-06,5.37,5.89,5.37,5.89,370136272,2188479488.000
2013-09-09,6.42,6.49,6.17,6.49,536574502,3514304000.000
2013-09-10,6.27,7.09,6.21,6.66,524598830,3611889152.000
2013-09-11,6.66,6.95,6.42,6.76,350175844,2383007232.000
2013-09-12,6.62,6.72,6.42,6.55,293027695,1955552640.000
2013-09-13,6.45,6.54,6.00,6.38,344268553,2209755904.000
2013-09-16,6.31,6.51,6.23,6.39,261473806,1703199872.000
2013-09-17,6.32,6.32,5.74,5.74,377899594,2290808832.000
2013-09-18,5.72,6.25,5.72,5.95,367091445,2246669824.000
2013-09-23,5.96,6.50,5.85,6.15,337600685,2126779008.000
2013-09-24,6.00,6.78,5.87,6.78,542878316,3569861376.000
2013-09-25,6.77,7.37,6.65,6.80,591640399,4198015232.000
2013-09-26,6.43,6.46,6.11,6.11,260829919,1654839680.000
2013-09-27,5.52,5.73,5.49,5.51,319663987,1815087744.000
2013-09-30,5.51,5.61,5.35,5.49,158393196,894960960.000
2013-10-08,5.53,5.76,5.21,5.69,200370141,1136926720.000
2013-10-09,5.60,5.91,5.50,5.81,211020112,1235219072.000
2013-10-10,5.77,5.85,5.36,5.49,188418392,1078249088.000
2013-10-11,5.52,5.87,5.47,5.80,235928067,1385656832.000
2013-10-14,5.75,5.75,5.47,5.62,168157337,960923392.000
2013-10-15,5.57,5.72,5.49,5.62,135108718,775658432.000
2013-10-16,5.59,5.60,5.08,5.11,175344977,944912320.000
2013-10-17,5.16,5.27,4.91,4.96,131669753,684350464.000
2013-10-18,4.98,5.06,4.84,4.99,98707006,503496960.000
2013-10-21,5.00,5.19,4.91,5.13,125648715,652383232.000
2013-10-22,5.11,5.13,4.93,5.05,111488661,573864960.000
2013-10-23,5.04,5.13,4.89,5.07,128569130,661720960.000
2013-10-24,5.10,5.15,4.98,4.99,101012268,524390944.000
2013-10-25,4.92,4.94,4.59,4.63,128462160,622663552.000
2013-10-28,4.62,4.75,4.56,4.70,74969914,358050560.000
2013-10-29,4.68,4.99,4.39,4.94,182622362,879204800.000
2013-10-30,4.77,4.94,4.74,4.83,135517705,673161216.000
2013-10-31,4.78,4.93,4.69,4.72,84055015,414985280.000
2013-11-01,4.65,4.96,4.58,4.84,130819990,645984448.000
2013-11-04,4.77,4.92,4.72,4.81,85990829,426083584.000
2013-11-05,4.75,4.90,4.71,4.89,89011901,442176064.000
2013-11-06,4.89,4.94,4.70,4.71,103035323,510269632.000
2013-11-07,4.62,4.76,4.57,4.63,67039943,321056672.000
2013-11-08,4.64,4.82,4.58,4.68,113320879,547801920.000
2013-11-11,4.61,4.62,4.32,4.34,102174738,465667136.000
2013-11-12,4.32,4.45,4.30,4.38,60182570,271869344.000
2013-11-13,4.39,4.53,4.34,4.34,76694511,349789952.000
2013-11-14,4.32,4.43,4.14,4.37,81566533,362148960.000
2013-11-15,4.37,4.56,4.35,4.43,106641178,491161056.000
2013-11-18,4.42,4.64,4.40,4.62,109672431,510884736.000
2013-11-19,4.60,4.84,4.53,4.73,134276992,644189248.000
2013-11-20,4.67,4.76,4.63,4.71,72892089,351208992.000
2013-11-21,4.67,4.91,4.64,4.79,125742836,619928832.000
2013-11-22,4.80,4.81,4.65,4.65,70684194,341073344.000
2013-11-25,4.62,4.81,4.59,4.72,71722745,348356832.000
2013-11-26,4.73,4.80,4.66,4.68,50834677,247158672.000
2013-11-27,4.68,4.82,4.62,4.73,61631945,298851936.000
2013-11-28,4.72,4.81,4.70,4.73,68454841,333804928.000
2013-11-29,4.73,4.80,4.69,4.72,70110164,341141568.000
2013-12-02,4.63,4.63,4.26,4.39,90570831,416069216.000
2013-12-03,4.41,4.47,4.39,4.45,39185419,179064368.000
2013-12-04,4.45,4.91,4.42,4.91,148675115,737558592.000
2013-12-05,5.07,5.41,5.03,5.30,378556221,2017066240.000
2013-12-06,5.25,5.25,5.07,5.19,147773815,780373184.000
2013-12-09,5.15,5.30,5.11,5.16,92265922,489021248.000
2013-12-10,5.25,5.55,5.18,5.31,183304830,1007612288.000
2013-12-11,5.20,5.25,4.97,5.21,116020644,609024640.000
2013-12-12,5.17,5.29,5.13,5.22,87722002,469409568.000
2013-12-13,5.21,5.30,5.13,5.29,94048534,506488704.000
2013-12-16,5.31,5.36,5.21,5.28,81470277,441065696.000
2013-12-17,5.23,5.30,5.06,5.09,71004555,373013760.000
2013-12-18,5.09,5.12,4.94,4.98,48391917,248928032.000
2013-12-19,4.98,5.06,4.95,4.96,35774907,183671328.000
2013-12-20,4.94,5.37,4.94,5.36,148454793,792157888.000
2013-12-23,5.28,5.31,5.12,5.20,64939554,346399936.000
2013-12-24,5.17,5.26,4.96,5.07,75575355,395805536.000
2013-12-25,5.07,5.12,4.99,5.07,42370807,219337680.000
2013-12-26,5.02,5.30,5.00,5.03,79647236,420481792.000
2013-12-27,5.02,5.23,4.97,5.10,60581896,318486976.000
2013-12-30,5.10,5.22,5.04,5.14,49322173,259087072.000
2013-12-31,5.14,5.20,5.09,5.15,42648231,225721200.000
2014-01-02,5.15,5.21,5.11,5.13,34327702,181338176.000
2014-01-03,5.10,5.12,4.98,5.00,56101736,290008096.000
2014-01-06,4.97,4.97,4.64,4.66,61537877,300302976.000
2014-01-07,4.62,5.14,4.58,5.04,118731903,612905344.000
2014-01-08,4.97,4.99,4.77,4.79,79595766,399406240.000
2014-01-09,4.75,5.07,4.72,4.91,67604316,343072096.000
2014-01-10,4.86,4.98,4.84,4.87,33140472,166680000.000
2014-01-13,4.89,4.94,4.73,4.80,29931175,148268016.000
2014-01-14,4.80,4.85,4.76,4.85,25887960,127995960.000
2014-01-15,4.84,4.85,4.75,4.80,24184390,118799864.000
2014-01-16,4.80,4.93,4.73,4.83,40971550,203439376.000
2014-01-17,4.81,4.82,4.67,4.68,35111138,170367824.000
2014-01-20,4.68,4.73,4.62,4.64,17652819,84625536.000
2014-01-21,4.69,4.75,4.65,4.68,21197319,102214784.000
2014-01-22,4.73,4.92,4.69,4.85,53994962,266727376.000
2014-01-23,4.81,4.83,4.75,4.78,34790949,171042352.000
2014-01-24,4.77,4.92,4.75,4.82,44181776,219866624.000
2014-01-27,4.78,4.83,4.73,4.77,33629178,164947312.000
2014-01-28,4.76,5.03,4.74,4.95,82248464,415509760.000
2014-01-29,4.93,4.93,4.85,4.89,37951769,189994864.000
2014-01-30,4.89,4.95,4.83,4.84,26263067,131552544.000
2014-02-07,4.81,4.82,4.73,4.82,28596758,140232960.000
2014-02-10,4.82,5.01,4.82,4.94,57921927,293877856.000
2014-02-11,4.93,5.22,4.92,5.14,102280835,530601824.000
2014-02-12,5.12,5.16,5.04,5.10,58964148,307661504.000
2014-02-13,5.10,5.21,5.02,5.10,73667631,385971552.000
2014-02-14,5.10,5.17,5.06,5.12,50961364,266970496.000
2014-02-17,5.17,5.20,5.04,5.09,55925386,291676416.000
2014-02-18,5.07,5.09,4.95,5.00,58299414,298566880.000
2014-02-19,4.99,5.04,4.93,5.02,43448915,222330320.000
2014-02-20,5.00,5.18,4.93,5.05,93637920,486846752.000
2014-02-21,5.01,5.02,4.88,4.91,48051502,243845264.000
2014-02-24,4.86,4.86,4.71,4.75,42846922,209712896.000
2014-02-25,4.76,4.79,4.57,4.61,40790043,197219552.000
2014-02-26,4.61,4.64,4.51,4.59,27789154,130611592.000
2014-02-27,4.63,4.74,4.57,4.59,33661966,160759328.000
2014-02-28,4.62,4.63,4.51,4.60,23984279,112767048.000
2014-03-03,4.58,4.72,4.53,4.69,34873265,166787136.000
2014-03-04,4.66,4.66,4.55,4.62,28081365,132797688.000
2014-03-05,4.62,4.65,4.54,4.56,23787099,112006976.000
2014-03-06,4.58,4.70,4.57,4.60,30162871,143382336.000
2014-03-07,4.58,4.62,4.52,4.55,26216210,123058312.000
2014-03-10,4.53,4.53,4.30,4.32,30789676,139067824.000
2014-03-11,4.32,4.35,4.22,4.25,24085399,106313200.000
2014-03-12,4.25,4.26,4.08,4.16,29300829,126026080.000
2014-03-13,4.16,4.26,4.13,4.23,28593362,123553168.000
2014-03-14,4.20,4.21,4.11,4.12,20092858,85937824.000
2014-03-17,4.13,4.17,4.10,4.16,17174956,73333800.000
2014-03-18,4.15,4.25,4.14,4.20,24233436,105268128.000
2014-03-19,4.18,4.37,4.10,4.28,41815660,182563728.000
2014-03-20,4.26,4.30,4.11,4.13,27670610,120493464.000
2014-03-21,4.12,4.22,4.07,4.22,29699820,127212064.000
2014-03-24,4.25,4.38,4.24,4.34,46397312,206992976.000
2014-03-25,4.68,4.79,4.68,4.79,66009481,324367424.000
2014-03-26,5.04,5.28,4.90,4.97,214025539,1117106176.000
2014-03-27,4.88,4.99,4.74,4.78,111862065,557708096.000
2014-03-28,4.85,4.97,4.78,4.81,92165991,460568896.000
2014-03-31,4.82,4.84,4.49,4.62,60337780,286050624.000
2014-04-01,4.62,4.67,4.53,4.61,37569932,177480768.000
2014-04-02,4.60,4.63,4.53,4.56,35825551,168055104.000
2014-04-03,4.57,4.60,4.48,4.50,31211699,145302688.000
2014-04-04,4.49,4.63,4.44,4.59,43726553,204433424.000
2014-04-08,4.54,4.62,4.51,4.59,38745943,182346928.000
2014-04-09,4.63,4.70,4.59,4.61,38992035,185842592.000
2014-04-10,4.61,4.67,4.58,4.63,41100519,195866800.000
2014-04-11,4.63,4.66,4.58,4.61,27614304,130919616.000
2014-04-14,4.61,4.65,4.53,4.59,33231954,156347552.000
2014-04-15,4.57,4.67,4.55,4.59,34883912,165505408.000
2014-04-16,4.57,4.60,4.52,4.56,22400867,104934480.000
2014-04-17,4.57,4.62,4.53,4.56,28827223,135853008.000
2014-04-18,4.52,4.54,4.47,4.51,27772590,128540816.000
2014-04-21,4.47,4.57,4.43,4.45,29197159,135072288.000
2014-04-22,4.47,4.60,4.45,4.52,37154007,173003904.000
2014-04-23,4.50,4.51,4.39,4.41,27706844,126475904.000
2014-04-24,4.40,4.45,4.37,4.38,18413330,83483152.000
2014-04-25,4.40,4.43,4.31,4.32,21889687,98215080.000
2014-04-28,4.41,4.42,4.29,4.30,24767604,110696528.000
2014-04-29,4.33,4.40,4.32,4.36,22998877,103096184.000
2014-04-30,4.34,4.66,4.31,4.57,64401092,301330304.000
2014-05-05,4.52,4.64,4.48,4.55,43511606,204343264.000
2014-05-06,4.55,4.61,4.49,4.52,27540725,128553376.000
2014-05-07,4.51,4.51,4.36,4.38,26744616,121793040.000
2014-05-08,4.37,4.45,4.33,4.38,17122426,77634880.000
2014-05-09,4.41,4.41,4.33,4.37,13812995,62045580.000
2014-05-12,4.42,4.57,4.37,4.50,34364861,158036832.000
2014-05-13,4.50,4.54,4.46,4.53,25425562,117699512.000
2014-05-14,4.52,4.60,4.50,4.55,31837616,149249360.000
2014-05-15,4.53,4.62,4.52,4.58,39022640,183470368.000
2014-05-16,4.58,4.63,4.51,4.60,40095381,188990528.000
2014-05-19,4.59,4.59,4.42,4.47,28234400,130314136.000
2014-05-20,4.49,4.50,4.39,4.41,20072660,91577216.000
2014-05-21,4.39,4.48,4.36,4.47,18487751,84317368.000
2014-05-22,4.47,4.54,4.44,4.47,31835102,147185568.000
2014-05-23,4.47,4.50,4.43,4.49,21354969,97884400.000
2014-05-26,4.51,4.51,4.43,4.45,22718700,104088312.000
2014-05-27,4.44,4.45,4.41,4.42,13402502,61110396.000
2014-05-28,4.42,4.44,4.39,4.41,17225577,78258688.000
2014-05-29,4.41,4.48,4.35,4.40,40055663,181866768.000
2014-05-30,4.37,4.42,4.35,4.36,20793639,93568192.000
2014-06-03,4.37,4.39,4.34,4.35,14243246,64048248.000
2014-06-04,4.37,4.42,4.33,4.34,14235529,63895536.000
2014-06-05,4.33,4.38,4.31,4.37,15001535,67166592.000
2014-06-06,4.36,4.40,4.34,4.39,20110400,90467128.000
2014-06-09,4.37,4.41,4.34,4.35,15363768,69219800.000
2014-06-10,4.36,4.47,4.34,4.46,38820842,176572272.000
2014-06-11,4.50,4.50,4.41,4.45,27482469,125786080.000
2014-06-12,4.49,4.64,4.43,4.50,68556643,319756416.000
2014-06-13,4.44,4.47,4.36,4.43,35744736,162449360.000
2014-06-16,4.41,4.46,4.39,4.44,25275148,115191624.000
2014-06-17,4.41,4.43,4.38,4.40,17098095,77464768.000
2014-06-18,4.38,4.41,4.33,4.34,21999185,98746320.000
2014-06-19,4.36,4.42,4.28,4.30,25011949,112311408.000
2014-06-20,4.28,4.32,4.24,4.30,12591034,55659432.000
2014-06-23,4.30,4.32,4.29,4.29,9903357,43929368.000
2014-06-24,4.30,4.31,4.26,4.31,10779074,47683252.000
2014-06-25,4.30,4.31,4.26,4.27,10917107,48067712.000
2014-06-26,4.27,4.31,4.26,4.29,11217305,49553728.000
2014-06-27,4.28,4.31,4.26,4.29,14181067,62610264.000
2014-06-30,4.29,4.34,4.28,4.32,14303455,63584944.000
2014-07-01,4.32,4.40,4.31,4.37,27631782,123729184.000
2014-07-02,4.37,4.41,4.32,4.38,26049046,117115568.000
2014-07-03,4.39,4.56,4.35,4.45,63034075,289578336.000
2014-07-04,4.43,4.44,4.36,4.37,30470422,137460560.000
2014-07-07,4.38,4.39,4.34,4.37,14816623,66534004.000
2014-07-08,4.37,4.37,4.32,4.35,15907002,71032872.000
2014-07-09,4.33,4.34,4.28,4.29,19194338,85185784.000
2014-07-10,4.28,4.30,4.28,4.28,15771564,69664112.000
2014-07-11,4.27,4.38,4.24,4.35,46385045,205481696.000
2014-07-14,4.33,4.38,4.30,4.37,26750704,119699280.000
2014-07-15,4.35,4.39,4.32,4.36,27268737,122261640.000
2014-07-16,4.35,4.40,4.33,4.34,37114858,166686560.000
2014-07-17,4.33,4.34,4.28,4.28,20225021,89520032.000
2014-07-18,4.27,4.31,4.27,4.29,15809925,69826544.000
2014-07-21,4.29,4.30,4.26,4.27,13314962,58638844.000
2014-07-22,4.27,4.31,4.26,4.29,16339830,72132696.000
2014-07-23,4.31,4.33,4.29,4.29,22039292,97754720.000
2014-07-24,4.31,4.33,4.28,4.32,27542478,122336368.000
2014-07-25,4.32,4.38,4.31,4.38,29198118,130971320.000
2014-07-28,4.41,4.48,4.39,4.48,60633391,277222848.000
2014-07-29,4.51,4.70,4.46,4.55,76364766,349702560.000
2014-07-30,4.52,4.55,4.49,4.53,36725446,166032512.000
2014-07-31,4.57,4.57,4.50,4.56,26402513,119912176.000
2014-08-01,4.56,4.60,4.51,4.52,35878480,163423680.000
2014-08-04,4.52,4.57,4.51,4.56,30368008,138165344.000
2014-08-05,4.56,4.62,4.54,4.60,43162172,197733120.000
2014-08-06,4.59,4.61,4.54,4.58,30343369,138654512.000
2014-08-07,4.58,4.65,4.55,4.60,52105498,239710784.000
2014-08-08,4.60,4.60,4.56,4.57,24007044,109847152.000
2014-08-11,4.58,4.61,4.58,4.60,28381623,130513448.000
2014-08-12,4.63,4.63,4.56,4.59,28892490,132560696.000
2014-08-13,4.59,4.66,4.57,4.65,76052263,351711744.000
2014-08-14,4.63,4.67,4.59,4.61,46339394,214447664.000
2014-08-15,4.62,4.74,4.58,4.64,54019467,252010448.000
2014-08-18,4.61,4.72,4.61,4.65,43507869,202153472.000
2014-08-19,4.65,4.65,4.60,4.64,36659686,169602208.000
2014-08-20,4.63,4.70,4.62,4.70,64695973,302286528.000
2014-08-21,4.70,4.70,4.61,4.65,33383838,155050944.000
2014-08-22,4.64,4.81,4.62,4.75,87543647,413785088.000
2014-08-25,4.73,4.76,4.65,4.68,46542895,218267056.000
2014-08-26,4.67,4.72,4.62,4.65,42421177,197879600.000
2014-08-27,4.64,4.66,4.60,4.61,25384233,117333704.000
2014-08-28,4.64,4.74,4.54,4.65,58344860,271097696.000
2014-08-29,4.69,4.69,4.61,4.65,25164902,116700512.000
2014-09-01,4.64,4.66,4.61,4.65,27027226,125191928.000
2014-09-02,4.68,4.77,4.64,4.74,85838572,405169184.000
2014-09-03,4.76,4.85,4.72,4.77,81301035,388355456.000
2014-09-04,4.79,4.83,4.75,4.82,61310809,293630688.000
2014-09-05,4.82,5.30,4.80,5.30,283367304,1485197696.000
2014-11-18,5.83,5.83,5.40,5.83,219890669,1270934656.000
2014-11-19,5.85,6.28,5.83,5.91,393228903,2376454656.000
2014-11-20,5.83,5.86,5.63,5.75,179490493,1026054528.000
2014-11-21,5.74,5.75,5.61,5.71,122551580,695567168.000
2014-11-24,5.71,5.85,5.62,5.75,145916650,836034560.000
2014-11-25,5.77,6.04,5.66,5.93,191438257,1125910784.000
2014-11-26,5.88,5.89,5.71,5.79,112484122,652765504.000
2014-11-27,5.79,5.81,5.68,5.75,83342862,478352640.000
2014-11-28,5.75,5.90,5.66,5.75,112876872,651331648.000
2014-12-01,5.75,5.88,5.65,5.77,98747607,567932800.000
2014-12-02,5.71,5.82,5.70,5.80,102844752,592711808.000
2014-12-03,5.82,6.21,5.75,6.09,243657884,1446611456.000
2014-12-04,6.00,6.15,5.92,6.08,173448211,1046014784.000
2014-12-05,6.12,6.40,5.98,6.23,258016192,1602481664.000
2014-12-08,6.41,6.83,6.41,6.52,255936009,1685762688.000
2014-12-09,6.48,6.77,5.95,6.03,276423443,1773441024.000
2014-12-10,6.01,6.34,6.00,6.28,156397409,962238272.000
2014-12-11,6.31,6.55,6.20,6.35,184340008,1176270592.000
2014-12-12,6.50,6.66,6.26,6.35,117281109,750511104.000
2014-12-15,6.35,6.45,6.13,6.35,120754413,755779136.000
2014-12-16,6.29,6.35,6.21,6.29,93028665,583481216.000
2014-12-17,6.29,6.53,6.25,6.35,151609339,969645120.000
2014-12-18,6.28,6.52,6.22,6.44,157525406,1008130048.000
2014-12-19,6.44,7.08,6.42,7.08,403161268,2810529792.000
2014-12-22,7.18,7.25,6.55,6.79,389806571,2684418560.000
2014-12-23,6.58,6.65,6.22,6.24,158006255,1012946176.000
2014-12-24,6.24,6.38,6.03,6.12,133905899,823599552.000
2014-12-25,6.17,6.48,6.10,6.44,148779307,936586496.000
2014-12-26,6.39,6.71,6.30,6.58,175441255,1143004544.000
2014-12-29,6.68,6.77,6.49,6.59,157874298,1043556352.000
2014-12-30,6.52,6.59,6.28,6.32,109921710,703076992.000
2014-12-31,6.33,6.49,6.28,6.42,79704487,509181376.000
2015-01-05,6.50,6.69,6.44,6.64,139411510,917937664.000
2015-01-06,6.60,7.05,6.52,6.72,167889831,1140986752.000
2015-01-07,6.67,6.83,6.55,6.67,103419103,688662656.000
2015-01-08,6.70,6.93,6.68,6.73,150006443,1019525248.000
2015-01-09,6.73,6.85,6.57,6.59,118194225,793637440.000
2015-01-12,6.56,6.56,6.25,6.31,103451803,658658304.000
2015-01-13,6.29,6.44,6.26,6.33,47620622,302359360.000
2015-01-14,6.32,6.37,6.11,6.20,59337554,370084384.000
2015-01-15,6.20,6.33,6.16,6.33,53044204,331708288.000
2015-01-16,6.40,6.42,6.30,6.35,53690875,341159968.000
2015-01-19,6.07,6.26,5.72,5.82,104441893,627032192.000
2015-01-20,5.88,6.10,5.88,6.06,77417867,463655584.000
2015-01-21,6.08,6.28,6.02,6.24,78606708,485067872.000
2015-01-22,6.24,6.30,6.18,6.25,66414247,414342848.000
2015-01-23,6.26,6.35,6.22,6.28,79173306,496805792.000
2015-01-26,6.27,6.80,6.22,6.72,154927771,1016011264.000
2015-01-27,6.60,6.71,6.47,6.60,118200435,776288064.000
2015-01-28,6.60,6.88,6.52,6.67,145847642,981705024.000
2015-01-29,6.53,6.65,6.43,6.57,77398479,507674752.000
2015-01-30,6.65,6.67,6.42,6.48,61075585,398161696.000
2015-02-02,6.42,6.43,6.27,6.29,54493225,344235680.000
2015-02-03,6.39,6.43,6.29,6.37,35766912,227830400.000
2015-02-04,6.42,6.86,6.39,6.63,114016483,756800000.000
2015-02-05,6.64,6.75,6.37,6.38,89102604,580371072.000
2015-02-06,6.33,6.47,6.20,6.29,47647354,301033472.000
2015-02-09,6.32,6.39,6.21,6.25,38053280,240097168.000
2015-02-10,6.35,6.37,6.25,6.33,27634276,174914848.000
2015-02-11,6.33,6.38,6.32,6.35,26611687,169000784.000
2015-02-12,6.36,6.46,6.30,6.43,38011554,242396816.000
2015-02-13,6.46,6.55,6.42,6.45,49363582,320344704.000
2015-02-16,6.45,6.59,6.42,6.51,49323026,319466400.000
2015-02-17,6.51,6.59,6.51,6.55,45353659,297383392.000
2015-02-25,6.58,6.60,6.46,6.49,40783130,266048096.000
2015-02-26,6.51,6.75,6.50,6.68,91819183,607868800.000
2015-02-27,6.68,6.79,6.64,6.70,74711642,502012064.000
2015-03-02,6.83,6.86,6.67,6.73,84182518,567221184.000
2015-03-03,6.71,6.84,6.58,6.62,108191122,724375104.000
2015-03-04,6.61,6.67,6.54,6.64,59844877,395174208.000
2015-03-05,6.60,6.65,6.46,6.55,60538084,395649408.000
2015-03-06,6.51,6.59,6.48,6.51,46891117,305749280.000
2015-03-09,6.46,6.60,6.43,6.59,54796515,357642752.000
2015-03-10,6.63,6.85,6.61,6.74,129415492,874158464.000
2015-03-11,6.76,6.79,6.55,6.59,109041996,723772352.000
2015-03-12,6.58,6.78,6.51,6.74,109645666,727798656.000
2015-03-13,6.72,6.92,6.66,6.81,127770604,868297856.000
2015-03-16,6.86,7.18,6.78,7.09,223469603,1563950976.000
2015-03-17,7.19,7.38,7.06,7.16,251771067,1815011968.000
2015-03-18,7.18,7.34,7.09,7.28,189664250,1366595712.000
2015-03-19,7.28,7.53,7.16,7.39,196620754,1447229312.000
2015-03-20,7.39,7.49,7.28,7.31,113704044,833205696.000
2015-03-23,7.35,7.40,7.23,7.32,141195029,1029593536.000
2015-03-24,7.40,8.00,7.34,7.79,281252448,2161865984.000
2015-03-25,7.84,8.09,7.57,7.93,246316224,1924290432.000
2015-03-26,7.87,7.95,7.68,7.74,126572159,985836480.000
2015-03-27,7.74,7.76,7.55,7.65,95379771,727820032.000
2015-03-30,7.80,8.06,7.79,7.92,187429052,1488679168.000
2015-03-31,7.98,7.99,7.72,7.73,150844457,1184193152.000
2015-04-01,7.73,7.90,7.68,7.79,103112996,800694784.000
2015-04-02,7.78,7.84,7.72,7.78,87549628,680577216.000
2015-04-03,7.73,7.87,7.70,7.83,95917969,747402880.000
2015-04-07,7.98,7.99,7.83,7.92,133002031,1050498496.000
2015-04-08,7.93,7.94,7.65,7.85,145625304,1139126272.000
2015-04-09,7.85,7.86,7.51,7.61,115520585,882974144.000
2015-04-10,7.61,7.82,7.58,7.74,91076672,703773760.000
数据来源:通达信
