600637 百视通 日线 前复权
      日期	    开盘	    最高	    最低	    收盘	    成交量	    成交额
2011-03-02,12.73,12.73,12.24,12.68,16342322,205926448.000
2011-03-03,12.66,13.90,12.48,13.42,40608524,539483584.000
2011-03-04,13.43,14.61,13.23,14.04,46997607,659445888.000
2011-03-07,14.05,14.71,14.01,14.15,32406351,465408480.000
2011-03-08,14.19,14.67,13.85,14.54,24707620,355031872.000
2011-03-09,14.54,14.59,14.06,14.38,22549343,324045984.000
2011-03-10,14.29,14.41,13.93,14.32,15448056,220687184.000
2011-03-11,14.14,14.41,13.93,14.06,15393600,219297120.000
2011-03-14,13.81,14.21,13.77,13.83,15899041,223276848.000
2011-03-15,13.86,13.90,13.21,13.67,16689094,226534384.000
2011-03-16,13.61,14.04,13.51,13.83,10252427,142517536.000
2011-03-17,13.66,14.51,13.41,13.90,17245143,245271648.000
2011-03-18,14.09,14.41,14.04,14.17,9893480,141286544.000
2011-03-21,14.13,14.52,13.99,14.29,14267517,205717584.000
2011-03-22,14.36,14.49,14.09,14.17,13299819,190887472.000
2011-03-23,14.27,14.86,13.99,14.66,20102303,293903232.000
2011-03-24,14.69,14.81,14.31,14.37,13924662,203044288.000
2011-03-25,14.37,14.44,14.10,14.37,12698725,182310432.000
2011-03-28,14.10,14.41,14.04,14.08,9795438,139905344.000
2011-03-29,14.08,14.16,12.66,13.19,19958475,271934848.000
2011-03-30,13.10,13.59,13.02,13.31,10580289,142688272.000
2011-03-31,13.40,13.41,12.91,13.11,7797110,102976200.000
2011-04-06,13.41,13.85,13.12,13.21,8938736,121055360.000
2011-04-07,13.23,13.30,12.71,12.91,10288710,133555712.000
2011-04-08,12.92,13.17,12.87,13.14,5520166,72437104.000
2011-04-11,13.08,13.21,12.96,13.08,5278323,69283744.000
2011-04-12,13.08,13.26,12.99,13.07,5484349,72367544.000
2011-04-13,13.02,13.13,12.92,13.09,4439445,58201188.000
2011-04-14,13.09,13.09,12.77,12.82,6776497,88133616.000
2011-04-15,12.83,13.02,12.71,12.88,6241812,80662064.000
2011-04-18,12.89,12.90,12.36,12.40,8857669,111920488.000
2011-04-19,12.31,12.32,11.89,12.20,8261589,100515840.000
2011-04-20,12.12,12.57,12.12,12.39,5374578,67154072.000
2011-04-21,12.51,12.51,12.11,12.17,5618392,69285800.000
2011-04-22,12.17,12.28,11.98,12.11,4452299,54390804.000
2011-04-25,11.99,12.23,11.91,11.99,4145783,50206048.000
2011-04-26,11.94,12.27,11.92,12.06,3671656,44753344.000
2011-04-28,12.02,12.03,11.12,11.19,7544780,88037400.000
2011-04-29,11.26,11.42,11.10,11.24,3944915,44569824.000
2011-05-03,11.29,11.60,11.27,11.51,2853405,32952718.000
2011-05-04,11.51,11.51,11.15,11.20,2896125,33039198.000
2011-05-05,11.20,11.60,11.15,11.43,3519638,40315744.000
2011-05-06,11.36,11.68,11.24,11.61,4263457,49555396.000
2011-05-09,11.69,12.21,11.69,12.01,7097135,85899320.000
2011-05-10,12.02,12.14,11.83,12.07,3839074,46372756.000
2011-05-11,12.06,12.31,11.99,12.22,5985918,73581776.000
2011-05-12,12.11,12.18,11.90,11.92,4049955,49213696.000
2011-05-13,11.80,12.09,11.71,11.99,3961041,47528200.000
2011-05-16,12.01,12.31,11.81,12.20,5506127,67708424.000
2011-05-17,12.26,12.37,12.11,12.20,5518593,68032312.000
2011-05-18,12.11,12.20,11.96,12.10,3749598,45648736.000
2011-05-19,12.11,12.14,11.87,11.88,4160708,50117200.000
2011-05-20,12.03,12.58,12.02,12.54,9056739,112079368.000
2011-05-23,12.41,12.76,12.21,12.45,11278892,142256256.000
2011-05-24,12.28,12.40,11.91,12.29,4979505,60953712.000
2011-05-25,12.28,12.57,12.18,12.50,6436120,80571808.000
2011-05-26,12.53,12.83,12.29,12.31,6101350,76925560.000
2011-05-27,12.28,12.28,11.51,11.56,7678024,91365032.000
2011-05-30,11.47,11.75,11.05,11.19,4136456,47735924.000
2011-05-31,11.24,11.64,11.16,11.59,3124403,35801692.000
2011-06-01,11.51,11.80,11.42,11.73,2691038,31498762.000
2011-06-02,11.59,11.59,11.17,11.40,3124422,35837688.000
2011-06-03,11.42,11.65,11.41,11.56,4069636,47318952.000
2011-06-07,11.52,11.71,11.42,11.62,2884399,33739756.000
2011-06-08,11.62,11.82,11.56,11.79,3044926,35924488.000
2011-06-09,11.81,12.06,11.49,11.53,5395390,64535572.000
2011-06-10,11.57,11.68,11.39,11.57,2987097,34632204.000
2011-06-13,11.52,11.91,11.39,11.89,3872072,45634296.000
2011-06-14,11.87,12.19,11.79,11.92,4814457,58209160.000
2011-06-15,11.91,12.00,11.66,11.69,2725839,32479814.000
2011-06-16,11.61,11.74,11.51,11.69,2632498,30798608.000
2011-06-17,11.76,11.82,11.34,11.38,2077374,24183516.000
2011-06-20,11.37,11.56,11.35,11.48,3367053,38832060.000
2011-06-21,11.43,11.86,11.43,11.83,5670089,67094212.000
2011-06-22,11.87,11.93,11.73,11.80,1781043,21206464.000
2011-06-23,11.78,11.92,11.61,11.91,2540279,30266324.000
2011-06-24,11.83,12.18,11.81,12.07,7398339,89428552.000
2011-06-27,12.07,12.33,11.97,12.19,5204290,63793240.000
2011-06-28,12.19,12.36,12.07,12.15,4131143,50754848.000
2011-06-29,12.19,12.46,12.12,12.19,6690170,82952424.000
2011-06-30,12.20,12.51,12.11,12.36,4377658,54569260.000
2011-07-01,12.40,12.53,12.31,12.35,3210137,40189896.000
2011-07-04,12.31,12.67,12.31,12.60,5996900,75377008.000
2011-07-05,12.60,12.82,12.48,12.71,5500957,70171568.000
2011-07-06,12.76,12.78,12.41,12.59,4653408,58810100.000
2011-07-07,12.54,12.67,12.44,12.48,3478383,43925500.000
2011-07-08,12.51,12.65,12.45,12.58,3225474,40681604.000
2011-07-11,12.57,12.57,12.38,12.40,2920908,36609680.000
2011-07-12,12.36,12.36,12.05,12.06,3509621,43049984.000
2011-07-13,12.12,12.51,12.12,12.46,3553627,44288824.000
2011-07-14,12.44,13.72,12.44,13.71,23674901,320648000.000
2011-07-15,13.50,13.79,13.37,13.61,10474186,143696464.000
2011-07-18,13.64,14.01,13.47,13.70,8785589,122031136.000
2011-07-19,13.60,13.81,13.29,13.41,7131555,96817288.000
2011-07-20,13.51,13.60,13.31,13.54,4289856,58112808.000
2011-07-21,13.53,14.16,13.46,13.57,11490627,160218400.000
2011-07-22,13.66,13.68,13.31,13.49,4785510,64929284.000
2011-07-25,13.39,13.71,13.20,13.41,8266043,111835160.000
2011-07-26,13.41,13.43,12.93,13.27,5429569,71894416.000
2011-07-27,13.20,13.69,13.12,13.64,6449171,87770600.000
2011-07-28,13.50,13.63,13.35,13.45,4155661,56469964.000
2011-07-29,13.42,14.00,13.41,13.57,10441011,144911056.000
2011-08-01,13.51,13.88,13.49,13.59,6081957,83974904.000
2011-08-02,13.58,13.75,13.30,13.56,5030427,68376216.000
2011-08-03,13.43,13.78,13.33,13.76,4719537,64797968.000
2011-08-04,13.79,14.27,13.79,14.12,15400646,219265952.000
2011-08-05,13.71,14.02,13.46,13.70,9737546,135057616.000
2011-08-08,13.56,13.57,12.41,12.93,11785152,154698880.000
2011-08-09,12.41,12.83,12.01,12.64,6864743,86487608.000
2011-08-10,12.82,13.01,12.71,12.75,5577647,72137456.000
2011-08-11,12.44,12.90,12.41,12.72,5984711,76753504.000
2011-08-12,12.90,13.24,12.81,13.06,5929369,78115184.000
2011-08-15,12.96,13.12,12.94,13.10,3512872,46127464.000
2011-08-16,13.14,13.16,12.83,13.01,3378750,44170648.000
2011-08-17,12.91,13.06,12.76,12.79,2907351,37781840.000
2011-08-18,12.78,12.86,12.41,12.45,4215480,53615344.000
2011-08-19,12.26,12.36,12.16,12.28,2985934,36856088.000
2011-08-22,12.24,12.35,12.12,12.21,2258331,27813920.000
2011-08-23,12.21,12.34,12.18,12.33,2426923,29993308.000
2011-08-24,12.44,12.88,12.33,12.71,5050901,64403104.000
2011-08-25,12.79,13.02,12.73,12.86,5713597,74204648.000
2011-08-26,12.87,12.94,12.76,12.87,2974140,38564472.000
2011-08-29,12.79,13.11,12.76,13.03,4650762,60815380.000
2011-08-30,13.16,13.19,12.78,12.80,2820281,36816880.000
2011-08-31,12.77,12.88,12.37,12.51,4285490,54381612.000
2011-09-01,12.51,12.66,12.16,12.18,4671423,58166816.000
2011-09-02,12.18,12.29,11.78,11.93,4897792,59154968.000
2011-09-05,11.89,12.11,11.80,12.01,2809500,33919540.000
2011-09-06,11.81,12.01,11.81,11.91,2068601,24846316.000
2011-09-07,11.91,12.21,11.88,12.19,2162711,26226444.000
2011-09-08,12.24,12.25,12.05,12.10,2093316,25563260.000
2011-09-09,12.16,12.31,12.04,12.27,2772966,34030388.000
2011-09-13,12.16,12.16,11.88,11.97,2902308,35000176.000
2011-09-14,11.99,12.08,11.91,12.02,1518636,18303486.000
2011-09-15,11.99,12.15,11.99,12.09,1609074,19613788.000
2011-09-16,12.11,12.21,12.03,12.04,918284,11219975.000
2011-09-19,12.05,12.37,12.05,12.20,4079753,50485864.000
2011-09-20,12.11,12.49,12.11,12.47,4110831,51231892.000
2011-09-21,12.29,12.71,12.29,12.64,3946803,50016492.000
2011-09-22,12.53,12.66,12.39,12.44,3034441,38234572.000
2011-09-23,12.40,12.40,12.13,12.29,1982311,24432580.000
2011-09-26,12.21,12.26,11.96,12.07,2460308,29968380.000
2011-09-30,12.01,12.01,10.85,11.49,12576536,143324384.000
2011-10-10,11.42,11.53,11.16,11.31,2126545,24162596.000
2011-10-11,11.51,11.61,11.19,11.27,5154191,58688980.000
2011-10-12,11.29,11.79,11.13,11.77,4822256,55668404.000
2011-10-13,11.76,12.96,11.61,12.67,11237397,140892944.000
2011-10-14,12.63,12.86,12.01,12.47,7887620,98154160.000
2011-10-17,12.45,12.73,12.28,12.34,5853631,73559488.000
2011-10-18,12.21,12.71,12.17,12.54,6307406,78995616.000
2011-10-19,12.52,12.95,12.52,12.65,6856527,88049008.000
2011-10-20,12.61,12.70,12.26,12.29,3653339,45592936.000
2011-10-21,12.26,12.42,11.78,11.84,3238900,39169704.000
2011-10-24,11.84,12.76,11.71,12.51,5447828,67001020.000
2011-10-25,12.49,13.14,12.43,12.85,10632203,138241936.000
2011-10-26,12.96,14.14,12.81,13.94,36608833,510209216.000
2011-10-27,13.71,13.94,13.42,13.49,13909301,191261792.000
2011-10-28,13.76,14.09,13.51,13.71,12933157,179402656.000
2011-10-31,13.72,14.46,13.58,14.22,18469607,262017088.000
2011-11-01,14.11,14.38,13.77,13.82,12473691,176077264.000
2011-11-02,13.80,14.52,13.62,14.30,19580985,279131808.000
2011-11-03,14.53,15.74,14.51,14.78,47183874,723262912.000
2011-11-04,14.66,15.03,14.41,14.71,19238397,284832480.000
2011-11-07,14.69,15.29,14.58,15.02,10872821,164427440.000
2011-11-08,15.11,15.54,14.42,14.64,11533489,175340480.000
2011-11-09,14.57,15.16,14.46,15.01,12215792,183062352.000
2011-11-10,15.08,16.01,14.84,15.41,34203344,535583840.000
2011-11-11,15.51,15.86,14.86,14.90,20379403,316355872.000
2011-11-14,15.09,15.46,14.93,15.11,14091784,215237808.000
2011-11-15,15.40,15.40,14.79,15.10,11043825,166758784.000
2011-11-16,15.05,15.24,14.56,14.59,9261980,138605376.000
2011-11-17,14.59,14.85,14.36,14.77,6219960,91741248.000
2011-11-18,14.71,14.97,14.29,14.60,7047610,103312096.000
2011-11-21,14.61,14.99,14.51,14.90,6074937,90061800.000
2011-11-22,14.81,15.26,14.76,15.08,7117934,107428592.000
2011-11-23,15.11,15.50,15.06,15.30,10653613,163925312.000
2011-11-24,15.27,15.48,15.11,15.28,6318149,97544944.000
2011-11-25,15.17,16.04,15.17,15.69,11836508,186438000.000
2011-11-28,15.74,16.51,15.74,16.12,9849466,160726176.000
2011-11-29,16.16,16.45,15.77,16.17,10258419,166033888.000
2011-11-30,16.16,16.56,15.37,15.67,15227093,241988016.000
2011-12-01,16.09,16.28,15.67,15.71,9302817,149673840.000
2011-12-02,15.63,16.05,15.53,15.80,5166765,81998848.000
2011-12-05,15.90,16.01,14.57,14.82,10758990,163107072.000
2011-12-06,14.68,15.32,14.61,15.22,5187669,78482744.000
2011-12-07,15.30,15.58,15.01,15.19,3697006,57073688.000
2011-12-08,15.36,16.21,15.19,15.80,12115245,191613344.000
2011-12-09,15.56,15.80,15.10,15.27,9352126,144633440.000
2011-12-12,15.23,15.51,14.93,15.01,4370468,66633396.000
2011-12-13,14.96,15.31,14.55,15.11,8148443,121743976.000
2011-12-14,14.91,15.08,14.50,14.63,5549108,82546304.000
2011-12-15,14.47,14.60,13.81,14.41,8144266,116557400.000
2011-12-16,14.31,15.04,14.26,14.98,5108711,75243672.000
2011-12-19,14.95,15.57,14.91,15.55,7305933,112458088.000
2011-12-20,15.56,15.76,15.19,15.38,5822379,90608048.000
2011-12-21,15.51,15.71,15.20,15.23,3225339,50202404.000
2011-12-22,15.18,15.30,14.66,15.20,4844581,72891992.000
2011-12-26,15.29,15.41,14.71,14.91,3334804,50699980.000
2011-12-27,14.71,15.00,14.35,14.85,5493743,81213960.000
2011-12-28,14.76,14.91,14.01,14.64,6925445,100266312.000
2011-12-29,15.11,15.14,13.91,14.53,10880238,157200608.000
2011-12-30,14.36,15.06,14.36,14.96,6821831,101564320.000
2012-01-04,15.27,15.76,15.01,15.02,14096165,219332624.000
2012-01-05,14.76,14.86,14.02,14.15,10741913,155163328.000
2012-01-06,13.90,13.90,12.73,12.82,15969077,209497536.000
2012-01-09,12.76,13.14,12.08,13.03,15346497,193548640.000
2012-01-10,12.93,13.66,12.86,13.29,14368509,192950864.000
2012-01-11,13.15,13.50,13.00,13.17,11956835,160011952.000
2012-01-12,12.94,13.18,12.04,12.09,20007609,253090288.000
2012-01-13,11.99,12.21,10.87,10.88,20732374,240451120.000
2012-01-16,10.87,11.14,10.69,10.72,9751853,107675640.000
2012-01-17,10.70,11.12,9.89,11.07,14372207,153809840.000
2012-01-18,10.91,11.20,10.41,10.59,12481836,136266592.000
2012-01-19,10.41,11.12,10.11,10.96,13929669,147906384.000
2012-01-20,10.97,11.25,10.88,11.01,8735127,97527280.000
2012-01-30,11.03,11.52,10.97,11.24,9913516,113125760.000
2012-01-31,11.30,11.49,11.15,11.45,6748853,76834016.000
2012-02-01,11.45,11.50,11.30,11.43,5295363,60853540.000
2012-02-02,11.89,12.06,11.49,11.96,14356179,169931136.000
2012-02-03,11.79,13.17,11.72,13.17,26892575,346733024.000
2012-02-06,13.22,14.48,13.22,13.81,24876913,345902176.000
2012-02-07,13.81,13.99,13.47,13.83,13621903,188549136.000
2012-02-08,13.67,14.07,13.61,13.99,12914258,180718256.000
2012-02-09,13.99,14.31,13.86,13.98,9256857,130891640.000
2012-02-10,13.86,14.26,13.62,14.22,12270927,172123520.000
2012-02-13,14.12,14.69,14.12,14.42,13301472,193288784.000
2012-02-14,14.26,14.45,13.89,14.16,8896179,126392688.000
2012-02-15,14.09,14.46,13.90,14.21,9598633,137504256.000
2012-02-16,14.31,15.03,14.26,14.65,17515395,258128992.000
2012-02-17,14.63,15.09,14.51,14.94,17852777,267216064.000
2012-02-20,15.15,15.46,14.74,14.95,21176565,320916640.000
2012-02-21,14.91,16.45,14.67,16.20,64089398,1031731520.000
2012-02-22,16.06,16.50,15.99,16.43,43107391,705881024.000
2012-02-23,16.26,17.17,16.11,16.57,45152356,750998912.000
2012-02-24,16.41,16.52,16.10,16.41,28754554,470957568.000
2012-02-27,16.43,18.01,16.31,16.93,47860402,826494784.000
2012-02-28,16.91,17.11,16.33,16.79,30439625,512619104.000
2012-02-29,16.90,16.94,16.34,16.75,23779702,397421344.000
2012-03-01,16.69,16.86,16.39,16.68,15179479,254162048.000
2012-03-02,16.71,17.44,16.51,17.38,25529858,437437888.000
2012-03-05,17.40,18.26,17.33,17.41,36642182,652754496.000
2012-03-06,17.24,17.59,17.03,17.31,15931087,276625664.000
2012-03-07,17.04,17.49,16.11,16.14,27044821,460092064.000
2012-03-08,16.56,16.57,16.02,16.39,24663385,404066848.000
2012-03-09,16.51,17.00,16.24,16.90,20800932,348007840.000
2012-03-12,16.82,17.29,16.65,17.05,21378521,365947168.000
2012-03-13,16.92,17.16,16.39,16.75,20342118,341682816.000
2012-03-14,16.71,17.30,15.70,15.93,31817447,528276736.000
2012-03-15,15.89,16.03,15.29,15.70,20163408,318028896.000
2012-03-16,15.76,16.04,15.42,15.93,16350373,259655168.000
2012-03-19,15.85,16.05,15.59,15.96,12249271,195051968.000
2012-03-20,15.80,15.96,15.36,15.59,12734009,201135520.000
2012-03-21,15.66,15.76,14.91,15.30,16649853,256273504.000
2012-03-22,15.21,16.01,15.15,15.69,13519197,213024192.000
2012-03-23,15.61,16.04,15.49,15.63,11312750,179688032.000
2012-03-26,15.46,15.81,15.21,15.59,7227408,112644736.000
2012-03-27,15.69,16.09,15.61,15.85,12577618,201176448.000
2012-03-28,15.96,16.11,15.30,15.35,14482479,228676704.000
2012-03-29,15.01,15.21,14.76,14.94,10513563,158127024.000
2012-03-30,15.04,15.09,14.38,14.44,10627594,156702560.000
2012-04-05,14.51,15.40,14.44,15.35,12361701,186041008.000
2012-04-06,15.43,15.58,15.17,15.53,10519945,162887344.000
2012-04-09,15.40,16.27,15.21,15.90,12656315,202273712.000
2012-04-10,15.81,16.52,15.66,16.50,17180078,279047648.000
2012-04-11,16.31,16.74,16.23,16.36,12142586,200946720.000
2012-04-12,16.36,16.56,16.14,16.49,10705832,176579952.000
2012-04-13,16.49,16.86,16.26,16.62,11994082,200170176.000
2012-04-16,16.38,16.71,16.22,16.28,8658383,143446416.000
2012-04-17,16.22,16.33,15.91,15.95,8672948,140439648.000
2012-04-18,16.02,16.79,15.89,16.60,11493985,188981184.000
2012-04-19,16.50,16.76,16.38,16.52,7572683,125822288.000
2012-04-20,16.42,16.58,16.19,16.31,8949923,147446480.000
2012-04-23,16.24,16.26,15.21,15.42,18912845,297494560.000
2012-04-24,15.11,15.39,14.19,14.82,18732583,277876576.000
2012-04-25,14.67,15.15,14.44,15.01,12814963,189650000.000
2012-04-26,14.93,15.05,14.66,14.67,5700950,84896904.000
2012-04-27,14.53,15.01,14.53,14.69,6106950,90967120.000
2012-05-02,14.88,15.18,14.71,15.12,8577224,129754240.000
2012-05-03,15.19,15.36,14.97,15.20,5980414,91239504.000
2012-05-04,15.26,15.46,15.11,15.30,6575433,101260360.000
2012-05-07,15.19,15.19,14.92,15.03,8600492,130157440.000
2012-05-08,15.10,15.88,15.09,15.55,15607080,243922048.000
2012-05-09,15.31,15.32,15.02,15.07,8932969,136278592.000
2012-05-10,15.21,15.46,15.18,15.23,7511506,115649032.000
2012-05-11,15.06,15.26,15.06,15.11,6097799,92982480.000
2012-05-14,15.21,15.28,14.81,14.87,4731678,71747424.000
2012-05-15,14.71,14.87,14.59,14.80,5037298,74584288.000
2012-05-16,14.67,15.12,14.66,14.91,4965788,74773496.000
2012-05-17,14.82,15.16,14.82,15.12,4514332,68136408.000
2012-05-18,15.06,15.77,14.92,15.36,14518300,225066064.000
2012-05-21,15.18,15.66,15.14,15.29,8265544,128171504.000
2012-05-22,15.19,15.44,15.19,15.40,5374349,82939280.000
2012-05-23,15.42,15.42,15.08,15.21,4777453,73005312.000
2012-05-24,15.12,15.28,14.73,14.86,5160457,78049168.000
2012-05-25,14.86,15.01,14.12,14.16,8359548,121676720.000
2012-05-28,14.14,14.31,13.52,14.27,7934863,111113168.000
2012-05-29,14.21,14.58,13.86,14.52,7409940,105979256.000
2012-05-30,14.53,14.57,14.27,14.32,3693807,53354060.000
2012-05-31,14.28,14.71,14.06,14.45,5457203,79069752.000
2012-06-01,14.47,14.85,14.39,14.82,6885495,101796648.000
2012-06-04,14.64,14.89,14.16,14.19,6198122,90459136.000
2012-06-05,14.23,14.43,14.16,14.30,3694321,53167508.000
2012-06-06,14.29,14.34,13.80,13.94,6917944,97316360.000
2012-06-07,14.08,14.24,13.87,13.91,4720104,66996064.000
2012-06-11,14.23,14.37,13.87,14.11,5922393,83609760.000
2012-06-12,14.15,14.15,13.91,13.92,3455515,48710672.000
2012-06-13,13.93,14.51,13.81,14.38,6376406,90880048.000
2012-06-14,14.31,15.39,14.24,14.88,13903541,209703648.000
2012-06-15,14.88,14.98,14.51,14.75,7025905,104040136.000
2012-06-18,14.81,15.29,14.81,15.13,8205112,124966296.000
2012-06-19,15.12,15.35,14.92,15.15,5632092,85798976.000
2012-06-20,15.12,15.17,14.76,14.88,4786572,72162192.000
2012-06-21,14.82,15.24,14.72,15.21,10640390,160864624.000
2012-06-25,15.09,15.14,14.79,14.91,4995375,75160000.000
2012-06-26,14.82,14.96,14.34,14.62,4847233,71328904.000
2012-06-27,14.51,14.51,13.21,13.31,23084679,319460640.000
2012-06-28,13.26,13.58,12.46,12.62,15518661,202955968.000
2012-06-29,12.66,13.05,12.61,13.01,7822237,100771312.000
2012-07-02,13.09,13.19,12.83,13.13,5969759,78367384.000
2012-07-03,13.17,13.43,13.15,13.34,4819148,64567120.000
2012-07-04,13.31,13.36,13.01,13.09,2823101,37364824.000
2012-07-05,13.01,13.04,12.32,12.64,6701305,84944928.000
2012-07-06,12.76,13.16,12.62,13.08,4546679,58949308.000
2012-07-09,13.08,13.76,13.02,13.22,8002585,108686224.000
2012-07-10,13.09,13.61,13.09,13.39,4320048,58281072.000
2012-07-11,13.34,13.61,13.19,13.45,2815590,37980648.000
2012-07-12,13.46,13.66,13.30,13.62,4239113,57746648.000
2012-07-13,13.76,13.79,13.49,13.58,3870674,53016668.000
2012-07-16,13.59,13.66,13.09,13.16,3205906,42789304.000
2012-07-17,13.16,13.20,12.71,13.15,5535500,71841792.000
2012-07-18,13.09,13.25,12.83,13.18,3363821,44185424.000
2012-07-19,13.15,13.66,12.91,13.54,5886886,79826400.000
2012-07-20,13.53,13.61,13.32,13.45,3053822,41229920.000
2012-07-23,13.31,13.71,13.04,13.63,5085593,68842752.000
2012-07-24,13.56,13.75,13.48,13.61,3303954,45329984.000
2012-07-25,13.61,13.96,13.57,13.72,5648595,78561456.000
2012-07-26,13.63,13.78,13.34,13.40,4373094,59388580.000
2012-07-27,13.72,14.07,13.71,13.90,11525975,161094128.000
2012-07-30,13.92,14.67,13.92,14.28,15667532,226457280.000
2012-07-31,14.21,14.41,13.92,14.03,6919795,98029856.000
2012-08-01,13.93,15.41,13.93,15.10,18752700,280230400.000
2012-08-02,15.06,15.78,14.82,15.48,17105428,263815072.000
2012-08-03,15.48,15.80,15.37,15.73,14476527,227089392.000
2012-08-06,15.59,15.77,15.26,15.72,13497123,211380400.000
2012-08-07,15.71,17.21,15.58,16.84,27624533,459409568.000
2012-08-08,16.71,17.14,16.41,16.95,14498246,243526144.000
2012-08-09,16.75,17.26,16.66,17.11,11046200,189017984.000
2012-08-10,17.11,17.25,16.56,16.73,8893072,150579568.000
2012-08-13,16.71,16.93,16.30,16.32,10015261,166485184.000
2012-08-14,16.31,16.46,15.77,16.45,13750546,222583312.000
2012-08-15,16.31,16.45,15.98,16.00,5529225,90077664.000
2012-08-16,16.00,16.44,15.87,16.09,6233176,101696704.000
2012-08-17,15.98,16.36,15.93,16.16,6100224,98911152.000
2012-08-20,16.08,16.35,15.81,16.33,4786117,77505096.000
2012-08-21,16.28,17.21,16.21,16.94,12448864,211371760.000
2012-08-22,17.03,17.63,16.79,17.40,15521353,269510592.000
2012-08-23,17.31,17.53,16.75,16.85,10345612,176798736.000
2012-08-24,16.79,16.89,15.91,16.07,11158356,182094800.000
2012-08-27,15.79,16.14,15.78,16.03,5925617,94977944.000
2012-08-28,15.94,16.47,15.94,16.30,6108772,100183088.000
2012-08-29,16.31,16.32,15.51,15.54,6892884,110366152.000
2012-08-30,15.41,15.47,14.84,15.12,10247802,156432656.000
2012-08-31,15.09,15.34,15.03,15.20,4124670,63092448.000
2012-09-03,15.01,16.07,14.91,15.84,9410037,147925536.000
2012-09-04,15.73,16.18,15.41,15.42,5504794,87476136.000
2012-09-05,15.29,16.06,15.27,16.04,7332613,116376824.000
2012-09-06,15.93,16.34,15.92,16.12,4923584,80008912.000
2012-09-07,16.24,16.99,16.24,16.75,12261224,206171808.000
2012-09-10,16.71,16.94,16.46,16.57,8025226,134733920.000
2012-09-11,16.56,17.23,16.42,16.71,11207362,190252544.000
2012-09-12,16.80,16.94,16.46,16.63,5245941,87917800.000
2012-09-13,16.65,16.98,16.17,16.20,5752849,95688728.000
2012-09-14,16.30,16.44,15.87,16.31,6258976,101579184.000
2012-09-17,16.34,16.55,15.89,15.94,4189201,68450096.000
2012-09-18,15.90,15.95,15.53,15.73,4090769,64720104.000
2012-09-19,15.67,16.04,15.66,15.94,2394545,38133032.000
2012-09-20,15.95,16.02,15.41,15.41,2962490,46922284.000
2012-09-21,15.45,15.68,15.39,15.45,2784643,43421696.000
2012-09-24,15.35,16.15,15.24,16.09,5127006,81667448.000
2012-09-25,16.21,16.21,15.79,15.96,2902965,46629864.000
2012-09-26,15.84,15.96,15.46,15.51,2954122,46361528.000
2012-09-27,15.56,16.17,15.44,16.05,5419423,87073456.000
2012-09-28,16.03,16.17,15.84,16.04,4734332,76220728.000
2012-10-08,16.10,16.17,15.82,15.88,2613655,42011620.000
2012-10-09,15.91,17.11,15.91,16.83,12472606,209183728.000
2012-10-10,16.76,16.96,16.59,16.87,5977394,100933184.000
2012-10-11,16.81,17.01,16.52,16.61,4807705,80811008.000
2012-10-12,16.89,17.04,16.01,16.27,8570980,141760016.000
2012-10-15,16.11,16.36,15.92,16.18,3076136,49809436.000
2012-10-16,16.18,16.53,16.12,16.27,3594262,59061764.000
2012-10-17,16.38,16.54,16.22,16.45,3619381,59666828.000
2012-10-18,16.51,16.56,16.10,16.39,8101164,132858840.000
2012-10-19,16.41,16.68,16.11,16.14,7727727,126741528.000
2012-10-22,15.92,16.25,15.92,16.08,5056991,81555232.000
2012-10-23,16.08,16.57,16.02,16.31,7562524,124644744.000
2012-10-24,16.16,16.49,16.11,16.42,3711511,61038752.000
2012-10-25,16.40,16.86,16.36,16.55,11213577,187334080.000
2012-10-26,16.52,16.56,15.91,16.15,6780593,110271760.000
2012-10-29,15.94,16.21,15.54,15.62,6772969,107800776.000
2012-10-30,15.62,15.86,15.48,15.52,4156407,65316284.000
2012-10-31,15.66,15.92,15.53,15.84,3438162,54538160.000
2012-11-01,15.83,16.25,15.72,16.15,4782838,77522832.000
2012-11-02,16.29,16.63,16.27,16.30,6928313,114408296.000
2012-11-05,16.29,16.30,15.83,15.87,4935386,79659744.000
2012-11-06,15.78,15.97,15.61,15.91,4220242,67009464.000
2012-11-07,15.91,15.97,15.61,15.73,2710385,42990524.000
2012-11-08,15.66,15.83,15.42,15.57,3174405,49961076.000
2012-11-09,15.59,15.72,15.51,15.59,2025434,31778856.000
2012-11-12,15.59,15.72,14.91,15.06,4991434,76585528.000
2012-11-13,15.11,15.16,14.61,14.82,5910321,88270232.000
2012-11-14,14.79,14.85,14.19,14.66,6270014,91621488.000
2012-11-15,14.64,14.64,14.16,14.30,4184062,60823888.000
2012-11-16,14.30,14.44,14.06,14.35,4272968,61338600.000
2012-11-19,14.41,14.53,14.35,14.52,2794637,40669376.000
2012-11-20,14.52,14.88,14.42,14.52,3588802,52977584.000
2012-11-21,14.51,14.63,14.11,14.58,2224251,32305848.000
2012-11-22,14.46,14.67,14.38,14.40,1590026,23218886.000
2012-11-23,14.42,14.76,14.23,14.63,4352140,63842752.000
2012-11-26,14.60,14.74,14.57,14.64,3582690,52877464.000
2012-11-27,14.56,14.56,13.76,13.79,6838033,97220152.000
2012-11-28,13.71,13.91,13.61,13.78,3147057,43717288.000
2012-11-29,13.79,13.88,13.43,13.47,2249434,30928752.000
2012-11-30,13.53,13.69,13.43,13.58,1740110,23770900.000
2012-12-03,13.60,13.81,13.38,13.40,3320587,45571584.000
2012-12-04,13.31,13.62,12.91,13.59,6945606,91704808.000
2012-12-05,13.41,14.24,13.41,14.02,5422507,76358304.000
2012-12-06,13.99,14.46,13.92,14.24,6319783,90381368.000
2012-12-07,14.29,14.68,14.27,14.56,4227653,61632632.000
2012-12-10,14.56,14.72,14.33,14.59,6642101,96879208.000
2012-12-11,14.51,14.64,14.41,14.46,2239211,32691128.000
2012-12-12,14.39,14.43,14.10,14.24,3504358,50460592.000
2012-12-13,14.23,14.35,13.82,13.97,2451295,34622576.000
2012-12-14,13.91,14.97,13.81,14.90,10317661,150177552.000
2012-12-17,14.82,14.97,14.57,14.74,6938077,103263392.000
2012-12-18,14.61,14.62,14.02,14.11,14650997,211493440.000
2012-12-19,14.01,14.52,13.96,14.28,9569943,138518528.000
2012-12-20,14.12,14.47,14.06,14.35,6595657,94989496.000
2012-12-21,14.37,14.52,14.21,14.43,6348861,91805864.000
2012-12-24,14.46,15.49,14.41,15.06,14185698,212924016.000
2012-12-25,15.06,15.22,14.81,15.12,13097254,198172720.000
2012-12-26,15.02,15.75,15.01,15.67,12706821,198428560.000
2012-12-27,15.70,15.93,15.46,15.48,8086740,127765656.000
2012-12-28,15.41,15.93,15.36,15.78,10289167,162733680.000
2012-12-31,15.80,16.01,15.46,15.78,10762159,169884160.000
2013-01-04,15.83,16.29,15.83,15.94,9690092,156557760.000
2013-01-07,15.88,16.09,15.79,15.90,4283672,68460136.000
2013-01-08,15.91,16.51,15.81,16.09,8862491,144303568.000
2013-01-09,16.08,16.15,15.89,16.02,5821491,93743760.000
2013-01-10,15.96,15.96,15.54,15.72,9258109,146129792.000
2013-01-11,15.71,15.80,15.41,15.51,9589369,150317680.000
2013-01-14,15.47,16.03,15.44,15.92,12422651,196370048.000
2013-01-15,15.92,16.06,15.76,15.94,9039730,144322608.000
2013-01-16,16.01,16.30,15.58,15.82,10084662,162434560.000
2013-01-17,15.69,15.88,15.51,15.71,6074097,95777312.000
2013-01-18,15.90,15.94,15.61,15.82,5484082,87224464.000
2013-01-21,15.86,16.29,15.84,16.28,12288761,198708944.000
2013-01-22,16.31,16.56,15.91,15.97,9702917,158656064.000
2013-01-23,15.89,16.54,15.79,16.51,14655352,240197024.000
2013-01-24,16.51,16.56,15.97,16.13,10702290,174752688.000
2013-01-25,16.18,16.86,16.01,16.74,15423075,256778944.000
2013-01-28,16.76,17.26,16.56,17.16,13806212,234672592.000
2013-01-29,17.09,17.13,16.87,17.11,8230119,140802000.000
2013-01-30,17.14,17.14,16.57,16.84,9984865,168596816.000
2013-01-31,16.83,16.99,16.31,16.53,8359764,138976656.000
2013-02-01,16.51,16.86,16.42,16.54,5047918,84293832.000
2013-02-04,16.30,16.58,16.23,16.32,5871351,96851616.000
2013-02-05,16.39,17.09,16.29,17.07,8302352,140174736.000
2013-02-06,17.02,17.07,16.71,16.88,4601210,77938776.000
2013-02-07,16.81,17.06,16.75,16.91,4622800,78590808.000
2013-02-08,16.94,17.44,16.82,17.10,8106109,139998736.000
2013-02-18,17.11,17.12,16.57,16.92,5409565,91497552.000
2013-02-19,16.99,17.31,16.78,16.98,8820312,150724496.000
2013-02-20,17.03,17.74,16.72,17.71,14260748,247573488.000
2013-02-21,17.50,17.65,16.95,17.19,12328578,214777632.000
2013-02-22,17.20,18.05,17.02,17.82,14748982,261778176.000
2013-02-25,17.86,18.46,17.59,18.25,16104173,292783328.000
2013-02-26,18.21,18.51,17.51,17.57,12524523,227014432.000
2013-02-27,17.56,17.84,17.29,17.56,7576010,133279776.000
2013-02-28,17.60,18.05,17.57,18.03,8037101,143912384.000
2013-03-01,18.03,18.14,17.66,17.92,8831870,158995408.000
2013-03-04,17.74,17.77,16.12,16.84,16871029,290182656.000
2013-03-05,16.81,17.14,16.29,16.67,15340691,256143872.000
2013-03-06,16.71,17.51,16.64,17.47,15188567,262122528.000
2013-03-07,17.37,17.41,16.77,16.83,10186347,175191600.000
2013-03-08,16.88,17.04,16.41,16.76,6601416,110585344.000
2013-03-11,16.54,16.86,16.46,16.77,3255115,54826852.000
2013-03-12,16.75,16.75,15.86,16.00,11326007,185255968.000
2013-03-13,15.87,15.98,15.37,15.49,10760730,169150736.000
2013-03-14,15.48,15.91,15.48,15.61,6325358,99878280.000
2013-03-15,15.64,16.22,15.50,15.53,8731391,139498592.000
2013-03-18,15.54,16.12,15.51,15.95,9080170,145279952.000
2013-03-19,15.99,16.07,15.78,16.02,4640064,74326744.000
2013-03-20,16.10,16.49,15.99,16.44,6953868,113873688.000
2013-03-21,16.47,16.68,16.26,16.51,6343102,104979672.000
2013-03-22,16.51,16.81,16.24,16.38,5589230,92797424.000
2013-03-25,16.51,16.55,16.00,16.08,5384464,87530496.000
2013-03-26,16.11,16.39,15.46,16.21,7853041,126747616.000
2013-03-27,15.98,16.33,15.73,15.91,6073104,97448608.000
2013-03-28,15.75,16.06,15.71,15.92,6035407,96470504.000
2013-03-29,15.96,16.82,15.96,16.59,10426046,173149664.000
2013-04-01,16.54,17.41,16.54,17.31,18974424,327765152.000
2013-04-02,17.42,17.49,16.89,17.08,9971464,171975424.000
2013-04-03,17.20,17.26,16.84,17.10,7213394,123028488.000
2013-04-08,16.86,17.89,16.56,17.80,14716089,258717488.000
2013-04-09,17.67,18.26,17.57,17.68,15077621,271376192.000
2013-04-10,17.63,18.16,17.41,18.01,13927561,249655056.000
2013-04-11,17.98,18.19,17.51,17.79,8195407,147108016.000
2013-04-12,17.76,17.89,17.50,17.62,5309861,94073848.000
2013-04-15,17.62,17.91,17.50,17.81,5245640,93108384.000
2013-04-16,17.76,17.82,17.00,17.78,9279286,160838592.000
2013-04-17,17.61,17.86,17.34,17.85,5296507,93944128.000
2013-04-18,17.85,18.34,17.68,18.24,15223554,278044672.000
2013-04-19,18.24,18.37,17.97,18.30,11938432,218675104.000
2013-04-22,18.21,19.19,18.08,19.06,32612505,617355456.000
2013-04-23,18.96,19.15,18.29,18.36,15845930,297651360.000
2013-04-24,18.37,20.04,18.26,19.66,24524663,475805888.000
2013-04-25,19.91,20.34,19.01,19.08,21133877,419038304.000
2013-04-26,18.97,19.48,18.61,19.10,10217713,196004592.000
2013-05-02,19.10,20.35,18.87,20.23,15401622,308695520.000
2013-05-03,20.27,20.71,20.05,20.68,16308527,334094336.000
2013-05-06,20.31,21.59,20.28,20.94,21070020,448518592.000
2013-05-07,21.12,21.18,20.41,20.88,12828206,267186656.000
2013-05-08,21.26,21.64,20.73,20.83,16016400,339917120.000
2013-05-09,20.76,21.29,20.18,20.86,22310606,463818144.000
2013-05-10,20.69,20.91,20.04,20.23,14874956,303613312.000
2013-05-13,20.34,20.58,19.81,20.41,11810597,239689472.000
2013-05-14,20.36,20.41,19.90,20.19,10679681,215797280.000
2013-05-15,20.20,21.10,20.06,20.98,12571335,260453248.000
2013-05-16,21.07,21.37,20.67,20.80,13780588,290536288.000
2013-05-17,20.70,22.09,20.70,21.91,23892146,515015776.000
2013-05-20,22.40,24.11,22.40,24.11,34736169,835757504.000
2013-05-21,23.91,25.08,23.79,24.51,28438579,697096576.000
2013-05-22,24.53,25.05,24.10,24.70,18255255,450985376.000
2013-05-23,24.22,24.72,23.81,24.13,15291307,371590080.000
2013-05-24,24.15,25.41,24.15,25.03,14844409,371596672.000
2013-05-27,25.25,25.78,24.66,25.30,13117008,331711648.000
2013-05-28,25.31,25.40,24.15,24.23,14501339,356899744.000
2013-05-29,24.20,24.46,23.69,24.29,11873139,285905056.000
2013-05-30,24.16,24.79,23.86,24.28,9973444,244709664.000
2013-05-31,24.30,24.43,23.41,23.53,12390478,295581792.000
2013-06-03,23.57,23.85,22.89,23.02,13070180,306765216.000
2013-06-04,23.04,23.21,21.91,22.16,13653191,308377728.000
2013-06-05,22.18,22.81,22.09,22.64,14655115,331240544.000
2013-06-06,22.59,23.06,22.29,22.67,9797844,224078640.000
2013-06-07,22.59,23.21,22.56,22.74,10196503,234482448.000
2013-06-13,22.41,24.09,21.12,23.92,17222244,399235328.000
2013-06-14,24.00,25.01,23.67,24.70,21464307,531636704.000
2013-06-17,24.77,26.29,24.71,25.68,26763680,688667328.000
2013-06-18,25.43,25.97,24.81,25.58,14718298,376398176.000
2013-06-19,25.46,26.53,25.00,25.92,16000621,419304480.000
2013-06-20,25.49,26.36,24.69,24.86,15437858,392392800.000
2013-06-21,24.31,25.31,23.56,24.91,12225498,299609120.000
2013-06-24,24.80,26.15,23.86,24.66,22853416,574107200.000
2013-06-25,24.41,25.99,22.51,25.93,30401123,745536256.000
2013-06-26,25.86,28.53,25.49,28.53,32843849,899967360.000
2013-06-27,28.13,28.66,26.81,28.30,25613941,717523712.000
2013-06-28,27.89,29.11,27.11,27.91,19652049,553871104.000
2013-07-01,28.51,29.51,28.31,28.92,21326023,616947136.000
2013-07-02,28.53,29.21,27.90,28.91,19856343,569870464.000
2013-07-03,28.41,29.37,27.71,28.78,29335365,839224960.000
2013-07-04,28.31,28.46,27.69,27.73,19068396,536588096.000
2013-07-05,27.61,28.27,26.91,26.97,22051899,607833088.000
2013-07-08,26.72,27.68,26.31,27.10,14329957,388922368.000
2013-07-09,27.17,27.76,26.97,27.60,12965521,356112448.000
2013-07-10,27.51,28.16,27.21,27.79,15009655,416534752.000
2013-07-11,27.51,28.39,26.94,28.37,21100525,584977856.000
2013-07-12,28.86,29.90,28.46,28.53,29856282,871787456.000
2013-07-15,28.70,30.71,28.61,30.46,26157450,780848640.000
2013-07-16,30.38,31.16,29.75,30.29,15867484,482182656.000
2013-07-17,30.21,30.40,29.03,29.32,13767277,409281984.000
2013-07-18,29.11,30.64,28.92,30.45,16021424,485136160.000
2013-07-19,30.45,31.11,29.31,29.37,18596728,563656832.000
2013-07-23,31.91,32.32,30.86,32.32,21037416,676912064.000
2013-07-24,32.51,34.79,32.51,33.64,23875518,808207168.000
2013-07-25,33.21,34.23,31.74,33.45,23672596,784562624.000
2013-07-26,33.41,34.35,32.62,33.37,13269089,445628192.000
2013-07-29,33.66,36.11,33.41,33.64,24697056,854355520.000
2013-07-30,33.67,34.06,30.66,31.56,21326746,688643392.000
2013-07-31,31.56,33.99,31.21,32.86,15018758,492439104.000
2013-08-01,33.06,34.25,32.80,34.09,14830514,502510112.000
2013-08-02,34.50,35.31,33.69,35.21,14282373,496812608.000
2013-08-05,35.01,35.80,34.21,35.20,8365944,294104256.000
2013-08-06,34.92,35.90,34.52,34.92,11127540,392497408.000
2013-08-07,34.68,34.91,33.79,34.12,10982881,378688512.000
2013-08-08,33.79,33.92,32.67,33.09,12492380,416291072.000
2013-08-09,33.19,34.08,31.81,32.38,13267579,435696800.000
2013-08-12,32.61,32.84,30.46,31.07,19502039,610360000.000
2013-08-13,31.07,32.83,31.05,32.26,14889459,479453184.000
2013-08-14,32.29,32.50,31.27,32.39,11166919,358024480.000
2013-08-15,33.09,33.85,32.27,33.20,18288450,610213760.000
2013-08-16,32.75,34.89,31.91,32.23,16505189,551634752.000
2013-08-19,32.10,33.81,31.76,33.13,14181243,471053984.000
2013-08-20,33.19,33.55,32.21,32.64,8725975,287535296.000
2013-08-21,32.61,32.61,31.44,31.73,8399982,268275056.000
2013-08-22,31.56,33.71,31.54,33.41,12190539,401337440.000
2013-08-23,33.71,35.43,33.31,34.79,21361749,741684736.000
2013-08-26,35.04,35.07,34.01,34.87,11748683,409465152.000
2013-08-27,34.69,35.21,34.27,35.17,9985467,347789920.000
2013-08-28,35.02,37.47,34.92,36.55,19278017,708790144.000
2013-08-29,36.30,36.78,34.81,35.36,12219355,437800128.000
2013-08-30,35.36,35.36,31.82,31.82,16897593,564992320.000
2013-09-02,31.56,33.41,31.41,31.99,14367744,469824032.000
2013-09-03,32.21,33.35,32.07,33.13,9230394,303548832.000
2013-09-04,33.10,33.40,32.41,32.66,7495758,247140848.000
2013-09-05,32.48,35.40,32.22,35.33,17397061,598655488.000
2013-09-06,35.31,36.56,34.61,36.22,16087306,573357056.000
2013-09-09,36.23,37.79,35.73,35.89,20058057,744150272.000
2013-09-10,36.30,37.61,35.84,37.52,16406735,608641920.000
2013-09-11,37.57,38.12,34.39,35.25,16300610,584186432.000
2013-09-12,35.63,37.08,35.21,35.93,13189133,478400416.000
2013-09-13,36.21,37.01,35.03,36.89,11083970,402495776.000
2013-09-16,37.20,40.07,36.56,39.45,23242452,904384128.000
2013-09-17,39.41,41.70,38.97,39.89,17504506,709952832.000
2013-09-18,40.06,43.00,40.06,42.92,17001168,714944576.000
2013-09-23,43.36,46.78,42.07,46.37,18185157,803527168.000
2013-09-24,49.90,51.02,46.79,51.02,34891990,1734220160.000
2013-09-25,51.61,51.82,48.22,48.83,27606503,1386407936.000
2013-09-26,49.24,49.30,43.95,44.57,30257898,1399138816.000
2013-09-27,44.29,48.01,44.02,47.50,30825281,1434476800.000
2013-09-30,49.91,52.26,48.91,52.26,37167716,1922173056.000
2013-10-08,51.91,52.67,47.59,49.21,35575914,1770945024.000
2013-10-09,48.41,50.78,47.62,49.44,19426388,961956416.000
2013-10-10,49.50,49.50,45.41,45.92,27458429,1292523648.000
2013-10-11,46.01,46.87,43.21,44.99,19636606,883700992.000
2013-10-14,44.81,46.78,43.62,46.00,18159753,817661696.000
2013-10-15,45.91,48.13,45.51,46.57,21514859,1015568256.000
2013-10-16,45.97,46.41,41.90,41.94,28147962,1207850112.000
2013-10-17,41.91,42.71,40.76,41.04,18605408,773571136.000
2013-10-18,41.06,42.60,41.05,41.37,9794377,411377856.000
2013-10-21,41.92,44.14,41.91,44.01,15253169,664243392.000
2013-10-22,43.09,44.03,39.60,39.60,24970885,1022830976.000
2013-10-23,39.41,40.16,37.79,39.75,17172959,670035648.000
2013-10-24,39.66,40.61,39.02,39.60,8503494,341596864.000
2013-10-25,39.73,40.19,35.66,37.83,20686361,778473088.000
2013-10-28,37.61,38.47,35.91,37.22,15138362,566001344.000
2013-10-29,37.26,38.73,35.51,38.69,21121873,785830336.000
2013-10-30,38.01,40.41,37.91,38.90,21873794,863079424.000
2013-10-31,38.51,39.06,36.31,36.96,13183630,496851360.000
2013-11-01,37.36,37.36,34.99,36.23,13678350,494464768.000
2013-11-04,36.01,37.21,36.01,36.15,8403295,308309152.000
2013-11-05,36.06,37.81,35.28,37.61,10267102,380295744.000
2013-11-06,37.17,37.75,35.71,35.78,10853311,399715008.000
2013-11-07,35.51,36.59,35.01,35.44,9369563,335848576.000
2013-11-08,35.16,36.68,34.94,35.97,10354548,372056256.000
2013-11-11,35.61,35.83,33.72,34.88,9196428,320993536.000
2013-11-12,34.66,35.77,34.46,34.99,9397049,331946880.000
2013-11-13,35.11,36.36,34.99,35.14,13557920,485452896.000
2013-11-14,34.91,37.00,34.79,36.70,14468565,526060000.000
2013-11-15,36.81,40.21,36.81,39.03,22671391,889208256.000
2013-11-18,39.60,41.01,39.21,39.85,18741144,753563136.000
2013-11-19,39.54,41.61,39.52,40.36,11786116,481059680.000
2013-11-20,40.56,41.13,39.59,40.40,7821183,314249056.000
2013-11-21,40.11,41.61,39.73,41.05,8915472,365350560.000
2013-11-22,41.06,41.24,38.38,38.94,16112340,633472960.000
2013-11-25,38.66,38.80,37.34,38.22,12132714,462395008.000
2013-11-26,38.22,38.89,37.75,38.71,7692725,296489152.000
2013-11-27,38.51,41.69,38.46,40.66,13029603,526814752.000
2013-11-28,40.61,41.41,40.02,40.56,8401256,342344736.000
2013-11-29,40.71,42.51,40.55,42.18,14128680,591544384.000
2013-12-02,40.81,40.81,37.95,38.15,20002317,779717568.000
2013-12-03,37.85,37.85,34.91,36.90,17305015,631105664.000
2013-12-04,36.70,39.71,36.67,37.55,12817145,488792000.000
2013-12-05,38.91,39.81,37.59,37.74,16122789,622019648.000
2013-12-06,37.76,38.47,36.41,37.86,10382661,388460672.000
2013-12-09,38.01,39.84,37.96,39.54,12714017,496082144.000
2013-12-10,39.71,41.01,39.41,39.74,12170438,488748288.000
2013-12-11,39.41,40.75,38.77,39.92,10192702,408197344.000
2013-12-12,39.81,41.58,39.45,40.90,14726871,603335744.000
2013-12-13,40.49,41.45,40.19,41.10,9545835,391537920.000
2013-12-16,41.31,41.90,40.01,40.71,8641259,353837952.000
2013-12-17,40.42,40.87,37.62,38.34,11257456,438427104.000
2013-12-18,38.11,38.11,36.72,37.62,10217554,383225824.000
2013-12-19,37.13,38.38,37.13,37.51,6187195,235296832.000
2013-12-20,37.33,38.31,36.72,37.23,5884941,221897936.000
2013-12-23,37.23,37.91,36.31,36.39,8573659,318275424.000
2013-12-24,36.86,37.10,34.99,35.72,13654612,489736160.000
2013-12-25,35.80,36.81,35.27,36.78,7440611,270000480.000
2013-12-26,36.71,37.29,35.41,35.57,7284235,265085824.000
2013-12-27,35.51,36.09,35.21,35.67,7037941,251496560.000
2013-12-30,35.79,37.36,35.79,37.21,7561669,277102016.000
2013-12-31,36.80,37.49,36.69,36.88,5256303,195316432.000
2014-01-02,36.72,37.15,36.26,37.03,9364983,345787872.000
2014-01-03,36.90,37.31,36.28,37.05,9625377,356232960.000
2014-01-06,36.91,38.06,36.66,37.08,10057066,377250592.000
2014-01-07,38.11,40.79,38.11,40.19,23242648,922593152.000
2014-01-08,40.61,43.35,39.81,42.70,27213394,1138166656.000
2014-01-09,42.62,43.30,41.66,41.70,15954243,677510720.000
2014-01-10,41.41,42.14,40.11,40.22,11784574,485952640.000
2014-01-13,40.13,41.09,39.41,40.12,11057265,446708704.000
2014-01-14,39.91,41.76,39.72,41.63,10930534,449321248.000
2014-01-15,41.45,43.00,41.21,41.92,10504306,444564128.000
2014-01-16,42.01,43.34,40.42,40.61,10081778,422746272.000
2014-01-17,40.62,41.11,39.78,40.34,7490265,303629568.000
2014-01-20,40.06,40.73,38.78,38.80,8052317,317988032.000
2014-01-21,38.59,40.36,38.59,40.32,7512584,298128224.000
2014-01-22,40.32,40.75,39.96,40.55,11033465,445661824.000
2014-01-23,40.36,43.36,39.81,42.82,20304805,848763648.000
2014-01-24,42.27,42.53,41.77,41.93,12662419,533386400.000
2014-01-27,41.76,42.96,40.93,41.66,12146344,510672800.000
2014-01-28,41.66,42.06,39.66,39.85,13305333,534803296.000
2014-01-29,39.87,40.88,39.45,40.49,10343740,415758112.000
2014-01-30,40.56,42.16,40.21,40.85,12400890,512799104.000
2014-02-07,40.16,42.51,39.76,42.22,16054184,668455744.000
2014-02-10,42.22,44.74,42.21,43.54,18508503,810024256.000
2014-02-11,43.55,44.25,41.47,42.72,14976692,643253440.000
2014-02-12,42.56,43.01,41.81,42.93,10078030,427238304.000
2014-02-13,43.23,43.25,39.96,40.11,17632559,729504320.000
2014-02-14,40.76,44.13,40.72,44.12,28840509,1242396544.000
2014-02-17,44.19,44.44,42.64,43.05,22012878,951108672.000
2014-02-18,42.96,45.45,42.38,44.29,25707512,1132908928.000
2014-02-21,43.76,43.76,41.46,42.80,18846447,804552512.000
2014-02-24,42.24,42.76,41.46,41.67,12534632,526101600.000
2014-02-25,41.66,42.36,39.36,39.94,20619667,852165376.000
2014-02-26,39.86,39.87,35.94,36.43,34000899,1250236032.000
2014-02-27,36.48,36.96,32.78,33.84,29322567,1026017792.000
2014-02-28,33.86,35.86,32.23,35.35,24740241,844116416.000
2014-03-03,34.72,37.26,34.52,36.56,16680740,603094848.000
2014-03-04,36.54,36.54,35.06,35.73,11246936,402898400.000
2014-03-05,35.76,36.34,34.82,34.93,8510838,302448256.000
2014-03-06,35.77,37.07,35.66,36.07,14654962,533350944.000
2014-03-07,35.66,35.91,34.30,34.38,12439920,434403104.000
2014-03-10,33.66,33.66,30.96,31.96,17400458,561057728.000
2014-03-11,31.63,33.39,31.50,32.66,10927653,356089632.000
2014-03-12,32.64,34.16,32.56,33.60,10501110,352120224.000
2014-03-13,33.96,35.14,33.18,34.92,12339156,424770208.000
2014-03-14,34.65,36.48,34.50,35.65,11840389,424125568.000
2014-03-17,35.86,36.97,35.54,36.64,9933449,363645856.000
2014-03-18,36.87,36.87,35.53,36.29,9883268,358189696.000
2014-03-19,36.14,36.56,35.56,36.11,5961623,214913328.000
2014-03-20,36.11,36.79,33.97,34.25,9557665,339343808.000
2014-03-21,33.95,36.66,32.54,35.60,11223563,390968544.000
2014-03-31,35.22,35.26,32.04,32.04,14192950,461412352.000
2014-04-01,31.44,32.66,31.06,32.18,7227611,232168576.000
2014-04-02,32.14,32.18,29.51,31.60,15960291,487847488.000
2014-04-03,31.03,31.57,30.56,31.11,6911022,215053040.000
2014-04-04,31.11,31.76,30.96,31.69,5428877,171223568.000
2014-04-08,31.54,32.31,31.15,32.05,5888317,188399312.000
2014-04-09,32.76,33.60,32.46,33.00,9319478,308469280.000
2014-04-10,33.13,34.61,32.66,34.03,11545022,391180320.000
2014-04-11,33.71,35.63,33.71,35.24,11690502,407108000.000
2014-04-14,35.66,36.91,35.17,36.10,13964714,509164768.000
2014-04-15,35.96,36.45,34.83,34.94,11070459,394754240.000
2014-04-16,34.97,36.62,34.96,36.58,12716461,460307424.000
2014-04-17,36.59,36.92,36.10,36.22,6497566,237207376.000
2014-04-18,36.64,37.81,36.46,36.75,10619800,395621504.000
2014-04-21,36.36,36.61,35.07,35.74,7855829,282365344.000
2014-04-22,35.66,36.15,35.16,35.79,5513542,196727888.000
2014-04-23,35.66,35.76,33.55,33.76,9964846,343885376.000
2014-04-24,33.76,34.81,32.63,34.11,7410840,249922272.000
2014-04-25,34.08,35.17,33.57,34.66,6192401,215142240.000
2014-04-28,34.06,35.06,33.01,33.17,5927511,200986880.000
2014-04-29,33.48,33.92,32.76,33.91,4780777,160091152.000
2014-04-30,33.91,34.91,33.46,33.79,7411330,253749952.000
2014-05-05,34.01,34.04,32.46,32.98,8925437,293386848.000
2014-05-06,33.04,33.12,31.86,32.49,12905637,419297824.000
2014-05-07,32.46,33.03,31.92,32.65,7532568,244624368.000
2014-05-08,32.71,33.36,32.39,33.15,10520068,347184928.000
2014-05-09,32.97,33.29,32.42,32.76,6522029,213982896.000
2014-05-12,32.96,33.32,32.46,33.20,6377777,210652224.000
2014-05-13,33.30,33.92,33.08,33.34,4593354,153928384.000
2014-05-14,33.31,33.81,32.83,32.84,4875785,162757232.000
2014-05-15,32.77,32.95,31.91,32.08,5772436,186618016.000
2014-05-16,32.20,32.39,31.91,32.23,3541545,113921568.000
2014-05-19,31.91,32.21,31.54,31.80,3524735,112190136.000
2014-05-20,32.16,32.44,31.66,31.79,3098820,99417312.000
2014-05-21,31.48,31.87,31.18,31.64,4351181,137182784.000
2014-05-22,31.54,32.38,31.54,31.81,6306728,201891616.000
2014-05-23,32.06,32.29,31.46,32.25,7540523,240580224.000
2014-05-26,32.46,32.75,31.87,32.50,8899369,287415904.000
2014-05-27,32.51,32.51,31.76,31.96,5730787,183744848.000
2014-05-28,31.91,32.06,31.08,31.99,9617700,304539296.000
2014-11-24,35.19,35.19,35.19,35.19,229001,8058545.000
2014-11-25,38.71,38.71,38.71,38.71,907903,35144924.000
2014-11-26,41.00,42.50,39.84,41.91,84857084,3497921280.000
2014-11-27,41.00,41.46,40.00,40.28,41043640,1664994432.000
2014-11-28,40.20,42.63,39.30,40.51,40045878,1641438592.000
2014-12-01,40.20,40.95,38.88,39.08,30208329,1198283008.000
2014-12-02,39.25,39.75,38.78,39.29,28181925,1104463232.000
2014-12-03,39.31,40.30,38.61,39.81,34684126,1370474112.000
2014-12-04,39.99,40.47,39.70,39.95,26349562,1053126848.000
2014-12-05,40.00,40.00,38.11,38.37,25596731,996356288.000
2014-12-08,38.15,39.50,38.10,38.59,21233059,822440960.000
2014-12-09,38.30,40.50,38.11,38.26,39388874,1549824128.000
2014-12-10,38.45,40.77,38.45,40.50,38891947,1543212928.000
2014-12-11,40.61,41.43,39.61,39.98,27195168,1100266624.000
2014-12-12,40.04,40.49,39.55,39.92,14254958,570420416.000
2014-12-15,39.99,41.20,39.99,40.79,21793121,886983488.000
2014-12-16,40.90,41.00,40.09,40.18,16152838,652906368.000
2014-12-17,39.99,40.05,38.97,39.08,19494252,766411264.000
2014-12-18,39.15,39.59,39.01,39.21,11528285,452377472.000
2014-12-19,39.21,39.96,39.00,39.34,14724965,580317632.000
2014-12-22,39.38,39.56,37.26,37.47,17074715,650413120.000
2014-12-23,37.47,38.20,37.21,37.38,10118283,380655104.000
2014-12-24,37.58,37.94,37.25,37.57,9782479,366869920.000
2014-12-25,37.90,38.20,37.50,37.81,12259156,462559392.000
2014-12-26,37.96,39.00,37.60,38.98,16230796,620766592.000
2014-12-29,40.65,40.94,39.10,39.35,21745161,865873024.000
2014-12-30,39.35,39.72,37.39,37.68,17731641,680378240.000
2014-12-31,37.80,38.23,37.28,37.88,10307333,387750144.000
2015-01-05,37.70,38.00,37.29,37.31,15369287,578999168.000
2015-01-06,37.25,37.37,36.36,37.02,18895471,697027712.000
2015-01-07,37.02,37.57,36.88,37.05,11717587,434960192.000
2015-01-08,37.00,37.24,36.58,36.63,8509313,312974368.000
2015-01-09,36.65,37.00,36.36,36.40,9919265,364463232.000
2015-01-12,36.49,37.25,36.18,37.07,11349807,414965376.000
2015-01-13,37.03,37.37,36.80,37.15,8614830,320111040.000
2015-01-14,37.14,37.19,36.42,36.58,6922576,254418912.000
2015-01-15,36.69,37.10,36.52,36.89,6708880,247171424.000
2015-01-16,37.12,39.38,36.99,38.63,20765301,796137472.000
2015-01-19,37.40,39.24,36.81,37.32,16625257,632766976.000
2015-01-20,38.00,38.33,37.51,38.17,14954511,567851392.000
2015-01-21,38.55,39.50,38.54,39.41,23016882,899977344.000
2015-01-22,39.98,40.97,39.52,39.67,29080255,1169599616.000
2015-01-23,39.92,40.08,38.82,39.02,16427069,645692800.000
2015-01-26,39.12,40.93,39.10,40.74,26878950,1083101568.000
2015-01-27,41.10,42.13,40.65,41.20,25043355,1034329152.000
2015-01-28,41.20,41.93,40.52,40.77,19821148,817997056.000
2015-01-29,40.50,40.99,40.01,40.05,10829864,437058976.000
2015-01-30,40.50,40.69,39.71,39.72,9176195,367652128.000
2015-02-02,39.40,39.77,39.26,39.37,8092982,319381312.000
2015-02-03,39.73,40.20,39.33,39.85,9613926,381571616.000
2015-02-04,39.95,39.95,38.75,38.79,15155305,594118912.000
2015-02-05,38.76,40.29,38.59,39.17,22083173,870081408.000
2015-02-06,39.18,40.00,39.01,39.37,13129031,517025248.000
2015-02-09,39.49,39.93,39.25,39.30,8998671,356185760.000
2015-02-10,39.32,39.75,39.10,39.47,7966624,314014144.000
2015-02-11,39.51,40.92,39.48,40.06,19248211,775206080.000
2015-02-12,40.27,40.44,39.49,40.05,15809113,630793920.000
2015-02-13,40.20,40.78,39.88,40.62,18509086,748062976.000
2015-02-16,40.90,44.60,40.72,43.69,42327278,1805579520.000
2015-02-17,43.50,43.80,42.69,43.03,23034357,994362112.000
2015-02-25,43.22,43.29,41.30,41.48,18713952,790302656.000
2015-02-26,41.52,42.38,41.47,42.19,12950824,543059328.000
2015-02-27,42.17,42.78,41.76,42.33,14243459,602328000.000
2015-03-02,42.34,42.38,41.55,42.14,19391825,811233216.000
2015-03-03,42.04,42.47,41.21,41.25,17198955,720379264.000
2015-03-04,41.75,43.33,41.54,43.30,30641927,1296363904.000
2015-03-05,43.10,43.11,42.22,42.59,15165696,646276864.000
2015-03-06,42.80,43.16,42.43,42.48,11809888,504707904.000
2015-03-09,43.40,43.40,42.69,43.20,15903283,684144576.000
2015-03-10,43.30,44.14,42.93,43.51,17406139,759656384.000
2015-03-11,43.58,43.58,42.68,42.92,14534729,627141696.000
2015-03-12,43.10,43.38,42.33,42.72,11491192,492913248.000
2015-03-13,42.88,43.00,42.45,42.80,10105120,431437440.000
2015-03-16,43.06,44.35,43.06,43.97,20195503,883241792.000
2015-03-17,44.20,45.18,43.98,44.52,21783404,971084160.000
2015-03-18,44.90,48.65,44.60,48.56,33790386,1598152192.000
2015-03-19,48.30,48.30,47.10,47.60,19579808,933497152.000
2015-03-20,47.47,49.80,47.19,48.29,25653990,1243140992.000
2015-03-23,49.00,50.09,48.73,49.10,23567593,1159923968.000
2015-03-24,49.15,50.45,48.40,50.26,28966726,1434895872.000
2015-03-25,50.50,50.50,49.37,49.87,19412486,968785280.000
2015-04-07,54.00,54.00,50.81,50.96,39586101,2061367552.000
2015-04-08,51.29,51.29,48.40,49.34,34630063,1724255616.000
2015-04-09,49.35,49.38,47.00,47.62,28652482,1370321024.000
2015-04-10,47.41,49.65,47.41,49.13,22882840,1112008064.000
数据来源:通达信
