600150 中国船舶 日线 前复权
      日期	    开盘	    最高	    最低	    收盘	    成交量	    成交额
2011-03-04,36.38,37.41,34.13,35.98,12268648,927647808.000
2011-03-07,35.95,37.04,35.31,36.59,7764326,596066560.000
2011-03-08,36.48,38.20,36.38,37.73,6177855,491385312.000
2011-03-09,38.16,40.33,38.12,40.03,9409472,785227136.000
2011-03-10,40.04,41.06,39.36,40.61,8038990,680634624.000
2011-03-11,40.23,40.81,39.46,39.78,5097492,429224864.000
2011-03-14,39.37,40.13,38.64,39.27,5808642,479081920.000
2011-03-15,39.32,41.02,38.16,40.85,7995316,664482560.000
2011-03-16,40.66,41.52,40.33,40.71,4814397,415449568.000
2011-03-17,40.47,40.47,38.25,38.59,6943007,574311744.000
2011-03-18,39.00,39.84,38.60,39.23,3711776,306052576.000
2011-03-21,38.88,39.83,38.78,39.19,3682037,305891392.000
2011-03-22,39.20,39.78,38.16,39.35,3788992,311375008.000
2011-03-23,39.36,40.47,39.18,40.24,3439973,290895104.000
2011-03-24,40.18,40.32,39.66,39.72,2358531,198107344.000
2011-03-25,39.61,39.94,39.18,39.77,2905503,242453600.000
2011-03-28,39.36,39.65,38.64,38.91,4424830,363816352.000
2011-03-29,38.83,38.83,37.69,37.70,5123003,412750528.000
2011-03-30,37.44,37.92,36.48,36.57,4701461,367297856.000
2011-03-31,36.58,37.44,35.93,36.65,3780323,292692224.000
2011-04-01,36.65,36.96,36.00,36.84,3674202,282038752.000
2011-04-06,36.71,36.92,35.76,36.09,3885721,296385376.000
2011-04-07,36.07,36.96,36.07,36.59,3516168,271230720.000
2011-04-08,36.58,37.27,36.43,37.20,3093815,241264112.000
2011-04-11,37.24,37.45,36.81,37.35,3618390,283352000.000
2011-04-12,37.29,38.54,37.25,37.85,4994687,400984448.000
2011-04-13,37.68,38.50,37.44,38.25,3406491,274039808.000
2011-04-14,38.21,38.35,37.68,37.89,2511628,200794832.000
2011-04-15,38.31,38.87,37.07,37.37,4154591,330756800.000
2011-04-18,37.35,37.35,36.35,36.63,3930621,303488096.000
2011-04-19,36.24,36.85,36.18,36.40,2932936,226158816.000
2011-04-20,36.46,37.30,36.46,37.02,2117606,165315280.000
2011-04-21,37.15,37.27,36.57,36.64,2113855,164465728.000
2011-04-22,36.72,37.13,36.41,36.61,1611918,124865416.000
2011-04-25,36.58,37.11,36.38,36.48,2203989,170785088.000
2011-04-26,36.04,36.43,34.82,34.90,3873246,288878368.000
2011-04-27,34.93,35.31,33.95,34.23,3082177,224223056.000
2011-04-28,34.46,34.55,32.65,32.72,5229344,368880096.000
2011-04-29,32.78,33.25,32.67,33.19,2642718,184270256.000
2011-05-03,34.10,34.10,33.26,33.61,2087665,148157664.000
2011-05-04,33.64,33.98,32.40,32.56,2457585,171544256.000
2011-05-05,32.40,32.68,31.97,32.25,2252444,153667984.000
2011-05-06,32.11,32.72,31.68,32.38,2828184,193021008.000
2011-05-09,32.71,33.66,32.63,33.16,3515800,246404592.000
2011-05-11,33.61,33.64,32.84,33.17,1966960,138140128.000
2011-05-12,32.92,32.92,32.16,32.19,2504304,172484608.000
2011-05-13,32.20,32.43,31.76,32.24,2653251,179982992.000
2011-05-16,32.22,32.87,32.18,32.39,2162230,148846448.000
2011-05-17,32.41,33.15,32.39,32.98,2388843,166046368.000
2011-05-18,32.92,33.13,32.68,32.99,1474422,102666512.000
2011-05-19,33.52,33.52,32.58,32.63,1433166,99646648.000
2011-05-20,32.61,32.73,32.16,32.29,1627115,111237592.000
2011-05-23,32.30,32.34,31.34,31.36,2413874,161915376.000
2011-05-24,31.35,31.59,30.81,31.48,2252413,148722336.000
2011-05-25,31.51,31.76,31.12,31.58,1533687,102277568.000
2011-05-26,31.77,32.06,31.26,31.31,1809027,121508984.000
2011-05-27,31.13,31.61,30.98,31.37,1559631,103114208.000
2011-05-30,31.32,31.88,31.06,31.65,2064536,137913504.000
2011-05-31,31.61,32.24,31.50,32.19,2307863,155865728.000
2011-06-01,32.19,32.60,31.82,32.37,2056203,140267984.000
2011-06-02,32.07,32.07,31.42,31.62,1871621,125606744.000
2011-06-03,31.61,32.06,31.61,31.85,1192830,80443000.000
2011-06-07,31.86,32.39,31.73,32.35,1613985,109821400.000
2011-06-08,32.25,34.56,31.67,33.39,4378378,307511104.000
2011-06-09,32.97,33.69,32.56,32.61,3225042,225876832.000
2011-06-10,32.53,34.08,32.51,33.61,5132484,362666592.000
2011-06-13,33.41,34.03,33.20,33.42,3671758,261048976.000
2011-06-14,33.38,33.97,33.21,33.58,2912169,206810256.000
2011-06-15,33.36,33.58,32.69,32.70,2864248,200262256.000
2011-06-16,32.49,33.06,32.39,32.61,1844664,127601104.000
2011-06-17,32.53,33.16,32.30,32.80,2574770,178369664.000
2011-06-20,32.59,32.68,31.91,32.18,2142949,146544304.000
2011-06-21,32.16,32.81,32.16,32.76,1783081,122585256.000
2011-06-22,32.81,33.35,32.81,33.04,2566762,179577328.000
2011-06-24,33.44,35.50,33.27,34.78,6705413,488652032.000
2011-06-27,34.82,35.95,34.42,35.36,6879588,514160032.000
2011-06-28,35.23,35.36,34.47,34.78,5037163,371044192.000
2011-06-29,34.65,35.12,34.36,34.71,2693568,197373600.000
2011-06-30,34.67,35.11,34.57,35.03,2812040,207567280.000
2011-07-01,35.04,35.22,34.31,34.56,4626635,337682432.000
2011-07-04,34.61,35.15,34.56,35.03,3133909,231137008.000
2011-07-05,35.15,36.23,35.04,35.61,4903616,369501920.000
2011-07-06,35.33,35.57,35.04,35.46,2436698,181349216.000
2011-07-07,35.42,35.73,35.04,35.04,3213609,240239968.000
2011-07-08,35.07,36.70,34.73,36.15,7373483,557164608.000
2011-07-11,36.00,37.24,35.90,36.96,6906256,536742592.000
2011-07-12,36.70,37.65,36.43,37.16,6256345,490986944.000
2011-07-13,37.14,37.77,36.89,37.71,5318512,419179904.000
2011-07-14,37.88,37.92,37.09,37.30,5220595,412249248.000
2011-07-15,37.32,38.21,37.31,37.74,6179204,306227744.000
2011-07-18,37.44,38.52,37.00,38.29,9335151,464413664.000
2011-07-19,38.29,38.29,37.00,37.20,6771256,331319904.000
2011-07-20,37.44,37.83,36.52,36.80,5879760,285287840.000
2011-07-21,36.79,36.95,35.73,35.82,5872204,277516992.000
2011-07-22,35.78,36.36,35.77,36.06,3598460,169792736.000
2011-07-25,36.08,37.36,35.81,36.05,8450724,404837664.000
2011-07-26,35.90,36.58,34.98,36.50,4903531,230384608.000
2011-07-27,36.44,38.18,35.90,37.35,11572549,566349952.000
2011-07-28,37.29,37.90,35.90,36.11,9695292,464725504.000
2011-07-29,36.14,36.32,34.83,34.95,8332911,384178016.000
2011-08-01,34.93,35.33,34.83,35.00,3049491,140083456.000
2011-08-02,35.02,35.13,34.10,34.60,3744998,169251888.000
2011-08-03,34.21,34.36,33.60,34.13,4461723,198561408.000
2011-08-04,34.20,34.71,34.20,34.40,2696288,121620840.000
2011-08-05,33.36,33.77,32.73,33.51,3849922,168203552.000
2011-08-08,33.06,33.06,30.40,30.96,8383874,346978752.000
2011-08-09,30.06,32.12,29.09,31.64,9182960,371423264.000
2011-08-10,32.41,32.75,31.65,31.69,6675582,280942240.000
2011-08-11,30.90,31.75,30.60,31.61,4857590,199488976.000
2011-08-12,31.83,32.40,31.79,31.93,3746326,157234048.000
2011-08-15,32.21,32.48,31.81,32.28,4054120,171049728.000
2011-08-16,32.36,32.36,31.56,31.63,3664563,153104912.000
2011-08-17,31.63,31.89,31.20,31.26,2774588,114083448.000
2011-08-18,31.27,31.44,30.43,30.55,3731581,150577072.000
2011-08-19,29.96,30.52,29.75,30.43,3606505,142089504.000
2011-08-22,30.43,30.67,29.90,30.06,2391869,95051048.000
2011-08-23,30.27,30.51,30.06,30.46,1866730,74145744.000
2011-08-24,30.63,30.98,30.03,30.14,3393535,135855760.000
2011-08-25,30.31,30.81,29.97,30.78,4428065,176858192.000
2011-08-26,30.60,30.93,30.52,30.81,3170088,127557992.000
2011-08-29,30.75,30.77,30.18,30.22,2482758,98982144.000
2011-08-30,30.45,30.65,29.87,29.92,3002539,119262168.000
2011-08-31,29.95,30.18,29.75,30.06,1512838,59425140.000
2011-09-01,30.06,30.27,29.85,29.94,1640991,64625744.000
2011-09-02,30.04,30.04,29.34,29.52,2275222,88125096.000
2011-09-05,29.36,29.36,28.43,28.46,3110696,117043984.000
2011-09-06,28.21,28.46,27.99,28.13,2008135,74202888.000
2011-09-07,28.21,28.55,27.96,28.51,4157908,153949888.000
2011-09-08,28.58,28.63,27.44,27.70,3432817,126640792.000
2011-09-09,27.75,28.06,27.34,27.44,3914925,141712016.000
2011-09-13,26.98,26.98,26.13,26.18,5212745,180628512.000
2011-09-14,26.30,26.43,25.60,26.34,3282058,112201672.000
2011-09-15,26.44,26.62,26.22,26.35,2604349,90367568.000
2011-09-16,26.56,26.58,26.03,26.06,2622228,90517168.000
2011-09-19,26.06,26.06,24.97,24.98,3640358,121795976.000
2011-09-20,24.98,25.37,24.96,25.13,2546065,83989896.000
2011-09-21,25.21,26.32,25.14,26.11,3657881,124012360.000
2011-09-22,25.98,25.98,25.13,25.19,3362298,112712896.000
2011-09-23,24.56,25.52,24.36,25.38,2818596,91961304.000
2011-09-26,25.19,25.60,24.53,24.61,2794457,91541416.000
2011-09-27,24.75,25.02,24.49,24.87,3134764,101756632.000
2011-09-28,25.04,25.13,24.36,24.44,2836446,92007752.000
2011-09-29,24.32,24.32,23.52,23.63,3569672,111970056.000
2011-09-30,23.82,23.90,23.44,23.79,1973029,61422520.000
2011-10-10,23.86,24.10,23.67,23.76,1796907,56329588.000
2011-10-11,24.29,24.51,23.60,23.91,2249696,71111032.000
2011-10-12,23.91,25.18,23.60,25.02,4758483,155210944.000
2011-10-13,24.89,25.25,24.62,25.12,3630200,119412768.000
2011-10-14,25.05,25.13,24.68,24.90,2177751,71208480.000
2011-10-17,24.91,25.36,24.90,25.06,2394162,79089088.000
2011-10-18,25.06,26.38,24.46,25.44,6892336,230824208.000
2011-10-19,25.36,26.13,25.33,25.85,5471649,185310160.000
2011-10-20,25.52,25.66,24.36,24.85,4531468,147972960.000
2011-10-21,24.84,24.90,24.04,24.06,2535442,81131376.000
2011-10-24,24.13,25.64,23.68,25.47,3799149,123606928.000
2011-10-25,25.32,26.09,25.12,25.83,5174552,174397120.000
2011-10-26,25.63,26.36,25.56,26.25,5929677,202937024.000
2011-10-27,26.06,26.63,25.75,26.43,7436404,255826016.000
2011-10-28,26.66,27.06,26.53,26.58,5567729,195351920.000
2011-10-31,26.63,27.03,26.17,26.41,5071683,177398144.000
2011-11-01,25.98,26.66,25.98,26.03,4082354,140523280.000
2011-11-02,25.75,26.15,25.21,26.14,5193062,174537712.000
2011-11-03,26.31,26.64,26.13,26.34,5916758,205341696.000
2011-11-04,26.59,27.30,26.36,27.00,6067528,213567920.000
2011-11-07,26.90,26.90,26.33,26.34,3567005,124276424.000
2011-11-08,26.31,26.88,26.13,26.16,2827421,98186136.000
2011-11-09,26.30,26.51,26.00,26.48,2329672,80433528.000
2011-11-10,26.28,26.30,25.90,25.93,2962806,101247312.000
2011-11-11,25.96,26.21,25.44,25.55,2787324,94122688.000
2011-11-14,25.76,26.18,25.76,26.17,2876430,98214872.000
2011-11-15,26.20,26.20,25.90,26.00,2821484,96359720.000
2011-11-16,26.01,26.06,24.99,25.13,3890408,129981584.000
2011-11-17,25.20,25.40,24.81,24.90,3523005,115788832.000
2011-11-18,24.67,24.75,24.06,24.35,4715841,150917536.000
2011-11-21,24.29,24.59,24.08,24.29,2274216,72402624.000
2011-11-22,24.06,24.25,23.62,23.93,2833613,89003504.000
2011-11-23,23.95,24.07,23.65,23.90,1767895,55548200.000
2011-11-24,23.63,23.99,23.54,23.83,2154421,67171232.000
2011-11-25,23.82,23.82,23.44,23.58,2600329,80667544.000
2011-11-28,23.60,23.71,22.83,22.93,4097908,125089256.000
2011-11-29,23.16,24.85,22.97,24.46,6545982,206625904.000
2011-11-30,24.22,24.23,23.14,23.26,5114191,158734368.000
2011-12-01,23.96,24.43,23.62,23.83,5169864,163418896.000
2011-12-02,23.70,24.20,23.36,23.60,4182307,130592632.000
2011-12-05,23.52,23.60,22.79,22.83,3456773,104266928.000
2011-12-06,22.86,23.05,22.65,22.83,2768565,82988960.000
2011-12-07,23.01,23.83,22.91,23.27,4456753,137157488.000
2011-12-08,23.13,23.17,22.52,22.86,3723837,111381912.000
2011-12-09,22.67,22.88,22.58,22.64,2018618,60187864.000
2011-12-12,22.76,22.93,22.43,22.50,1899149,56666724.000
2011-12-13,22.41,22.41,21.29,21.40,4582136,130859904.000
2011-12-14,21.36,21.42,20.43,20.46,3846384,105723056.000
2011-12-15,20.43,20.43,19.29,19.40,5590796,144741952.000
2011-12-16,19.40,19.86,18.99,19.81,3296736,84705448.000
2011-12-19,19.63,20.20,19.02,20.12,4543516,117965192.000
2011-12-20,19.94,20.11,19.70,19.71,2515317,65879568.000
2011-12-21,19.98,20.15,19.44,19.47,2731968,71478008.000
2011-12-22,19.36,19.59,18.83,19.35,2635302,66940092.000
2011-12-23,19.33,20.13,19.33,19.66,2156862,55881092.000
2011-12-26,19.60,19.90,19.44,19.47,1581518,40978928.000
2011-12-27,19.42,19.76,19.36,19.46,1677448,43174824.000
2011-12-28,19.46,19.46,18.97,19.33,1791401,45174536.000
2011-12-29,19.28,19.91,19.12,19.43,2555484,65699384.000
2011-12-30,19.46,19.78,19.45,19.67,1877911,48651108.000
2012-01-04,19.93,20.21,19.44,19.46,2444417,63952752.000
2012-01-05,19.43,19.59,18.90,18.96,2449583,61930264.000
2012-01-06,18.97,19.23,18.68,19.17,1944995,48539728.000
2012-01-09,19.25,20.02,19.19,19.96,3824440,98977448.000
2012-01-10,20.02,20.81,19.86,20.75,5502400,147691504.000
2012-01-11,20.75,20.90,20.41,20.50,5035769,136471920.000
2012-01-12,20.29,20.93,20.21,20.52,3812510,103609000.000
2012-01-13,20.52,20.64,19.92,19.98,2954598,78347632.000
2012-01-16,19.98,20.21,19.53,19.60,2120142,55536880.000
2012-01-17,19.68,20.80,19.53,20.76,4499642,120446736.000
2012-01-18,20.63,21.05,20.52,20.55,4541550,124135936.000
2012-01-19,20.55,20.98,20.41,20.86,4232286,115760816.000
2012-01-20,21.04,21.94,20.98,21.65,7883224,223712640.000
2012-01-30,21.61,21.65,21.05,21.06,4024035,112600288.000
2012-01-31,20.99,21.46,20.91,21.46,2811427,78477392.000
2012-02-01,21.29,21.57,20.81,20.93,3074819,85522376.000
2012-02-02,21.02,21.27,20.84,21.23,2797719,77654192.000
2012-02-03,21.26,21.74,21.26,21.60,4729931,134286544.000
2012-02-06,21.75,21.75,21.36,21.52,3000625,84842016.000
2012-02-07,21.43,21.43,20.85,20.98,2857429,79108104.000
2012-02-08,20.91,21.54,20.90,21.45,3177849,88770560.000
2012-02-09,21.60,21.63,21.31,21.53,3777762,106775328.000
2012-02-10,21.44,21.73,21.38,21.46,3742606,105965328.000
2012-02-13,21.29,21.66,21.13,21.44,2878181,81081128.000
2012-02-14,21.40,21.79,21.34,21.63,3867273,109843920.000
2012-02-15,21.62,22.16,21.42,22.06,5192111,149401120.000
2012-02-16,21.93,22.20,21.56,21.80,4663046,134043864.000
2012-02-17,22.03,22.18,21.75,21.90,4252504,122808664.000
2012-02-20,22.29,22.30,21.90,21.90,3841430,111550656.000
2012-02-21,21.93,22.10,21.59,21.96,3104898,89066400.000
2012-02-22,21.94,22.25,21.84,22.22,5190574,150612512.000
2012-02-23,22.17,22.34,22.06,22.23,5190508,151501184.000
2012-02-24,22.25,22.66,22.08,22.56,6560870,192843936.000
2012-02-27,22.56,23.12,22.52,22.70,8924171,268293088.000
2012-02-28,22.69,23.00,22.53,22.93,5959896,178060240.000
2012-02-29,22.96,23.44,22.83,22.97,7041163,213853328.000
2012-03-01,22.86,23.43,22.80,23.10,5053805,153762080.000
2012-03-02,23.13,23.98,23.10,23.96,8034855,249317152.000
2012-03-05,24.38,26.35,24.38,25.27,16764382,558851008.000
2012-03-06,25.28,26.27,24.68,25.96,15922417,532202944.000
2012-03-07,25.67,28.36,25.37,27.93,28045777,1001696000.000
2012-03-08,27.94,28.02,27.23,27.70,17806096,643667968.000
2012-03-09,27.83,29.48,27.45,28.97,24478441,918962752.000
2012-03-12,28.98,29.85,28.24,29.32,19166588,728447616.000
2012-03-13,29.33,30.50,28.73,29.03,22273786,864184832.000
2012-03-14,29.06,29.13,27.00,27.45,25538103,943838464.000
2012-03-15,27.41,27.86,26.75,27.46,18510123,665659712.000
2012-03-16,27.44,27.79,26.69,27.59,13605258,488099776.000
2012-03-19,27.56,27.59,26.83,27.50,11357042,406162304.000
2012-03-20,27.27,27.29,26.29,26.45,11631935,408164096.000
2012-03-21,26.56,27.17,26.40,26.81,10795867,379237824.000
2012-03-22,27.18,28.35,27.18,28.03,18262748,667717248.000
2012-03-23,27.56,27.82,26.67,26.93,10269730,365174144.000
2012-03-26,26.93,27.09,25.83,26.09,7402532,255346160.000
2012-03-27,26.17,26.74,26.06,26.20,5392616,186566032.000
2012-03-28,26.04,26.04,24.67,24.70,9524765,314519040.000
2012-03-29,24.40,24.60,23.67,23.82,8051370,255190752.000
2012-03-30,23.81,24.60,23.80,24.56,8363704,267259568.000
2012-04-05,24.56,25.90,24.37,25.66,8406573,278919840.000
2012-04-06,25.67,26.21,25.18,25.56,7289314,246670080.000
2012-04-09,25.52,25.58,24.98,25.04,4881440,161972688.000
2012-04-10,24.89,25.71,23.76,25.67,6675753,216882992.000
2012-04-11,25.15,26.26,24.96,25.96,8563358,290205824.000
2012-04-12,25.96,26.30,25.67,26.16,7416982,253780896.000
2012-04-13,26.12,26.28,25.73,25.90,6072018,207198784.000
2012-04-16,25.30,25.35,24.60,24.91,9290713,304673728.000
2012-04-17,24.83,25.25,24.50,24.73,5718727,186345840.000
2012-04-18,25.03,25.46,24.83,25.39,7700410,255343600.000
2012-04-19,25.36,25.51,25.03,25.14,5117422,169753520.000
2012-04-20,25.06,25.67,24.95,25.65,7319912,243073888.000
2012-04-23,26.17,28.24,26.09,28.24,24983528,898593024.000
2012-04-24,28.03,29.58,27.18,27.47,31497290,1170515456.000
2012-04-25,27.10,27.71,26.52,27.20,13572041,483805120.000
2012-04-26,27.06,29.66,26.48,28.87,21074869,773836288.000
2012-04-27,28.55,29.20,28.10,28.24,13309472,498598944.000
2012-05-02,28.98,29.18,27.90,28.06,11473237,427026176.000
2012-05-03,27.83,28.25,27.60,27.92,7352007,268945280.000
2012-05-04,27.90,28.53,27.52,28.45,9661484,355164896.000
2012-05-07,28.22,28.23,27.71,27.86,7168251,262669856.000
2012-05-08,28.05,28.98,28.03,28.16,11266817,420054912.000
2012-05-09,28.33,30.13,28.33,29.30,32195743,1241356928.000
2012-05-10,29.35,29.41,27.70,27.79,23726752,877834816.000
2012-05-11,27.82,27.90,26.69,26.76,11270019,401640256.000
2012-05-14,27.06,27.13,26.13,26.30,11340037,395221248.000
2012-05-15,26.26,26.65,25.95,26.58,6522278,226106480.000
2012-05-16,26.56,26.56,25.90,25.91,6628120,227310304.000
2012-05-17,25.91,26.32,25.65,26.12,6711833,228883392.000
2012-05-18,25.89,25.94,24.68,25.00,9929080,329362624.000
2012-05-21,24.85,24.85,23.71,24.05,13856811,439826688.000
2012-05-22,24.21,24.67,24.10,24.46,10189229,326950656.000
2012-05-23,24.52,24.52,23.70,23.82,10351240,326323264.000
2012-05-24,23.60,24.50,23.60,24.00,8617175,273745952.000
2012-05-28,23.60,24.02,22.75,23.95,9769817,299237792.000
2012-05-29,23.96,24.52,23.60,24.43,10104038,322247264.000
2012-05-30,24.43,24.52,24.06,24.14,5706053,181797760.000
2012-05-31,24.06,24.34,23.79,24.18,5500461,173829728.000
2012-06-01,24.18,24.52,23.93,24.08,4439404,141326560.000
2012-06-04,23.73,23.73,22.83,22.83,7611335,232860448.000
2012-06-05,22.83,23.13,22.68,22.86,5110977,153543648.000
2012-06-06,22.94,24.33,22.94,23.60,9674019,301862272.000
2012-06-07,23.98,24.10,23.14,23.26,4949234,153226192.000
2012-06-08,23.44,23.58,23.21,23.40,4074910,125446128.000
2012-06-11,23.39,23.96,23.39,23.85,5169519,161157616.000
2012-06-12,23.63,24.30,23.63,23.77,3773346,90674672.000
2012-06-13,23.73,23.93,23.04,23.52,7068319,165572496.000
2012-06-14,23.36,23.38,23.11,23.19,5393121,125278840.000
2012-06-15,23.32,23.46,22.94,23.24,5199053,120925392.000
2012-06-18,23.33,23.53,23.23,23.28,4405310,103053720.000
2012-06-19,23.29,23.48,23.07,23.21,4353099,101354272.000
2012-06-20,23.28,23.33,22.97,22.98,4292170,99258992.000
2012-06-21,22.98,22.99,22.25,22.44,5371919,121263144.000
2012-06-25,22.44,23.26,22.39,22.49,7243240,165743328.000
2012-06-26,22.43,22.66,21.75,22.21,4866475,107508824.000
2012-06-27,22.33,22.96,22.18,22.50,6348993,144381616.000
2012-06-28,22.55,23.28,22.18,22.67,7608981,173647456.000
2012-06-29,22.30,23.17,22.30,22.95,6230607,142868640.000
2012-07-02,23.08,23.47,22.79,23.21,6644470,153628912.000
2012-07-03,23.18,23.80,23.13,23.52,8990735,212178944.000
2012-07-04,23.63,23.78,23.17,23.38,5387061,126201792.000
2012-07-05,23.19,23.43,22.83,22.99,4907549,113177696.000
2012-07-06,23.07,23.41,22.83,23.32,4368661,101232768.000
2012-07-09,23.48,23.94,22.98,22.99,6805900,160158704.000
2012-07-10,22.95,22.96,22.16,22.29,5058821,113713176.000
2012-07-11,22.30,22.83,22.29,22.46,3355246,75639552.000
2012-07-12,22.48,22.97,22.06,22.78,6048976,136283584.000
2012-07-13,22.73,22.88,22.48,22.57,3423837,77586768.000
2012-07-16,22.64,22.73,22.08,22.18,4938367,110336464.000
2012-07-17,22.08,22.34,21.73,22.15,5015870,109983384.000
2012-07-18,22.14,22.63,21.99,22.48,4362186,97596208.000
2012-07-19,22.45,22.93,22.23,22.69,5702550,129377712.000
2012-07-20,22.68,22.78,22.22,22.26,3051843,68609248.000
2012-07-23,21.98,22.64,21.76,22.16,2814803,62783040.000
2012-07-24,22.01,22.53,21.98,22.26,2597037,58059360.000
2012-07-25,22.08,22.48,22.04,22.47,4302022,96090992.000
2012-07-26,22.35,22.53,22.03,22.04,3019013,67287296.000
2012-07-27,22.09,22.27,21.99,22.00,2395335,52973380.000
2012-07-30,22.07,22.45,21.61,21.67,2844931,62735532.000
2012-07-31,21.66,21.73,20.59,20.68,4964103,105046248.000
2012-08-01,20.64,21.17,20.63,20.84,2806005,58696644.000
2012-08-02,20.76,21.02,19.98,20.11,4303704,87637880.000
2012-08-03,20.20,20.47,20.03,20.43,3269645,66259600.000
2012-08-06,20.41,20.98,20.25,20.85,5174664,106900672.000
2012-08-07,20.86,21.18,20.80,21.05,4343901,91086160.000
2012-08-08,21.10,21.45,20.98,21.05,3715332,78531840.000
2012-08-09,21.23,21.41,21.08,21.30,4333145,92223752.000
2012-08-10,21.26,21.28,20.92,21.01,2997615,63199508.000
2012-08-13,20.95,21.37,20.68,21.08,4654027,97582784.000
2012-08-14,21.03,21.28,20.66,21.09,3149762,65904512.000
2012-08-15,21.08,21.38,20.66,20.70,3327321,70168776.000
2012-08-16,20.79,21.44,20.70,21.09,6220005,132039840.000
2012-08-17,21.09,21.10,20.58,20.81,3067587,63803616.000
2012-08-20,20.69,20.83,20.30,20.49,2465553,50530752.000
2012-08-21,20.53,21.07,20.53,20.88,3308931,69140928.000
2012-08-22,20.88,21.08,20.60,20.71,2340157,48802360.000
2012-08-23,20.77,21.07,20.69,20.81,2046407,42691616.000
2012-08-24,20.81,20.91,20.28,20.29,2442306,50161620.000
2012-08-27,20.29,20.33,19.34,19.37,4123881,81609256.000
2012-08-28,19.34,19.86,19.23,19.36,2687925,52390396.000
2012-08-29,19.29,19.47,18.95,18.98,2785271,53537876.000
2012-08-30,18.97,19.16,18.27,18.39,4242873,79055616.000
2012-08-31,18.29,18.29,17.75,17.89,3764904,67669432.000
2012-09-03,17.91,18.48,17.81,18.23,4136027,75208464.000
2012-09-04,18.14,18.31,17.79,17.94,3256921,58801036.000
2012-09-05,17.96,18.43,17.88,18.22,4077492,74328160.000
2012-09-06,18.28,18.55,18.12,18.46,3173471,58278520.000
2012-09-07,18.55,20.28,18.55,19.69,9708392,189718848.000
2012-09-10,19.97,20.70,19.74,20.35,8552501,173255120.000
2012-09-11,21.28,22.23,20.89,21.60,16821794,362158048.000
2012-09-12,21.56,22.08,21.01,21.78,14358317,310322848.000
2012-09-13,21.48,23.28,21.34,22.65,48677972,1080951424.000
2012-09-14,22.00,22.66,21.62,21.79,22547448,498626240.000
2012-09-17,21.78,21.88,20.58,20.81,12344673,263702992.000
2012-09-18,20.81,20.81,19.89,19.99,10038343,203736656.000
2012-09-19,20.01,20.35,18.98,19.81,8088744,161551776.000
2012-09-20,19.81,21.43,19.61,21.08,24199956,506676448.000
2012-09-21,20.68,20.78,19.88,20.30,14221516,288364224.000
2012-09-24,20.43,21.28,20.42,20.64,13186696,275721216.000
2012-09-25,20.26,21.09,20.26,20.60,8230402,170728784.000
2012-09-26,20.62,21.28,19.70,19.75,11907878,244129328.000
2012-09-27,19.75,20.48,19.05,20.16,11627691,230566544.000
2012-09-28,19.98,20.40,19.84,20.29,7124576,144071616.000
2012-10-08,20.31,20.97,20.31,20.70,7593771,157527488.000
2012-10-09,20.70,21.26,20.68,21.02,8028234,168501696.000
2012-10-10,21.01,21.02,20.74,20.90,8475833,177367616.000
2012-10-11,20.73,20.77,19.98,20.04,8573557,174667552.000
2012-10-12,20.14,20.48,19.85,20.13,4505060,90910328.000
2012-10-15,20.13,20.28,19.56,19.72,4409449,87452024.000
2012-10-16,19.73,20.17,19.40,19.91,6018672,119196976.000
2012-10-17,20.01,20.11,19.53,19.91,3953643,78504464.000
2012-10-18,19.91,20.18,19.83,20.10,4878911,97819752.000
2012-10-19,20.13,20.63,20.10,20.22,6000819,122272888.000
2012-10-22,20.12,20.55,19.83,20.47,5702737,115454904.000
2012-10-23,20.51,20.59,20.15,20.19,3899314,79414344.000
2012-10-24,20.06,20.22,19.88,19.93,3284870,65832708.000
2012-10-25,19.90,20.26,19.75,19.76,3235508,64549972.000
2012-10-26,19.78,20.15,19.33,19.58,4722885,93156016.000
2012-10-29,19.39,19.78,19.23,19.31,2814424,54704980.000
2012-10-30,19.08,19.56,18.69,19.34,5286243,101490192.000
2012-10-31,19.24,19.58,19.14,19.42,2813147,54601924.000
2012-11-01,19.49,19.97,19.45,19.72,3598881,71231520.000
2012-11-02,19.76,20.27,19.76,19.94,4707160,94378320.000
2012-11-05,19.85,20.18,19.78,19.94,3013133,60256304.000
2012-11-06,19.93,20.01,19.50,19.71,2651046,52223624.000
2012-11-07,19.64,20.14,19.64,20.01,2824888,56381364.000
2012-11-08,19.97,19.97,19.50,19.51,3068201,60421252.000
2012-11-09,19.49,19.83,19.22,19.37,2198923,42796928.000
2012-11-12,19.39,20.08,19.39,19.96,5051696,100219912.000
2012-11-13,19.96,20.03,19.63,19.64,3889471,77039808.000
2012-11-14,19.65,19.97,19.58,19.88,3058800,60755148.000
2012-11-15,19.85,19.93,19.43,19.48,2647420,52266832.000
2012-11-16,19.38,19.57,18.61,18.79,3580680,67924096.000
2012-11-19,18.88,19.17,18.49,18.98,2590920,48684204.000
2012-11-20,19.05,19.08,18.69,18.69,2097374,39551104.000
2012-11-21,18.86,19.87,18.43,19.68,5322730,101743392.000
2012-11-22,19.46,19.86,19.39,19.43,3247782,63637648.000
2012-11-23,19.54,19.83,19.38,19.47,1910723,37477652.000
2012-11-26,19.73,20.46,19.61,19.99,6859093,137727200.000
2012-11-27,19.91,20.10,19.28,19.30,3531566,69466368.000
2012-11-28,19.30,19.85,18.72,19.29,4104580,79079952.000
2012-11-29,19.28,19.78,19.20,19.24,2983619,58116308.000
2012-11-30,19.24,19.45,18.91,19.14,2873792,55178000.000
2012-12-03,19.15,19.34,18.64,18.66,2332144,44204760.000
2012-12-04,18.66,18.95,18.53,18.76,4208529,78862896.000
2012-12-05,18.78,20.22,18.75,19.73,7969045,156881296.000
2012-12-06,19.85,20.48,19.70,19.98,6538355,131604224.000
2012-12-07,19.88,20.31,19.73,20.17,7459063,150089232.000
2012-12-10,20.25,20.56,20.19,20.38,7805000,159408112.000
2012-12-11,20.38,20.54,19.96,19.97,22508432,455528960.000
2012-12-12,19.68,19.93,19.48,19.71,7980303,156939232.000
2012-12-13,19.71,19.71,19.04,19.17,7445595,143962672.000
2012-12-14,19.18,19.93,19.18,19.91,10723788,211972432.000
2012-12-17,20.03,20.67,20.03,20.24,11119430,226252640.000
2012-12-18,20.26,20.46,19.89,20.08,10203905,206148848.000
2012-12-19,20.05,20.94,19.98,20.75,15912921,327333472.000
2012-12-20,20.59,20.76,20.28,20.57,13043788,267281184.000
2012-12-21,20.58,20.69,20.19,20.27,10505248,214577568.000
2012-12-24,20.26,20.84,20.15,20.69,9777964,201522976.000
2012-12-25,20.63,21.47,20.38,21.16,14000978,294048928.000
2012-12-26,21.18,21.53,20.98,21.17,10199310,216592000.000
2012-12-27,21.20,21.46,20.84,20.85,11648651,246550416.000
2012-12-28,20.81,21.87,20.81,21.52,14994026,322299072.000
2012-12-31,21.85,23.63,21.42,23.22,25864639,588954560.000
2013-01-04,23.32,23.37,22.66,22.77,15414208,353725952.000
2013-01-07,22.78,23.32,22.51,22.91,13508918,309904192.000
2013-01-08,22.86,23.44,22.78,23.00,13772435,318570336.000
2013-01-09,23.11,23.13,22.35,22.54,11068580,252035616.000
2013-01-10,22.54,23.42,22.46,23.10,15191451,349613824.000
2013-01-11,23.01,24.10,23.01,23.30,24125954,571963520.000
2013-01-14,22.84,24.98,22.56,24.66,35872815,862849728.000
2013-01-15,24.38,24.97,23.85,24.03,34841780,845839680.000
2013-01-16,24.04,25.93,23.26,25.61,44768494,1090866432.000
2013-01-17,24.83,24.96,23.30,23.49,30780832,742001600.000
2013-01-18,23.46,23.93,22.98,23.41,15274476,358793120.000
2013-01-21,23.48,23.97,23.26,23.66,10936100,258130688.000
2013-01-22,23.65,23.65,22.73,22.87,14305576,330520192.000
2013-01-23,22.85,23.65,22.75,23.39,13200913,307519520.000
2013-01-24,23.48,23.85,23.01,23.05,19530688,457922080.000
2013-01-25,22.89,23.05,22.38,22.50,9843599,222960272.000
2013-01-28,22.71,23.98,22.50,23.48,17531720,411482080.000
2013-01-29,23.48,24.06,23.22,23.50,15867998,375411040.000
2013-01-30,23.58,23.92,23.34,23.57,11169523,264230656.000
2013-01-31,23.54,23.55,22.99,23.10,11493926,266663424.000
2013-02-01,23.10,23.75,23.02,23.32,9907870,232243056.000
2013-02-04,23.48,23.85,23.13,23.62,11922336,281050464.000
2013-02-05,23.49,24.15,23.38,23.97,15933211,381072192.000
2013-02-06,23.97,24.13,23.74,23.79,8852316,211770224.000
2013-02-07,23.76,24.18,23.52,23.98,12714533,304565728.000
2013-02-08,24.02,24.16,23.74,23.80,13389819,320717280.000
2013-02-18,23.85,24.04,23.49,23.73,11196876,266571280.000
2013-02-19,23.71,23.73,22.78,22.83,9931544,230498080.000
2013-02-20,22.84,23.92,22.76,23.47,10639868,249055616.000
2013-02-21,23.19,23.45,22.78,22.85,8006589,184591168.000
2013-02-22,22.98,24.35,22.97,23.82,23469206,561995904.000
2013-02-25,23.98,24.05,23.47,23.76,8309846,197665408.000
2013-02-26,23.59,24.18,23.51,23.67,12338069,295529728.000
2013-02-27,23.68,24.15,23.68,23.96,8669001,207914624.000
2013-02-28,24.03,24.47,23.89,24.24,15027203,364907008.000
2013-03-01,24.24,24.55,23.86,24.02,11181284,270304864.000
2013-03-04,23.78,23.96,23.00,23.13,11735474,274175648.000
2013-03-05,23.13,23.36,22.93,23.22,7973122,184280928.000
2013-03-06,23.33,23.51,22.99,23.20,9737144,225975312.000
2013-03-07,23.29,23.29,22.54,22.72,12160997,278110080.000
2013-03-08,22.78,22.91,22.44,22.51,7364883,167008912.000
2013-03-11,22.58,22.79,22.49,22.67,5458422,123504552.000
2013-03-12,22.73,22.92,21.67,21.91,9023242,201030208.000
2013-03-13,21.87,21.90,21.36,21.42,6000882,129332504.000
2013-03-14,21.41,22.07,21.28,21.50,6156534,133795824.000
2013-03-15,21.55,21.93,21.30,21.58,4812535,104390488.000
2013-03-18,21.61,21.68,21.08,21.12,4283527,91647728.000
2013-03-19,21.24,21.86,21.19,21.50,4163737,89679192.000
2013-03-20,21.51,21.96,21.50,21.94,5630002,122659984.000
2013-03-21,21.94,22.12,21.74,21.90,5780595,127027496.000
2013-03-22,21.91,21.95,21.55,21.67,4097636,89055128.000
2013-03-25,21.75,21.86,21.48,21.60,4822624,104443608.000
2013-03-26,21.48,21.59,21.05,21.25,5266713,111999040.000
2013-03-27,20.98,21.08,20.08,20.19,17181811,353575680.000
2013-03-28,19.98,19.98,19.00,19.20,11221260,216875504.000
2013-03-29,19.22,19.59,19.21,19.23,4966107,96280440.000
2013-04-01,19.21,19.52,19.03,19.22,4758029,91708440.000
2013-04-02,19.22,19.57,19.07,19.15,4354435,84007688.000
2013-04-03,19.36,19.78,19.33,19.67,8717346,171048656.000
2013-04-08,19.57,20.03,19.15,19.83,6910674,136283344.000
2013-04-09,19.78,19.91,19.60,19.71,4479231,88415736.000
2013-04-10,19.72,19.97,19.66,19.86,5094361,101003248.000
2013-04-11,19.86,19.94,19.43,19.44,4750578,93262928.000
2013-04-12,19.48,19.63,19.28,19.35,2839232,55300724.000
2013-04-15,19.28,19.33,18.59,18.67,5453946,102748240.000
2013-04-16,18.58,18.76,18.39,18.73,4248904,78977312.000
2013-04-17,18.77,19.06,18.68,18.82,3028323,57172352.000
2013-04-18,18.78,19.06,18.62,18.85,2662722,50272968.000
2013-04-19,18.88,19.23,18.86,19.20,5777817,110438064.000
2013-04-22,18.88,19.18,18.88,19.03,4896125,93244768.000
2013-04-23,19.06,19.12,18.39,18.41,5608729,104508896.000
2013-04-24,18.57,18.84,18.39,18.73,3392220,63269676.000
2013-04-25,18.70,18.73,18.41,18.44,4477532,83046240.000
2013-04-26,18.64,18.70,18.19,18.29,3736747,68679776.000
2013-05-02,18.33,18.33,17.78,17.96,4071025,73064416.000
2013-05-03,17.97,18.38,17.97,18.19,3227701,58951032.000
2013-05-06,18.36,18.42,18.28,18.39,3358573,61753296.000
2013-05-07,18.36,18.57,18.30,18.47,4010777,74123392.000
2013-05-08,18.58,18.83,18.53,18.68,4830073,90399784.000
2013-05-09,18.69,18.93,18.44,18.51,5116681,95524464.000
2013-05-10,18.52,18.77,18.48,18.70,3690706,68963184.000
2013-05-13,18.79,19.25,18.72,19.23,8547066,163505728.000
2013-05-14,19.21,19.35,18.71,18.80,4983186,94509496.000
2013-05-15,18.81,19.18,18.81,19.00,3628082,68933744.000
2013-05-16,19.02,19.17,18.69,19.01,5138359,97668904.000
2013-05-17,19.01,19.43,18.89,19.38,7769187,149972800.000
2013-05-20,19.59,19.68,19.42,19.47,8620082,168665552.000
2013-05-21,19.48,19.95,19.43,19.79,8320848,164728944.000
2013-05-22,19.95,19.95,19.57,19.61,6118191,121024304.000
2013-05-23,19.58,19.91,19.39,19.43,6488070,128208232.000
2013-05-24,19.45,19.83,19.39,19.58,5006924,97940760.000
2013-05-27,19.58,19.83,19.31,19.38,4755928,92847920.000
2013-05-28,19.44,19.61,19.06,19.60,6417251,124192048.000
2013-05-29,19.60,19.93,19.50,19.76,7692076,152444880.000
2013-05-30,19.62,19.76,19.45,19.58,4061998,79587416.000
2013-05-31,19.60,19.72,19.23,19.28,4919168,95576496.000
2013-06-03,19.28,19.53,19.24,19.40,3922280,76245976.000
2013-06-04,19.38,19.38,18.74,18.82,5192160,98844104.000
2013-06-05,18.93,18.93,18.56,18.65,3064756,57324672.000
2013-06-06,18.57,18.76,18.50,18.50,2330720,43343336.000
2013-06-07,18.59,18.68,18.03,18.11,4079154,74507336.000
2013-06-13,18.11,18.11,17.17,17.20,5855780,101902088.000
2013-06-14,17.24,17.47,17.24,17.38,3477325,60339796.000
2013-06-17,17.67,19.12,17.64,19.12,11201942,210862144.000
2013-06-18,19.67,20.35,19.40,19.92,22100623,438821600.000
2013-06-19,19.84,19.84,19.14,19.38,11127241,216306320.000
2013-06-20,19.26,19.34,18.54,18.64,8817286,167328176.000
2013-06-21,18.17,18.98,17.69,18.73,8477111,155265008.000
2013-06-24,18.56,18.56,17.24,17.25,8860810,157903952.000
2013-06-25,16.99,17.06,15.52,16.72,12546437,204633712.000
2013-06-26,16.70,16.70,15.94,16.39,7307685,119379968.000
2013-06-27,16.44,16.72,16.04,16.09,7044207,115609776.000
2013-06-28,16.09,16.55,15.65,16.16,5177662,84012712.000
2013-07-01,16.20,16.46,15.85,16.31,3476796,56343428.000
2013-07-02,16.38,16.62,16.34,16.59,5686169,94088872.000
2013-07-03,16.57,16.57,16.01,16.25,4334632,70295736.000
2013-07-04,16.09,16.74,15.99,16.54,5897096,97378128.000
2013-07-05,16.58,16.83,16.35,16.42,4924015,81913952.000
2013-07-08,16.15,16.15,15.68,15.71,5836887,92934368.000
2013-07-09,15.71,16.19,15.71,16.05,3624194,57681952.000
2013-07-10,15.91,16.45,15.80,16.37,3748769,60567408.000
2013-07-11,16.40,17.11,16.40,16.82,8590073,144240336.000
2013-07-12,16.70,17.06,16.32,16.37,6482550,108446928.000
2013-07-15,16.19,16.64,16.19,16.42,5293636,87110088.000
2013-07-16,16.49,16.94,16.21,16.77,7234905,120305648.000
2013-07-17,16.81,16.95,16.50,16.55,5782194,97019928.000
2013-07-18,16.49,16.68,16.33,16.40,3356023,55215932.000
2013-07-19,16.49,16.78,16.20,16.23,5791871,95476336.000
2013-07-22,15.99,16.17,15.81,16.11,4899362,78286936.000
2013-07-23,16.21,16.54,16.12,16.43,5075639,83233184.000
2013-07-24,16.38,16.48,15.97,16.14,4572076,74075936.000
2013-07-25,16.16,16.46,16.05,16.21,5031028,81899016.000
2013-07-26,16.14,16.16,15.90,15.91,3938418,63049672.000
2013-07-29,15.82,15.82,15.17,15.21,6547644,100886512.000
2013-07-30,15.29,15.44,14.97,15.22,4383331,66789872.000
2013-07-31,15.22,15.45,15.15,15.38,3779301,57876920.000
2013-08-01,15.44,15.84,15.44,15.84,6875225,107786208.000
2013-08-02,16.01,17.29,16.01,16.90,18848148,315966816.000
2013-08-05,16.99,18.46,16.72,17.98,24171428,425075360.000
2013-08-06,17.79,17.79,17.39,17.56,12126111,212956832.000
2013-08-07,17.51,18.38,17.33,17.61,13629631,244555200.000
2013-08-08,17.39,17.45,17.04,17.11,8232937,141591712.000
2013-08-09,17.12,17.42,16.94,17.40,7368314,126899104.000
2013-08-12,17.44,17.67,17.30,17.59,7663249,134527152.000
2013-08-13,17.58,17.88,17.46,17.61,5650355,99899344.000
2013-08-14,17.69,17.78,17.27,17.46,5560860,97353544.000
2013-08-15,17.45,17.73,17.29,17.46,4735263,82779088.000
2013-08-16,17.18,17.97,16.77,16.85,9977176,171018352.000
2013-08-19,16.84,17.10,16.61,16.99,5089287,85930888.000
2013-08-20,16.94,17.11,16.80,16.86,4084288,69287032.000
2013-08-21,16.93,17.21,16.79,17.08,4366823,74389672.000
2013-08-22,17.05,17.16,16.74,16.77,4326719,73069512.000
2013-08-23,16.78,17.01,16.27,16.44,4612508,76371040.000
2013-08-26,16.44,16.96,16.38,16.90,5692717,95346336.000
2013-08-27,16.88,17.58,16.77,17.29,8664700,149650464.000
2013-08-28,17.25,18.09,17.04,17.82,18939280,334784800.000
2013-08-29,18.11,18.25,17.34,17.44,10475298,185461840.000
2013-08-30,17.44,17.91,17.33,17.61,9638523,170152208.000
2013-09-02,17.74,18.17,17.64,17.78,9818733,175561392.000
2013-09-03,17.75,17.75,17.37,17.65,6830401,120082296.000
2013-09-04,17.65,18.04,17.44,17.68,7515492,133639816.000
2013-09-05,17.55,17.68,17.31,17.39,5236847,91292648.000
2013-09-06,17.39,18.59,17.39,18.37,19005577,343904448.000
2013-09-09,18.69,19.40,18.26,18.98,25530711,484069056.000
2013-09-10,18.89,20.79,18.80,20.60,33146330,663506112.000
2013-09-11,21.60,22.66,20.94,20.97,50152911,1102393216.000
2013-09-12,20.84,20.91,20.18,20.41,21816939,447422720.000
2013-09-13,20.07,20.36,19.47,19.86,20379865,403567680.000
2013-09-16,19.99,20.56,19.60,19.88,20827013,419730528.000
2013-09-17,19.85,20.25,19.32,19.50,14389743,284670144.000
2013-09-18,19.39,19.58,18.74,19.13,11393352,218327648.000
2013-09-23,19.51,19.64,19.29,19.45,8303739,161569216.000
2013-09-24,19.49,19.84,19.10,19.72,12620877,246836944.000
2013-09-25,19.64,19.78,19.09,19.35,9972611,193586368.000
2013-09-26,19.22,19.29,18.10,18.24,10047096,187963600.000
2013-09-27,18.29,18.52,18.10,18.31,6086763,111547584.000
2013-09-30,18.35,18.70,18.33,18.42,4146504,76703720.000
2013-10-08,18.63,19.11,18.63,18.78,5486771,103365344.000
2013-10-09,18.67,18.73,18.27,18.39,9325743,171914832.000
2013-10-10,18.49,18.56,17.95,18.05,8140361,148423184.000
2013-10-11,18.22,18.62,18.10,18.55,7970595,146798144.000
2013-10-14,18.69,18.92,18.55,18.68,8518047,159760880.000
2013-10-15,18.69,18.70,18.19,18.36,6124207,112416384.000
2013-10-16,18.14,18.40,17.74,17.86,6201405,111341016.000
2013-10-17,17.95,18.11,17.71,17.87,4904060,88013984.000
2013-10-18,17.89,18.17,17.89,18.14,4843040,87501360.000
2013-10-21,18.14,18.25,17.80,18.19,5245045,94829728.000
2013-10-22,18.09,18.15,17.84,17.91,5155552,92510656.000
2013-10-23,17.99,18.13,17.69,17.74,4484671,80157184.000
2013-10-24,17.74,17.88,17.34,17.45,4253767,74966096.000
2013-10-25,17.45,17.52,16.97,17.08,5199126,89253448.000
2013-10-28,17.06,17.37,16.99,17.30,3819413,65677012.000
2013-10-29,17.21,17.36,16.49,16.84,4991540,84210912.000
2013-10-30,16.89,17.32,16.70,17.13,4305134,73339624.000
2013-10-31,17.04,17.06,16.73,17.04,2682295,45385884.000
2013-11-01,17.15,17.26,17.02,17.25,3216642,55246432.000
2013-11-04,17.34,17.64,17.20,17.28,3416575,59525892.000
2013-11-05,17.19,17.24,16.72,17.17,3574184,60894636.000
2013-11-06,17.12,17.42,16.98,17.00,3386705,58345124.000
2013-11-07,16.99,17.17,16.88,17.01,2634224,44912964.000
2013-11-08,16.89,17.14,16.70,16.80,2755442,46703260.000
2013-11-11,16.69,16.98,16.60,16.90,2046328,34451976.000
2013-11-12,16.91,17.46,16.91,17.28,3812101,65862120.000
2013-11-13,17.30,17.88,17.30,17.57,8764632,154642768.000
2013-11-14,17.49,18.78,17.35,18.69,18748667,343327520.000
2013-11-15,18.62,19.18,18.52,18.65,16561305,312792448.000
2013-11-18,18.69,19.32,18.69,19.02,14002289,267764032.000
2013-11-19,19.06,19.18,18.51,18.55,8210746,153658896.000
2013-11-20,18.58,19.49,18.40,19.32,14642261,280319904.000
2013-11-21,19.06,19.43,18.84,19.01,8218446,157327776.000
2013-11-22,18.99,19.98,18.94,19.59,14146218,278179968.000
2013-11-25,19.84,20.86,19.80,20.30,23382536,479145920.000
2013-11-26,20.29,20.84,19.74,20.55,15832619,321618688.000
2013-11-27,20.47,21.48,20.47,21.18,16306174,344662624.000
2013-11-28,21.16,22.16,20.79,20.89,21544412,466825056.000
2013-11-29,20.70,22.49,20.55,21.96,32809100,715229696.000
2013-12-02,21.42,22.19,20.44,21.23,20267974,434749824.000
2013-12-03,20.89,22.73,20.62,22.33,28715422,638367232.000
2013-12-04,22.29,22.57,22.07,22.35,22379220,501004672.000
2013-12-05,22.35,22.43,21.61,21.63,11664783,256187856.000
2013-12-06,21.59,22.34,21.39,21.59,13482504,293367680.000
2013-12-09,21.79,22.29,21.57,21.97,14194170,312179392.000
2013-12-10,21.98,21.98,20.39,20.81,22964671,479277792.000
2013-12-11,20.64,20.75,20.09,20.75,12207353,250162016.000
2013-12-12,20.58,21.23,20.58,20.87,7987889,167483392.000
2013-12-13,20.59,21.14,20.45,20.73,4789838,99825056.000
2013-12-16,20.77,21.37,20.77,21.10,10916650,230958912.000
2013-12-17,21.13,21.99,20.96,21.94,10040430,215954352.000
2013-12-18,21.89,22.29,21.37,21.49,7785058,169896384.000
2013-12-19,21.69,21.82,20.44,20.71,9730288,202372304.000
2013-12-20,20.46,20.97,20.40,20.60,5775563,119380592.000
2013-12-23,20.12,21.63,20.12,21.42,9252741,195517696.000
2013-12-24,21.42,22.22,21.42,21.79,12957448,284878208.000
2013-12-25,21.89,22.34,21.65,21.92,8764489,193406960.000
2013-12-26,21.79,22.45,21.69,21.86,8712434,192599552.000
2013-12-27,21.77,24.05,21.77,24.05,33647434,787426560.000
2013-12-30,24.05,24.31,23.11,23.47,19577980,462323936.000
2013-12-31,23.27,24.78,22.97,24.18,18122436,439125600.000
2014-01-02,23.99,24.87,23.71,23.92,12658684,306349952.000
2014-01-03,23.98,24.51,23.40,23.42,19822560,476005056.000
2014-01-06,23.29,23.29,22.17,22.46,16647224,377331968.000
2014-01-07,22.29,22.95,22.19,22.60,9978428,226800304.000
2014-01-08,22.59,23.17,22.04,22.87,15280511,344604128.000
2014-01-09,22.44,22.89,21.95,21.99,10924753,245095344.000
2014-01-10,21.98,21.99,20.31,20.88,12902370,272079520.000
2014-01-13,20.89,21.48,20.89,21.07,9296756,197192976.000
2014-01-14,20.99,22.06,20.63,21.81,9897040,211976688.000
2014-01-15,21.82,22.10,21.17,21.42,7888414,170832864.000
2014-01-16,21.39,21.39,20.57,21.02,10593588,220856672.000
2014-01-17,20.99,21.22,20.60,20.64,5877852,123034992.000
2014-01-20,20.93,21.78,20.59,21.38,7912099,167140192.000
2014-01-21,21.37,21.61,20.88,20.98,6552163,138880176.000
2014-01-22,21.03,22.28,21.03,21.93,13154871,287550144.000
2014-01-23,21.78,22.57,21.66,22.05,8683683,192851808.000
2014-01-24,22.04,22.48,21.84,21.94,8115119,179477312.000
2014-01-27,21.79,22.19,21.75,21.83,5411305,118855040.000
2014-01-28,21.91,22.04,21.10,21.36,6702163,143632624.000
2014-01-29,21.19,22.08,21.16,21.66,6383683,138509104.000
2014-01-30,21.53,22.19,21.14,21.79,6701972,145781696.000
2014-02-07,22.19,23.97,22.19,23.97,18083900,424152544.000
2014-02-10,24.24,24.79,23.92,23.99,22172337,539812224.000
2014-02-11,23.98,24.07,23.17,23.72,18273466,431800192.000
2014-02-12,23.69,23.91,23.14,23.69,14554850,342872160.000
2014-02-13,23.39,23.70,22.88,22.90,11390444,265246928.000
2014-02-14,22.80,23.33,22.80,23.13,7735136,178566960.000
2014-02-17,23.36,24.25,23.33,23.72,13565749,323344192.000
2014-02-18,23.59,23.86,23.10,23.66,10012018,234734928.000
2014-02-19,23.49,23.66,22.79,22.93,10460882,242207504.000
2014-02-20,23.01,23.12,22.41,22.53,7953829,180444272.000
2014-02-21,22.58,22.71,22.26,22.58,7613046,171006080.000
2014-02-24,22.56,22.56,21.28,21.47,16806759,365875008.000
2014-02-25,21.51,21.74,20.37,20.55,13041093,274644224.000
2014-02-26,20.47,21.09,20.30,20.92,8794139,181893888.000
2014-02-27,20.97,21.98,20.97,21.15,11941968,256558544.000
2014-02-28,21.09,21.54,20.69,21.38,6700295,141021824.000
2014-03-03,21.38,21.95,21.24,21.71,7133844,154687024.000
2014-03-04,21.57,22.09,21.44,21.71,7805500,169729664.000
2014-03-05,21.83,22.01,21.32,21.64,7264781,157115872.000
2014-03-06,21.49,21.65,20.87,21.06,5453450,115365456.000
2014-03-07,21.06,21.53,20.99,21.12,5317423,112812000.000
2014-03-10,20.96,20.96,19.01,19.24,16086252,317226112.000
2014-03-11,18.90,19.54,18.46,18.65,12907944,243785696.000
2014-03-12,18.69,18.88,18.47,18.84,6796032,127092160.000
2014-03-13,18.86,19.49,18.84,19.05,10385317,198873424.000
2014-03-14,19.04,19.04,18.19,18.46,8813891,163696960.000
2014-03-17,18.58,18.96,18.22,18.83,8458878,158034272.000
2014-03-18,18.91,19.17,18.79,18.86,7170854,136178112.000
2014-03-19,18.84,18.89,18.40,18.80,6341834,117965632.000
2014-03-20,18.82,18.89,17.49,17.69,9515162,174023952.000
2014-03-21,17.68,18.25,17.20,18.19,15421512,272697312.000
2014-03-24,18.19,18.35,17.96,18.29,9119567,165700832.000
2014-03-25,18.29,18.70,18.10,18.53,8095835,149349376.000
2014-03-26,18.44,18.58,18.24,18.38,4273515,78589832.000
2014-03-27,18.37,18.37,17.84,18.00,4931957,89256176.000
2014-03-28,17.99,18.09,17.59,17.71,5749637,102318064.000
2014-03-31,17.74,18.82,17.74,18.49,10411097,191497360.000
2014-04-01,18.48,18.67,18.33,18.52,5723399,106056600.000
2014-04-02,18.54,18.64,18.40,18.61,4505306,83618784.000
2014-04-03,18.70,18.73,18.44,18.47,5030201,93377496.000
2014-04-04,18.45,18.95,18.10,18.78,8070592,150874544.000
2014-04-08,18.90,20.23,18.90,19.96,18208980,361145088.000
2014-04-09,19.95,20.09,19.70,19.96,10872800,216075200.000
2014-04-10,19.96,20.19,19.71,20.00,8472615,169438000.000
2014-04-11,20.01,21.08,20.01,20.39,19617436,404584704.000
2014-04-14,20.36,20.64,20.14,20.45,7794941,158877504.000
2014-04-15,20.47,20.63,19.54,19.69,11101337,220782176.000
2014-04-16,19.67,19.85,19.03,19.30,10500341,203233088.000
2014-04-17,19.32,19.64,19.20,19.50,6648578,129447240.000
2014-04-18,19.42,19.91,19.17,19.86,7633095,149783792.000
2014-04-21,19.73,20.15,19.32,19.55,9566132,189228880.000
2014-04-22,19.53,19.67,18.75,19.31,9179484,175593360.000
2014-04-23,19.32,19.98,18.89,19.90,12646280,246126912.000
2014-04-24,19.79,20.18,19.32,19.36,10285767,203174992.000
2014-04-25,19.41,19.41,18.86,18.87,6995815,133004824.000
2014-04-28,18.79,18.79,18.09,18.25,6067454,111424248.000
2014-04-29,18.39,18.74,18.24,18.61,4771091,88237000.000
2014-04-30,18.57,18.59,18.24,18.57,3331211,61457828.000
2014-05-05,18.53,18.96,18.37,18.92,5296305,99260856.000
2014-05-06,18.79,19.58,18.76,19.26,7013853,135411088.000
2014-05-07,19.23,19.54,18.99,19.21,6594535,127506000.000
2014-05-08,19.22,19.85,19.22,19.46,9102157,178898112.000
2014-05-09,19.54,19.83,19.34,19.54,6226043,121965104.000
2014-05-12,19.73,19.84,19.34,19.76,7945424,156522624.000
2014-05-13,19.74,20.13,19.64,19.93,7560131,150705184.000
2014-05-14,19.85,19.85,19.55,19.61,5187289,102248232.000
2014-05-15,19.60,20.64,19.49,19.87,14670731,296534976.000
2014-05-16,19.74,20.16,19.54,19.97,6670939,132319328.000
2014-05-19,20.04,20.32,19.60,19.92,7765115,155056576.000
2014-05-20,20.02,20.09,18.98,19.00,13004777,252413840.000
2014-05-21,18.89,19.16,18.57,19.11,6404366,120828600.000
2014-05-22,19.09,19.31,18.96,18.99,4596184,87953496.000
2014-05-23,18.95,19.24,18.81,19.15,6139264,116822200.000
2014-05-26,19.29,19.44,19.14,19.43,6039325,116800736.000
2014-05-27,19.42,19.53,19.19,19.23,3869144,74994920.000
2014-05-28,19.23,19.25,18.69,19.14,7618275,144610064.000
2014-05-29,19.17,19.17,18.91,18.93,4168212,79378968.000
2014-05-30,19.00,19.67,18.91,19.41,10115730,195680352.000
2014-06-03,19.49,19.89,19.46,19.59,8148529,160457680.000
2014-06-04,19.60,19.62,19.09,19.42,5942605,114987992.000
2014-06-05,19.25,19.84,19.23,19.73,7296996,143127264.000
2014-06-06,19.69,19.92,19.50,19.65,5705056,112524608.000
2014-06-09,19.64,19.90,19.50,19.59,4950020,97674544.000
2014-06-10,19.59,19.90,19.50,19.83,6267500,123982240.000
2014-06-11,19.77,19.87,19.59,19.71,5051949,99741456.000
2014-06-12,19.63,20.04,19.61,20.01,9923102,197473920.000
2014-06-13,19.98,20.07,19.80,19.94,6985733,139449760.000
2014-06-16,19.80,20.38,19.80,20.09,8008966,161683040.000
2014-06-17,20.07,20.29,19.89,19.90,5637882,113143192.000
2014-06-18,19.90,20.09,19.63,19.66,5086148,101151632.000
2014-06-19,19.66,19.79,18.99,19.08,6624935,128288976.000
2014-06-20,19.09,19.33,19.04,19.23,4991165,95677144.000
2014-06-23,19.19,19.54,19.17,19.38,4880345,94649552.000
2014-06-24,19.37,19.91,19.33,19.70,6505013,128484864.000
2014-06-25,19.66,19.85,19.58,19.74,3965379,78336072.000
2014-06-26,19.74,20.08,19.69,19.84,5341444,106377056.000
2014-06-27,19.80,20.99,19.72,20.43,15903326,325090336.000
2014-06-30,20.52,21.47,20.45,21.05,18180673,383844480.000
2014-07-01,21.15,21.22,20.59,20.71,11637125,241575296.000
2014-07-02,20.71,22.78,20.65,22.31,36082772,795447936.000
2014-07-03,22.00,22.14,21.59,21.92,19209108,419314560.000
2014-07-04,21.71,21.97,21.39,21.49,12258608,265282288.000
2014-07-07,21.52,22.27,21.51,21.90,15265961,336089312.000
2014-07-08,21.61,21.96,21.30,21.58,8173713,176275696.000
2014-07-09,21.46,22.60,21.46,21.82,19151395,424603264.000
2014-07-10,21.65,22.27,21.53,21.84,12137606,267127360.000
2014-07-11,21.82,23.39,21.69,22.82,22251659,507289152.000
2014-07-14,22.89,23.19,22.47,22.87,15531620,353978048.000
2014-07-15,22.74,23.26,22.60,22.83,14377044,329679136.000
2014-07-16,22.59,22.78,21.49,21.60,18311796,400797504.000
2014-07-17,21.49,21.98,21.31,21.51,9329987,201664688.000
2014-07-18,21.56,21.88,21.17,21.19,10846675,233258400.000
2014-07-21,21.17,21.62,21.04,21.48,8095793,172800864.000
2014-07-22,21.39,21.78,21.23,21.67,11038296,237693632.000
2014-07-23,21.67,22.28,21.53,22.16,13977608,305290144.000
2014-07-24,22.15,22.64,21.63,22.25,14961867,332112448.000
2014-07-25,22.30,22.78,22.10,22.62,14461761,324729664.000
2014-07-28,23.10,23.49,22.90,23.16,20789056,482741440.000
2014-07-29,23.24,23.98,23.14,23.34,19924962,469197344.000
2014-07-30,23.34,24.17,22.95,23.87,24960190,591336704.000
2014-07-31,23.70,23.92,23.35,23.80,17437843,412058528.000
2014-08-01,23.61,23.89,22.89,22.92,18111820,422291360.000
2014-08-04,22.92,23.61,22.90,23.52,11627054,271648256.000
2014-08-05,23.52,23.73,23.12,23.62,12208424,286714112.000
2014-08-06,23.39,24.06,23.29,23.89,13351116,316820992.000
2014-08-07,23.82,24.86,23.82,23.91,22204390,540619968.000
2014-08-08,23.99,24.34,23.54,23.66,11634908,278239232.000
2014-08-11,23.70,24.37,23.70,24.17,12419317,299642496.000
2014-08-12,24.35,24.35,23.74,24.06,12215275,292186656.000
2014-08-13,23.99,24.05,23.06,23.52,13517552,317239456.000
2014-08-14,23.45,24.36,23.15,23.62,14643779,347563296.000
2014-08-15,23.43,23.80,23.29,23.65,8309557,195476096.000
2014-08-18,23.60,23.94,23.47,23.75,9251218,219603840.000
2014-08-19,23.74,23.74,23.43,23.62,10727265,252602736.000
2014-08-20,23.57,23.69,23.15,23.24,12194327,284689312.000
2014-08-21,23.15,23.22,22.85,23.04,9328080,214686576.000
2014-08-22,23.06,23.63,23.03,23.51,10632034,248398720.000
2014-08-25,23.60,23.75,23.41,23.52,8114607,191289216.000
2014-08-26,23.49,23.50,22.65,22.79,12030268,276056512.000
2014-08-27,22.75,23.54,22.65,23.34,9089226,211051984.000
2014-08-28,23.28,23.40,23.08,23.16,5000895,116037064.000
2014-08-29,23.10,24.00,23.08,23.98,15173510,360460320.000
2014-09-01,23.97,25.09,23.97,24.78,23458276,579690816.000
2014-09-02,24.80,25.83,24.48,25.41,27242558,685313664.000
2014-09-03,25.38,25.97,25.22,25.52,21923892,559578240.000
2014-09-04,25.46,26.60,25.40,26.12,25627228,667182080.000
2014-09-05,26.14,28.73,25.86,28.73,47391538,1313442048.000
2014-09-09,29.00,30.45,28.60,29.61,58379222,1726697472.000
2014-09-10,29.50,29.98,29.01,29.16,36054950,1062370944.000
2014-09-11,28.96,30.30,28.88,29.47,29852358,883867712.000
2014-09-12,29.54,32.42,29.47,32.42,61626262,1953129216.000
2014-09-15,31.90,32.58,31.50,32.16,45310507,1450359808.000
2014-09-16,32.09,32.27,29.86,29.90,44732466,1385200768.000
2014-09-17,30.01,30.41,29.21,30.01,31168156,930205760.000
2014-09-18,29.77,30.00,29.25,29.34,19461191,574522880.000
2014-09-19,29.26,32.27,29.20,31.71,46001051,1429768320.000
2014-09-22,31.38,31.63,30.57,31.37,28700810,893369472.000
2014-09-23,31.30,33.96,31.19,33.24,44487499,1470323456.000
2014-09-24,33.00,34.29,32.50,33.43,36402630,1219199744.000
2014-09-25,33.42,34.58,32.99,33.13,36632462,1237979392.000
2014-09-26,32.89,34.48,32.04,34.00,36240962,1203507968.000
2014-09-29,34.80,36.42,34.68,34.99,43638102,1542780928.000
2014-09-30,34.80,36.60,34.60,36.40,37333187,1331117184.000
2014-10-08,36.50,39.28,36.07,39.23,50356895,1924784000.000
2014-10-09,39.49,42.87,38.30,42.63,58371716,2345588480.000
2014-10-10,42.49,45.79,41.23,41.48,79604181,3462437120.000
2014-10-13,41.19,44.70,40.20,44.38,64498245,2729208064.000
2014-10-14,44.00,44.89,42.30,43.37,51637272,2261165824.000
2014-10-15,43.00,43.01,40.00,40.51,63886049,2625261056.000
2014-10-16,39.96,41.49,39.73,39.79,44966382,1814045824.000
2014-10-17,39.53,41.54,39.41,40.57,50402905,2038450176.000
2014-10-20,40.62,41.05,39.51,39.96,32846016,1315527936.000
2014-10-21,39.65,39.90,37.90,38.04,46147561,1781131776.000
2014-10-22,38.04,39.16,37.91,38.14,38117521,1467442944.000
2014-10-23,37.85,39.51,37.71,38.91,38069619,1479217152.000
2014-10-24,38.91,39.05,37.82,37.86,26349649,1011609728.000
2014-10-27,37.40,38.25,36.70,37.89,21516609,809052352.000
2014-10-28,38.08,41.68,38.07,41.47,60892808,2448027392.000
2014-10-29,41.47,41.97,40.82,41.58,50608729,2102623232.000
2014-10-30,41.64,42.35,40.34,40.64,35751674,1471542784.000
2014-10-31,40.48,41.38,39.65,40.39,28822432,1160380544.000
2014-11-03,41.70,42.29,38.90,39.33,50162521,2030832768.000
2014-11-04,38.86,38.87,37.90,38.19,32817849,1256279296.000
2014-11-05,38.05,39.04,38.05,38.34,21580609,831144064.000
2014-11-06,38.50,38.60,37.05,37.45,28558926,1070756992.000
2014-11-07,37.45,38.57,37.19,37.69,32438790,1225666176.000
2014-11-10,37.71,37.87,36.73,37.24,24213230,898339712.000
2014-11-11,37.59,37.59,34.58,34.86,42544093,1508337408.000
2014-11-12,34.73,35.36,34.60,35.31,19510715,683615936.000
2014-11-13,35.32,35.39,33.77,33.92,28208110,965011328.000
2014-11-14,33.70,36.29,33.60,35.26,37949579,1336203904.000
2014-11-17,35.15,36.00,33.88,35.13,23422621,823940416.000
2014-11-18,34.99,35.92,34.51,35.26,18192126,644392256.000
2014-11-19,35.26,35.89,35.00,35.48,16707267,591389760.000
2014-11-20,35.40,35.40,34.50,34.67,15921660,554173696.000
2014-11-21,34.50,35.25,34.38,34.89,14871507,518296992.000
2014-11-24,35.20,36.09,34.90,35.98,31258162,1113327104.000
2014-11-25,35.90,36.70,35.55,35.99,27547464,992401728.000
2014-11-26,36.00,36.98,35.50,36.76,35915245,1305118848.000
2014-11-27,36.99,39.38,36.56,38.55,54186258,2070296064.000
2014-11-28,38.48,38.48,37.02,37.48,33688454,1268872448.000
2014-12-01,37.26,37.26,35.67,36.14,36588717,1327306368.000
2014-12-02,36.00,36.50,35.85,36.28,27044554,977346560.000
2014-12-03,36.21,37.90,36.00,37.31,48683123,1808101376.000
2014-12-04,37.28,38.48,37.02,37.75,47161989,1779097856.000
2014-12-05,38.33,41.53,36.16,41.53,127794741,5064453120.000
2014-12-08,42.29,45.55,42.28,43.97,110411152,4825375232.000
2014-12-09,42.94,44.10,39.57,39.57,98215949,4099779840.000
2014-12-10,38.18,40.41,35.68,38.86,67548990,2572468224.000
2014-12-11,38.00,39.19,37.01,38.26,45621676,1735702016.000
2014-12-12,38.22,38.73,37.80,38.62,29305515,1120937344.000
2014-12-15,37.00,38.19,36.52,37.80,29085914,1096524288.000
2014-12-16,37.77,39.96,37.54,39.14,44104340,1719654144.000
2014-12-17,38.88,38.90,37.38,37.76,36346339,1380567296.000
2014-12-18,37.86,40.58,37.58,39.20,56170878,2205371648.000
2014-12-19,38.79,39.48,37.50,38.60,40114013,1541340800.000
2014-12-22,38.60,39.73,37.46,37.52,39480562,1517804800.000
2014-12-23,37.21,37.21,34.70,34.80,39270157,1405677184.000
2014-12-24,34.80,35.36,33.68,35.08,28955813,1003380544.000
2014-12-25,35.09,35.99,34.73,35.58,20432213,724388608.000
2014-12-26,35.80,38.95,35.80,38.27,52791773,1973938304.000
2014-12-29,37.78,38.27,37.08,37.37,33290957,1252046592.000
2014-12-30,37.09,37.80,36.01,36.44,22170788,815906176.000
2014-12-31,36.68,37.60,36.58,36.86,22575290,836131584.000
2015-01-05,36.70,37.43,35.51,37.01,32328333,1182037760.000
2015-01-06,36.87,38.29,36.18,37.69,38027702,1423765376.000
2015-01-07,37.39,37.68,36.80,36.99,24533334,909132928.000
2015-01-08,36.80,37.40,36.12,36.26,22275173,817001280.000
2015-01-09,36.00,38.25,35.82,36.45,39072300,1459406720.000
2015-01-12,35.89,36.69,35.40,35.51,23749132,849196160.000
2015-01-13,35.48,36.45,35.40,35.56,17169603,616053312.000
2015-01-14,35.57,36.30,35.30,35.45,15308480,547359232.000
2015-01-15,35.85,36.15,35.43,36.07,16044888,574720960.000
2015-01-16,36.08,36.58,35.81,36.37,19736105,714490112.000
2015-01-19,35.00,36.30,33.00,33.88,28331549,986180800.000
2015-01-20,33.99,35.41,33.99,35.27,22315841,777486848.000
2015-01-21,35.10,36.84,35.00,36.54,33363642,1211649792.000
2015-01-22,37.01,39.28,36.40,38.33,57026740,2152404992.000
2015-01-23,38.16,38.50,37.15,37.37,36969895,1398333056.000
2015-01-26,37.82,38.24,37.27,37.87,27366646,1036443072.000
2015-01-27,38.00,38.47,37.56,38.14,34575887,1316182912.000
2015-01-28,38.43,39.58,38.20,38.40,56787464,2214158848.000
2015-01-29,37.45,38.00,37.12,37.28,24063461,902064448.000
2015-01-30,37.60,37.85,36.00,36.11,21128535,778540416.000
2015-02-02,37.00,37.00,35.88,36.10,17858503,649833216.000
2015-02-03,36.50,36.70,35.22,36.10,22215442,795283392.000
2015-02-04,36.11,37.00,35.81,35.96,22753312,826596160.000
2015-02-05,36.12,36.52,34.95,35.14,23863351,849865984.000
2015-02-06,34.38,34.70,33.61,33.86,27867228,946802880.000
2015-02-09,33.80,34.13,33.55,33.71,14691455,497919200.000
2015-02-10,33.90,34.50,33.71,34.46,12772368,437194208.000
2015-02-11,34.79,34.86,34.01,34.47,11144056,383060160.000
2015-02-12,34.42,34.66,34.06,34.42,12034108,412526464.000
2015-02-13,34.55,35.66,34.43,35.28,20978042,738824192.000
2015-02-16,35.29,35.73,35.08,35.51,14848158,526306720.000
2015-02-17,35.51,35.75,35.30,35.41,10696182,379760576.000
2015-02-25,35.51,36.13,35.17,35.63,15972388,570104000.000
2015-02-26,35.63,36.39,35.41,36.36,18591286,666011648.000
2015-02-27,36.19,37.87,36.15,36.70,27707832,1028414400.000
2015-03-02,36.70,37.06,36.17,36.99,23765261,869614784.000
2015-03-03,37.00,37.40,36.39,36.46,27659975,1021832128.000
2015-03-04,36.92,37.37,36.13,36.69,22747964,835112448.000
2015-03-05,36.71,36.71,35.10,35.63,24467629,875493248.000
2015-03-06,35.63,36.20,35.52,35.63,13898552,497792512.000
2015-03-09,35.60,38.08,34.67,37.90,45226733,1663624832.000
2015-03-10,37.90,37.90,36.70,37.00,33065304,1233653632.000
2015-03-11,36.99,37.55,36.67,37.06,24651596,915139712.000
2015-03-12,37.35,37.45,36.86,37.17,20072338,745969408.000
2015-03-13,37.30,37.49,36.80,36.94,18455881,684179072.000
2015-03-16,36.94,37.56,36.52,37.47,34286136,1274968576.000
2015-03-17,37.75,38.85,37.35,38.30,54488702,2084778112.000
2015-03-18,38.38,38.91,38.01,38.89,47714614,1838411520.000
2015-03-19,38.93,39.96,38.54,39.17,49044926,1922695552.000
2015-03-20,39.19,39.41,38.46,38.79,46912223,1820513152.000
2015-03-23,38.90,39.11,38.49,39.02,43234042,1677987200.000
2015-03-24,39.10,39.99,38.50,39.47,55557570,2184785664.000
2015-03-25,39.51,43.40,39.35,42.24,83492140,3430863104.000
2015-03-26,44.35,46.46,44.35,46.46,55344140,2551941888.000
2015-03-27,48.00,49.80,43.98,44.58,125675653,5855336448.000
2015-03-30,44.00,47.52,43.40,45.81,80514401,3667300352.000
2015-03-31,45.50,46.45,44.68,45.02,58468353,2657919488.000
2015-04-01,44.90,46.20,44.21,45.37,48501691,2192959488.000
2015-04-02,45.58,46.20,44.77,45.38,46537300,2115100800.000
2015-04-03,45.43,47.39,45.12,47.09,67038444,3102176768.000
2015-04-07,47.14,48.30,46.31,47.58,57189268,2703759104.000
2015-04-08,47.50,47.50,45.46,46.21,52069652,2420252160.000
2015-04-09,46.31,46.47,43.85,44.69,44082463,1977807744.000
2015-04-10,44.74,46.31,44.72,45.73,35029809,1601560576.000
数据来源:通达信
