600104 上汽集团 日线 前复权
      日期	    开盘	    最高	    最低	    收盘	    成交量	    成交额
2011-04-06,16.50,17.55,16.00,16.18,101000910,1926782080.000
2011-04-07,16.18,16.28,15.40,16.09,52288880,956158656.000
2011-04-08,16.11,17.78,15.70,17.60,69198529,1342783744.000
2011-04-11,17.60,17.95,17.19,17.42,50809568,1012765696.000
2011-04-12,17.25,17.80,16.95,17.16,29939668,588440192.000
2011-04-13,17.13,17.13,16.42,16.70,36578566,693556928.000
2011-04-14,16.69,17.26,16.47,16.80,35218860,674496064.000
2011-04-15,16.58,16.86,15.92,16.19,29752978,552209088.000
2011-04-18,16.16,16.18,15.85,16.07,24831557,454658176.000
2011-04-19,15.97,15.97,15.40,15.43,21699792,389017920.000
2011-04-20,15.43,16.13,15.43,15.80,19586653,353897824.000
2011-04-21,15.90,16.06,15.65,16.01,15546529,282427776.000
2011-04-22,15.98,15.98,15.40,15.77,20211071,363477728.000
2011-04-25,15.54,16.06,15.28,15.79,21789489,392434176.000
2011-04-26,15.80,16.02,15.70,15.89,12178144,221526704.000
2011-04-27,15.90,16.20,15.47,15.50,17632200,319767104.000
2011-04-28,15.83,15.83,15.42,15.45,18600982,332955232.000
2011-04-29,15.43,16.10,15.43,15.92,17169529,311164576.000
2011-05-03,15.95,15.97,15.58,15.83,9726926,175763792.000
2011-05-04,15.75,15.75,14.78,14.81,27847514,487415904.000
2011-05-05,14.78,14.89,14.57,14.67,15869679,270523264.000
2011-05-06,14.68,14.97,14.61,14.80,10102281,172968544.000
2011-05-09,14.80,14.86,14.68,14.83,8738061,149257664.000
2011-05-10,14.82,14.90,14.70,14.76,9111367,155589664.000
2011-05-11,14.81,14.84,14.10,14.31,25247842,420237760.000
2011-05-12,14.25,14.44,14.18,14.26,9706660,161433504.000
2011-05-13,14.20,14.33,14.01,14.27,12657093,208637648.000
2011-05-16,14.24,14.37,14.14,14.32,8646121,143276560.000
2011-05-17,14.33,14.72,14.11,14.54,11704696,195942032.000
2011-05-18,14.45,14.78,14.41,14.61,7413284,125317472.000
2011-05-19,14.64,14.71,14.47,14.47,8498413,143334848.000
2011-05-20,14.49,14.58,14.23,14.25,6199798,103076552.000
2011-05-23,14.22,14.46,13.61,13.71,9515259,154716016.000
2011-05-24,13.71,13.98,13.64,13.89,6651142,107448456.000
2011-05-25,13.82,14.02,13.70,13.88,5461933,88389520.000
2011-05-26,14.00,14.00,13.65,13.66,5857063,94137328.000
2011-05-30,13.80,14.19,13.61,13.91,9817004,158856096.000
2011-05-31,13.91,14.32,13.80,14.25,8424577,138306480.000
2011-06-01,14.23,14.90,14.10,14.64,15143873,255622944.000
2011-06-02,14.45,15.04,14.38,14.69,17630542,300862944.000
2011-06-03,14.59,15.58,14.59,15.14,25840603,452509632.000
2011-06-07,15.15,15.44,15.00,15.05,12217708,214193520.000
2011-06-08,15.00,15.50,14.95,15.46,22339546,394537440.000
2011-06-09,15.48,15.74,15.00,15.07,15493422,274935712.000
2011-06-10,15.05,15.08,14.45,14.77,15724022,266880848.000
2011-06-13,14.63,14.84,14.48,14.60,8652149,146693408.000
2011-06-14,14.64,15.46,14.64,15.41,24745699,435296736.000
2011-06-15,15.40,15.71,15.16,15.24,16639187,295626720.000
2011-06-16,15.19,15.36,14.80,14.85,12678180,220127168.000
2011-06-17,14.72,15.02,13.74,14.25,33808916,566141312.000
2011-06-20,14.15,14.81,14.15,14.55,25480359,430955648.000
2011-06-21,14.71,15.65,14.69,15.58,39185335,692236928.000
2011-06-22,15.60,15.74,15.35,15.62,24794170,444221120.000
2011-06-23,15.60,16.25,15.51,16.13,36171300,663480384.000
2011-06-24,16.09,17.04,16.01,16.67,54655780,1037883648.000
2011-06-27,16.65,16.71,16.28,16.59,17512794,328749856.000
2011-06-28,16.50,16.57,15.98,16.38,21870654,404629184.000
2011-06-29,16.32,16.70,16.06,16.40,18407125,345297472.000
2011-06-30,16.34,16.77,16.24,16.44,15647369,294092736.000
2011-07-01,16.62,16.82,16.38,16.52,13163305,246093360.000
2011-07-04,16.82,17.53,16.82,17.10,35045344,678414208.000
2011-07-05,17.10,17.48,16.96,17.27,23568843,455058176.000
2011-07-06,17.20,17.30,16.78,17.04,16961103,325241888.000
2011-07-07,17.18,17.26,16.41,16.46,26094429,492235968.000
2011-07-08,16.46,16.69,15.90,16.21,25170085,460093888.000
2011-07-11,16.20,16.81,16.10,16.55,19992613,371841440.000
2011-07-12,16.38,16.38,15.98,16.05,15525274,283561216.000
2011-07-13,16.05,16.69,16.02,16.23,31952010,586251136.000
2011-07-14,16.24,16.45,16.00,16.38,22088564,404515584.000
2011-07-15,16.30,16.38,16.03,16.23,18338653,335687904.000
2011-07-18,16.22,16.35,16.04,16.29,14633596,267296352.000
2011-07-19,16.12,16.20,15.80,15.93,13466566,243901568.000
2011-07-20,16.10,16.20,15.63,15.68,10669696,191629968.000
2011-07-21,15.78,15.98,15.58,15.91,12097959,216440512.000
2011-07-22,15.93,16.09,15.78,15.90,6509373,117331816.000
2011-07-25,15.76,15.81,15.20,15.31,14199900,249565808.000
2011-07-26,15.30,15.52,14.96,15.37,14136649,244927408.000
2011-07-27,15.20,15.30,14.78,15.15,24802643,424033536.000
2011-07-28,14.90,15.06,14.49,14.89,17165743,288856768.000
2011-08-03,14.52,15.22,14.51,14.86,12863419,218754928.000
2011-08-04,14.89,15.15,14.83,14.95,9234926,157800976.000
2011-08-05,14.53,14.79,14.23,14.40,15671717,260748352.000
2011-08-08,14.17,14.49,13.40,14.06,17410410,281994400.000
2011-08-09,13.70,14.37,13.46,14.30,16057133,258082800.000
2011-08-10,14.48,14.95,14.36,14.43,16290284,272606912.000
2011-08-11,14.16,14.55,14.11,14.46,9626059,158360976.000
2011-08-12,14.59,14.90,14.30,14.35,19213563,319866976.000
2011-08-15,14.36,14.52,14.10,14.47,13143537,215765888.000
2011-08-16,14.60,14.84,14.22,14.32,13838971,230975264.000
2011-08-17,14.32,14.48,14.10,14.16,7476322,122441088.000
2011-08-18,14.20,14.22,13.55,13.62,16767115,266366704.000
2011-08-19,13.40,13.51,12.95,13.14,22260965,340795936.000
2011-08-22,13.20,13.35,13.09,13.20,7719836,118254200.000
2011-08-23,13.25,13.35,13.10,13.28,10409144,159242624.000
2011-08-24,13.35,13.45,13.10,13.14,13732020,211055216.000
2011-08-25,13.15,13.90,13.11,13.88,32579147,509634368.000
2011-08-26,13.75,13.92,13.61,13.87,10919924,173415696.000
2011-08-29,13.90,13.90,13.42,13.44,15012384,235386144.000
2011-08-30,13.61,13.75,13.25,13.33,13863710,216384512.000
2011-08-31,13.36,13.49,13.10,13.35,11736934,180562656.000
2011-09-01,13.40,13.49,13.17,13.22,11697582,180034672.000
2011-09-02,13.20,13.41,13.17,13.30,10494344,161529584.000
2011-09-05,13.26,13.55,13.14,13.29,14344808,221975456.000
2011-09-06,13.16,13.20,12.30,12.65,23269913,342089056.000
2011-09-07,12.67,13.30,12.67,13.18,22966735,347408768.000
2011-09-08,13.28,13.34,13.00,13.04,9345433,142646896.000
2011-09-09,13.00,13.16,12.65,12.78,12013419,179803808.000
2011-09-13,12.49,12.85,12.36,12.80,11037756,161825104.000
2011-09-14,12.87,13.03,12.60,13.02,7941408,118173272.000
2011-09-15,12.98,13.70,12.97,13.37,22729182,353653120.000
2011-09-16,13.36,13.65,13.35,13.53,18327555,287320256.000
2011-09-19,13.44,13.65,13.32,13.50,13180950,205346304.000
2011-09-20,13.43,13.85,13.40,13.54,18660725,293227008.000
2011-09-21,13.57,14.48,13.54,14.37,31364720,508738720.000
2011-09-22,14.15,14.32,13.56,13.67,18058070,289088832.000
2011-09-23,13.40,13.53,13.00,13.27,26899773,413688928.000
2011-09-26,13.25,13.86,13.12,13.28,24143175,377577376.000
2011-09-27,13.50,14.03,13.45,13.99,25014849,397536768.000
2011-09-28,14.22,14.23,13.64,13.72,14667863,235141968.000
2011-09-29,13.67,14.12,13.60,13.99,22884230,367201952.000
2011-09-30,13.96,14.21,13.71,13.88,13186311,211509232.000
2011-10-10,13.93,14.05,13.01,13.08,15721436,242463168.000
2011-10-11,13.55,13.70,12.55,12.89,25416595,385082784.000
2011-10-12,12.80,13.66,12.40,13.56,24996954,385796288.000
2011-10-13,13.59,13.93,13.46,13.80,20645155,327579776.000
2011-10-14,13.80,13.93,13.58,13.83,11773721,186893472.000
2011-10-17,13.90,14.10,13.80,13.90,10318635,165229504.000
2011-10-18,13.90,13.90,13.18,13.29,9730609,152119424.000
2011-10-19,13.37,13.55,13.03,13.06,12874944,197689040.000
2011-10-20,13.01,13.15,12.65,12.98,10841584,162294048.000
2011-10-21,12.99,13.05,12.75,12.90,8376620,125675920.000
2011-10-24,12.99,13.40,12.80,13.27,8428750,128394504.000
2011-10-25,13.22,13.64,13.09,13.63,13863927,215455008.000
2011-10-26,13.65,14.28,13.56,14.05,31459549,509260928.000
2011-10-27,14.19,14.37,13.92,14.05,13453450,218604832.000
2011-10-28,14.30,14.62,14.10,14.38,18019494,296928160.000
2011-10-31,14.31,14.53,14.19,14.24,12940566,212682928.000
2011-11-01,14.15,14.56,13.98,14.07,18983848,310616192.000
2011-11-02,13.90,14.40,13.78,14.33,14841374,239551440.000
2011-11-03,14.40,14.92,14.40,14.58,23539707,394668640.000
2011-11-04,14.75,15.00,14.38,14.53,15333995,256875168.000
2011-11-07,14.40,14.47,13.65,13.79,41085926,657957184.000
2011-11-08,13.85,13.93,13.48,13.63,27563481,434188832.000
2011-11-09,13.68,13.88,13.53,13.87,25547424,403980896.000
2011-11-10,13.67,13.75,13.35,13.38,19142379,297990336.000
2011-11-11,13.35,13.52,13.28,13.39,17546302,271718432.000
2011-11-14,13.54,13.85,13.48,13.79,18283765,288855232.000
2011-11-15,13.84,13.84,13.32,13.50,27980336,436586752.000
2011-11-16,13.49,13.49,12.88,13.04,40284907,610528192.000
2011-11-17,13.06,13.12,12.91,12.93,14717409,221826432.000
2011-11-18,12.80,12.98,12.70,12.90,19915160,297450400.000
2011-11-21,12.93,13.10,12.81,13.04,13814762,208522448.000
2011-11-22,12.93,13.00,12.56,12.72,17825036,263990912.000
2011-11-23,12.80,12.82,12.20,12.30,24973678,362589536.000
2011-11-24,12.18,12.28,11.86,12.04,22366582,315316128.000
2011-11-25,11.99,12.12,11.92,11.99,8932681,126010064.000
2011-11-28,12.10,12.15,11.69,11.86,20349972,284230624.000
2011-11-29,12.02,12.09,11.86,12.08,15862190,223130048.000
2011-11-30,12.05,12.05,11.20,11.43,19394848,266126224.000
2011-12-01,11.75,12.14,11.49,11.77,26955875,374994400.000
2011-12-02,11.76,11.76,11.16,11.23,18126639,243691840.000
2011-12-05,11.24,11.27,10.83,10.89,16606229,217142528.000
2011-12-06,10.77,11.05,10.77,10.90,17122978,223249424.000
2011-12-07,10.90,11.44,10.89,11.23,23175856,308192096.000
2011-12-08,11.30,11.53,11.01,11.49,25027997,336204992.000
2011-12-09,11.30,11.70,11.21,11.33,19820283,269005632.000
2011-12-12,11.20,11.29,10.96,11.00,21335744,280815328.000
2011-12-13,10.90,10.97,10.51,10.60,25509037,326767840.000
2011-12-14,10.60,10.81,10.39,10.67,16353691,207472176.000
2011-12-15,10.57,10.88,10.53,10.83,17484653,224722528.000
2011-12-16,10.86,11.64,10.84,11.58,41250863,553193856.000
2011-12-19,11.44,11.74,11.27,11.63,27047961,369419456.000
2011-12-20,11.58,11.92,11.51,11.74,26371518,365838752.000
2011-12-21,11.85,11.94,11.53,11.54,17937659,248268752.000
2011-12-22,11.45,11.72,11.15,11.56,13043207,176078480.000
2011-12-23,11.54,12.03,11.50,11.93,21577678,301287488.000
2011-12-26,11.86,12.09,11.80,11.91,15433574,217536352.000
2011-12-27,11.92,11.92,11.32,11.34,16014837,217849760.000
2011-12-28,11.30,11.32,11.04,11.23,10845009,143829152.000
2011-12-29,11.26,11.89,11.15,11.78,18538963,255943920.000
2011-12-30,11.78,12.09,11.72,12.04,23048261,324897152.000
2012-01-04,12.18,12.43,11.82,12.06,27241821,388571680.000
2012-01-05,12.00,12.54,11.96,12.29,45552949,659991232.000
2012-01-06,12.28,12.52,11.78,12.10,19741908,280437856.000
2012-01-09,12.11,12.85,11.96,12.80,35660632,524400896.000
2012-01-10,12.80,13.22,12.71,13.15,32752211,496304928.000
2012-01-11,13.07,13.23,12.78,13.00,19139406,288541312.000
2012-01-12,12.88,13.30,12.88,13.19,19862206,301909120.000
2012-01-13,13.19,13.32,12.55,12.59,17865790,266882336.000
2012-01-16,12.50,12.84,12.26,12.29,11985009,175918576.000
2012-01-17,12.30,13.25,12.30,13.23,27452673,412516000.000
2012-01-18,13.25,13.47,12.94,13.11,17121068,262298496.000
2012-01-19,13.10,13.42,13.10,13.36,15289502,235719888.000
2012-01-20,13.42,13.70,13.37,13.42,15673435,245320416.000
2012-01-30,13.50,13.56,12.98,13.38,21876250,336603328.000
2012-01-31,13.26,13.48,12.85,12.99,18254268,275424416.000
2012-02-01,13.00,13.40,12.78,12.83,13358963,201676304.000
2012-02-02,12.90,13.18,12.72,13.12,19319349,290800992.000
2012-02-03,13.08,13.42,13.01,13.30,18560849,285716960.000
2012-02-06,13.39,13.45,12.99,13.15,18989356,291638240.000
2012-02-07,12.99,13.19,12.90,13.12,15611870,236344320.000
2012-02-08,13.05,13.70,12.98,13.49,16332905,252264960.000
2012-02-09,13.49,13.54,13.30,13.39,11788558,183119840.000
2012-02-10,13.36,13.52,13.20,13.35,15143700,234040128.000
2012-02-13,13.25,13.76,13.12,13.66,20097207,315587872.000
2012-02-14,13.60,13.69,13.36,13.42,9173050,143084064.000
2012-02-15,13.41,13.64,13.07,13.23,24474362,377371392.000
2012-02-16,13.25,13.28,12.80,13.00,40623811,613168512.000
2012-02-17,13.05,13.09,12.65,12.86,20616170,308698880.000
2012-02-20,13.06,13.16,12.86,13.00,24527463,370332576.000
2012-02-21,13.06,13.21,12.93,13.18,14345495,217724224.000
2012-02-22,13.20,13.90,13.20,13.80,53348833,837651840.000
2012-02-23,13.77,14.05,13.71,13.83,35917403,573920128.000
2012-02-24,13.87,13.96,13.54,13.91,30139787,478321312.000
2012-02-27,14.30,14.58,13.81,13.86,49406098,801512192.000
2012-02-28,13.79,14.12,13.65,13.87,23009245,366740544.000
2012-02-29,13.92,13.93,13.61,13.67,16733394,265305936.000
2012-03-01,13.59,13.86,13.58,13.72,14018297,221435296.000
2012-03-02,13.83,14.37,13.70,14.28,45332296,735640896.000
2012-03-05,14.30,14.43,13.88,13.90,26699756,432628288.000
2012-03-06,13.92,14.12,13.69,13.94,25897863,415030880.000
2012-03-07,13.84,14.28,13.75,13.99,30777937,497185600.000
2012-03-08,14.06,14.22,13.96,14.11,23460546,380201344.000
2012-03-09,14.16,14.21,13.94,14.11,23281019,375502208.000
2012-03-12,14.07,14.07,13.62,13.78,32706800,518272352.000
2012-03-13,13.77,13.77,13.50,13.72,31814805,500046848.000
2012-03-14,13.80,13.88,13.05,13.12,56530050,879299200.000
2012-03-15,13.10,13.19,12.55,12.71,38821723,579858688.000
2012-03-16,12.72,13.10,12.70,13.05,30610248,460548320.000
2012-03-19,12.98,12.98,12.60,12.81,30956732,459995136.000
2012-03-20,12.73,12.78,12.21,12.25,44269078,641491648.000
2012-03-21,12.30,12.40,12.10,12.34,20542764,295055328.000
2012-03-22,12.33,12.50,12.28,12.42,10966689,159050656.000
2012-03-23,12.40,12.45,12.06,12.14,19684664,281074400.000
2012-03-26,12.11,12.16,11.85,12.01,22122193,310496128.000
2012-03-27,12.07,12.32,11.95,12.08,22221960,316656480.000
2012-03-28,12.00,12.11,11.86,11.92,19095868,268490784.000
2012-03-29,11.90,12.31,11.90,12.13,25066969,357472352.000
2012-03-30,12.25,12.81,12.10,12.73,37503806,549553280.000
2012-04-05,12.70,13.15,12.55,12.83,29820148,446784736.000
2012-04-06,12.86,13.05,12.65,12.89,18003774,269217024.000
2012-04-09,12.81,13.00,12.53,12.55,10109542,149428304.000
2012-04-10,12.58,12.88,12.38,12.85,12645644,185987232.000
2012-04-11,12.63,13.17,12.62,12.86,25056312,378223008.000
2012-04-12,12.83,13.05,12.67,13.01,26641047,399205536.000
2012-04-13,13.01,13.30,13.01,13.09,21240590,323984928.000
2012-04-16,13.02,13.49,13.02,13.35,29680801,459322944.000
2012-04-17,13.33,13.43,13.15,13.15,16722546,256998064.000
2012-04-18,13.23,13.53,13.15,13.43,18402488,284637056.000
2012-04-19,13.55,13.58,13.16,13.19,22169500,341132352.000
2012-04-20,13.13,13.35,13.12,13.29,14504638,222449360.000
2012-04-23,13.24,13.29,12.99,13.01,16529595,252058064.000
2012-04-24,12.96,13.22,12.75,13.08,16438965,248144368.000
2012-04-25,13.02,13.29,12.80,13.26,19207980,290763488.000
2012-04-26,13.26,13.32,13.01,13.10,10664232,162598768.000
2012-04-27,13.10,13.40,13.06,13.28,19442706,299037472.000
2012-05-02,13.46,13.98,13.38,13.85,40851278,648678528.000
2012-05-03,13.80,14.00,13.76,13.92,21104156,338059776.000
2012-05-04,13.91,14.15,13.80,13.99,17977897,289282048.000
2012-05-07,13.93,14.19,13.90,14.09,31626951,510757952.000
2012-05-08,14.10,14.13,13.59,13.90,30577435,486815872.000
2012-05-09,13.71,13.72,13.39,13.43,20118883,314540064.000
2012-05-10,13.46,13.55,13.33,13.39,12087283,187464688.000
2012-05-11,13.33,13.39,13.12,13.19,16834444,257920336.000
2012-05-14,13.20,13.41,13.11,13.35,16055938,246779488.000
2012-05-15,13.20,13.30,13.00,13.12,14581125,222108704.000
2012-05-16,13.12,13.26,12.98,13.03,13536652,205527072.000
2012-05-17,13.10,13.56,13.10,13.37,25009072,386205888.000
2012-05-18,13.25,13.28,12.92,13.08,17875532,271277504.000
2012-05-21,13.03,13.09,12.83,13.02,11857754,178492096.000
2012-05-22,13.08,13.25,12.95,13.19,18515355,281897344.000
2012-05-23,13.13,13.50,13.06,13.18,15109828,231879328.000
2012-05-25,13.14,13.22,12.58,12.67,15866675,237069632.000
2012-05-28,12.65,13.48,12.48,13.44,27904437,420755392.000
2012-05-29,13.50,13.86,13.49,13.55,32972756,520219808.000
2012-05-30,13.55,13.82,13.47,13.66,22022114,346497504.000
2012-05-31,13.59,13.80,13.39,13.62,13259900,208019936.000
2012-06-01,13.62,13.72,13.38,13.41,10075875,157462176.000
2012-06-04,13.20,13.29,12.87,12.88,15312771,232432528.000
2012-06-05,12.87,13.02,12.74,12.84,15687741,234468672.000
2012-06-06,12.86,12.98,12.54,12.71,16940751,251830832.000
2012-06-07,12.92,12.93,12.41,12.45,15991805,236163856.000
2012-06-08,12.64,12.75,12.36,12.49,20805884,305111904.000
2012-06-11,12.60,12.92,12.57,12.83,14297791,212672000.000
2012-06-12,12.71,12.80,12.45,12.55,12146093,178393008.000
2012-06-13,12.61,12.91,12.50,12.83,13781444,204373792.000
2012-06-14,12.81,13.09,12.75,12.99,11161545,167769600.000
2012-06-15,12.99,13.10,12.78,12.89,8423110,126472016.000
2012-06-18,13.02,13.05,12.88,12.90,7157191,107811904.000
2012-06-19,12.90,12.94,12.51,12.59,9291002,137574736.000
2012-06-20,12.65,12.70,12.42,12.50,8642295,126506816.000
2012-06-21,12.50,12.50,12.19,12.28,13852983,199465344.000
2012-06-25,12.28,12.32,12.05,12.12,10750632,153602720.000
2012-06-26,12.10,12.25,11.92,12.00,12251887,173184272.000
2012-06-27,12.02,12.19,11.96,12.10,8415584,119382912.000
2012-06-28,12.18,12.24,11.96,12.00,8969893,127638448.000
2012-06-29,11.97,12.22,11.90,12.19,13142216,186813952.000
2012-07-02,12.21,12.21,10.76,10.98,82599458,1092798208.000
2012-07-03,10.93,11.09,10.76,11.00,44340195,579080064.000
2012-07-04,11.02,11.20,10.93,11.04,20208253,265988672.000
2012-07-05,11.07,11.12,10.86,11.07,14646847,187650192.000
2012-07-06,11.07,11.75,11.07,11.49,24961765,328843648.000
2012-07-09,11.49,11.49,11.07,11.16,16666642,217768240.000
2012-07-10,11.19,11.39,11.19,11.29,16905962,221740576.000
2012-07-11,11.32,11.40,11.27,11.30,9674820,126916432.000
2012-07-12,11.30,11.31,10.66,11.17,37407227,477591104.000
2012-07-13,11.04,11.27,10.60,10.69,33910013,428614784.000
2012-07-16,10.70,10.74,10.17,10.40,21983638,267473744.000
2012-07-17,10.35,10.55,10.30,10.51,14524672,177913920.000
2012-07-18,10.53,10.80,10.41,10.70,21628234,269308640.000
2012-07-19,10.65,11.33,10.65,11.02,33085188,427234688.000
2012-07-20,10.99,11.18,10.81,10.88,12081556,153706432.000
2012-07-23,10.80,10.82,10.57,10.60,14250594,177230336.000
2012-07-24,10.50,10.85,10.50,10.71,12281716,153329552.000
2012-07-25,10.66,10.92,10.63,10.81,9611660,121347280.000
2012-07-26,10.81,11.03,10.74,11.00,16309912,207823200.000
2012-07-27,10.95,11.25,10.95,11.03,18837812,244233536.000
2012-07-30,11.04,11.34,11.01,11.09,14760186,191770944.000
2012-07-31,11.11,11.21,10.85,11.00,11011033,141150656.000
2012-08-01,11.04,11.25,11.04,11.13,11852386,153593568.000
2012-08-02,11.13,11.25,11.00,11.08,10842516,140143824.000
2012-08-03,10.88,10.89,10.31,10.58,41980511,515268032.000
2012-08-06,10.52,10.69,10.40,10.68,25138234,310211904.000
2012-08-07,10.64,10.78,10.57,10.65,16086250,200575744.000
2012-08-08,10.66,10.77,10.64,10.71,11916827,149033312.000
2012-08-09,10.80,10.99,10.65,10.93,16997251,214615056.000
2012-08-10,10.90,10.90,10.74,10.79,11051855,139328256.000
2012-08-13,10.74,10.74,10.45,10.50,15164972,187634240.000
2012-08-14,10.48,10.61,10.44,10.60,11633145,143466960.000
2012-08-15,10.58,10.62,10.48,10.54,4676982,57663460.000
2012-08-16,10.53,10.57,10.40,10.40,6704976,82452080.000
2012-08-17,10.40,10.55,10.33,10.46,9812348,119938120.000
2012-08-20,10.32,10.47,10.26,10.43,6747375,81988856.000
2012-08-21,10.42,10.53,10.37,10.46,7060032,86591984.000
2012-08-22,10.44,10.44,9.89,10.04,28595613,340597344.000
2012-08-23,10.04,10.18,9.91,10.03,14757472,174910720.000
2012-08-24,10.03,10.14,9.97,10.03,10655396,126267800.000
2012-08-27,10.00,10.00,9.65,9.71,12124064,140356176.000
2012-08-28,9.70,9.84,9.69,9.74,9819960,113519616.000
2012-08-29,9.75,9.93,9.71,9.91,7948789,92435920.000
2012-08-30,9.72,9.93,9.65,9.82,14834287,172109696.000
2012-08-31,9.82,9.93,9.37,9.55,9074465,105316912.000
2012-09-03,9.59,10.13,9.57,10.04,27600637,325034976.000
2012-09-04,10.01,10.21,9.87,9.92,12838982,152092480.000
2012-09-05,9.93,10.01,9.81,10.00,8528893,99723080.000
2012-09-06,9.97,10.19,9.97,10.12,10629251,126728600.000
2012-09-07,10.20,10.86,10.19,10.56,41268720,508662976.000
2012-09-10,10.60,10.90,10.56,10.70,20744198,259998576.000
2012-09-11,10.68,10.81,10.50,10.69,11928647,148935520.000
2012-09-12,10.75,11.00,10.57,10.70,17716307,222818896.000
2012-09-13,10.68,10.83,10.60,10.70,10936173,137165328.000
2012-09-14,10.85,11.10,10.68,11.01,25761023,327917248.000
2012-09-17,11.07,11.38,10.58,10.60,18867298,240742048.000
2012-09-18,10.57,10.89,10.55,10.81,19212557,241762800.000
2012-09-19,10.88,11.15,10.71,11.09,15517059,198589344.000
2012-09-20,11.10,11.17,10.72,10.79,17770665,226515840.000
2012-09-21,10.74,10.94,10.61,10.80,14492510,182542368.000
2012-09-24,10.67,10.71,10.22,10.66,15925011,195411696.000
2012-09-25,10.60,10.84,10.56,10.75,9697973,121488544.000
2012-09-26,10.75,10.81,10.53,10.69,9512542,118593504.000
2012-09-27,10.69,11.20,10.60,11.13,17868169,228291088.000
2012-09-28,11.09,11.80,11.01,11.74,34665294,462230848.000
2012-10-08,11.68,11.85,11.56,11.74,15295028,206114496.000
2012-10-09,11.82,12.16,11.78,12.00,18377104,253448672.000
2012-10-10,11.91,12.18,11.84,11.90,16347462,225670768.000
2012-10-11,11.85,11.85,11.40,11.45,19623128,262504832.000
2012-10-12,11.50,11.68,11.33,11.51,13253270,176298016.000
2012-10-15,11.50,11.50,11.16,11.30,13725913,179092336.000
2012-10-16,11.23,11.44,11.02,11.05,20583096,267148288.000
2012-10-17,11.10,11.29,10.95,11.21,11649648,150618464.000
2012-10-18,11.23,11.70,11.22,11.69,19558592,260734368.000
2012-10-19,11.69,11.73,11.46,11.60,12594171,168721648.000
2012-10-22,11.50,11.71,11.34,11.63,9488817,126575696.000
2012-10-23,11.60,11.66,11.40,11.42,8350935,111259304.000
2012-10-24,11.35,11.55,11.28,11.50,10086836,133130736.000
2012-10-25,11.49,11.59,11.28,11.34,9285120,123028384.000
2012-10-26,11.34,11.34,10.83,10.91,14196636,181246928.000
2012-10-29,10.81,11.00,10.73,10.90,7116159,89985664.000
2012-10-30,10.91,11.10,10.80,10.86,7241702,91901136.000
2012-10-31,10.99,11.27,10.87,11.16,13097008,169139680.000
2012-11-01,11.19,11.68,11.19,11.66,21658881,288988256.000
2012-11-02,11.70,11.73,11.55,11.67,13258547,178313856.000
2012-11-05,11.61,11.75,11.40,11.56,12229959,163386064.000
2012-11-06,11.62,11.80,11.41,11.70,16658744,223322672.000
2012-11-07,11.70,12.19,11.70,12.04,31511148,434977888.000
2012-11-08,11.81,12.19,11.76,11.85,17047738,234676864.000
2012-11-09,11.77,11.91,11.59,11.73,10537125,142639728.000
2012-11-12,11.67,12.00,11.66,11.94,12125756,165415280.000
2012-11-13,11.95,11.95,11.62,11.63,9059766,122843440.000
2012-11-14,11.62,11.76,11.58,11.64,7765359,104522920.000
2012-11-15,11.49,11.51,11.19,11.27,12452495,163774016.000
2012-11-16,11.20,11.30,11.09,11.27,6989395,90886568.000
2012-11-19,11.25,11.34,11.00,11.30,8743164,113366120.000
2012-11-20,11.33,11.46,11.09,11.36,11273646,147015936.000
2012-11-21,11.35,11.58,11.26,11.57,10672508,140835456.000
2012-11-22,11.55,11.73,11.35,11.37,11873284,158031888.000
2012-11-23,11.46,11.88,11.36,11.76,22944005,310485408.000
2012-11-26,11.76,12.05,11.73,11.85,31036978,426013344.000
2012-11-27,11.80,11.91,11.63,11.67,12649980,171590400.000
2012-11-28,11.63,11.72,11.46,11.53,8296236,111258216.000
2012-11-29,11.53,11.88,11.51,11.67,13935827,188903792.000
2012-11-30,11.68,12.30,11.67,12.27,36421891,507023584.000
2012-12-03,12.16,12.68,12.08,12.52,35770799,511763520.000
2012-12-04,12.50,12.84,12.28,12.52,28357888,408546336.000
2012-12-05,12.52,13.18,12.42,12.74,32113243,467408800.000
2012-12-06,12.74,12.89,12.62,12.71,15551514,226699680.000
2012-12-07,12.70,13.08,12.60,12.92,28698809,422137600.000
2012-12-10,12.97,13.17,12.88,13.06,28149309,417837088.000
2012-12-11,12.95,13.42,12.90,13.29,25382161,381793312.000
2012-12-12,13.30,13.36,12.98,13.18,19071028,285270560.000
2012-12-13,13.18,13.26,12.84,13.08,15748695,234213504.000
2012-12-14,13.12,13.65,13.08,13.61,30090083,459711584.000
2012-12-17,13.61,13.98,13.51,13.58,26074123,405534848.000
2012-12-18,13.60,14.33,13.50,13.91,36628791,577828032.000
2012-12-19,13.92,14.46,13.84,14.19,23818660,381015264.000
2012-12-20,14.19,14.63,14.10,14.58,25206308,408274176.000
2012-12-21,14.65,15.15,14.55,14.68,26376495,438594144.000
2012-12-24,14.52,15.19,14.52,14.83,27620618,462349504.000
2012-12-25,14.84,15.25,14.47,15.17,33156220,554502208.000
2012-12-26,15.03,15.10,14.59,14.69,42300712,699229248.000
2012-12-27,14.64,14.95,14.33,14.70,38365498,633090176.000
2012-12-28,14.65,15.39,14.61,15.30,32050375,542989760.000
2012-12-31,15.35,15.97,15.31,15.84,27755914,485168320.000
2013-01-04,15.95,16.14,15.51,15.79,29867059,526961984.000
2013-01-07,15.68,15.82,15.32,15.54,22226091,384321408.000
2013-01-08,15.50,15.50,14.86,15.11,37407373,630989504.000
2013-01-09,14.98,15.24,14.95,15.13,26799420,452920704.000
2013-01-10,15.10,15.52,14.60,14.85,33925637,574121728.000
2013-01-11,14.84,15.07,14.71,14.90,27343736,456898432.000
2013-01-14,14.96,15.87,14.71,15.61,36822016,632192064.000
2013-01-15,15.64,15.88,15.43,15.51,21346900,371015392.000
2013-01-16,15.46,15.69,14.62,14.88,43932674,736324480.000
2013-01-17,14.88,14.94,14.35,14.53,31007378,508766784.000
2013-01-18,14.62,15.58,14.62,15.29,35612040,602877760.000
2013-01-21,15.30,15.50,14.80,15.19,30716021,521783008.000
2013-01-22,15.28,15.28,14.60,14.90,32381964,538529728.000
2013-01-23,14.89,15.16,14.49,14.81,21584786,358338176.000
2013-01-24,14.81,15.34,14.20,14.36,45380798,755924096.000
2013-01-25,14.52,15.08,14.52,14.87,31834160,530726880.000
2013-01-28,15.01,15.80,14.89,15.73,37445884,646067712.000
2013-01-29,15.78,15.81,15.28,15.58,34236172,591860992.000
2013-01-30,15.57,15.62,15.18,15.35,30971397,531934752.000
2013-01-31,15.28,15.38,14.98,15.08,19833231,335518912.000
2013-02-01,14.91,15.24,14.69,15.11,29091544,485245504.000
2013-02-04,15.21,15.30,14.60,15.05,35583318,595152640.000
2013-02-05,14.98,15.79,14.78,15.65,40459911,694170048.000
2013-02-06,15.63,15.78,15.20,15.31,26398707,454363648.000
2013-02-07,15.23,15.44,15.23,15.39,20409552,349566944.000
2013-02-08,15.66,17.08,15.63,16.66,66364496,1204639744.000
2013-02-18,16.84,17.20,16.40,16.90,52087219,971116096.000
2013-02-19,16.90,16.95,15.81,16.06,39288149,705807936.000
2013-02-20,16.00,16.52,15.96,16.25,37413868,673862528.000
2013-02-21,16.00,16.00,15.05,15.34,46748339,803363008.000
2013-02-22,15.30,15.32,14.65,14.79,35142306,587418816.000
2013-02-25,14.88,15.06,14.73,14.85,17319258,288582912.000
2013-02-26,14.68,15.11,14.40,14.49,29645460,490918816.000
2013-02-27,14.52,14.77,14.49,14.59,27662207,454452928.000
2013-02-28,14.79,15.15,14.59,15.04,28388304,473616800.000
2013-03-01,15.01,15.15,14.39,14.68,46408221,763012736.000
2013-03-04,14.31,14.70,13.51,13.71,48004127,753559616.000
2013-03-05,13.71,14.06,13.65,14.01,24201500,380038784.000
2013-03-06,14.08,14.31,13.88,14.27,27291685,435427744.000
2013-03-07,14.27,14.56,13.87,14.03,27312361,438072832.000
2013-03-08,14.18,14.55,14.11,14.32,28556020,461857216.000
2013-03-11,14.20,14.22,13.71,14.04,16916573,266595264.000
2013-03-12,14.04,14.30,13.86,13.91,17876141,282781056.000
2013-03-13,13.90,13.91,13.26,13.42,24851960,380205280.000
2013-03-14,13.52,13.71,13.28,13.39,14427219,220188848.000
2013-03-15,13.45,13.88,12.92,13.25,36841964,563551744.000
2013-03-18,12.55,13.14,12.37,12.86,81600987,1178488192.000
2013-03-19,12.71,13.15,12.62,13.10,31550185,464060704.000
2013-03-20,13.19,13.75,13.15,13.70,38420199,592191616.000
2013-03-21,13.70,13.93,13.61,13.80,22787836,355082464.000
2013-03-22,13.80,13.92,13.53,13.78,12787284,197745680.000
2013-03-25,13.88,13.93,13.30,13.40,22327008,340998240.000
2013-03-26,13.32,13.37,12.77,13.00,23466338,347097120.000
2013-03-27,12.98,13.33,12.97,13.12,19829580,297070112.000
2013-03-28,12.90,13.55,12.70,13.43,28539542,427016448.000
2013-03-29,13.28,13.44,12.95,13.00,23986607,358538528.000
2013-04-01,12.96,12.97,12.58,12.69,22828243,330889088.000
2013-04-02,12.73,12.86,12.58,12.82,20627443,299252768.000
2013-04-03,12.85,13.19,12.74,12.90,16194456,238109696.000
2013-04-08,12.64,13.11,12.58,12.93,22880935,336788096.000
2013-04-09,13.10,13.61,13.01,13.54,42992587,651650368.000
2013-04-10,13.50,14.24,13.44,13.80,47080266,740838912.000
2013-04-11,14.00,14.20,13.55,13.78,26209664,411021632.000
2013-04-12,13.70,13.82,13.45,13.49,12862476,198391232.000
2013-04-15,13.40,13.83,13.10,13.13,25555512,391608288.000
2013-04-16,13.13,13.70,13.00,13.69,26576565,403956448.000
2013-04-17,13.71,13.80,13.33,13.63,17746577,272368832.000
2013-04-18,13.50,14.03,13.42,13.80,20597101,321275968.000
2013-04-19,13.92,14.28,13.86,14.05,32884200,523881440.000
2013-04-22,14.05,14.17,13.69,13.92,24047985,375896320.000
2013-04-23,13.95,13.97,13.19,13.30,35632247,542389120.000
2013-04-24,13.32,13.55,12.87,13.25,36652391,550989184.000
2013-04-25,13.23,13.35,12.88,13.08,29510508,439489920.000
2013-04-26,13.19,13.30,12.99,13.10,20767841,310580512.000
2013-05-02,13.01,13.12,12.80,13.10,16283943,240432048.000
2013-05-03,13.15,13.59,13.15,13.46,25402122,387170560.000
2013-05-06,13.54,13.75,13.35,13.62,24328450,374144864.000
2013-05-07,13.55,13.84,13.45,13.73,25656733,396983008.000
2013-05-08,13.87,14.61,13.87,14.59,65850131,1063249664.000
2013-05-09,14.59,14.59,13.79,14.02,63424319,1008833600.000
2013-05-10,13.91,14.17,13.75,14.11,35338763,557733440.000
2013-05-13,14.12,14.30,13.58,13.60,51104166,800309440.000
2013-05-14,13.59,13.66,13.11,13.30,32129438,485832032.000
2013-05-15,13.30,13.44,13.20,13.36,23846747,360727264.000
2013-05-16,13.34,13.59,13.16,13.58,32489155,494598560.000
2013-05-17,13.58,13.76,13.20,13.64,49991268,762501888.000
2013-05-20,13.64,14.04,13.46,13.94,59261926,921078080.000
2013-05-21,13.95,14.06,13.68,13.84,36966306,579295296.000
2013-05-22,13.82,14.18,13.80,14.06,44081338,697380096.000
2013-05-23,13.98,14.00,13.50,13.51,42618711,660540992.000
2013-05-24,13.52,13.62,13.34,13.46,29294021,447221920.000
2013-05-27,13.46,13.67,13.36,13.49,34226657,524140576.000
2013-05-28,13.48,13.80,13.30,13.78,37746963,579326912.000
2013-05-29,13.81,14.45,13.81,14.10,90760128,1447026432.000
2013-05-30,14.01,14.08,13.75,13.94,47336787,742907520.000
2013-05-31,13.95,14.18,13.79,13.83,41741060,659851904.000
2013-06-03,13.83,13.95,13.70,13.76,25634504,400226048.000
2013-06-04,13.76,13.77,13.40,13.50,29772343,456280864.000
2013-06-05,13.49,13.64,13.37,13.63,19833105,303636640.000
2013-06-06,13.60,13.74,13.42,13.46,21103395,324627968.000
2013-06-07,13.59,13.65,13.12,13.26,27892144,421492160.000
2013-06-13,13.05,13.05,12.46,12.67,37251165,537107712.000
2013-06-14,12.62,12.88,12.52,12.83,22814807,330559232.000
2013-06-17,12.80,12.83,12.35,12.37,33472410,477610656.000
2013-06-18,12.39,12.46,12.17,12.38,20649521,291772320.000
2013-06-19,12.35,12.35,11.88,12.06,28118363,388995712.000
2013-06-20,11.94,11.99,11.38,11.43,27515670,371760160.000
2013-06-21,11.21,11.86,11.11,11.68,35398886,472944000.000
2013-06-24,11.59,11.60,11.06,11.12,44975224,589798656.000
2013-06-25,11.08,11.68,10.35,11.56,54737071,709473216.000
2013-06-26,11.56,11.70,11.35,11.60,28444937,379487840.000
2013-06-27,11.60,11.86,11.30,11.32,23275990,310436800.000
2013-06-28,11.30,11.63,11.15,11.41,23405708,309600928.000
2013-07-01,11.40,11.48,10.98,11.32,26942780,350096192.000
2013-07-02,11.26,11.39,11.08,11.37,19779438,258236416.000
2013-07-03,11.35,11.35,11.05,11.11,22774103,294738112.000
2013-07-04,11.17,11.75,11.12,11.55,35624774,472774912.000
2013-07-05,11.64,11.85,11.62,11.63,24552085,331708064.000
2013-07-08,11.46,11.46,11.16,11.26,18792494,245663024.000
2013-07-09,11.24,11.40,11.20,11.37,13616815,178662336.000
2013-07-10,11.44,11.70,11.35,11.69,28155824,375781888.000
2013-07-11,11.68,12.32,11.46,12.09,63513370,835363456.000
2013-07-12,12.09,12.09,11.68,11.71,31914256,417190080.000
2013-07-15,11.79,12.12,11.79,11.94,21533282,283367584.000
2013-07-16,11.91,12.00,11.75,11.90,17904730,233583504.000
2013-07-17,11.89,11.91,11.70,11.72,18076688,234410416.000
2013-07-18,11.70,11.72,11.34,11.43,30831553,391107904.000
2013-07-19,11.41,11.49,11.00,11.01,28831636,357233984.000
2013-07-22,10.95,11.09,10.80,11.06,21448305,259746112.000
2013-07-23,11.10,11.45,10.96,11.36,30725446,382994528.000
2013-07-24,11.36,11.48,11.05,11.20,25123088,312627072.000
2013-07-25,11.28,11.35,11.02,11.08,19774389,243460320.000
2013-07-26,11.01,11.16,10.95,11.12,16633557,204104800.000
2013-07-29,10.95,10.95,10.63,10.79,21051416,252323008.000
2013-07-30,10.79,11.07,10.74,10.83,14019941,169303440.000
2013-07-31,10.91,11.18,10.91,11.04,22841684,279858848.000
2013-08-01,11.15,11.30,11.04,11.21,22154124,274397856.000
2013-08-02,11.30,11.37,11.21,11.24,18119262,226344800.000
2013-08-05,11.26,11.46,11.10,11.46,22182543,277236832.000
2013-08-06,11.45,12.33,11.38,12.14,78219318,1030582336.000
2013-08-07,12.08,12.58,12.02,12.18,49707764,671775296.000
2013-08-08,12.10,12.48,11.98,12.06,24466318,328727776.000
2013-08-09,12.26,12.34,11.86,12.10,17245179,229432560.000
2013-08-12,12.23,12.45,12.15,12.41,27503776,371737120.000
2013-08-13,12.45,12.51,12.29,12.47,18973499,258342128.000
2013-08-14,12.80,13.29,12.55,12.70,53383107,757318208.000
2013-08-15,12.69,12.74,12.27,12.30,24438127,333734080.000
2013-08-16,12.17,13.65,12.11,12.38,43781995,597925056.000
2013-08-19,12.26,12.57,12.18,12.49,17527177,237896160.000
2013-08-20,12.49,12.52,11.99,12.09,28897709,387240256.000
2013-08-21,12.20,12.20,11.77,11.89,31792369,415688544.000
2013-08-22,11.87,12.03,11.82,11.94,18692848,245662112.000
2013-08-23,12.02,12.06,11.51,11.77,20678903,268769952.000
2013-08-26,11.77,12.20,11.75,12.19,25233202,334174560.000
2013-08-27,12.19,12.23,12.03,12.16,21859696,290994496.000
2013-08-28,12.05,12.42,11.85,12.26,33055322,440283648.000
2013-08-29,12.31,12.37,11.93,12.07,24735236,327956512.000
2013-08-30,11.90,12.07,11.83,11.86,41219033,540734208.000
2013-09-02,11.87,12.08,11.77,11.97,27466642,360367488.000
2013-09-03,12.03,12.13,11.88,12.07,27079164,358441600.000
2013-09-04,12.00,12.15,11.91,12.05,22716469,300514016.000
2013-09-05,12.05,12.05,11.81,11.82,24135458,315983904.000
2013-09-06,11.81,11.98,11.77,11.97,27881479,364858592.000
2013-09-09,12.18,12.42,12.02,12.36,46787376,628374848.000
2013-09-10,12.43,12.75,12.34,12.65,53321294,732851328.000
2013-09-11,12.77,13.01,12.56,12.71,50636455,706953728.000
2013-09-12,12.71,12.80,12.47,12.66,34662749,478600448.000
2013-09-13,12.95,13.06,12.77,12.98,60686061,857444416.000
2013-09-16,13.00,13.00,12.47,12.58,49197864,682264960.000
2013-09-17,12.76,13.47,12.76,12.87,79521121,1139311616.000
2013-09-18,13.04,13.06,12.59,12.68,32220264,451749696.000
2013-09-23,12.81,13.15,12.80,13.10,31640468,449726784.000
2013-09-24,13.05,13.07,12.55,12.81,36493887,511216800.000
2013-09-25,12.81,12.90,12.56,12.58,24661207,342614848.000
2013-09-26,12.59,12.60,12.17,12.20,23440860,316576576.000
2013-09-27,12.27,12.42,12.11,12.27,15047006,202413616.000
2013-09-30,12.49,12.54,12.27,12.33,16227593,220484528.000
2013-10-08,12.20,12.50,12.02,12.40,16691522,225167712.000
2013-10-09,12.36,12.74,12.29,12.70,22188380,306676160.000
2013-10-10,12.65,12.76,12.43,12.57,19282073,265803776.000
2013-10-11,12.71,13.20,12.65,13.11,51633431,733512768.000
2013-10-14,13.17,13.68,13.17,13.43,68192662,1002773056.000
2013-10-15,13.40,13.53,13.22,13.35,24299078,353370112.000
2013-10-16,13.25,13.33,12.71,12.93,25006118,356283040.000
2013-10-17,13.03,13.12,12.84,12.86,17425294,246811328.000
2013-10-18,12.90,13.04,12.85,12.91,15564221,220163568.000
2013-10-21,12.97,13.12,12.71,13.10,24636690,348860704.000
2013-10-22,13.04,13.05,12.60,12.70,31688142,443386528.000
2013-10-23,12.77,12.82,12.35,12.40,23792222,326783264.000
2013-10-24,12.40,13.48,12.40,13.13,77825109,1112759296.000
2013-10-25,13.15,13.25,12.66,12.77,33614070,475054016.000
2013-10-28,12.74,13.10,12.63,12.70,20520158,287850720.000
2013-10-29,12.76,12.96,12.37,12.69,31452104,436017216.000
2013-10-30,12.75,13.43,12.60,13.22,52138581,745485760.000
2013-10-31,13.40,13.53,13.12,13.14,44897329,652483392.000
2013-11-01,13.14,13.45,13.13,13.35,25845168,375697184.000
2013-11-04,13.53,14.00,13.40,13.84,72203983,1082274176.000
2013-11-05,13.70,14.06,13.58,14.00,52306861,787642112.000
2013-11-06,13.93,14.10,13.46,13.49,41094149,611428096.000
2013-11-07,13.47,13.61,13.26,13.48,22559455,329832544.000
2013-11-08,13.40,13.87,13.38,13.50,28862964,427153792.000
2013-11-11,13.47,13.75,13.25,13.59,17791054,261754560.000
2013-11-12,13.59,13.68,13.38,13.58,15402471,227441728.000
2013-11-13,13.40,13.40,12.95,13.11,26820318,384437408.000
2013-11-14,13.13,13.80,13.01,13.69,36466007,532049696.000
2013-11-15,13.57,14.28,13.53,13.84,59831791,907550592.000
2013-11-18,14.00,14.55,13.95,14.13,41068149,632504448.000
2013-11-19,14.16,14.47,14.06,14.17,42114164,651733504.000
2013-11-20,14.37,14.45,14.11,14.30,21480024,332055296.000
2013-11-21,14.25,14.27,13.80,13.95,32163259,487382176.000
2013-11-22,14.05,14.24,13.86,14.07,19119604,292183904.000
2013-11-25,13.87,14.35,13.87,14.15,22144448,341700672.000
2013-11-26,14.08,14.14,13.74,13.81,28023395,423213760.000
2013-11-27,13.77,14.08,13.76,13.95,15558817,235488752.000
2013-11-28,13.97,14.39,13.96,14.34,31373208,484608160.000
2013-11-29,14.30,14.32,14.11,14.18,16644529,256349120.000
2013-12-02,14.00,14.40,13.88,13.93,26928004,412445760.000
2013-12-03,13.85,14.32,13.85,14.26,28891864,443261024.000
2013-12-04,14.25,14.94,14.20,14.76,53401741,850486208.000
2013-12-05,14.76,14.96,14.61,14.79,31223464,499059968.000
2013-12-06,14.70,14.85,14.53,14.61,21676863,344045728.000
2013-12-09,14.73,14.79,14.45,14.70,19254428,304048256.000
2013-12-10,14.74,14.94,14.59,14.73,19978896,318738944.000
2013-12-11,14.57,14.68,14.25,14.31,19668788,306791360.000
2013-12-12,14.22,14.62,14.17,14.28,24409043,380154048.000
2013-12-13,14.10,14.38,14.08,14.18,16991853,261388816.000
2013-12-16,14.20,14.22,13.22,13.35,50299512,741409536.000
2013-12-17,13.30,13.38,13.01,13.09,22284626,319596672.000
2013-12-18,13.15,13.45,13.03,13.16,19820002,285476544.000
2013-12-19,13.23,13.87,13.06,13.11,22481632,324729440.000
2013-12-20,13.14,13.23,11.80,12.38,33758323,472703200.000
2013-12-23,12.49,12.81,12.40,12.60,18544535,256162752.000
2013-12-24,12.70,12.84,12.44,12.59,17511499,242881200.000
2013-12-25,12.63,12.68,12.47,12.61,15299520,210471408.000
2013-12-26,12.53,12.60,12.16,12.18,18982839,256632576.000
2013-12-27,12.20,12.85,12.15,12.67,29222286,403151968.000
2013-12-30,12.67,12.92,12.59,12.79,15207943,212636544.000
2013-12-31,12.61,13.00,12.61,12.94,11625570,163811104.000
2014-01-02,12.89,12.91,12.59,12.65,17035257,236534272.000
2014-01-03,12.50,12.55,12.10,12.25,31519689,424543232.000
2014-01-06,12.15,12.16,11.78,11.84,30556890,399362528.000
2014-01-07,11.79,12.06,11.71,11.94,11359405,149332592.000
2014-01-08,11.97,12.31,11.94,12.20,24067675,321410624.000
2014-01-09,12.10,12.34,11.80,11.86,15049866,199435200.000
2014-01-10,11.90,11.94,11.69,11.86,16978194,220270128.000
2014-01-13,11.79,12.06,11.67,11.81,15708051,204555440.000
2014-01-14,11.89,12.01,11.75,11.91,27787824,364014752.000
2014-01-15,11.85,12.01,11.82,12.00,13451034,176487376.000
2014-01-16,11.98,12.01,11.75,11.90,20240559,263900048.000
2014-01-17,11.87,11.87,11.40,11.43,34698285,443552992.000
2014-01-20,11.45,11.52,11.17,11.28,23120108,288567264.000
2014-01-21,11.33,11.55,11.32,11.48,13073519,165239680.000
2014-01-22,11.50,11.97,11.47,11.89,26193844,340978240.000
2014-01-23,11.91,12.04,11.83,11.87,20695865,271619936.000
2014-01-24,11.85,12.14,11.79,11.98,19463658,257611824.000
2014-01-27,11.87,12.02,11.74,11.87,15980804,208315920.000
2014-01-28,11.93,12.02,11.80,11.89,12249246,160565888.000
2014-01-29,11.99,12.01,11.76,11.89,11068008,144656032.000
2014-01-30,11.83,11.90,11.75,11.78,9731090,126634424.000
2014-02-07,11.70,11.76,11.42,11.75,16580145,212806800.000
2014-02-10,11.83,12.37,11.83,12.28,39720912,532930368.000
2014-02-11,12.40,12.52,12.20,12.32,36176519,490261504.000
2014-02-12,12.32,12.35,12.12,12.18,25396886,340191808.000
2014-02-13,12.21,12.39,12.11,12.21,28835287,387961280.000
2014-02-14,12.24,12.34,12.13,12.30,21075187,282897216.000
2014-02-17,12.38,12.57,12.25,12.50,32160681,438093696.000
2014-02-18,12.48,12.48,12.20,12.26,23597792,318087072.000
2014-02-19,12.25,12.57,12.23,12.42,27431230,374089792.000
2014-02-20,12.56,12.91,12.43,12.44,45384170,629334720.000
2014-02-21,12.43,12.68,12.23,12.36,22021646,300024192.000
2014-02-24,12.23,12.23,11.76,11.94,28056241,367996128.000
2014-02-25,11.95,11.97,11.46,11.51,37004741,475543008.000
2014-02-26,11.43,11.56,11.22,11.49,28638005,360396320.000
2014-02-27,11.52,11.79,11.41,11.45,21425102,273673440.000
2014-02-28,11.40,11.58,11.20,11.50,21277038,268314976.000
2014-03-03,11.50,11.76,11.45,11.68,24412659,313958080.000
2014-03-04,11.61,11.97,11.56,11.92,33715820,440359296.000
2014-03-05,11.97,12.06,11.61,11.66,23288180,301693280.000
2014-03-06,11.68,11.69,11.43,11.60,19235626,245309136.000
2014-03-07,11.60,11.77,11.49,11.58,15244229,195347296.000
2014-03-10,11.65,11.77,11.40,11.45,25169801,322774976.000
2014-03-11,11.45,11.57,11.18,11.32,28818925,361300224.000
2014-03-12,11.24,11.44,11.02,11.37,25242057,313239936.000
2014-03-13,11.40,11.47,11.28,11.45,16402377,206929328.000
2014-03-14,11.37,11.44,11.26,11.36,13909210,174726736.000
2014-03-17,11.48,11.58,11.34,11.55,19389732,245258864.000
2014-03-18,11.57,11.67,11.46,11.53,19102153,243428704.000
2014-03-19,11.52,11.52,11.24,11.38,14072353,176570160.000
2014-03-20,11.41,11.43,11.09,11.13,20526109,256074800.000
2014-03-21,11.09,11.60,11.04,11.55,30577443,384483552.000
2014-03-24,11.70,11.78,11.55,11.68,26406036,340276192.000
2014-03-25,11.65,12.09,11.61,11.90,34572889,453971008.000
2014-03-26,11.85,11.97,11.67,11.76,27132608,351975776.000
2014-03-27,11.76,11.82,11.43,11.61,28879245,368748032.000
2014-03-28,12.40,12.89,12.26,12.68,122517576,1697803520.000
2014-03-31,12.80,12.99,12.54,12.65,52112835,726685248.000
2014-04-01,12.70,12.79,12.52,12.69,35861658,497295584.000
2014-04-02,12.70,12.93,12.61,12.92,44692202,625006656.000
2014-04-03,12.93,12.98,12.66,12.72,32628325,456983424.000
2014-04-04,12.73,12.93,12.64,12.83,23152912,324235360.000
2014-04-08,12.79,13.48,12.70,13.37,55806279,806389056.000
2014-04-09,13.40,13.53,13.25,13.36,24147123,351704640.000
2014-04-10,13.36,13.77,13.22,13.72,41373810,608326144.000
2014-04-11,13.65,13.85,13.58,13.76,38486263,575010624.000
2014-04-14,13.73,13.96,13.58,13.70,23764760,354753280.000
2014-04-15,13.65,13.69,13.09,13.12,38631487,560546240.000
2014-04-16,13.11,13.25,12.97,13.10,19207732,274752320.000
2014-04-17,13.17,13.26,13.07,13.18,15225860,218822032.000
2014-04-18,13.16,13.43,13.00,13.24,22576203,324994688.000
2014-04-21,13.10,13.20,12.88,12.89,20448512,291046368.000
2014-04-22,12.91,13.15,12.84,13.14,21126033,299645376.000
2014-04-23,13.01,13.29,13.01,13.17,17876471,256634816.000
2014-04-24,13.16,13.30,13.04,13.15,14346527,206323536.000
2014-04-25,13.15,13.33,13.06,13.07,18754123,269757856.000
2014-04-28,12.88,13.00,12.80,12.86,17162644,241631744.000
2014-04-29,12.90,13.39,12.88,13.30,28445695,410354976.000
2014-04-30,13.21,13.37,13.14,13.32,16932545,244609648.000
2014-05-05,13.23,13.32,13.16,13.30,16675316,240502976.000
2014-05-06,13.30,13.34,13.19,13.22,13697243,198081600.000
2014-05-07,13.21,13.28,13.03,13.14,13383679,192262000.000
2014-05-08,13.14,13.46,13.07,13.37,18013520,261498432.000
2014-05-09,13.39,13.42,13.21,13.22,10318148,149585712.000
2014-05-12,13.33,13.64,13.26,13.59,27104195,398485952.000
2014-05-13,13.59,13.59,13.33,13.44,12372589,181146848.000
2014-05-14,13.44,13.48,13.31,13.45,9857792,143979360.000
2014-05-15,13.38,13.53,13.34,13.37,13674464,200107632.000
2014-05-16,13.38,13.44,13.27,13.42,12716037,185151408.000
2014-05-19,13.32,13.38,13.10,13.10,12746077,183620592.000
2014-05-20,13.19,13.31,13.11,13.15,8975264,129187032.000
2014-05-21,13.11,13.29,13.05,13.28,7991373,114970704.000
2014-05-22,13.27,13.43,13.18,13.30,13120489,190869568.000
2014-05-23,13.33,13.49,13.26,13.47,10425488,151953120.000
2014-05-26,13.85,14.00,13.46,13.59,29947336,445595520.000
2014-05-27,13.51,13.56,13.40,13.47,12248844,179908016.000
2014-05-28,13.46,13.57,13.33,13.54,11456055,168002688.000
2014-05-29,13.55,13.69,13.44,13.45,13469457,198818336.000
2014-05-30,13.50,13.51,13.36,13.40,10788388,157825712.000
2014-06-03,13.42,13.51,13.29,13.31,11771279,171656768.000
2014-06-04,13.32,13.34,13.08,13.28,15598498,224208000.000
2014-06-05,13.24,13.49,13.20,13.44,11016645,160510960.000
2014-06-06,13.43,13.63,13.38,13.47,14362651,211223872.000
2014-06-09,13.42,13.68,13.40,13.65,20120547,297850816.000
2014-06-10,13.69,13.93,13.60,13.90,24853139,373109952.000
2014-06-11,13.86,14.01,13.80,13.98,21882646,330911840.000
2014-06-12,13.93,14.06,13.86,13.91,12719215,192950256.000
2014-06-13,13.91,14.35,13.90,14.24,25679719,395182912.000
2014-06-16,14.24,14.66,14.24,14.60,27412794,431429920.000
2014-06-17,14.50,14.53,14.18,14.27,21754514,336887232.000
2014-06-18,14.24,14.48,14.19,14.44,15922866,247864416.000
2014-06-19,14.40,14.54,13.95,14.03,16808502,258161456.000
2014-06-20,14.10,14.30,14.06,14.27,12263486,188971040.000
2014-06-23,14.25,14.55,14.20,14.22,9391127,145985632.000
2014-06-24,14.22,14.41,14.17,14.35,10838698,168129680.000
2014-06-25,14.34,14.37,14.00,14.09,14538293,222836656.000
2014-06-26,14.10,14.25,14.07,14.10,11124136,170331776.000
2014-06-27,14.08,14.24,13.96,14.12,13308305,203520624.000
2014-06-30,14.12,14.32,14.07,14.10,17229799,264721120.000
2014-07-01,14.16,14.26,14.12,14.21,11637056,179185536.000
2014-07-02,14.23,14.26,14.13,14.23,11642834,179196544.000
2014-07-03,14.26,14.54,14.20,14.45,17498432,273329248.000
2014-07-04,14.46,14.55,14.25,14.36,11470956,178421696.000
2014-07-07,14.43,14.44,14.15,14.17,13978190,215445344.000
2014-07-08,14.14,14.24,14.07,14.23,12862336,197506912.000
2014-07-09,14.20,14.52,14.15,14.28,20920588,324955840.000
2014-07-10,14.36,14.55,14.12,14.17,16728262,258926992.000
2014-07-11,14.18,14.68,14.10,14.42,25197739,395100736.000
2014-07-14,14.46,14.99,14.45,14.80,53523569,852594624.000
2014-07-15,14.80,14.89,14.59,14.79,27562439,439210880.000
2014-07-16,14.76,14.92,14.72,14.77,21744162,348533152.000
2014-07-17,14.75,14.78,14.30,14.38,21195077,331369888.000
2014-07-18,14.32,14.79,14.32,14.65,24702433,390207744.000
2014-07-21,14.65,15.11,14.60,15.06,32822990,531894656.000
2014-07-22,14.98,15.66,14.96,15.34,49034987,815893120.000
2014-07-23,15.28,15.59,15.23,15.51,28487870,473721312.000
2014-07-24,16.07,16.21,15.65,16.06,52382733,899405888.000
2014-07-25,16.06,16.40,15.98,16.34,29017776,504061792.000
2014-07-28,16.45,16.82,16.43,16.48,39316045,699557056.000
2014-07-29,16.60,16.71,16.33,16.43,38598034,682223168.000
2014-07-30,16.51,16.51,16.03,16.16,36525477,591598720.000
2014-07-31,16.16,16.30,16.02,16.29,21171428,341992000.000
2014-08-01,16.19,16.55,16.16,16.26,29008521,475258624.000
2014-08-04,16.29,16.59,16.20,16.57,31541345,517612672.000
2014-08-05,16.58,16.65,16.29,16.43,23885033,392167904.000
2014-08-06,16.32,16.40,16.15,16.26,20018551,325275360.000
2014-08-07,16.26,16.35,15.79,15.81,37421893,600125120.000
2014-08-08,15.83,16.06,15.74,16.03,22098113,351542272.000
2014-08-11,16.08,16.43,15.95,16.37,23353551,379780992.000
2014-08-12,16.37,16.40,16.17,16.37,20449875,333108608.000
2014-08-13,16.37,16.45,16.18,16.32,18518102,301751552.000
2014-08-14,16.41,17.09,16.40,16.97,65009594,1097286272.000
2014-08-15,16.91,17.38,16.81,17.36,34339635,589774912.000
2014-08-18,17.37,17.49,17.21,17.33,21120165,365904000.000
2014-08-19,17.33,17.35,17.11,17.23,19152198,329093408.000
2014-08-20,17.14,17.17,16.81,16.90,20944439,354463456.000
2014-08-21,16.90,17.12,16.81,17.10,21326179,361884224.000
2014-08-22,17.10,17.20,16.91,17.03,13352531,226804544.000
2014-08-25,17.00,17.00,16.60,16.74,21394127,357903520.000
2014-08-26,16.73,16.74,16.43,16.53,19147988,316981088.000
2014-08-27,16.53,16.93,16.53,16.72,12228439,204967440.000
2014-08-28,16.71,16.84,16.50,16.56,10706598,178856400.000
2014-08-29,16.60,16.99,16.58,16.93,14887852,249949264.000
2014-09-01,17.05,17.32,17.00,17.16,19185580,330108736.000
2014-09-02,17.18,17.33,17.00,17.28,22716217,390721728.000
2014-09-03,17.28,17.95,17.28,17.68,33748973,595807808.000
2014-09-04,17.65,18.07,17.63,17.93,32423450,581096960.000
2014-09-05,18.09,18.70,18.09,18.69,41275385,760572352.000
2014-09-09,18.70,18.87,18.35,18.64,22898405,426972416.000
2014-09-10,18.49,18.50,18.21,18.36,17442010,319256864.000
2014-09-11,18.30,18.46,17.98,18.07,23587872,429405984.000
2014-09-12,18.05,18.55,18.00,18.52,16762948,307374592.000
2014-09-15,18.31,18.40,18.00,18.33,22463856,408941120.000
2014-09-16,18.33,18.38,17.48,17.50,35923420,641209280.000
2014-09-17,17.75,17.75,17.25,17.66,23123664,403815008.000
2014-09-18,17.60,17.93,17.51,17.93,27226211,485826528.000
2014-09-19,17.91,18.34,17.80,18.28,20177522,365672960.000
2014-09-22,18.27,18.27,17.79,17.92,22913979,410826752.000
2014-09-23,17.87,18.18,17.80,18.00,14556272,262497600.000
2014-09-24,17.80,18.36,17.80,18.28,21200550,385666880.000
2014-09-25,18.50,18.69,17.90,18.00,22014100,403446816.000
2014-09-26,18.02,18.16,17.83,18.00,16504505,297023040.000
2014-09-29,18.00,18.25,17.93,18.19,22493019,406137632.000
2014-09-30,18.16,18.25,17.95,18.08,20098206,362971232.000
2014-10-08,18.10,18.35,18.10,18.20,19834108,360802880.000
2014-10-09,18.28,18.34,17.97,18.07,21933450,396831936.000
2014-10-10,17.90,17.95,17.51,17.60,34266677,605889472.000
2014-10-13,17.50,17.60,17.18,17.57,30490023,531087904.000
2014-10-14,17.46,17.57,17.19,17.24,22541888,390820096.000
2014-10-15,17.26,17.57,17.23,17.49,18180773,316865248.000
2014-10-16,17.37,17.77,17.31,17.53,18329434,323049344.000
2014-10-17,17.59,17.89,17.35,17.74,19297690,340182976.000
2014-10-20,17.73,17.78,17.45,17.62,15607223,274941568.000
2014-10-21,17.55,17.55,17.30,17.34,15016742,261305744.000
2014-10-22,17.35,17.56,17.30,17.36,13314320,232154544.000
2014-10-23,17.36,17.52,17.14,17.21,18101411,313200000.000
2014-10-24,17.21,17.28,17.12,17.17,15046362,258841152.000
2014-10-27,17.15,17.15,16.71,16.96,25772252,435787552.000
2014-10-28,16.92,17.25,16.88,17.22,19162533,326439488.000
2014-10-29,17.28,17.44,17.03,17.36,28015798,482798112.000
2014-10-30,17.35,17.71,17.31,17.69,31762465,556981184.000
2014-10-31,17.79,18.18,17.79,17.86,31962069,573975296.000
2014-11-03,17.92,17.92,17.72,17.76,17079526,303847584.000
2014-11-04,17.70,17.72,17.53,17.57,16515470,290403808.000
2014-11-05,17.50,17.70,17.48,17.54,12771408,224470176.000
2014-11-06,17.68,17.68,17.51,17.65,11952207,210258928.000
2014-11-07,17.73,17.74,17.31,17.36,22353646,390220736.000
2014-11-10,17.50,18.26,17.49,18.23,45586221,820866048.000
2014-11-11,18.40,18.46,17.71,17.86,42037989,755435648.000
2014-11-12,17.84,18.46,17.74,18.45,27298048,496383072.000
2014-11-13,18.46,18.65,18.18,18.49,29012155,536227552.000
2014-11-14,18.49,18.90,18.40,18.87,27488834,511751168.000
2014-11-17,20.75,20.75,19.20,19.47,108543670,2145528192.000
2014-11-18,19.45,19.58,19.00,19.56,48004163,925633216.000
2014-11-19,19.36,19.36,18.55,18.65,43392471,819029568.000
2014-11-20,18.50,19.02,18.31,18.98,36068366,673953536.000
2014-11-21,19.01,19.32,18.69,19.29,22613148,430210272.000
2014-11-24,19.80,19.80,19.34,19.61,43875634,861171840.000
2014-11-25,19.80,20.28,19.58,20.15,38065507,761863680.000
2014-11-26,20.28,20.50,19.65,19.91,36117780,721486336.000
2014-11-27,19.91,19.97,19.32,19.60,40284666,786466304.000
2014-11-28,19.47,19.85,19.21,19.78,47165334,916204544.000
2014-12-01,19.60,20.70,19.31,19.41,62424284,1243239936.000
2014-12-02,19.33,19.99,19.30,19.72,46731803,916813312.000
2014-12-03,19.85,21.21,19.85,20.57,76451935,1575809152.000
2014-12-04,20.80,21.35,20.70,21.30,55094961,1163605120.000
2014-12-05,21.63,22.36,20.81,21.58,76357391,1656107648.000
2014-12-08,21.80,22.68,21.59,22.54,71264148,1577615104.000
2014-12-09,22.18,24.30,20.55,21.41,112801732,2588506368.000
2014-12-10,21.93,23.02,21.92,22.99,67544529,1517430656.000
2014-12-11,23.00,23.30,22.10,22.47,61420345,1390934528.000
2014-12-12,22.66,22.88,21.81,21.88,44040446,974513344.000
2014-12-15,21.71,22.00,20.95,21.76,46262155,989837760.000
2014-12-16,21.76,22.22,21.30,22.00,44595975,970811392.000
2014-12-17,22.00,22.62,21.60,22.09,66027224,1460003584.000
2014-12-18,22.11,22.18,21.78,21.98,40702033,895212992.000
2014-12-19,21.98,22.74,21.58,22.65,55656181,1234128000.000
2014-12-22,22.70,23.22,22.31,22.78,67762007,1548438144.000
2014-12-23,22.89,23.26,22.40,22.69,57752109,1320618880.000
2014-12-24,22.59,22.65,21.03,21.28,58514185,1263446912.000
2014-12-25,21.28,21.59,20.97,21.44,43552663,926548800.000
2014-12-26,21.39,22.28,21.30,22.11,45479147,995359360.000
2014-12-29,22.34,22.68,21.35,21.64,51614719,1134825472.000
2014-12-30,21.00,21.64,20.67,20.85,62742985,1320394624.000
2014-12-31,21.10,21.65,20.51,21.47,45949263,969633536.000
2015-01-05,21.70,23.62,21.69,23.62,130821072,3010419456.000
2015-01-06,23.60,25.98,23.19,24.67,143785669,3565284352.000
2015-01-07,24.60,25.20,24.00,24.66,74061955,1810192896.000
2015-01-08,24.36,24.66,23.60,24.14,55273565,1330823168.000
2015-01-09,23.97,24.65,23.57,23.74,67571222,1624807296.000
2015-01-12,23.81,24.80,23.80,24.61,76755839,1867809664.000
2015-01-13,24.70,25.62,24.15,25.15,70695175,1769485696.000
2015-01-14,25.15,25.41,24.10,24.33,39489154,978190784.000
2015-01-15,24.20,24.77,24.05,24.67,41562913,1009840704.000
2015-01-16,24.80,25.40,24.71,24.85,42753680,1071316480.000
2015-01-19,23.19,24.10,22.37,22.85,68411213,1583888256.000
2015-01-20,22.83,23.60,22.54,23.33,55460100,1284209536.000
2015-01-21,23.36,24.09,23.04,23.95,53445164,1259698304.000
2015-01-22,24.39,24.60,23.65,24.07,50102836,1209429504.000
2015-01-23,24.22,24.49,23.65,23.79,40271251,964581056.000
2015-01-26,23.88,23.99,23.17,23.60,35880700,845478336.000
2015-01-27,23.65,24.69,23.60,24.19,69811683,1693095296.000
2015-01-28,23.90,24.30,23.52,23.88,43099161,1029405888.000
2015-01-29,23.88,23.88,23.31,23.41,33948302,796317824.000
2015-01-30,23.45,23.85,22.63,22.65,39330189,910692480.000
2015-02-02,22.25,22.51,21.79,21.96,42284388,933123392.000
2015-02-03,22.26,22.54,21.90,22.50,39718324,882468672.000
2015-02-04,22.60,22.81,21.91,21.94,40859775,915459520.000
2015-02-05,22.48,22.67,21.80,21.82,50709071,1128268800.000
2015-02-06,21.87,22.28,21.66,22.01,43704063,961266304.000
2015-02-09,22.15,22.70,22.09,22.48,36185504,814319808.000
2015-02-10,22.51,23.06,22.41,22.99,34046827,779848448.000
2015-02-11,23.08,23.50,22.90,23.12,26738285,622507200.000
2015-02-12,23.30,23.30,22.58,23.00,17065690,389747552.000
2015-02-13,23.16,23.26,22.72,22.90,22019246,507281920.000
2015-02-16,23.10,23.28,22.76,23.16,24051974,554244352.000
2015-02-17,23.19,23.83,23.10,23.59,34607948,815557504.000
2015-02-25,23.60,24.62,23.30,24.16,58538877,1412919936.000
2015-02-26,24.16,24.85,24.01,24.72,44726468,1099531904.000
2015-02-27,24.63,25.12,24.30,24.36,30165816,742231104.000
2015-03-02,24.48,24.75,23.82,24.28,40105545,972471104.000
2015-03-03,23.85,24.28,23.38,23.44,29146805,692831360.000
2015-03-04,23.65,23.84,23.20,23.79,28155935,663630720.000
2015-03-05,23.40,23.87,23.10,23.30,29661585,693180352.000
2015-03-06,23.30,23.40,22.59,22.72,33505512,767860544.000
2015-03-09,22.30,23.29,22.22,23.12,28869008,654547392.000
2015-03-10,23.00,23.15,22.85,22.96,20182817,464157824.000
2015-03-11,22.96,23.60,22.96,23.58,39364352,918588608.000
2015-03-12,23.80,25.90,23.79,24.71,110410882,2730691584.000
2015-03-13,24.99,25.04,24.42,24.73,75481830,1872254848.000
2015-03-16,24.74,24.90,24.31,24.89,62044439,1532173568.000
2015-03-17,25.00,25.20,24.55,25.12,62079608,1540003456.000
2015-03-18,25.00,25.25,24.75,25.16,54565220,1366034560.000
2015-03-19,25.00,25.10,24.70,24.71,55479702,1378528640.000
2015-03-20,24.75,24.92,24.62,24.71,48510948,1201500288.000
2015-03-23,24.99,25.87,24.93,25.46,85462262,2170509824.000
2015-03-24,25.41,25.76,25.10,25.51,63335587,1609606784.000
2015-03-25,25.53,25.59,24.66,24.79,54412779,1360742528.000
2015-03-26,24.51,24.98,24.30,24.78,42934450,1058617536.000
2015-03-27,24.80,24.95,24.46,24.68,37449420,922989056.000
2015-03-30,24.91,25.50,24.69,25.39,71850654,1799208704.000
2015-03-31,25.50,25.98,24.72,24.86,64572436,1641947264.000
2015-04-01,24.86,25.93,24.78,25.83,70461537,1803675264.000
2015-04-02,25.99,26.14,25.06,25.56,65827501,1677717248.000
2015-04-03,25.77,26.48,25.75,26.23,87230755,2280940288.000
2015-04-07,26.28,26.49,25.86,26.09,100386680,2611045888.000
2015-04-08,26.12,26.65,25.62,26.20,92955413,2425934592.000
2015-04-09,26.28,26.35,25.33,25.49,86028286,2203716864.000
2015-04-10,25.48,25.82,25.31,25.73,67122959,1716436480.000
数据来源:通达信
