600832 东方明珠 日线 前复权
      日期	    开盘	    最高	    最低	    收盘	    成交量	    成交额
2011-03-02,8.30,8.30,8.04,8.18,14986372,129178312.000
2011-03-03,8.18,8.23,8.07,8.10,10712985,92317176.000
2011-03-04,8.09,8.37,8.07,8.31,17386662,151609264.000
2011-03-07,8.38,8.49,8.29,8.41,23172864,204934432.000
2011-03-08,8.42,8.42,8.30,8.38,12135055,106855232.000
2011-03-09,8.41,8.42,8.30,8.33,10906806,96127736.000
2011-03-10,8.39,8.49,8.34,8.34,18644307,165233488.000
2011-03-11,8.29,8.40,8.22,8.27,14572746,127561544.000
2011-03-14,8.20,8.27,8.14,8.24,11027872,95628536.000
2011-03-15,8.21,8.22,7.85,7.97,18586653,157064176.000
2011-03-16,8.02,8.13,7.97,8.08,11543479,98186440.000
2011-03-17,8.02,8.07,7.92,7.99,13332765,112803584.000
2011-03-18,8.05,8.08,7.94,8.01,11173181,94522624.000
2011-03-21,8.02,8.02,7.89,7.96,11525965,97045112.000
2011-03-22,7.99,8.02,7.89,7.99,7673188,64607844.000
2011-03-23,8.00,8.17,7.91,8.12,17221516,146818976.000
2011-03-24,8.12,8.13,8.03,8.09,10124648,86449040.000
2011-03-25,8.09,8.21,8.03,8.16,16925735,145343936.000
2011-03-28,8.17,8.22,8.10,8.12,14016860,120866304.000
2011-03-29,8.16,8.16,7.98,8.00,13785204,117447936.000
2011-03-30,8.00,8.05,7.90,7.94,12822603,107871360.000
2011-03-31,7.94,7.99,7.84,7.86,9087817,75911992.000
2011-04-01,7.85,7.97,7.84,7.95,8150076,68006576.000
2011-04-06,7.94,8.03,7.89,7.96,8708819,73196992.000
2011-04-07,7.96,8.16,7.90,8.15,20318592,172648944.000
2011-04-08,8.08,8.21,8.06,8.18,26710537,230381104.000
2011-04-11,8.17,8.17,8.03,8.05,14038957,120144888.000
2011-04-12,8.05,8.22,8.03,8.14,17294166,148763920.000
2011-04-13,8.13,8.25,8.09,8.23,21061380,182550864.000
2011-04-14,8.21,8.28,8.09,8.12,14671992,126610560.000
2011-04-15,8.13,8.24,8.10,8.21,14844819,128201528.000
2011-04-18,8.21,8.24,8.14,8.24,15207327,131633520.000
2011-04-19,8.19,8.27,8.02,8.15,23180554,199552192.000
2011-04-20,8.19,8.30,8.11,8.21,23206224,201756496.000
2011-04-21,8.20,8.34,8.14,8.27,29136467,253412192.000
2011-04-22,8.27,8.27,8.12,8.15,15884473,137196176.000
2011-04-25,8.17,8.17,7.94,7.95,15823185,134184008.000
2011-04-26,7.95,8.00,7.70,7.73,14567152,120574352.000
2011-04-27,7.77,7.81,7.57,7.62,11511221,93804032.000
2011-04-28,7.66,7.70,7.52,7.53,10119471,81626392.000
2011-04-29,7.56,7.70,7.53,7.66,6518454,52625328.000
2011-05-03,7.68,7.83,7.57,7.72,7201806,58677424.000
2011-05-04,7.66,7.75,7.57,7.58,7852356,63517292.000
2011-05-05,7.57,7.62,7.55,7.59,4382372,35274912.000
2011-05-06,7.55,7.59,7.49,7.57,8026561,64223544.000
2011-05-09,7.58,7.62,7.54,7.57,6464141,51931096.000
2011-05-10,7.59,7.61,7.53,7.61,5232629,41998360.000
2011-05-11,7.60,7.61,7.53,7.57,5588884,44897112.000
2011-05-12,7.54,7.56,7.49,7.49,8223869,65635928.000
2011-05-13,7.52,7.60,7.48,7.59,7046007,56404656.000
2011-05-16,7.59,7.63,7.56,7.61,6353888,51162236.000
2011-05-17,7.60,7.67,7.54,7.62,6932669,55876148.000
2011-05-18,7.63,7.70,7.62,7.67,7128472,57849724.000
2011-05-19,7.69,7.71,7.63,7.64,5561800,45163580.000
2011-05-20,7.68,7.71,7.63,7.70,7223798,58839212.000
2011-05-23,7.67,7.71,7.43,7.44,10383099,83402624.000
2011-05-24,7.46,7.53,7.42,7.49,5038355,40005188.000
2011-05-25,7.43,7.51,7.41,7.43,4642236,36727380.000
2011-05-26,7.48,7.54,7.42,7.43,5986105,47512048.000
2011-05-27,7.49,7.51,7.28,7.30,7233840,56817808.000
2011-05-30,7.34,7.34,7.12,7.12,5804843,44392208.000
2011-05-31,7.17,7.25,7.12,7.22,3514909,26851040.000
2011-06-01,7.21,7.22,7.16,7.21,4309523,32963048.000
2011-06-02,7.17,7.18,6.95,6.97,5946937,44644528.000
2011-06-03,7.00,7.09,6.97,7.04,3525854,26460462.000
2011-06-07,7.07,7.10,7.01,7.08,4026068,30312104.000
2011-06-08,7.09,7.19,7.04,7.17,5559039,42146868.000
2011-06-09,7.39,7.92,7.39,7.59,54162460,442920256.000
2011-06-10,7.51,7.64,7.49,7.59,21425526,172436064.000
2011-06-13,7.59,7.60,7.38,7.49,7102554,56386376.000
2011-06-14,7.50,7.61,7.46,7.56,30266334,242863920.000
2011-06-15,7.57,7.64,7.53,7.56,23680009,190151168.000
2011-06-16,7.54,7.55,7.26,7.32,9249170,72322504.000
2011-06-17,7.29,7.41,7.07,7.27,13369466,102916464.000
2011-06-20,7.18,7.26,7.10,7.25,4619037,35281516.000
2011-06-21,7.21,7.35,7.21,7.29,21238865,164932768.000
2011-06-22,7.31,7.37,7.26,7.29,14577663,113083144.000
2011-06-23,7.30,7.33,7.21,7.31,18010213,139777600.000
2011-06-24,7.31,7.44,7.28,7.36,37350686,292284352.000
2011-06-27,7.35,7.40,7.30,7.34,31175690,243382048.000
2011-06-28,7.36,7.37,7.17,7.22,14365393,110574472.000
2011-06-30,7.18,7.34,7.12,7.29,24204985,187133456.000
2011-07-01,7.30,7.33,7.26,7.27,19269591,149531760.000
2011-07-04,7.29,7.37,7.28,7.37,19902632,154992992.000
2011-07-05,7.39,7.39,7.30,7.35,12518915,97624176.000
2011-07-06,7.35,7.36,7.25,7.32,10269811,79583288.000
2011-07-07,7.31,7.34,7.25,7.26,10579127,82073008.000
2011-07-08,7.26,7.29,7.22,7.24,7215781,55635112.000
2011-07-11,7.23,7.26,7.18,7.25,6600142,50716812.000
2011-07-12,7.21,7.22,7.08,7.08,9551672,72470480.000
2011-07-13,7.10,7.17,7.08,7.16,8133003,61742940.000
2011-07-14,7.15,7.28,7.13,7.26,11385835,87163832.000
2011-07-15,7.25,7.31,7.22,7.28,10617956,82100296.000
2011-07-18,7.29,7.33,7.23,7.25,8106135,62720048.000
2011-07-19,7.23,7.24,7.14,7.14,7040910,53715044.000
2011-07-20,7.18,7.20,7.10,7.15,5257247,40031236.000
2011-07-21,7.17,7.18,7.08,7.08,5431511,41106280.000
2011-07-22,7.09,7.12,7.05,7.09,5584430,42122500.000
2011-07-25,7.06,7.09,6.71,6.75,11983504,88072104.000
2011-07-26,6.76,6.80,6.74,6.75,4321858,31210632.000
2011-07-27,6.72,6.78,6.68,6.76,6664737,47957704.000
2011-07-28,6.71,6.71,6.61,6.65,8243699,58638824.000
2011-07-29,6.65,6.70,6.63,6.67,4741406,33788808.000
2011-08-01,6.67,6.70,6.63,6.67,3294597,23485804.000
2011-08-02,6.63,6.64,6.48,6.57,6516621,45540644.000
2011-08-03,6.53,6.57,6.50,6.54,3938002,27550304.000
2011-08-04,6.55,6.59,6.52,6.53,3937655,27628272.000
2011-08-05,6.40,6.40,6.31,6.33,7374897,50146880.000
2011-08-08,6.26,6.29,5.77,5.86,11091423,71576384.000
2011-08-09,5.72,5.82,5.58,5.75,10510689,64616736.000
2011-08-10,5.86,5.91,5.78,5.81,7903976,49808528.000
2011-08-11,5.69,5.87,5.67,5.87,7679121,47993220.000
2011-08-12,5.92,6.03,5.89,5.98,9843526,63308216.000
2011-08-15,5.98,6.06,5.94,6.04,7483362,48403188.000
2011-08-16,6.05,6.06,5.93,5.94,6189625,39894568.000
2011-08-17,5.94,6.04,5.94,5.97,5263998,33942132.000
2011-08-18,5.95,5.97,5.82,5.82,5366681,34047800.000
2011-08-19,5.74,5.78,5.67,5.72,6456380,39908632.000
2011-08-22,5.70,5.81,5.70,5.74,4412789,27392450.000
2011-08-23,5.78,5.85,5.76,5.84,3364046,20758592.000
2011-08-24,5.87,5.90,5.80,5.82,4390875,27257284.000
2011-08-25,5.82,6.03,5.82,6.01,8794475,55437756.000
2011-08-26,5.97,6.04,5.94,6.00,4696172,29770774.000
2011-08-29,5.94,5.97,5.86,5.87,6238024,39076700.000
2011-08-30,5.92,6.00,5.87,5.87,7380499,46516724.000
2011-08-31,5.91,5.91,5.81,5.87,3960284,24590474.000
2011-09-01,5.88,5.95,5.83,5.85,4212475,26283968.000
2011-09-02,5.84,5.91,5.82,5.83,3553102,22042840.000
2011-09-05,5.80,5.80,5.69,5.69,4429630,26934884.000
2011-09-06,5.67,5.73,5.66,5.69,3270047,19798416.000
2011-09-07,5.73,5.84,5.69,5.82,4659482,28563804.000
2011-09-08,5.86,5.86,5.76,5.77,3855639,23793330.000
2011-09-09,5.81,5.84,5.74,5.76,3298081,20273344.000
2011-09-13,5.70,5.74,5.67,5.72,3159945,19150880.000
2011-09-14,5.73,5.80,5.66,5.79,3775461,22978950.000
2011-09-15,5.78,5.85,5.76,5.77,4313128,26593412.000
2011-09-16,5.79,5.84,5.76,5.77,2495499,15353248.000
2011-09-19,5.74,5.75,5.64,5.65,3805549,22989236.000
2011-09-20,5.67,5.71,5.64,5.68,2300911,13864910.000
2011-09-21,5.67,5.86,5.65,5.84,7682682,47331292.000
2011-09-22,5.80,5.94,5.74,5.74,9067981,56256108.000
2011-09-23,5.68,5.88,5.65,5.80,6941164,42534672.000
2011-09-26,5.74,5.84,5.69,5.72,4110879,25091012.000
2011-09-27,5.76,5.84,5.74,5.82,5305370,32659840.000
2011-09-28,5.83,5.87,5.64,5.69,6176957,37644904.000
2011-09-29,5.65,5.75,5.60,5.60,7129898,42957828.000
2011-09-30,5.62,5.66,5.44,5.49,8459111,49658684.000
2011-10-10,5.51,5.58,5.51,5.54,2914191,17198740.000
2011-10-11,5.66,5.73,5.52,5.54,5429329,32501068.000
2011-10-12,5.52,5.75,5.52,5.74,13810285,83355936.000
2011-10-13,5.74,5.89,5.70,5.85,19657542,121651824.000
2011-10-14,5.84,5.87,5.69,5.76,14320152,87709080.000
2011-10-17,5.80,5.89,5.74,5.77,12237527,75415416.000
2011-10-18,5.71,5.75,5.54,5.56,10880099,65191924.000
2011-10-19,5.61,5.78,5.60,5.68,14151406,85946176.000
2011-10-20,5.63,5.63,5.47,5.49,9946599,58518744.000
2011-10-21,5.50,5.53,5.41,5.46,4973310,29005816.000
2011-10-24,5.49,5.61,5.29,5.60,12956908,75558096.000
2011-10-25,5.60,6.00,5.56,5.87,41680948,258910032.000
2011-10-26,5.82,6.49,5.80,6.49,86277899,571167680.000
2011-10-27,6.46,6.54,6.22,6.29,52608644,353160800.000
2011-10-28,6.35,6.60,6.24,6.34,53203985,359660896.000
2011-10-31,6.33,6.56,6.29,6.43,42192684,286674816.000
2011-11-01,6.34,6.63,6.30,6.46,32730426,224213504.000
2011-11-02,6.34,6.84,6.30,6.83,64732503,448925312.000
2011-11-03,6.76,6.78,6.57,6.58,51943296,366173952.000
2011-11-04,6.58,6.68,6.39,6.49,32066120,220435984.000
2011-11-07,6.44,6.54,6.40,6.44,12765760,87111600.000
2011-11-08,6.44,6.48,6.26,6.30,19035262,128182224.000
2011-11-09,6.30,6.50,6.24,6.46,27006920,182515328.000
2011-11-10,6.35,6.59,6.33,6.35,27009477,183671968.000
2011-11-11,6.35,6.72,6.30,6.48,35827777,246785168.000
2011-11-14,6.51,6.59,6.47,6.55,19534073,134543504.000
2011-11-15,6.55,6.56,6.38,6.48,19289656,131555976.000
2011-11-16,6.49,6.49,6.22,6.25,19316925,129229104.000
2011-11-17,6.26,6.31,6.14,6.15,13254310,87382000.000
2011-11-18,6.14,6.19,5.87,5.92,19853494,126408448.000
2011-11-21,5.94,6.00,5.89,5.99,8519257,53744468.000
2011-11-22,5.94,6.04,5.76,5.90,12952464,81088584.000
2011-11-23,5.95,5.96,5.82,5.84,6453332,40276848.000
2011-11-24,5.79,5.90,5.72,5.76,10705472,65936104.000
2011-11-25,5.76,5.90,5.75,5.79,9567822,59234920.000
2011-11-28,5.80,5.86,5.76,5.79,4863375,30016164.000
2011-11-29,5.84,5.86,5.75,5.84,7967435,49106732.000
2011-11-30,5.84,5.84,5.43,5.48,14731272,87627592.000
2011-12-01,5.64,5.74,5.56,5.56,12477736,74998176.000
2011-12-02,5.55,5.63,5.46,5.53,6845740,40416104.000
2011-12-05,5.55,5.55,5.45,5.48,4995641,29287404.000
2011-12-06,5.49,5.59,5.43,5.56,4856923,28519592.000
2011-12-07,5.56,5.59,5.52,5.56,4569496,27043718.000
2011-12-08,5.56,5.75,5.48,5.66,11627979,69834720.000
2011-12-09,5.60,5.67,5.56,5.61,4476304,26713832.000
2011-12-12,5.61,5.63,5.43,5.46,4745709,27952292.000
2011-12-13,5.46,5.48,5.31,5.36,8049368,46172048.000
2011-12-14,5.35,5.40,5.24,5.25,4455136,25361668.000
2011-12-15,5.25,5.30,5.15,5.17,6882259,38361924.000
2011-12-16,5.20,5.31,5.13,5.28,6540713,36376400.000
2011-12-19,5.23,5.39,5.07,5.36,10276609,57312560.000
2011-12-20,5.31,5.36,5.15,5.17,8799453,49456032.000
2011-12-21,5.24,5.26,5.02,5.03,8705167,47988348.000
2011-12-22,5.03,5.03,4.78,4.89,10365622,54483940.000
2011-12-23,4.89,4.98,4.87,4.92,4656352,24602528.000
2011-12-26,4.90,4.96,4.86,4.90,4043926,21302548.000
2011-12-27,4.91,5.04,4.82,4.87,7448825,39392376.000
2011-12-28,4.84,4.93,4.82,4.92,6546925,34216728.000
2011-12-29,4.89,4.95,4.86,4.93,4806571,25313500.000
2011-12-30,4.93,5.02,4.91,4.92,8361287,44511284.000
2012-01-04,4.94,4.99,4.80,4.84,5914089,31244832.000
2012-01-05,4.82,4.82,4.70,4.71,6056448,30961516.000
2012-01-06,4.71,4.77,4.65,4.75,4857111,24626476.000
2012-01-09,4.75,4.94,4.71,4.94,9134884,47453940.000
2012-01-10,4.93,5.13,4.89,5.10,12705706,68438776.000
2012-01-11,5.12,5.17,5.07,5.10,12510058,68535088.000
2012-01-12,5.09,5.15,5.02,5.06,8059674,43843008.000
2012-01-13,5.04,5.11,4.86,4.92,7372894,39363256.000
2012-01-16,4.92,4.92,4.81,4.83,4997188,26161560.000
2012-01-17,4.82,5.09,4.82,5.07,8670788,46314656.000
2012-01-18,5.08,5.11,4.97,4.98,8412090,45485232.000
2012-01-19,5.02,5.09,4.96,5.03,5941518,32047470.000
2012-01-20,5.05,5.12,5.04,5.10,5504564,30009704.000
2012-01-30,5.12,5.17,5.06,5.07,6215245,33971368.000
2012-01-31,5.09,5.13,5.02,5.12,4748218,25762892.000
2012-02-01,5.11,5.13,5.00,5.01,4698011,25468040.000
2012-02-02,5.04,5.11,5.00,5.10,4332667,23480550.000
2012-02-03,5.09,5.24,5.06,5.20,11954526,66045932.000
2012-02-06,5.22,5.24,5.14,5.16,7681180,42600616.000
2012-02-07,5.14,5.15,5.03,5.05,7318400,39768024.000
2012-02-08,5.03,5.20,5.03,5.19,7572997,41584912.000
2012-02-09,5.17,5.26,5.16,5.20,10347933,57656196.000
2012-02-10,5.18,5.26,5.16,5.20,7545081,42059192.000
2012-02-13,5.19,5.29,5.12,5.24,9819284,54889428.000
2012-02-14,5.22,5.26,5.18,5.22,5709906,31812356.000
2012-02-15,5.22,5.51,5.19,5.49,28034559,160962592.000
2012-02-16,5.46,5.67,5.44,5.53,32811800,193885744.000
2012-02-17,5.55,5.55,5.45,5.48,11265084,65941588.000
2012-02-20,5.54,5.54,5.41,5.42,14026693,81816224.000
2012-02-21,5.46,5.65,5.44,5.63,23457699,138999056.000
2012-02-22,5.62,5.68,5.56,5.66,17721714,106110416.000
2012-02-23,5.64,5.64,5.57,5.59,12337270,73555096.000
2012-02-24,5.59,5.91,5.58,5.82,35879871,220775856.000
2012-02-27,5.81,5.90,5.79,5.80,18223294,113080224.000
2012-02-28,5.77,5.84,5.72,5.78,10607527,65111340.000
2012-02-29,5.80,5.86,5.71,5.71,9494646,58374080.000
2012-03-01,5.67,5.77,5.64,5.72,12056383,73085424.000
2012-03-02,5.74,5.87,5.70,5.85,12355070,76191864.000
2012-03-05,5.86,5.89,5.80,5.81,7686870,47645432.000
2012-03-06,5.82,5.94,5.76,5.78,13000719,80735152.000
2012-03-07,5.72,5.81,5.63,5.65,12833711,77869056.000
2012-03-08,5.69,5.89,5.65,5.83,14566033,89664456.000
2012-03-09,5.84,5.97,5.83,5.92,17572542,110146592.000
2012-03-12,5.93,6.04,5.87,5.90,14122594,88952840.000
2012-03-13,5.90,5.98,5.86,5.96,9763312,61254328.000
2012-03-14,6.01,6.04,5.67,5.70,19859216,124109704.000
2012-03-15,5.72,5.77,5.57,5.61,13750090,82751656.000
2012-03-16,5.66,5.80,5.58,5.75,10241790,61983212.000
2012-03-19,5.71,6.33,5.71,5.98,23964455,151552304.000
2012-03-20,5.93,5.98,5.77,5.78,15898048,98578000.000
2012-03-21,5.81,5.94,5.79,5.83,11213391,69897520.000
2012-03-22,5.86,5.93,5.79,5.82,8187839,50889116.000
2012-03-23,5.77,5.81,5.67,5.70,7069524,43063932.000
2012-03-26,5.70,5.72,5.65,5.68,4758131,28740974.000
2012-03-27,5.70,5.72,5.64,5.65,4891522,29522256.000
2012-03-28,5.63,5.64,5.36,5.42,9470114,55451776.000
2012-03-29,5.39,5.42,5.14,5.21,8643428,48828076.000
2012-03-30,5.23,5.28,5.14,5.21,4594300,25609870.000
2012-04-05,5.21,5.36,5.19,5.35,7242886,40889696.000
2012-04-06,5.31,5.39,5.29,5.36,5319527,30334516.000
2012-04-09,5.35,5.35,5.24,5.26,3934094,22228586.000
2012-04-10,5.27,5.38,5.19,5.37,5074848,28581324.000
2012-04-11,5.33,5.41,5.27,5.34,4289060,24422914.000
2012-04-12,5.35,5.48,5.33,5.46,6890952,39800568.000
2012-04-13,5.48,5.64,5.44,5.54,10122212,59663808.000
2012-04-16,5.47,5.67,5.46,5.65,9686312,57627984.000
2012-04-17,5.63,5.82,5.58,5.59,14901344,90013824.000
2012-04-18,5.60,5.72,5.60,5.69,9001021,54297648.000
2012-04-19,5.70,5.73,5.65,5.67,8061909,48780996.000
2012-04-20,5.66,5.79,5.63,5.75,9017811,54892992.000
2012-04-23,5.77,5.83,5.67,5.69,9461343,57821904.000
2012-04-24,5.64,5.80,5.56,5.71,8934647,53931440.000
2012-04-25,5.69,5.84,5.67,5.83,16025613,98562688.000
2012-04-26,5.83,5.85,5.70,5.76,7883053,48272088.000
2012-04-27,5.79,5.82,5.70,5.74,6991339,42603792.000
2012-05-02,5.80,5.86,5.74,5.80,10496888,64712104.000
2012-05-03,5.78,5.86,5.74,5.83,9395862,57948824.000
2012-05-04,5.82,5.89,5.79,5.88,9893974,61515656.000
2012-05-07,5.85,5.91,5.82,5.89,8946882,55728024.000
2012-05-08,5.89,6.05,5.83,6.01,21382526,135058384.000
2012-05-09,5.96,5.97,5.84,5.95,13787605,86405720.000
2012-05-10,5.94,6.06,5.87,5.88,16212832,102367568.000
2012-05-11,5.88,5.99,5.84,5.86,10658801,66925412.000
2012-05-14,5.90,5.91,5.76,5.77,8702056,53971792.000
2012-05-15,5.74,5.77,5.64,5.70,8004259,48469820.000
2012-05-16,5.69,5.71,5.51,5.53,11453082,68209552.000
2012-05-17,5.52,5.65,5.51,5.62,6029264,35888704.000
2012-05-18,5.58,5.62,5.49,5.51,6478869,38338200.000
2012-05-21,5.53,5.59,5.50,5.56,3769359,22261068.000
2012-05-22,5.58,5.63,5.56,5.62,3611113,21546160.000
2012-05-23,5.62,5.67,5.57,5.61,6183697,36956472.000
2012-05-24,5.61,5.69,5.59,5.60,5724669,34344784.000
2012-05-25,5.61,5.66,5.59,5.62,4863011,29116374.000
2012-05-28,5.61,5.64,5.48,5.63,7427381,44005184.000
2012-05-29,5.62,5.71,5.59,5.68,7588161,45618428.000
2012-05-30,5.69,5.71,5.63,5.64,4728167,28449974.000
2012-05-31,5.63,5.70,5.59,5.68,7125065,42983968.000
2012-06-01,5.69,5.74,5.65,5.68,6364752,38578596.000
2012-06-04,5.62,5.62,5.40,5.42,9128909,53638840.000
2012-06-05,5.47,5.47,5.35,5.37,5002360,28815364.000
2012-06-06,5.40,5.42,5.30,5.33,4533318,25875236.000
2012-06-07,5.37,5.41,5.25,5.27,5674774,32261148.000
2012-06-08,5.30,5.33,5.25,5.26,3703171,20913714.000
2012-06-11,5.28,5.34,5.23,5.32,5814970,32843396.000
2012-06-12,5.29,5.29,5.21,5.23,5352294,29976544.000
2012-06-13,5.26,5.28,5.19,5.27,12350094,69160384.000
2012-06-14,5.24,5.29,5.20,5.21,6815473,38207808.000
2012-06-15,5.24,5.27,5.20,5.25,5293696,29628824.000
2012-06-18,5.26,5.30,5.26,5.28,5171338,29159004.000
2012-06-19,5.29,5.34,5.26,5.29,6159467,34883528.000
2012-06-20,5.31,5.35,5.28,5.30,4909635,27850972.000
2012-06-21,5.32,5.32,5.14,5.18,5751545,31979874.000
2012-06-25,5.18,5.23,5.07,5.09,4649159,25728452.000
2012-06-27,5.09,5.15,5.01,5.02,6436074,34859840.000
2012-06-28,5.05,5.07,4.94,4.97,4193492,22416944.000
2012-06-29,4.95,5.02,4.88,5.01,6430833,34146120.000
2012-07-02,5.02,5.04,4.96,4.99,4088127,21891484.000
2012-07-03,5.00,5.06,4.98,5.00,3706331,19932922.000
2012-07-04,5.02,5.04,4.98,5.00,2472094,13260686.000
2012-07-05,4.96,5.00,4.90,4.90,3342632,17662758.000
2012-07-06,4.94,5.02,4.84,5.01,5494935,29065064.000
2012-07-09,4.98,5.00,4.89,4.90,4373498,23220896.000
2012-07-10,4.92,4.95,4.84,4.90,3958768,20813296.000
2012-07-11,4.89,4.96,4.88,4.92,3055484,16127023.000
2012-07-12,4.92,4.97,4.86,4.94,6216116,32837296.000
2012-07-13,4.94,4.96,4.90,4.92,2530545,13370850.000
2012-07-16,4.94,4.94,4.78,4.79,5551328,28950152.000
2012-07-17,4.79,4.84,4.79,4.83,2243325,11614715.000
2012-07-18,4.83,4.86,4.80,4.86,2423861,12569382.000
2012-07-19,4.85,5.07,4.84,5.01,10638938,57020572.000
2012-07-20,4.99,5.04,4.94,4.99,5382136,28793068.000
2012-07-23,4.94,4.97,4.91,4.94,3233667,17109168.000
2012-07-24,4.94,4.94,4.83,4.88,5342848,28033232.000
2012-07-25,4.85,4.91,4.84,4.88,3640140,19085032.000
2012-07-26,4.90,4.90,4.83,4.84,3203648,16739007.000
2012-07-27,4.86,4.89,4.84,4.86,2425218,12679359.000
2012-07-30,4.87,4.89,4.78,4.82,3779570,19613776.000
2012-07-31,4.83,4.83,4.77,4.80,2749931,14202904.000
2012-08-01,4.79,4.92,4.77,4.88,4642718,24338152.000
2012-08-02,4.86,4.88,4.81,4.83,3414758,17781044.000
2012-08-03,4.86,4.90,4.83,4.90,4102730,21441562.000
2012-08-06,4.89,4.96,4.87,4.95,5582987,29523014.000
2012-08-07,4.97,5.01,4.94,4.97,6661869,35551748.000
2012-08-08,4.99,4.99,4.90,4.96,4518477,23959492.000
2012-08-09,4.94,4.98,4.90,4.97,5175950,27483340.000
2012-08-10,4.96,4.99,4.91,4.99,4727284,25115764.000
2012-08-13,4.97,4.98,4.92,4.93,4817035,25552240.000
2012-08-14,4.93,4.99,4.91,4.98,6205317,33009496.000
2012-08-15,4.98,4.98,4.90,4.92,3613288,19170944.000
2012-08-16,4.91,4.94,4.87,4.88,3630360,19075104.000
2012-08-17,4.90,4.91,4.85,4.90,3196362,16768434.000
2012-08-20,4.90,4.91,4.81,4.91,3361277,17127706.000
2012-08-21,4.90,4.98,4.87,4.94,3507280,18157620.000
2012-08-22,4.95,4.95,4.88,4.88,2266949,11661421.000
2012-08-23,4.90,4.94,4.86,4.92,3419595,17593232.000
2012-08-24,4.91,4.92,4.84,4.86,3202649,16390122.000
2012-08-27,4.87,4.88,4.82,4.83,4406621,22463196.000
2012-08-28,4.82,4.93,4.82,4.91,4879054,25014992.000
2012-08-29,4.90,4.91,4.83,4.86,2702770,13791290.000
2012-08-30,4.89,4.90,4.81,4.82,5120009,26071848.000
2012-08-31,4.82,4.84,4.74,4.80,4138113,20804834.000
2012-09-03,4.80,4.84,4.77,4.82,4927532,24873116.000
2012-09-04,4.82,4.83,4.76,4.77,3349352,16837204.000
2012-09-05,4.76,4.79,4.74,4.77,2805567,14059676.000
2012-09-06,4.79,4.81,4.76,4.80,2354387,11824837.000
2012-09-07,4.82,5.00,4.82,4.95,12383330,63895332.000
2012-09-10,4.95,4.99,4.93,4.96,6127804,31875604.000
2012-09-11,4.94,5.01,4.90,4.97,8108273,42138596.000
2012-09-12,4.97,5.01,4.92,4.96,5654699,29391060.000
2012-09-13,4.99,5.02,4.95,4.95,6149915,32126990.000
2012-09-14,4.96,5.01,4.93,4.95,6735633,35140680.000
2012-09-17,4.95,4.98,4.89,4.90,4747640,24571288.000
2012-09-18,4.88,4.89,4.80,4.81,4313244,21913504.000
2012-09-19,4.82,4.85,4.79,4.83,3975076,20087560.000
2012-09-20,4.83,4.83,4.73,4.73,5146258,25763124.000
2012-09-21,4.73,4.76,4.71,4.74,3273264,16271511.000
2012-09-24,4.72,5.03,4.66,4.94,9698940,49159596.000
2012-09-25,4.90,4.96,4.84,4.91,7369992,37856920.000
2012-09-26,4.91,4.96,4.85,4.93,11651764,60181204.000
2012-09-27,4.92,5.18,4.90,5.02,24691722,129211248.000
2012-09-28,4.96,5.02,4.92,4.99,9557293,49749340.000
2012-10-08,5.01,5.03,4.85,4.89,9559299,49388784.000
2012-10-09,4.91,5.03,4.90,5.01,10708435,55969960.000
2012-10-10,4.99,5.04,4.97,5.03,6248207,32843066.000
2012-10-11,5.01,5.10,4.98,5.01,7538417,39774296.000
2012-10-12,5.09,5.15,4.99,5.04,8323264,44169824.000
2012-10-15,5.04,5.04,4.95,5.02,4241812,22166764.000
2012-10-16,4.99,5.04,4.97,4.99,3720566,19548796.000
2012-10-17,5.01,5.06,4.98,5.03,3744998,19718040.000
2012-10-18,5.05,5.08,5.03,5.06,4912524,26046210.000
2012-10-19,5.06,5.09,5.04,5.07,4367714,23173920.000
2012-10-22,5.04,5.07,5.01,5.05,2650310,13981314.000
2012-10-23,5.05,5.08,5.00,5.01,4321145,22800186.000
2012-10-24,5.01,5.04,4.99,5.01,2607572,13714537.000
2012-10-25,5.00,5.05,4.97,4.98,3890012,20409876.000
2012-10-26,4.99,5.00,4.84,4.85,5381800,27790568.000
2012-10-29,4.87,4.91,4.84,4.86,2582557,13203328.000
2012-10-30,4.88,4.94,4.84,4.87,3170615,16227051.000
2012-10-31,4.88,4.90,4.85,4.87,2097770,10720069.000
2012-11-01,4.88,4.96,4.88,4.94,3814712,19721000.000
2012-11-02,4.96,5.11,4.89,5.07,10927010,57502792.000
2012-11-05,5.08,5.15,5.01,5.05,11807741,62725248.000
2012-11-06,5.04,5.10,4.96,5.08,10595902,55743440.000
2012-11-07,5.05,5.09,5.03,5.06,4975333,26376464.000
2012-11-08,5.02,5.06,4.97,4.99,6006363,31516248.000
2012-11-09,4.97,5.07,4.97,5.01,6089875,32022008.000
2012-11-12,5.01,5.10,4.99,5.06,7071077,37348900.000
2012-11-13,5.06,5.07,4.99,5.01,5702138,29942780.000
2012-11-14,4.99,5.12,4.99,5.10,10291162,54522704.000
2012-11-15,5.07,5.15,5.02,5.03,10452387,55789936.000
2012-11-16,5.02,5.03,4.89,4.97,8332113,43210296.000
2012-11-19,4.98,5.03,4.92,4.98,7079095,37048728.000
2012-11-20,5.00,5.03,4.94,4.99,2793984,14581435.000
2012-11-21,5.01,5.04,4.95,5.03,4151670,21770862.000
2012-11-22,5.01,5.04,4.98,5.01,2806532,14741487.000
2012-11-23,5.03,5.03,4.99,5.00,2624738,13787702.000
2012-11-26,4.98,5.01,4.87,4.95,5421171,28154160.000
2012-11-27,4.91,4.93,4.81,4.82,5737927,29221868.000
2012-11-28,4.81,4.84,4.77,4.77,3562465,17923136.000
2012-11-29,4.79,4.83,4.77,4.78,2740973,13836876.000
2012-11-30,4.77,4.85,4.77,4.82,3754164,18982384.000
2012-12-03,4.82,4.96,4.80,4.83,3708512,18912468.000
2012-12-04,4.83,4.87,4.81,4.85,4747435,24188060.000
2012-12-05,4.86,4.97,4.82,4.95,7948099,41039392.000
2012-12-06,4.94,4.97,4.91,4.93,4020778,20831206.000
2012-12-07,4.93,5.11,4.91,5.02,10987366,57694660.000
2012-12-10,5.05,5.07,5.01,5.05,10201508,53873864.000
2012-12-11,5.03,5.05,5.01,5.01,3992326,21031288.000
2012-12-12,5.01,5.05,4.99,5.02,4241052,22301156.000
2012-12-13,5.01,5.02,4.92,4.94,5591462,29118824.000
2012-12-14,4.97,5.13,4.94,5.11,13830998,73452712.000
2012-12-17,5.13,5.13,5.06,5.11,12525112,66754616.000
2012-12-18,5.10,5.17,5.07,5.12,10548846,56510396.000
2012-12-19,5.12,5.19,5.09,5.09,8768344,47083368.000
2012-12-20,5.09,5.10,5.02,5.07,5355800,28374744.000
2012-12-21,5.08,5.14,5.04,5.07,5374667,28605924.000
2012-12-24,5.11,5.15,5.08,5.12,5817651,31174272.000
2012-12-25,5.11,5.25,5.06,5.18,27339296,147837216.000
2012-12-26,5.19,5.40,5.18,5.32,24149699,133952088.000
2012-12-27,5.33,5.36,5.24,5.24,14568533,80589760.000
2012-12-28,5.26,5.37,5.24,5.33,12256348,68095664.000
2012-12-31,5.32,5.37,5.26,5.32,10003150,55569360.000
2013-01-04,5.34,5.36,5.26,5.29,9630014,53462740.000
2013-01-07,5.28,5.34,5.24,5.30,9238542,51149408.000
2013-01-08,5.31,5.44,5.26,5.44,17105454,96039648.000
2013-01-09,5.40,5.43,5.31,5.34,9016310,50641412.000
2013-01-10,5.34,5.39,5.28,5.32,8833594,49195536.000
2013-01-11,5.31,5.34,5.17,5.21,12957019,71162968.000
2013-01-14,5.21,5.35,5.18,5.32,13631109,75322312.000
2013-01-15,5.35,5.43,5.29,5.42,22176271,124086760.000
2013-01-16,5.40,5.60,5.35,5.54,35757817,203510128.000
2013-01-17,5.51,5.57,5.43,5.46,14159101,81084848.000
2013-01-18,5.49,5.58,5.44,5.54,28790098,165766800.000
2013-01-21,5.52,5.54,5.46,5.51,11254188,64581824.000
2013-01-22,5.51,5.64,5.44,5.60,25400380,146820592.000
2013-01-23,5.59,5.69,5.45,5.61,23593638,137334864.000
2013-01-24,5.60,5.64,5.43,5.45,14763212,85373712.000
2013-01-25,5.45,5.71,5.45,5.56,16537041,95844512.000
2013-01-28,5.58,5.63,5.51,5.60,11778344,68558576.000
2013-01-29,5.60,5.70,5.57,5.62,22747270,133478504.000
2013-01-30,5.64,5.65,5.55,5.61,10452101,61123424.000
2013-01-31,5.64,5.66,5.58,5.63,10062570,58916676.000
2013-02-01,5.61,5.64,5.55,5.62,12074005,70430992.000
2013-02-04,5.58,5.62,5.54,5.56,9840005,57147444.000
2013-02-05,5.56,5.69,5.54,5.62,10620746,62230016.000
2013-02-06,5.62,5.64,5.56,5.58,7246317,42301808.000
2013-02-07,5.58,5.63,5.56,5.60,7126757,41629728.000
2013-02-08,5.61,5.79,5.60,5.73,20940114,124943896.000
2013-02-18,5.72,5.78,5.66,5.75,15929136,94938192.000
2013-02-19,5.76,5.81,5.66,5.67,11881799,70866792.000
2013-02-20,5.68,5.73,5.67,5.69,9027811,53582592.000
2013-02-21,5.67,5.67,5.44,5.49,16511991,95433864.000
2013-02-22,5.49,5.56,5.47,5.49,6367516,36645600.000
2013-02-25,5.50,5.55,5.46,5.48,5101753,29224766.000
2013-02-26,5.45,5.50,5.36,5.37,12074971,68569584.000
2013-02-27,5.40,5.42,5.36,5.37,6363061,35793160.000
2013-02-28,5.39,5.51,5.38,5.47,9199345,52447672.000
2013-03-01,5.49,5.50,5.40,5.47,7938049,45226504.000
2013-03-04,5.45,5.51,5.33,5.37,15098045,85440200.000
2013-03-05,5.36,5.45,5.34,5.42,8042519,45242608.000
2013-03-06,5.45,5.93,5.44,5.69,32307523,189510096.000
2013-03-07,5.64,5.72,5.56,5.60,12166494,71578824.000
2013-03-08,5.62,5.73,5.61,5.67,22676992,133984992.000
2013-03-11,5.71,5.71,5.61,5.68,8733469,51562336.000
2013-03-12,5.66,5.70,5.45,5.52,13144010,76158336.000
2013-03-13,5.52,5.53,5.37,5.38,6835087,38722136.000
2013-03-14,5.36,5.45,5.29,5.32,6398776,35853368.000
2013-03-15,5.36,5.45,5.28,5.33,6304260,35337808.000
2013-03-18,5.29,5.36,5.26,5.27,5276845,29161306.000
2013-03-19,5.33,5.43,5.28,5.38,6074197,33993720.000
2013-03-20,5.40,5.47,5.35,5.45,7457764,42339520.000
2013-03-21,5.46,5.48,5.43,5.44,5030167,28617608.000
2013-03-22,5.47,5.49,5.40,5.41,5334085,30321840.000
2013-03-25,5.44,5.48,5.32,5.35,9073890,50854380.000
2013-03-26,5.34,5.48,5.29,5.43,11507882,64724488.000
2013-03-27,5.41,5.45,5.38,5.40,3859142,21806096.000
2013-03-28,5.39,5.39,5.23,5.25,7804301,43253348.000
2013-03-29,5.31,5.32,5.26,5.27,2921691,16148537.000
2013-04-01,5.26,5.30,5.24,5.28,3646144,20085410.000
2013-04-02,5.26,5.31,5.23,5.27,4262123,23458288.000
2013-04-03,5.30,5.31,5.21,5.22,3695187,20299842.000
2013-04-08,5.18,5.21,5.12,5.17,5248175,28354520.000
2013-04-09,5.20,5.25,5.16,5.18,4648298,25252100.000
2013-04-10,5.17,5.20,5.14,5.15,2726397,14737187.000
2013-04-11,5.20,5.21,5.12,5.13,2968099,16027893.000
2013-04-12,5.13,5.16,5.06,5.06,3244954,17336236.000
2013-04-15,5.07,5.07,4.85,4.91,12410497,64318536.000
2013-04-16,4.90,4.96,4.88,4.96,3727759,19278074.000
2013-04-17,4.96,4.98,4.88,4.92,3649718,18883014.000
2013-04-18,4.90,5.00,4.90,4.96,3112901,16178086.000
2013-04-19,4.97,5.05,4.94,5.03,6948390,36496768.000
2013-04-22,5.00,5.07,4.99,5.02,5487795,28821878.000
2013-04-23,5.01,5.03,4.85,4.87,6918470,35658292.000
2013-04-24,4.88,5.07,4.88,5.01,7594806,39645220.000
2013-04-25,5.01,5.03,4.94,4.99,5295408,27706142.000
2013-04-26,5.03,5.04,4.96,4.98,4761610,24968476.000
2013-05-02,4.98,5.01,4.91,4.92,4162725,21558968.000
2013-05-03,4.95,5.04,4.93,4.99,6478794,33954432.000
2013-05-06,5.02,5.35,5.00,5.23,24297936,132513280.000
2013-05-07,5.18,5.24,5.13,5.22,9268659,50181136.000
2013-05-08,5.22,5.28,5.19,5.24,18776942,103125656.000
2013-05-09,5.23,5.24,5.13,5.17,7657029,41484244.000
2013-05-10,5.16,5.23,5.14,5.20,8247152,44837668.000
2013-05-13,5.21,5.66,5.17,5.54,37758296,211613024.000
2013-05-14,5.49,5.59,5.38,5.54,17564233,99983832.000
2013-05-15,5.50,5.56,5.43,5.50,41189950,237568816.000
2013-05-16,5.47,5.60,5.45,5.51,34419058,199060480.000
2013-05-17,5.51,5.73,5.45,5.61,38949130,228073984.000
2013-05-20,5.58,5.65,5.54,5.59,25325885,147671632.000
2013-05-21,5.60,5.80,5.57,5.76,35337837,210155344.000
2013-05-22,5.76,5.76,5.55,5.57,25712456,150933888.000
2013-05-23,5.55,5.64,5.51,5.52,16202064,94020216.000
2013-05-24,5.55,5.65,5.53,5.62,19053678,111268240.000
2013-05-27,5.62,5.68,5.58,5.67,13997265,82185088.000
2013-05-28,5.63,6.01,5.61,5.85,35023574,210342928.000
2013-05-29,5.85,5.90,5.76,5.86,19164871,115889184.000
2013-05-30,5.86,5.90,5.78,5.84,46513973,283423264.000
2013-05-31,5.83,5.85,5.72,5.73,13889209,83625760.000
2013-06-03,5.72,5.86,5.65,5.84,33414054,202075120.000
2013-06-04,5.82,5.90,5.64,5.72,20089762,120731072.000
2013-06-05,5.68,5.83,5.65,5.73,17463128,103951584.000
2013-06-06,5.74,6.23,5.69,6.03,53180445,327053792.000
2013-06-07,5.88,5.97,5.62,5.65,79177930,478542080.000
2013-06-13,5.59,5.71,5.33,5.58,25028482,143375088.000
2013-06-14,5.58,5.71,5.49,5.66,23101344,135532128.000
2013-06-17,5.66,5.73,5.56,5.58,22425638,132544248.000
2013-06-18,5.60,5.81,5.56,5.78,21638196,128318088.000
2013-06-19,5.74,5.86,5.68,5.78,32890154,197823168.000
2013-06-20,5.79,5.89,5.58,5.66,36484572,219034256.000
2013-06-21,5.58,5.73,5.56,5.70,19876020,117273352.000
2013-06-24,5.70,5.81,5.45,5.52,22415846,130638152.000
2013-06-25,5.46,5.59,4.98,5.31,30990037,170415472.000
2013-06-26,5.26,5.36,5.18,5.28,19461627,107093944.000
2013-06-27,5.28,5.32,5.08,5.12,14119215,76942832.000
2013-06-28,5.11,5.44,5.04,5.27,37373817,206883488.000
2013-07-01,5.29,5.45,5.24,5.38,48094734,267894960.000
2013-07-02,5.38,5.40,5.27,5.33,16574174,92544656.000
2013-07-03,5.29,5.36,5.12,5.29,29063246,160246832.000
2013-07-04,5.19,5.36,5.19,5.26,17602540,97476616.000
2013-07-05,5.27,5.32,5.21,5.23,11856234,65054356.000
2013-07-08,5.19,5.19,4.92,4.93,13263469,69967912.000
2013-07-09,4.93,5.12,4.92,5.00,18974987,99522112.000
2013-07-10,5.01,5.11,4.97,5.10,18823243,99471600.000
2013-07-11,5.09,5.28,5.07,5.22,15296142,82941272.000
2013-07-12,5.22,5.30,5.15,5.16,12630839,69197464.000
2013-07-15,5.20,5.46,5.19,5.32,20564829,114388872.000
2013-07-16,5.31,5.37,5.28,5.34,11251401,62654788.000
2013-07-17,5.32,5.39,5.26,5.27,11240909,62585140.000
2013-07-18,5.24,5.46,5.20,5.37,20050999,112298520.000
2013-07-19,5.37,5.70,5.33,5.49,47827488,274863424.000
2013-07-22,5.44,5.93,5.41,5.80,44985405,266717920.000
2013-07-23,5.74,5.87,5.68,5.77,57160026,342454336.000
2013-07-24,5.79,5.89,5.66,5.77,39505031,237429696.000
2013-07-25,5.77,5.79,5.50,5.63,32800469,190820480.000
2013-07-26,5.58,5.70,5.50,5.60,34330890,201397376.000
2013-07-29,5.53,5.63,5.46,5.55,17459216,101105968.000
2013-07-30,5.56,5.58,5.37,5.48,10328061,59058556.000
2013-07-31,5.48,5.63,5.48,5.57,34423356,200035040.000
2013-08-01,5.57,5.64,5.53,5.60,39197269,229063184.000
2013-08-02,5.64,5.66,5.47,5.48,25049105,145637776.000
2013-08-05,5.51,5.53,5.46,5.52,11267853,64594432.000
2013-08-06,5.51,5.70,5.49,5.65,23489641,137405984.000
2013-08-07,5.63,5.74,5.57,5.62,29499148,173436240.000
2013-08-08,5.67,5.81,5.62,5.69,21740685,128928744.000
2013-08-09,5.71,5.74,5.59,5.65,29389262,174166144.000
2013-08-12,5.62,5.71,5.60,5.70,13604200,80240432.000
2013-08-13,5.71,5.72,5.62,5.68,13336461,78832448.000
2013-08-14,5.68,5.74,5.62,5.68,24877158,147601024.000
2013-08-15,5.68,5.70,5.58,5.59,21809400,128744568.000
2013-08-16,5.56,5.69,5.44,5.45,22792951,131828208.000
2013-08-19,5.49,5.55,5.45,5.51,7142576,39722384.000
2013-08-20,5.50,5.56,5.44,5.47,7605740,42251880.000
2013-08-21,5.51,5.57,5.46,5.56,10269494,57367728.000
2013-08-22,5.57,5.70,5.55,5.62,12760309,72689136.000
2013-08-23,5.70,5.91,5.53,5.86,46754491,271142624.000
2013-08-26,5.83,6.15,5.71,6.04,77340462,468145504.000
2013-08-27,6.00,6.27,5.99,6.08,61111836,377561440.000
2013-08-28,6.00,6.69,5.99,6.69,101255011,661217856.000
2013-08-29,6.90,6.92,6.52,6.62,104650609,706656704.000
2013-08-30,6.55,7.18,6.54,6.74,129433899,889249088.000
2013-09-02,6.85,6.91,6.19,6.30,77583278,500564128.000
2013-09-03,6.32,6.48,6.25,6.37,39862659,255766320.000
2013-09-04,6.37,6.58,6.24,6.35,50846449,328159648.000
2013-09-05,6.30,6.31,6.17,6.24,39169899,246751520.000
2013-09-06,6.26,6.62,6.25,6.52,73822513,483313344.000
2013-09-09,6.48,6.85,6.42,6.66,70283856,472662624.000
2013-09-10,6.62,7.31,6.62,7.16,111744634,797046720.000
2013-09-11,7.17,7.42,6.84,7.25,87906018,629222272.000
2013-09-12,7.56,7.98,7.55,7.98,123500977,981018048.000
2013-09-13,8.14,8.44,7.84,7.96,168425962,1380063104.000
2013-09-16,7.85,7.92,7.60,7.63,70054518,546275072.000
2013-09-17,7.63,7.86,7.33,7.62,65537866,507910272.000
2013-09-18,7.59,8.22,7.46,8.12,87278845,696984064.000
2013-09-23,8.29,8.94,8.05,8.94,131949718,1149198592.000
2013-09-24,9.04,9.41,8.74,8.83,136819344,1254301952.000
2013-09-25,8.84,9.72,8.75,9.71,198956465,1919118464.000
2013-09-26,9.42,9.42,8.73,8.73,151864327,1363204864.000
2013-09-27,8.45,9.61,8.45,9.52,204834444,1924417536.000
2013-09-30,9.52,10.48,9.34,10.48,72321138,739016256.000
2013-10-08,11.53,11.53,10.84,11.11,184065829,2079187200.000
2013-10-09,10.84,12.12,10.82,12.04,168967954,1957616256.000
2013-10-10,11.78,12.04,11.10,11.26,128694717,1487936128.000
2013-10-11,11.39,11.79,10.90,11.42,111551181,1272406400.000
2013-10-14,11.69,12.56,11.26,12.23,145344025,1749688576.000
2013-10-17,11.44,11.62,11.00,11.00,116904427,1312882816.000
2013-10-18,10.70,11.32,10.17,11.14,85586256,926272640.000
2013-10-21,11.16,12.26,11.16,12.26,151322698,1836235520.000
2013-10-22,12.44,12.78,11.39,11.84,139918451,1704045056.000
2013-10-23,11.66,11.69,10.65,10.65,106467933,1172724096.000
2013-10-24,10.49,11.09,10.45,10.80,60563066,660186112.000
2013-10-25,10.82,10.90,9.82,10.09,82131361,839982528.000
2013-10-28,10.01,10.21,9.62,9.93,54603808,546167424.000
2013-10-29,9.94,10.07,8.93,9.19,93050896,873182528.000
2013-10-30,9.21,9.39,9.02,9.29,53335472,495109024.000
2013-10-31,9.54,9.71,9.14,9.16,67512742,641318208.000
2013-11-01,8.91,9.42,8.52,9.26,67171354,604798080.000
2013-11-04,9.12,9.24,8.94,9.10,35954369,330290528.000
2013-11-05,9.03,9.68,8.95,9.62,51727487,487090144.000
2013-11-06,9.51,9.59,9.16,9.17,48444116,458073664.000
2013-11-07,9.11,9.34,8.96,9.16,33131726,305444608.000
2013-11-08,9.07,9.33,8.98,9.09,39059197,358757056.000
2013-11-11,9.04,9.07,8.42,8.46,48917394,425728352.000
2013-11-12,8.44,8.78,8.27,8.68,43747834,375581952.000
2013-11-13,8.61,9.04,8.48,8.61,51036551,452595488.000
2013-11-14,8.45,8.90,8.24,8.82,48861396,423834592.000
2013-11-15,8.80,9.71,8.71,9.41,128284695,1223037312.000
2013-11-18,9.52,10.07,9.36,9.84,95396760,936554368.000
2013-11-19,9.84,10.24,9.67,9.82,63495102,636014144.000
2013-11-20,9.91,10.12,9.76,10.03,47376430,473873248.000
2013-11-21,9.94,10.37,9.84,10.14,52148685,530989216.000
2013-11-22,10.23,10.48,9.89,9.94,46351898,471330848.000
2013-11-25,9.84,10.12,9.71,9.76,37730448,375047712.000
2013-11-26,9.84,9.94,9.70,9.75,26216600,258360032.000
2013-11-27,9.79,10.32,9.71,10.22,63047751,641809472.000
2013-11-28,10.24,10.40,10.06,10.09,43534102,447685216.000
2013-11-29,10.21,10.40,9.97,10.24,43616186,448908704.000
2013-12-02,9.94,10.21,9.24,9.39,68464812,667116864.000
2013-12-03,9.34,9.63,9.23,9.52,38206578,362349792.000
2013-12-04,9.52,10.48,9.48,10.22,76194503,777331392.000
2013-12-05,10.16,10.22,9.90,10.04,37145976,375669792.000
2013-12-06,9.94,10.19,9.90,10.03,25678531,259419840.000
2013-12-09,10.17,10.84,10.07,10.78,71715933,749895104.000
2013-12-10,10.69,11.31,10.64,10.72,72770180,803645376.000
2013-12-11,10.69,11.12,10.48,10.90,54331088,589720000.000
2013-12-12,10.94,11.31,10.74,10.84,57295770,633933888.000
2013-12-13,10.75,11.00,10.64,10.85,44765327,486145696.000
2013-12-16,10.84,10.92,10.10,10.22,51227077,536402816.000
2013-12-17,10.27,10.34,9.82,9.93,35997721,362381216.000
2013-12-18,9.98,10.03,9.58,9.64,29266097,287123680.000
2013-12-19,9.66,9.84,9.54,9.59,20785156,203298368.000
2013-12-20,9.59,9.89,9.55,9.66,25121730,245367520.000
2013-12-23,9.70,9.74,9.05,9.15,35854408,334216384.000
2013-12-24,9.19,9.39,8.99,9.12,26836750,248464048.000
2013-12-25,9.10,9.43,9.02,9.37,21878731,204079392.000
2013-12-26,9.41,9.62,9.33,9.44,28308225,269888704.000
2013-12-27,9.44,9.70,9.43,9.47,24033247,231013232.000
2013-12-30,9.53,9.64,9.43,9.54,20018051,191575568.000
2013-12-31,9.47,9.79,9.44,9.71,19180626,186182656.000
2014-01-02,9.69,9.74,9.59,9.65,13933396,135274032.000
2014-01-03,9.64,9.64,9.16,9.23,30971927,289654528.000
2014-01-06,9.04,9.17,8.62,8.86,34195943,305252288.000
2014-01-07,8.80,9.22,8.62,8.96,22487586,202876656.000
2014-01-08,8.88,9.40,8.88,9.32,38422657,357321216.000
2014-01-09,9.27,9.67,8.99,9.14,45854830,434872864.000
2014-01-10,9.04,9.09,8.73,8.76,29476651,263775632.000
2014-01-13,8.88,9.03,8.69,8.77,17573294,156295248.000
2014-01-14,8.82,9.10,8.79,9.09,14747800,132968992.000
2014-01-15,9.09,9.09,8.78,8.96,18077332,162294000.000
2014-01-16,8.95,9.21,8.87,9.13,23182186,212453200.000
2014-01-17,9.04,9.10,8.86,8.87,15659050,141078960.000
2014-01-20,8.84,9.16,8.80,9.01,20178641,183255552.000
2014-01-21,8.97,9.44,8.95,9.41,32779406,305957280.000
2014-01-22,9.46,9.68,9.32,9.66,35085712,336477216.000
2014-01-23,9.73,10.44,9.58,9.96,58904102,596432256.000
2014-01-24,9.84,10.35,9.79,10.13,36322438,369364160.000
2014-01-27,10.11,10.48,10.05,10.32,40663387,423661696.000
2014-01-28,10.44,10.63,10.13,10.26,29855965,310277888.000
2014-01-29,10.29,10.54,10.17,10.36,31354853,327064992.000
2014-01-30,10.32,10.81,10.24,10.73,42608885,456102272.000
2014-02-07,10.66,11.02,10.44,10.88,41360502,448193472.000
2014-02-10,10.92,10.99,10.71,10.85,48975285,534558080.000
2014-02-11,10.87,11.01,10.50,10.56,46030115,495754144.000
2014-02-12,10.55,10.65,10.33,10.42,35232619,370049568.000
2014-02-13,10.43,11.47,10.32,11.29,137288317,1538656384.000
2014-02-14,11.54,11.92,11.27,11.76,111746295,1308256384.000
2014-02-17,11.78,11.84,11.24,11.69,70978604,821242240.000
2014-02-18,11.56,12.87,11.45,12.87,160108616,2029179648.000
2014-02-19,12.81,13.31,12.59,13.08,135753889,1767604736.000
2014-02-20,13.19,13.39,12.64,12.67,85963712,1120886144.000
2014-02-21,12.67,13.04,12.42,12.75,68605191,877579264.000
2014-02-24,12.72,12.99,12.49,12.85,54358573,698312128.000
2014-02-25,12.83,13.46,11.74,11.91,122732469,1565842048.000
2014-02-26,11.83,12.12,11.34,11.57,82474383,961682112.000
2014-02-27,11.74,11.96,10.86,11.08,95460157,1094011648.000
2014-02-28,11.31,11.62,11.19,11.46,79138505,909421056.000
2014-03-03,11.43,12.11,11.23,11.89,70389456,830808896.000
2014-03-04,11.83,11.83,11.47,11.68,39942188,467638112.000
2014-03-05,11.68,11.80,11.46,11.52,29487195,343620544.000
2014-03-06,11.48,12.01,11.39,11.85,46900236,552572544.000
2014-03-07,12.02,12.15,11.53,11.73,46211685,550223040.000
2014-03-10,11.63,11.63,10.95,10.97,53128741,599406208.000
2014-03-11,10.94,11.15,10.72,11.06,36601144,403025760.000
2014-03-12,10.99,11.33,10.92,11.15,38067115,425474784.000
2014-03-13,11.19,11.23,10.92,11.07,26642152,295824256.000
2014-03-14,11.01,11.23,10.92,11.10,19944045,222294416.000
2014-03-17,11.12,11.52,11.12,11.45,37446621,427688928.000
2014-03-18,11.58,12.36,11.49,12.32,72999727,876734656.000
2014-03-19,12.14,12.26,11.92,12.16,44079513,535402176.000
2014-03-20,12.14,12.35,11.27,11.39,50770845,609979712.000
2014-03-21,11.33,12.54,11.24,12.54,75553795,917347584.000
2014-03-31,11.89,11.89,11.28,11.28,81639121,929988800.000
2014-04-01,10.84,11.31,10.75,11.05,46508906,517279168.000
2014-04-02,11.09,11.09,10.32,10.65,68190481,726089664.000
2014-04-03,10.56,10.68,10.22,10.38,39728773,417148448.000
2014-04-04,10.38,10.58,10.29,10.54,23143987,244238976.000
2014-04-08,10.50,10.88,10.46,10.73,34382965,371139680.000
2014-04-09,10.80,11.27,10.80,10.99,41332322,459515904.000
2014-04-10,11.04,11.23,10.94,11.13,34465917,384587200.000
2014-04-11,11.08,11.33,10.89,11.22,41124965,459147648.000
2014-04-14,11.14,11.44,11.12,11.23,35904791,407042944.000
2014-04-15,11.16,11.31,10.99,11.02,24358251,271788384.000
2014-04-16,10.96,11.37,10.96,11.24,30226947,340544896.000
2014-04-17,11.23,11.33,11.08,11.10,21251410,239426192.000
2014-04-18,11.06,11.30,10.99,11.24,22764459,256830192.000
2014-04-21,11.14,11.54,11.06,11.36,44176579,504949216.000
2014-04-22,11.29,11.58,11.14,11.44,34488419,394767616.000
2014-04-23,11.39,11.51,11.06,11.17,22546096,255776912.000
2014-04-24,11.13,11.13,10.66,10.67,28523965,311187648.000
2014-04-25,10.64,10.76,10.36,10.38,20594679,218855184.000
2014-04-28,10.34,10.34,9.83,9.84,24196678,244943152.000
2014-04-29,9.85,10.11,9.85,10.07,15256587,153629376.000
2014-04-30,10.12,10.34,10.04,10.21,13847056,142006352.000
2014-05-05,10.20,10.32,10.02,10.27,12990359,133093288.000
2014-05-06,10.24,10.38,10.10,10.20,17374032,179102336.000
2014-05-07,10.14,10.20,9.99,10.00,11516221,117056136.000
2014-05-08,9.96,10.18,9.89,9.91,13271365,133612264.000
2014-05-09,9.94,10.83,9.87,10.64,52612325,550274368.000
2014-05-12,10.60,11.11,10.55,10.94,40583667,444646944.000
2014-05-13,10.94,11.04,10.82,10.87,21140651,231623936.000
2014-05-14,10.89,11.21,10.87,10.96,24855713,275388160.000
2014-05-15,10.98,11.12,10.49,10.51,26218038,283344192.000
2014-05-16,10.62,10.94,10.54,10.93,23356971,252735760.000
2014-05-19,10.94,11.01,10.64,10.75,19234358,208590944.000
2014-05-20,10.90,11.08,10.45,10.63,21697875,234958736.000
2014-05-21,10.64,10.76,10.34,10.67,14248679,151782960.000
2014-05-22,10.68,10.83,10.56,10.61,16915838,182080416.000
2014-05-23,10.58,11.12,10.54,11.11,43794217,481194688.000
2014-05-26,11.22,11.22,10.84,11.05,42595247,472131872.000
2014-05-27,11.03,11.05,10.89,10.93,16351424,180211072.000
2014-05-28,10.94,10.99,10.69,10.92,24989883,272493472.000
2014-11-24,12.01,12.01,12.01,12.01,995723,11958633.000
2014-11-25,13.21,13.21,13.21,13.21,2128979,28123812.000
2014-11-26,14.50,14.53,13.65,14.53,230249606,3302533888.000
2014-11-27,14.50,14.65,14.03,14.29,161980994,2322331136.000
2014-11-28,14.20,15.58,14.02,14.72,171892779,2550461952.000
2014-12-01,14.50,15.23,14.31,14.59,102477152,1508862720.000
2014-12-02,14.50,14.88,14.42,14.64,94576602,1384364032.000
2014-12-03,14.69,15.38,14.30,15.04,152419565,2262824448.000
2014-12-04,15.00,15.21,14.81,15.05,113110166,1696273280.000
2014-12-05,15.09,15.09,14.22,14.38,112722034,1641906048.000
2014-12-08,14.19,14.77,14.08,14.38,82171383,1187640576.000
2014-12-09,14.42,15.57,14.30,14.56,182823016,2742511104.000
2014-12-10,14.76,16.02,14.73,16.02,190701067,2936424960.000
2014-12-11,16.20,16.51,15.61,15.80,147343563,2361618432.000
2014-12-12,15.89,15.89,15.46,15.58,75776561,1184753536.000
2014-12-15,15.57,15.58,15.13,15.45,76906978,1183282688.000
2014-12-16,15.46,15.60,15.21,15.39,67957325,1046233408.000
2014-12-17,15.23,15.29,14.65,14.85,93554902,1398394112.000
2014-12-18,14.85,15.09,14.79,14.85,50386837,751999424.000
2014-12-19,14.85,15.38,14.68,14.96,78277547,1175737344.000
2014-12-22,14.80,14.80,13.80,13.95,80466031,1139335040.000
2014-12-23,13.95,14.37,13.70,13.75,41396333,578990976.000
2014-12-24,13.87,14.00,13.61,13.90,38639783,534185888.000
2014-12-25,14.25,14.55,14.11,14.23,51189926,731605120.000
2014-12-26,14.21,14.82,14.10,14.65,62104394,900276736.000
2014-12-29,14.88,14.89,14.20,14.32,72876947,1050141888.000
2014-12-30,14.16,14.24,13.51,13.71,55016813,761722048.000
2014-12-31,13.70,13.94,13.58,13.84,31098977,427155360.000
2015-01-05,13.82,14.03,13.64,13.92,34856392,483449056.000
2015-01-06,13.87,14.33,13.73,14.23,46182462,649947136.000
2015-01-07,14.20,14.30,13.93,14.02,36692154,515921760.000
2015-01-08,14.02,14.15,13.74,13.76,30484413,423297408.000
2015-01-09,13.70,13.88,13.53,13.56,33246583,456638112.000
2015-01-12,13.54,13.54,13.00,13.19,36698202,485275392.000
2015-01-13,13.19,13.45,13.18,13.30,21651097,288780416.000
2015-01-14,13.30,13.41,13.03,13.16,19219587,254157456.000
2015-01-15,13.13,13.55,13.13,13.45,25700220,344785376.000
2015-01-16,13.60,14.24,13.41,14.00,53845764,745720320.000
2015-01-19,13.59,14.18,13.20,13.43,48705742,669541120.000
2015-01-20,13.51,13.98,13.51,13.90,38253908,526961984.000
2015-01-21,13.96,14.39,13.96,14.34,66651917,945806080.000
2015-01-22,14.98,15.57,14.98,15.22,145235991,2207705344.000
2015-01-23,15.52,15.52,14.81,15.23,84923415,1280750336.000
2015-01-26,15.09,15.47,14.73,15.13,102578390,1547295360.000
2015-01-27,15.16,15.25,14.65,14.77,65595793,976089216.000
2015-01-28,14.66,14.97,14.53,14.64,47461113,700898432.000
2015-01-29,14.47,14.63,14.31,14.32,35336321,510179136.000
2015-01-30,14.43,14.50,14.15,14.16,26524408,378682528.000
2015-02-02,14.00,14.13,13.81,13.92,22661522,316552544.000
2015-02-03,13.94,14.25,13.94,14.20,24217018,342931648.000
2015-02-04,14.21,14.27,13.90,13.94,24310140,342596256.000
2015-02-05,14.11,14.43,13.97,14.04,44243658,629010240.000
2015-02-06,14.01,14.35,13.92,13.97,28612937,404111232.000
2015-02-09,13.93,14.11,13.70,13.77,25662271,357163040.000
2015-02-10,13.77,13.88,13.71,13.85,18648394,257232096.000
2015-02-11,13.90,14.27,13.87,14.08,23877098,336111392.000
2015-02-12,14.15,14.33,13.94,14.23,31315147,443919552.000
2015-02-13,14.28,14.50,14.20,14.39,42775249,613646656.000
2015-02-16,14.42,15.21,14.42,15.02,90712589,1351755520.000
2015-02-17,14.97,14.97,14.69,14.73,51608502,763042560.000
2015-02-25,14.75,14.80,14.28,14.36,34872318,505621792.000
2015-02-26,14.41,14.65,14.41,14.60,28551427,414411648.000
2015-02-27,14.62,14.73,14.47,14.58,33867626,494227488.000
2015-03-02,14.62,14.79,14.41,14.77,46240744,674895616.000
2015-03-03,14.82,15.02,14.50,14.51,55912770,827769280.000
2015-03-04,14.55,14.95,14.52,14.94,58305697,862861696.000
2015-03-05,14.93,14.93,14.55,14.67,41307407,606952256.000
2015-03-06,14.68,14.94,14.59,14.70,36854476,544050944.000
2015-03-09,14.70,14.79,14.50,14.73,31719553,463540288.000
2015-03-10,14.75,15.09,14.67,14.84,57290310,853831872.000
2015-03-11,14.85,14.95,14.65,14.76,37145038,549777088.000
2015-03-12,14.77,14.94,14.62,14.74,35680276,526924672.000
2015-03-13,14.77,14.78,14.60,14.72,29879813,438535424.000
2015-03-16,14.75,15.15,14.74,15.12,82864151,1242217856.000
2015-03-17,15.14,15.33,14.99,15.18,78247680,1186103424.000
2015-03-18,15.26,16.08,15.17,16.02,129461549,2042499840.000
2015-03-19,15.82,15.85,15.48,15.74,80798294,1269254528.000
2015-03-20,15.85,16.15,15.66,15.80,92086122,1464786688.000
2015-03-23,15.98,16.30,15.88,16.09,93798283,1507232896.000
2015-03-24,16.11,16.48,15.73,16.47,119479658,1932927744.000
2015-03-25,16.49,16.58,16.07,16.29,73194017,1193832832.000
2015-04-07,17.87,17.87,16.69,16.76,139840281,2388048384.000
2015-04-08,16.91,16.91,16.12,16.40,89057380,1470531840.000
2015-04-09,16.44,16.45,15.57,15.89,70868661,1129094400.000
2015-04-10,15.85,16.37,15.78,16.29,72856293,1178262656.000
数据来源:通达信
