600887 伊利股份 日线 前复权
      日期	    开盘	    最高	    最低	    收盘	    成交量	    成交额
2011-03-02,11.68,11.82,11.50,11.74,4960644,186710768.000
2011-03-03,11.85,11.88,11.50,11.54,6583706,247538544.000
2011-03-04,11.61,11.77,11.55,11.66,4643478,174564192.000
2011-03-07,11.66,11.85,11.33,11.46,9148082,339489312.000
2011-03-08,11.46,11.47,11.25,11.36,6442601,235780592.000
2011-03-09,11.38,11.48,11.20,11.27,5046043,184428256.000
2011-03-10,11.24,11.66,11.21,11.44,7090790,263706304.000
2011-03-11,11.41,11.68,11.35,11.39,5449753,203672576.000
2011-03-14,11.38,11.83,11.38,11.81,8599388,324542976.000
2011-03-15,11.81,11.91,11.45,11.78,6012554,227155968.000
2011-03-16,11.90,11.95,11.63,11.80,6205852,234534880.000
2011-03-17,11.86,12.21,11.65,11.92,14913782,572511168.000
2011-03-18,11.82,11.88,11.51,11.58,7287277,274690720.000
2011-03-21,11.61,11.73,11.19,11.34,6027062,221440672.000
2011-03-22,11.28,11.46,11.19,11.32,5415066,197887296.000
2011-03-23,11.29,11.41,11.21,11.28,5810466,212438560.000
2011-03-24,11.35,11.35,11.13,11.22,4876942,176620080.000
2011-03-25,11.24,11.26,11.06,11.13,8102782,292328416.000
2011-03-28,11.15,11.20,10.57,10.59,16423346,574649984.000
2011-03-29,10.61,10.67,10.28,10.44,10733319,365255552.000
2011-03-30,10.46,10.53,10.24,10.30,8126704,273087264.000
2011-03-31,10.32,10.75,10.26,10.63,7209964,247140560.000
2011-04-01,10.59,10.75,10.41,10.45,4650661,158886560.000
2011-04-06,10.78,10.91,10.42,10.59,11391827,393793952.000
2011-04-07,10.56,10.73,10.18,10.69,14202383,481836352.000
2011-04-08,10.69,11.04,10.56,10.98,11256764,398776768.000
2011-04-11,11.05,11.05,10.88,10.97,5544823,197355136.000
2011-04-12,10.93,11.22,10.91,11.05,8145848,293338528.000
2011-04-13,11.06,11.34,11.01,11.27,7332329,266571072.000
2011-04-14,11.35,11.35,11.05,11.08,5219231,188942000.000
2011-04-15,11.08,11.19,11.06,11.13,4310535,155355984.000
2011-04-18,11.11,11.16,10.67,10.71,7653537,268436576.000
2011-04-19,10.71,10.80,10.61,10.75,4117230,143615968.000
2011-04-20,10.79,11.01,10.68,10.90,3262738,115250856.000
2011-04-21,10.85,11.06,10.78,10.86,3010382,106724592.000
2011-04-22,10.85,10.88,10.55,10.58,2879893,100212824.000
2011-04-25,10.57,10.96,10.40,10.80,6470380,225633392.000
2011-04-26,10.78,10.95,10.68,10.84,4083375,143430688.000
2011-04-27,10.90,10.91,10.61,10.72,1995907,69616320.000
2011-04-28,10.77,10.77,10.40,10.40,5069444,173532064.000
2011-04-29,10.41,10.67,10.30,10.45,3841561,130282176.000
2011-05-03,10.68,11.06,10.47,11.00,11122226,389558816.000
2011-05-04,11.00,11.84,10.85,11.38,24694561,917777664.000
2011-05-05,11.33,11.63,11.31,11.50,10576073,392949600.000
2011-05-06,11.40,11.82,11.36,11.57,13088937,494128704.000
2011-05-09,11.57,12.04,11.56,11.78,7448564,285003136.000
2011-05-10,11.80,11.86,11.58,11.69,5552421,209676400.000
2011-05-11,11.71,11.86,11.61,11.70,3013263,113807488.000
2011-05-19,11.75,11.75,10.61,10.86,28825341,1025898624.000
2011-05-20,10.78,10.91,10.68,10.79,8089663,284267328.000
2011-05-23,10.73,10.91,10.36,10.42,11144007,381591328.000
2011-05-24,10.42,10.56,10.15,10.44,8049405,270178848.000
2011-05-26,10.46,10.85,10.46,10.73,8914990,310554624.000
2011-05-27,10.74,10.88,10.28,10.40,7785819,268564000.000
2011-05-30,10.38,10.85,10.36,10.67,6915286,240401536.000
2011-05-31,10.76,10.86,10.68,10.73,3871494,135217344.000
2011-06-01,10.78,10.83,10.68,10.77,5153930,180131216.000
2011-06-02,10.75,10.87,10.65,10.77,6918365,241845680.000
2011-06-03,10.77,11.17,10.76,11.11,7200552,257801328.000
2011-06-07,11.11,11.16,11.05,11.10,4447840,160076336.000
2011-06-08,11.15,11.24,11.00,11.19,5009941,180453232.000
2011-06-09,11.26,11.26,10.93,11.01,4907560,176469072.000
2011-06-10,11.01,11.28,11.01,11.17,5530015,199599376.000
2011-06-13,10.97,12.38,9.97,9.97,46381448,764801216.000
2011-06-15,9.41,10.00,9.35,9.91,121556715,1926946432.000
2011-06-16,9.58,9.66,9.32,9.36,47676825,740608896.000
2011-06-17,9.38,9.74,9.36,9.40,30048373,470853792.000
2011-06-20,9.41,9.60,9.22,9.38,16955242,262464336.000
2011-06-21,9.39,9.59,9.39,9.51,15069784,234772336.000
2011-06-22,9.60,10.02,9.45,9.83,29469072,472545888.000
2011-06-23,9.83,9.86,9.55,9.81,14853915,236100848.000
2011-06-24,9.72,10.25,9.72,10.18,20978341,345038560.000
2011-06-27,10.19,10.28,10.05,10.11,17518482,289576768.000
2011-06-28,10.11,10.35,9.90,10.33,13967716,231270736.000
2011-06-29,10.31,10.32,10.15,10.16,10173472,169805664.000
2011-06-30,10.15,10.35,10.09,10.21,13082599,217873632.000
2011-07-01,10.33,10.71,10.25,10.64,21651567,369866272.000
2011-07-04,10.66,11.03,10.66,10.98,20564358,364002720.000
2011-07-05,10.99,11.03,10.85,11.00,10624942,188390736.000
2011-07-06,10.99,10.99,10.71,10.85,11810095,207209616.000
2011-07-07,10.84,11.07,10.79,10.83,12283998,217452224.000
2011-07-08,10.82,11.09,10.82,10.98,11683494,208108320.000
2011-07-11,10.87,11.31,10.87,11.20,11059037,199431488.000
2011-07-12,11.16,11.36,11.03,11.23,12503807,226562672.000
2011-07-13,11.25,11.95,11.25,11.72,28764314,542475904.000
2011-07-14,11.98,12.27,11.43,11.49,31835712,595932544.000
2011-07-15,11.45,11.81,11.43,11.75,14425244,272235616.000
2011-07-18,11.78,11.99,11.62,11.88,21197856,405362176.000
2011-07-19,11.78,12.13,11.73,11.96,15673904,301934592.000
2011-07-20,12.03,12.14,11.91,12.04,11784776,227944944.000
2011-07-21,12.08,12.41,11.97,12.40,25912208,510158656.000
2011-07-22,12.38,12.55,12.25,12.37,13413001,266956608.000
2011-07-25,12.31,12.55,11.87,12.02,17692695,347882272.000
2011-07-26,11.98,12.02,11.47,11.91,19764007,373212704.000
2011-07-27,11.77,12.09,11.51,11.88,12596860,239799440.000
2011-07-28,11.66,11.87,11.58,11.72,10348515,195690352.000
2011-07-29,11.65,11.88,11.51,11.65,7620955,143963824.000
2011-08-01,11.58,11.85,11.55,11.83,5716949,108131056.000
2011-08-02,11.69,11.73,11.31,11.65,11497462,213889696.000
2011-08-03,11.51,12.08,11.39,12.00,11673532,223141344.000
2011-08-04,12.08,12.34,11.96,12.32,14667074,288315232.000
2011-08-05,11.98,12.31,11.78,12.07,12060467,235041472.000
2011-08-08,12.20,12.48,11.78,11.92,26040882,507921856.000
2011-08-09,11.65,12.35,11.39,12.31,21704088,415392800.000
2011-08-10,12.48,12.60,12.31,12.43,21517396,430958592.000
2011-08-11,12.31,13.08,12.25,12.98,25720455,527912672.000
2011-08-12,13.11,13.21,12.91,13.21,18760850,393495808.000
2011-08-15,13.24,13.43,12.95,13.09,16670146,349259232.000
2011-08-16,13.03,13.27,12.77,12.85,11620930,241836976.000
2011-08-17,12.85,13.09,12.70,12.82,11022257,228189184.000
2011-08-18,12.79,13.06,12.79,12.84,11080308,229603456.000
2011-08-19,12.65,13.00,12.45,12.77,12547622,255807472.000
2011-08-22,12.77,12.82,12.05,12.31,16964447,338052608.000
2011-08-23,12.29,12.32,11.93,12.29,13797360,269539136.000
2011-08-24,12.30,12.50,12.25,12.43,8090927,161187408.000
2011-08-25,12.45,12.58,12.13,12.51,11390455,226167552.000
2011-08-26,12.44,12.49,12.25,12.37,6680007,132707296.000
2011-08-29,12.25,12.53,12.10,12.39,8217425,163957792.000
2011-08-30,12.51,12.87,12.46,12.57,11100718,225593984.000
2011-08-31,12.57,12.65,12.22,12.41,6536353,130565312.000
2011-09-01,12.43,12.53,11.98,12.03,8586928,168630944.000
2011-09-02,12.03,12.07,11.88,12.02,5030066,96959264.000
2011-09-05,11.85,12.05,11.71,11.72,6807987,129875136.000
2011-09-06,11.71,11.85,11.47,11.72,7346015,138493168.000
2011-09-07,11.79,11.95,11.68,11.95,5037358,96175664.000
2011-09-08,11.98,12.03,11.72,11.73,3227517,61953084.000
2011-09-09,11.91,11.91,11.15,11.21,11058225,205092832.000
2011-09-13,11.11,11.61,10.96,11.45,6850633,125196120.000
2011-09-14,11.46,11.83,11.34,11.81,13457232,252637120.000
2011-09-15,11.81,11.95,11.55,11.88,7516521,143192864.000
2011-09-16,11.97,12.11,11.78,11.87,5453497,105029008.000
2011-09-19,11.79,11.87,11.69,11.73,3914874,74296912.000
2011-09-20,11.68,11.91,11.66,11.77,3374993,64146020.000
2011-09-21,11.86,12.13,11.51,11.97,6778215,129913072.000
2011-09-22,11.78,11.97,11.65,11.75,4171439,79430096.000
2011-09-23,11.45,11.75,11.39,11.43,8224650,152850736.000
2011-09-26,11.41,11.57,11.13,11.25,7201125,131775688.000
2011-09-27,11.38,11.40,11.17,11.25,4378605,80075312.000
2011-09-28,11.25,11.41,11.11,11.15,4671678,85214608.000
2011-09-29,10.99,11.28,10.98,11.11,4463884,80587784.000
2011-09-30,11.11,11.37,11.10,11.31,4181494,76086992.000
2011-10-10,11.18,11.38,11.18,11.22,6137609,112142088.000
2011-10-11,11.45,11.53,10.91,11.19,6616467,120614392.000
2011-10-12,11.09,11.71,10.98,11.58,10723428,198321664.000
2011-10-13,11.59,11.95,11.45,11.78,7352474,139741504.000
2011-10-14,11.78,12.01,11.71,11.78,8538528,163429088.000
2011-10-17,11.91,12.15,11.72,12.08,8017671,155421920.000
2011-10-18,12.06,12.19,11.89,11.93,4634480,89734320.000
2011-10-19,11.93,12.10,11.90,11.99,4565839,88154768.000
2011-10-20,11.79,11.99,11.71,11.89,5777351,110205408.000
2011-10-21,11.93,12.06,11.80,11.83,2588580,49815052.000
2011-10-24,11.93,12.31,11.83,12.15,8635142,167836512.000
2011-10-25,12.08,12.25,11.97,12.20,8543587,166955344.000
2011-10-26,12.14,12.71,12.10,12.53,11491426,231218128.000
2011-10-27,12.58,12.77,12.48,12.59,6732223,136645840.000
2011-10-28,12.74,12.83,12.45,12.73,8202849,166809488.000
2011-10-31,13.18,14.09,12.95,13.09,36097550,767964928.000
2011-11-01,13.09,14.03,13.08,13.75,24382562,532884288.000
2011-11-02,13.65,14.27,13.49,14.22,23657461,523184096.000
2011-11-03,14.21,14.36,13.86,13.90,25086058,562520128.000
2011-11-04,14.04,14.23,13.77,13.93,14819022,330118272.000
2011-11-07,13.78,14.28,13.70,13.77,11868765,264070592.000
2011-11-08,13.73,13.95,13.61,13.73,7890765,173139488.000
2011-11-09,13.73,14.17,13.70,14.16,13572652,301913472.000
2011-11-10,14.08,14.16,13.94,13.97,8704547,194956768.000
2011-11-11,14.03,14.65,14.03,14.43,17163218,392853504.000
2011-11-14,14.57,14.79,14.45,14.61,11231960,260802928.000
2011-11-15,14.61,14.85,14.27,14.49,11575872,266847664.000
2011-11-16,14.37,14.37,13.52,13.85,28011091,616822848.000
2011-11-17,13.81,13.95,13.59,13.79,9351985,206099152.000
2011-11-18,13.63,13.97,13.60,13.74,9951844,218693360.000
2011-11-21,13.70,14.08,13.69,13.86,15810401,352075296.000
2011-11-22,13.81,14.31,13.73,14.19,11150062,250334704.000
2011-11-23,14.27,14.45,13.91,14.37,13532705,307643264.000
2011-11-24,14.66,14.78,14.12,14.45,13256832,306693152.000
2011-11-25,14.45,14.51,14.15,14.42,9382483,214515984.000
2011-11-28,14.42,14.44,14.05,14.09,11214621,253196512.000
2011-11-29,14.23,14.44,13.95,14.43,12435480,280484736.000
2011-11-30,14.31,14.41,13.68,13.90,12087406,269647104.000
2011-12-01,14.18,14.41,13.94,13.99,9159041,206566176.000
2011-12-02,13.78,14.20,13.78,13.91,5760715,128589272.000
2011-12-05,14.05,14.19,13.27,13.31,11368381,248019744.000
2011-12-06,13.31,13.31,12.88,13.15,13238075,277298304.000
2011-12-07,13.11,13.38,12.84,13.31,9513507,199431232.000
2011-12-08,13.24,13.60,13.15,13.46,6469754,138597168.000
2011-12-09,13.43,13.43,12.97,13.12,10340225,217282272.000
2011-12-12,13.09,13.30,12.98,13.26,4133304,87115184.000
2011-12-13,13.17,13.25,12.78,13.11,8283388,172748880.000
2011-12-14,12.97,13.01,12.67,12.71,7908271,162564768.000
2011-12-15,12.62,12.85,12.37,12.79,8386212,169175584.000
2011-12-16,12.83,13.05,12.69,12.72,11156748,230336288.000
2011-12-19,12.76,12.87,12.41,12.85,14033736,282800608.000
2011-12-20,12.78,13.25,12.73,12.97,9206991,192168064.000
2011-12-22,12.58,13.05,12.45,12.95,9233629,188371808.000
2011-12-23,12.95,13.18,12.80,13.05,4515409,94388608.000
2011-12-26,13.04,13.18,11.92,12.31,35491036,709840960.000
2011-12-27,12.08,12.28,11.66,11.90,21718320,416822016.000
2011-12-28,11.75,12.18,11.75,12.09,15913351,306938496.000
2011-12-29,12.11,12.58,12.01,12.39,14629718,289820864.000
2011-12-30,12.56,12.77,12.45,12.73,7648658,154739632.000
2012-01-04,12.84,12.85,12.10,12.27,10200009,204019152.000
2012-01-05,12.20,12.34,11.77,12.00,6558277,126166632.000
2012-01-06,12.01,12.25,11.78,12.22,7052191,136880240.000
2012-01-09,12.23,12.58,11.83,12.53,11886814,232345632.000
2012-01-10,12.42,12.99,12.32,12.83,16351907,335608384.000
2012-01-11,12.78,13.21,12.71,12.85,20936434,436240640.000
2012-01-12,12.78,13.08,12.71,12.78,9690576,200410112.000
2012-01-13,12.76,12.91,12.41,12.59,11201924,227263552.000
2012-01-16,12.51,12.64,11.77,11.79,7448770,145509424.000
2012-01-17,11.82,12.42,11.60,12.36,13082258,252399616.000
2012-01-18,12.37,12.55,11.70,11.87,8015401,156583312.000
2012-01-19,11.99,12.45,11.90,12.43,13358899,263869472.000
2012-01-20,12.51,12.90,12.45,12.81,7664679,156337280.000
2012-01-30,12.82,13.10,12.39,12.67,6210306,126250760.000
2012-01-31,12.76,12.87,12.65,12.74,5068885,103707216.000
2012-02-01,12.78,13.15,12.65,12.85,10254321,213645040.000
2012-02-02,12.96,13.21,12.88,13.06,8620100,179997376.000
2012-02-03,13.05,13.13,12.64,13.05,9877065,204354224.000
2012-02-06,12.93,13.49,12.91,13.49,14451474,305967136.000
2012-02-07,13.37,13.56,13.17,13.45,12204301,261854528.000
2012-02-08,13.45,13.78,13.32,13.65,9779483,211532224.000
2012-02-09,13.64,13.78,13.24,13.33,11238026,243085024.000
2012-02-10,13.25,13.79,13.24,13.62,10403390,225925840.000
2012-02-13,13.39,14.05,13.39,13.85,15010082,331313216.000
2012-02-14,13.81,14.01,13.68,13.84,6835263,150968832.000
2012-02-15,13.74,14.17,13.74,13.91,6078864,135487760.000
2012-02-16,13.85,13.97,13.45,13.63,8657211,189300912.000
2012-02-17,13.73,13.77,13.35,13.39,10677744,230234240.000
2012-02-20,13.57,13.65,13.42,13.44,6936398,150053504.000
2012-02-21,13.57,13.83,13.42,13.83,5670703,123603728.000
2012-02-22,13.81,14.09,13.73,14.01,10111551,224563936.000
2012-02-23,13.96,14.28,13.90,13.98,10062472,226568064.000
2012-02-24,14.01,14.15,13.88,14.11,10048056,224534448.000
2012-02-27,14.15,14.78,14.05,14.45,20268824,466494432.000
2012-02-28,14.48,14.82,14.35,14.58,14987282,347835200.000
2012-02-29,14.57,14.79,14.40,14.44,14594829,338989504.000
2012-03-01,14.43,14.78,14.04,14.21,14926154,342139872.000
2012-03-02,14.21,14.55,14.21,14.49,10068562,231285760.000
2012-03-05,14.56,14.71,14.35,14.37,8171383,188398816.000
2012-03-06,14.37,14.57,14.26,14.37,9494152,218305392.000
2012-03-07,14.36,14.99,14.31,14.89,17929796,419384512.000
2012-03-08,14.98,15.31,14.86,15.09,15162235,363443456.000
2012-03-09,15.13,15.30,14.89,15.23,11756695,282171040.000
2012-03-12,15.16,15.17,14.67,14.97,17556447,415989664.000
2012-03-13,14.97,15.41,14.83,15.35,13169284,315976224.000
2012-03-14,15.38,15.48,14.69,14.89,21367248,510668864.000
2012-03-15,14.89,14.99,14.41,14.51,17098261,399713568.000
2012-03-16,14.51,15.26,14.51,15.17,19982893,476091488.000
2012-03-19,15.21,15.21,14.85,15.06,11168414,266441456.000
2012-03-20,14.89,14.98,14.44,14.46,12394244,287542432.000
2012-03-22,14.31,14.31,13.57,14.17,45683039,1015244032.000
2012-03-23,13.98,14.28,13.83,14.17,22036115,493639072.000
2012-03-26,14.17,14.45,14.12,14.40,12777615,291400032.000
2012-03-27,14.43,14.43,14.18,14.21,7288296,166364400.000
2012-03-28,14.18,14.34,13.79,13.90,10480114,236072928.000
2012-03-29,13.84,14.11,13.63,13.78,10141719,223999344.000
2012-03-30,13.87,13.90,13.75,13.81,6518775,143792528.000
2012-04-05,13.85,14.46,13.69,14.32,12750421,288196448.000
2012-04-06,14.31,14.48,14.18,14.39,6513266,148967232.000
2012-04-09,14.39,14.55,14.11,14.47,6343563,145803552.000
2012-04-10,14.38,14.53,13.98,14.46,8584068,194795696.000
2012-04-11,14.31,14.71,14.25,14.45,9675686,223272352.000
2012-04-12,14.45,14.69,14.45,14.67,4961497,114034992.000
2012-04-13,14.71,14.85,14.61,14.80,7879963,182826048.000
2012-04-16,14.80,14.93,14.66,14.73,8325117,193618608.000
2012-04-17,14.63,14.72,14.28,14.48,6709830,153061488.000
2012-04-18,14.56,14.65,14.17,14.57,9546262,217336720.000
2012-04-19,14.51,14.51,13.87,14.01,26239857,583743552.000
2012-04-20,14.07,14.24,13.91,14.15,14394877,319435328.000
2012-04-23,14.15,14.45,14.07,14.20,8089061,182036592.000
2012-04-24,14.29,14.35,13.61,14.07,19343212,426444096.000
2012-04-25,14.02,14.08,13.79,14.07,7960657,174921968.000
2012-04-26,14.09,14.14,13.75,13.89,11923217,261650656.000
2012-04-27,13.89,14.18,13.87,13.97,12855791,284221088.000
2012-05-02,14.15,14.21,13.93,14.12,14119073,312983744.000
2012-05-03,14.12,14.68,14.05,14.43,22867645,519497248.000
2012-05-04,14.41,14.95,14.35,14.89,19542856,451762336.000
2012-05-07,14.76,14.98,14.73,14.95,21800441,510805728.000
2012-05-08,14.93,14.99,14.63,14.83,12873472,300308832.000
2012-05-09,14.71,14.71,14.39,14.61,10151213,232348512.000
2012-05-10,14.61,14.70,14.42,14.55,9794210,224374704.000
2012-05-11,14.56,14.66,14.41,14.42,7951391,182071344.000
2012-05-14,14.45,14.47,14.15,14.19,9101818,204486112.000
2012-05-15,14.06,14.41,14.03,14.34,8882886,199945792.000
2012-05-16,14.25,14.44,14.12,14.19,8421284,189336816.000
2012-05-17,14.18,14.51,14.15,14.42,7708021,174034560.000
2012-05-18,14.39,14.51,14.21,14.25,6953869,157226144.000
2012-05-21,14.18,14.61,14.15,14.58,8238891,187731616.000
2012-05-22,14.61,14.79,14.55,14.72,9522680,219695536.000
2012-05-23,14.68,14.86,14.49,14.75,10913234,251749504.000
2012-05-24,14.75,14.93,14.50,14.57,9355201,216359600.000
2012-05-25,14.60,14.75,14.29,14.35,6826608,156153408.000
2012-05-28,14.25,14.49,14.15,14.44,6371091,144175600.000
2012-05-29,14.37,14.69,14.28,14.67,12260079,278382048.000
2012-05-30,14.61,14.61,14.27,14.39,8459981,192139248.000
2012-05-31,14.27,14.49,14.21,14.26,9424741,212568480.000
2012-06-01,14.27,14.34,13.93,14.21,21438306,476847904.000
2012-06-04,14.01,14.27,13.95,14.06,11075230,246803248.000
2012-06-05,14.11,14.55,14.01,14.41,12683031,286934912.000
2012-06-06,14.41,14.48,14.15,14.32,4903274,110560728.000
2012-06-07,14.32,14.51,14.21,14.33,5368611,121671680.000
2012-06-08,14.46,14.53,14.22,14.31,4276830,97013480.000
2012-06-11,14.41,14.61,14.37,14.53,6486215,147936080.000
2012-06-12,14.45,14.55,14.27,14.47,4900481,111493544.000
2012-06-13,14.50,15.42,14.42,15.30,24803966,584374528.000
2012-06-14,15.28,15.62,15.21,15.47,19979501,485286752.000
2012-06-15,13.85,13.85,13.85,13.85,8819800,192712624.000
2012-06-18,12.42,13.48,12.42,13.16,130634632,2672792832.000
2012-06-19,12.98,13.54,12.95,13.38,57527305,1205793536.000
2012-06-20,13.35,13.39,13.09,13.25,23192539,485068992.000
2012-06-21,13.25,13.26,13.07,13.21,12347454,257038704.000
2012-06-25,13.16,13.55,13.00,13.07,22767661,478947520.000
2012-06-26,13.13,13.19,12.95,13.08,14004969,290068864.000
2012-06-27,13.09,13.21,12.63,13.20,18563806,381549408.000
2012-06-28,13.19,13.31,13.00,13.05,17648468,367436384.000
2012-06-29,13.00,13.13,12.60,13.00,26703058,545323392.000
2012-07-02,13.06,13.06,12.61,12.89,36838291,746162432.000
2012-07-03,12.81,12.98,12.69,12.72,29453476,598306560.000
2012-07-04,12.75,13.09,12.68,13.03,23658371,483465664.000
2012-07-05,12.97,13.15,12.81,12.92,13551689,277478560.000
2012-07-06,12.96,13.73,12.88,13.46,30791737,649167744.000
2012-07-09,13.38,14.00,13.29,13.71,25834050,559476544.000
2012-07-10,13.72,14.13,13.63,13.75,18120731,397434208.000
2012-07-11,13.71,13.97,13.51,13.60,19914243,431266208.000
2012-07-12,13.60,14.06,13.45,13.85,18474446,403821920.000
2012-07-13,13.81,13.95,13.51,13.79,11562611,250356528.000
2012-07-16,13.64,13.79,12.34,12.34,57342788,1158566144.000
2012-07-17,12.21,12.45,11.75,12.21,37250966,717207296.000
2012-07-18,12.21,12.47,12.13,12.45,14239931,277543680.000
2012-07-19,12.44,12.44,12.08,12.33,21898556,425916768.000
2012-07-20,12.28,12.35,12.10,12.21,12984843,252296112.000
2012-07-23,12.15,12.20,11.88,12.05,14731539,281364032.000
2012-07-24,12.01,12.44,11.98,12.29,12227909,238655536.000
2012-07-25,12.27,12.31,12.15,12.21,7311003,141748896.000
2012-07-26,12.21,12.31,11.95,12.03,10177264,196565088.000
2012-07-27,12.05,12.27,12.01,12.13,6379926,122955016.000
2012-07-30,12.15,12.23,12.07,12.19,5991350,115725760.000
2012-07-31,12.15,12.19,11.81,11.81,11133093,211776576.000
2012-08-01,11.81,12.06,11.80,11.98,9561500,181734256.000
2012-08-02,11.95,12.01,11.66,11.78,9634433,180615008.000
2012-08-03,11.80,11.80,11.30,11.66,16323592,298974880.000
2012-08-06,11.61,11.87,11.36,11.85,18613626,343764960.000
2012-08-07,11.75,12.06,11.75,11.86,12588943,238516320.000
2012-08-08,11.86,11.91,11.72,11.83,9074512,170666096.000
2012-08-09,11.88,12.38,11.88,12.29,20440720,395307232.000
2012-08-10,12.29,12.31,12.09,12.24,6411190,124445200.000
2012-08-13,12.25,12.46,12.19,12.24,11532152,226057024.000
2012-08-14,12.27,12.35,11.77,12.24,12289581,236435408.000
2012-08-15,12.21,12.24,11.87,11.96,7725097,147426208.000
2012-08-16,12.00,12.01,11.83,11.94,4043267,76587272.000
2012-08-17,11.89,11.94,11.70,11.81,6025352,112903472.000
2012-08-20,11.75,12.11,11.69,12.10,6334331,119859048.000
2012-08-21,12.20,12.98,12.20,12.70,35908211,721997760.000
2012-08-22,12.70,12.92,12.53,12.58,13409432,270634816.000
2012-08-23,12.61,13.01,12.61,12.81,14959223,305196288.000
2012-08-24,12.75,13.11,12.75,13.08,13456927,277330176.000
2012-08-27,13.07,13.14,12.91,13.07,11239348,232137952.000
2012-08-28,13.05,13.05,12.72,12.79,10081714,204637664.000
2012-08-29,12.75,12.95,12.67,12.88,6490625,132201120.000
2012-08-30,12.88,13.06,12.55,12.70,7218274,146327008.000
2012-08-31,12.63,12.93,12.59,12.69,4893611,98993472.000
2012-09-03,12.70,12.99,12.63,12.81,7538914,153338432.000
2012-09-04,12.81,13.28,12.61,12.79,6930808,141359952.000
2012-09-05,12.74,13.23,12.73,13.11,6371514,131728048.000
2012-09-06,13.11,13.24,13.02,13.04,4645771,96512120.000
2012-09-07,13.19,13.61,13.02,13.54,10953425,231150032.000
2012-09-10,13.53,13.68,13.32,13.41,8306276,176389408.000
2012-09-11,13.31,13.41,13.00,13.15,7998182,165844512.000
2012-09-12,13.23,13.40,13.03,13.27,6374685,133186848.000
2012-09-13,13.26,13.40,13.09,13.11,3737774,78092568.000
2012-09-14,13.15,13.35,13.03,13.15,6373720,133003744.000
2012-09-17,13.20,13.28,12.96,12.97,6825170,141491888.000
2012-09-18,12.88,13.11,12.82,12.93,5189808,106784984.000
2012-09-19,12.94,13.04,12.75,12.81,5092980,103907024.000
2012-09-20,12.69,12.87,12.55,12.62,7102596,142804528.000
2012-09-21,12.59,12.72,12.49,12.59,6377268,127578384.000
2012-09-24,12.46,12.86,12.39,12.70,7203924,144840640.000
2012-09-25,12.65,12.76,12.65,12.73,4580896,92296432.000
2012-09-26,12.73,12.76,12.57,12.65,3323455,66633096.000
2012-09-27,12.65,13.32,12.56,13.10,7759056,159545280.000
2012-09-28,12.95,13.52,12.91,13.48,12942644,272350272.000
2012-10-08,13.46,13.53,13.22,13.38,4041731,85246648.000
2012-10-09,13.51,13.66,13.41,13.57,7661966,164177216.000
2012-10-10,13.49,13.61,13.41,13.44,3863873,82411880.000
2012-10-11,13.38,13.45,13.15,13.37,2883541,60581696.000
2012-10-12,13.45,13.54,13.01,13.11,5303850,110651384.000
2012-10-15,13.09,13.21,12.88,13.07,4559434,94235648.000
2012-10-16,13.02,13.41,12.91,13.21,6147829,128743512.000
2012-10-17,13.26,13.27,13.01,13.07,4376277,90768104.000
2012-10-18,13.17,13.58,13.05,13.43,8031662,170451760.000
2012-10-19,13.47,13.57,13.41,13.48,4769181,101844880.000
2012-10-22,13.48,13.57,13.21,13.42,3272785,69031488.000
2012-10-23,13.40,13.48,13.25,13.32,2026112,42734000.000
2012-10-24,13.47,13.72,13.35,13.66,7716483,165427456.000
2012-10-25,13.66,13.73,13.33,13.41,3977089,84757320.000
2012-10-26,13.41,13.44,13.15,13.30,4442886,93323752.000
2012-10-29,13.21,13.28,13.07,13.17,3670595,76406776.000
2012-10-30,13.17,13.48,13.09,13.23,3033472,63504568.000
2012-10-31,13.23,13.75,13.21,13.74,15099776,324488960.000
2012-11-01,13.69,13.98,13.68,13.89,8429075,184911456.000
2012-11-02,13.89,14.09,13.83,14.04,6358807,139972864.000
2012-11-05,14.01,14.05,13.81,13.91,3672565,80520240.000
2012-11-06,13.94,13.95,13.29,13.81,9104911,195368896.000
2012-11-07,13.67,13.83,13.55,13.71,4503212,97537048.000
2012-11-08,13.57,13.91,13.40,13.72,6396594,138050672.000
2012-11-09,13.64,13.87,13.53,13.73,4871473,105376128.000
2012-11-12,13.68,13.72,13.19,13.27,13842958,291898912.000
2012-11-13,13.29,13.29,13.06,13.21,5541116,115389600.000
2012-11-14,13.21,13.48,13.19,13.41,5094390,107402440.000
2012-11-15,13.32,13.62,13.23,13.47,4451709,94764944.000
2012-11-16,13.41,13.60,13.29,13.42,6050366,128565208.000
2012-11-19,13.37,13.42,13.06,13.20,3858617,80372456.000
2012-11-20,13.24,13.24,12.58,12.66,12852217,261119520.000
2012-11-21,12.66,12.86,12.52,12.83,4944094,99428528.000
2012-11-22,12.77,12.77,12.48,12.59,5883046,117416808.000
2012-11-23,12.59,12.85,12.58,12.71,4021388,80873504.000
2012-11-26,12.72,12.81,12.56,12.78,3160981,63682592.000
2012-11-27,12.78,12.79,12.55,12.68,5162870,103505768.000
2012-11-28,12.60,12.68,12.41,12.61,4700923,93685888.000
2012-11-29,12.62,12.71,12.45,12.61,3423283,68113632.000
2012-11-30,12.61,12.67,12.35,12.53,5993224,118823008.000
2012-12-03,12.49,12.58,12.21,12.23,5267879,103586928.000
2012-12-04,12.27,12.38,11.95,12.16,5498726,106042208.000
2012-12-05,12.11,12.55,11.94,12.42,11760094,229458592.000
2012-12-06,12.42,12.48,11.96,12.25,10318062,200085888.000
2012-12-07,12.21,12.65,12.17,12.62,10892546,215080368.000
2012-12-10,12.64,12.81,12.49,12.72,9341121,187490224.000
2012-12-11,12.71,12.93,12.61,12.83,3407732,69081288.000
2012-12-12,12.81,12.95,12.70,12.81,3966668,80301760.000
2012-12-13,12.78,12.95,12.60,12.81,10897912,221435536.000
2012-12-14,12.79,13.21,12.76,13.14,17553916,363438368.000
2012-12-17,13.13,13.23,12.73,13.02,11328150,232378592.000
2012-12-18,13.11,13.11,12.45,12.72,26833474,539819648.000
2012-12-19,12.65,12.83,12.51,12.77,11102625,223126912.000
2012-12-20,12.75,12.78,12.61,12.73,6123924,123062608.000
2012-12-21,12.73,12.81,12.43,12.51,15935138,317788320.000
2012-12-24,12.51,12.69,12.42,12.53,14924052,296360032.000
2012-12-25,12.51,13.24,12.51,12.97,26729466,548630016.000
2012-12-26,12.96,13.68,12.96,13.24,23464830,492871552.000
2012-12-27,13.41,13.51,13.15,13.18,15237513,321461568.000
2012-12-28,13.31,13.41,13.15,13.33,15167112,318325504.000
2012-12-31,13.39,13.95,13.35,13.93,19262336,414479584.000
2013-01-04,14.00,14.37,13.88,14.18,16000915,357057568.000
2013-01-07,14.09,14.95,14.06,14.90,16451077,376941376.000
2013-01-08,14.85,15.27,14.67,14.91,13860520,327721312.000
2013-01-09,14.86,15.21,14.65,14.81,9534140,222860224.000
2013-01-10,14.75,15.18,14.75,14.92,9368274,220497984.000
2013-01-11,14.93,15.11,14.81,14.94,10641194,249968304.000
2013-01-14,14.95,15.98,14.94,15.89,22047306,536781312.000
2013-01-15,15.88,15.91,15.53,15.68,12511671,308283424.000
2013-01-16,15.55,16.72,15.55,16.54,27369302,699920384.000
2013-01-17,16.41,17.15,15.87,16.53,15819431,408238208.000
2013-01-18,16.53,17.12,16.36,17.03,14957196,392160224.000
2013-01-21,17.02,17.02,16.21,16.34,19891028,513306816.000
2013-01-22,16.29,16.73,15.95,16.35,22333160,571505536.000
2013-01-23,16.28,16.64,16.11,16.43,10460212,267569248.000
2013-01-24,16.28,16.58,15.95,16.29,10123783,258539600.000
2013-01-25,16.29,16.67,16.17,16.38,12629501,325978016.000
2013-01-28,16.44,17.28,16.44,16.91,14397488,381908704.000
2013-01-29,16.88,16.98,16.53,16.81,11768097,307932736.000
2013-01-30,16.81,16.90,16.19,16.54,9967597,256505200.000
2013-01-31,16.50,16.67,16.29,16.36,5243960,134801312.000
2013-02-01,16.26,17.35,16.21,17.24,15033960,399572832.000
2013-02-04,17.11,17.41,17.11,17.16,14769069,397694144.000
2013-02-05,17.15,18.08,17.01,18.03,15947573,442816480.000
2013-02-06,18.05,18.11,17.69,17.99,9584494,267818016.000
2013-02-07,17.85,18.75,17.85,18.47,12195033,349683520.000
2013-02-08,18.47,18.61,18.21,18.48,8966297,256876656.000
2013-02-18,18.51,18.61,17.55,17.98,14378160,403879744.000
2013-02-19,17.93,18.15,17.42,17.51,11705148,323515232.000
2013-02-20,17.70,18.45,17.29,18.29,14397425,406988256.000
2013-02-21,17.73,18.25,17.44,18.17,13480596,374074880.000
2013-02-22,17.97,18.21,17.70,17.81,8660159,241437776.000
2013-02-25,18.13,18.28,17.25,17.54,8482544,231505424.000
2013-02-26,17.47,17.63,16.96,17.20,8322899,225597376.000
2013-02-27,17.21,17.41,16.63,17.18,6752834,179076928.000
2013-02-28,17.27,17.91,16.83,17.66,9534456,258996688.000
2013-03-01,17.66,17.93,17.15,17.59,8051587,221225296.000
2013-03-04,17.49,18.49,17.49,18.04,19977325,565854336.000
2013-03-05,18.28,19.26,17.78,18.94,22917887,659533120.000
2013-03-06,18.95,19.25,18.95,19.22,14474077,430437344.000
2013-03-07,18.69,19.77,18.60,18.88,12855477,384488064.000
2013-03-08,18.88,18.88,17.93,18.29,20142046,574464704.000
2013-03-11,17.98,18.59,17.79,18.40,5501174,156430416.000
2013-03-12,18.41,19.01,18.11,18.61,9160033,265271616.000
2013-03-13,18.31,18.58,17.93,18.06,7791796,219885696.000
2013-03-14,17.80,18.74,17.73,18.65,7624407,218633376.000
2013-03-15,18.57,19.37,18.48,18.99,12132440,359512288.000
2013-03-18,18.99,20.02,18.98,19.93,14733973,453104928.000
2013-03-19,19.99,20.28,19.59,19.81,9867949,305561312.000
2013-03-20,19.83,20.61,19.55,20.45,16368155,513993696.000
2013-03-21,20.43,21.36,20.05,20.98,14431732,466129504.000
2013-03-22,20.75,21.21,20.54,20.71,10203707,329210432.000
2013-03-25,20.93,21.28,20.17,20.83,8802329,283157504.000
2013-03-26,20.61,21.55,20.27,21.40,13247567,432487264.000
2013-03-27,21.28,21.67,21.16,21.29,6287959,208376320.000
2013-03-28,20.95,21.61,20.53,20.83,11842677,384964032.000
2013-03-29,20.61,20.88,20.00,20.40,9660226,305265568.000
2013-04-01,19.97,20.65,19.97,20.32,7495027,237041696.000
2013-04-02,20.15,20.34,19.26,19.51,16760050,508441184.000
2013-04-03,19.41,19.58,18.87,19.40,11270966,336796640.000
2013-04-08,18.98,20.21,18.89,19.85,10302890,315858464.000
2013-04-09,20.18,20.25,19.34,19.48,9832463,299638048.000
2013-04-10,19.39,20.09,18.71,19.27,14158452,427643840.000
2013-04-11,19.28,19.45,18.94,19.13,11831647,352611232.000
2013-04-12,19.01,19.91,18.95,19.70,8173488,248716080.000
2013-04-15,19.75,19.88,18.72,19.25,9591254,284445632.000
2013-04-16,19.27,19.45,18.88,19.23,5003952,149477392.000
2013-04-17,19.35,20.19,19.15,20.19,10350490,318542880.000
2013-04-18,20.19,20.49,19.83,19.91,5308388,165012960.000
2013-04-19,20.07,20.43,19.88,20.21,10690131,335581152.000
2013-04-22,20.21,20.28,19.68,19.87,11811803,365560448.000
2013-04-23,19.79,19.89,18.95,19.06,10732408,322340608.000
2013-04-24,19.01,19.52,18.93,19.32,10536241,315313856.000
2013-04-25,19.30,19.95,18.95,19.58,14236571,433319712.000
2013-04-26,19.66,19.81,18.20,18.77,12315564,362752640.000
2013-05-02,18.41,18.41,17.79,18.26,23745273,668657600.000
2013-05-03,18.35,19.32,18.25,18.84,15304356,451739424.000
2013-05-06,18.98,19.28,18.69,19.17,12543474,372020000.000
2013-05-07,19.07,19.17,18.42,18.78,16027169,468626912.000
2013-05-08,18.83,19.16,18.59,19.05,13250335,389222240.000
2013-05-09,18.95,18.97,18.53,18.59,10800677,314932800.000
2013-05-10,18.59,18.88,18.47,18.59,6898920,200676000.000
2013-05-13,18.74,18.79,18.27,18.63,9564199,276404768.000
2013-05-14,18.53,18.65,18.28,18.62,7286681,209784096.000
2013-05-15,18.60,18.88,18.51,18.82,7133188,208009328.000
2013-05-16,18.83,19.35,18.61,19.23,17967594,532221184.000
2013-05-17,19.20,19.39,18.90,19.27,15089246,450298400.000
2013-05-20,19.31,19.89,19.08,19.83,16716013,509953888.000
2013-05-21,19.75,19.75,18.28,18.65,35462285,1037682496.000
2013-05-22,18.40,18.50,18.02,18.24,21690065,617356992.000
2013-05-23,18.13,18.41,18.01,18.10,14560795,412585888.000
2013-05-24,18.27,18.34,17.56,17.63,24532768,682877952.000
2013-05-27,17.64,17.86,17.27,17.81,29277071,802097728.000
2013-05-28,17.85,18.51,17.69,18.45,21988196,623607424.000
2013-05-29,18.47,18.55,17.99,18.36,13950005,397069408.000
2013-05-30,18.28,18.52,18.06,18.35,10472725,297841568.000
2013-05-31,18.44,18.67,18.04,18.09,9581379,271921056.000
2013-06-03,18.47,18.70,18.37,18.59,18144823,519751936.000
2013-06-04,18.66,18.67,18.27,18.49,12426805,353892800.000
2013-06-05,18.49,18.59,18.29,18.53,6552155,187048064.000
2013-06-06,18.56,18.97,18.41,18.52,12905123,372019904.000
2013-06-07,18.47,18.53,17.87,17.98,14319950,400262656.000
2013-06-18,19.83,19.83,19.20,19.63,64549862,1956502656.000
2013-06-19,19.23,20.75,19.17,20.37,28556256,889474880.000
2013-06-20,20.30,20.97,20.01,20.29,24451897,770063680.000
2013-06-21,19.72,21.17,19.70,20.48,19608229,624577472.000
2013-06-24,20.49,20.87,19.72,19.82,22243432,692254144.000
2013-06-25,19.37,21.01,18.60,20.99,26355640,808986304.000
2013-06-26,21.00,21.55,20.37,20.89,19163962,615809600.000
2013-06-27,20.97,21.19,20.13,20.50,16275584,514891712.000
2013-06-28,20.21,20.91,20.18,20.32,15072415,477485696.000
2013-07-01,20.14,22.09,20.02,22.00,18195849,590114496.000
2013-07-02,22.00,23.05,21.80,22.38,17422166,598491072.000
2013-07-03,22.80,23.52,21.98,23.15,18814704,658452224.000
2013-07-04,23.13,23.59,22.54,22.99,18927952,667680192.000
2013-07-08,22.13,23.53,21.67,22.75,14163499,495486144.000
2013-07-09,22.71,22.93,21.87,22.39,13897884,476417056.000
2013-07-10,22.39,22.47,21.87,22.31,9384668,320464160.000
2013-07-11,22.30,23.17,22.03,22.43,14285860,494514176.000
2013-07-12,22.21,23.60,22.10,23.11,13328722,475034016.000
2013-07-15,23.11,24.13,22.95,24.06,10432619,380465152.000
2013-07-16,24.06,24.13,23.53,23.81,5991904,218977168.000
2013-07-17,23.83,24.03,22.79,22.82,9006242,320075616.000
2013-07-18,22.73,23.33,22.33,22.82,6869585,240931488.000
2013-07-19,22.75,23.33,22.43,22.52,6858851,241825520.000
2013-07-22,22.20,23.35,22.05,23.05,5853768,206723104.000
2013-07-23,23.07,24.12,22.75,23.97,9528100,346069984.000
2013-07-24,24.07,24.93,24.03,24.37,8860781,332785824.000
2013-07-25,24.30,24.80,23.69,23.77,7226867,265938544.000
2013-07-26,23.54,24.05,23.33,23.82,4540018,165135376.000
2013-07-29,23.51,23.67,22.87,22.95,9204569,326564544.000
2013-07-30,23.09,23.53,22.65,23.07,8299292,293124864.000
2013-07-31,23.10,23.53,22.49,22.51,6744607,236127072.000
2013-08-01,22.60,23.13,22.27,23.04,11694943,407800352.000
2013-08-02,23.13,23.65,23.01,23.46,12003118,430143040.000
2013-08-05,24.80,25.00,24.01,24.19,17095352,635111552.000
2013-08-06,24.27,24.32,23.73,23.94,8849076,326387616.000
2013-08-07,24.00,24.23,23.82,24.12,8896707,328389248.000
2013-08-08,23.93,24.13,23.61,23.92,7044418,258029648.000
2013-08-09,24.05,24.32,23.82,24.15,7649376,282410976.000
2013-08-12,24.37,24.67,23.73,24.07,9164409,339533856.000
2013-08-13,24.00,24.12,23.13,23.29,11103463,399187872.000
2013-08-14,23.45,23.45,22.73,22.87,12022403,425150784.000
2013-08-15,23.00,23.07,22.60,22.73,8101614,283077760.000
2013-08-16,22.87,24.27,22.36,22.45,13473198,475336896.000
2013-08-19,22.81,23.31,22.52,23.18,12136649,427583296.000
2013-08-20,23.19,23.69,22.80,22.89,7728303,275688960.000
2013-08-21,23.21,23.22,22.36,22.50,9275816,321509472.000
2013-08-22,22.51,23.07,22.50,22.77,5119058,179325600.000
2013-08-23,22.99,23.06,22.33,22.52,9751072,340245568.000
2013-08-26,22.57,22.89,22.33,22.77,7665169,266597440.000
2013-08-27,22.79,23.03,22.68,23.01,7135954,250900448.000
2013-08-28,22.98,22.98,22.31,22.73,8000935,278374048.000
2013-08-29,22.73,22.81,22.40,22.72,6888655,239542096.000
2013-08-30,22.65,22.80,22.26,22.77,7997079,275572928.000
2013-09-02,24.53,25.10,23.99,24.21,37831768,1415791488.000
2013-09-03,24.23,24.70,24.15,24.49,18179882,681398976.000
2013-09-04,24.52,24.56,24.07,24.55,14599302,544263808.000
2013-09-05,24.53,26.13,24.34,26.07,26459364,1030861824.000
2013-09-06,25.80,26.24,25.61,25.89,14186521,564031040.000
2013-09-09,25.80,26.36,25.54,26.11,8815520,352113792.000
2013-09-10,26.37,27.47,26.13,26.63,14322056,588487360.000
2013-09-11,26.63,26.75,25.56,26.01,13449244,533332480.000
2013-09-12,26.00,26.00,25.21,25.53,15900726,622779392.000
2013-09-13,25.60,26.72,25.53,26.45,12342523,498011232.000
2013-09-16,26.47,27.11,25.87,25.99,12418582,499314400.000
2013-09-17,26.00,26.28,25.13,25.77,9303678,366241984.000
2013-09-18,25.52,26.71,25.50,26.13,10230905,410479616.000
2013-09-23,26.93,27.79,26.87,26.98,12556881,521763328.000
2013-09-24,27.05,28.70,26.74,28.63,16030639,682032128.000
2013-09-25,28.52,28.82,27.90,28.63,9056249,392447456.000
2013-09-26,28.35,30.17,28.33,29.37,15294290,684151552.000
2013-09-27,28.91,30.23,28.85,28.87,14831899,666981248.000
2013-09-30,28.89,29.33,28.40,29.25,13155872,578651520.000
2013-10-08,29.47,30.53,29.30,29.40,10250589,467394880.000
2013-10-09,29.32,30.36,29.07,30.34,12637853,577534336.000
2013-10-10,30.33,31.55,30.05,30.64,11376704,533395168.000
2013-10-11,30.80,30.99,30.05,30.37,8741415,405587392.000
2013-10-14,30.80,30.93,29.57,29.75,12495389,571338688.000
2013-10-15,29.73,30.89,29.67,30.63,11081898,515105280.000
2013-10-16,30.53,31.28,29.54,30.60,12130865,564228480.000
2013-10-17,30.41,31.27,30.13,30.57,9558311,449172544.000
2013-10-18,30.87,32.03,30.47,31.93,9916984,471904032.000
2013-10-21,32.13,34.29,31.93,33.66,21264089,1069892992.000
2013-10-22,33.65,34.07,32.80,33.46,12563226,639095872.000
2013-10-23,33.47,33.80,31.46,32.07,19701594,968800832.000
2013-10-24,31.73,32.46,30.70,31.18,13447901,644943744.000
2013-10-25,31.47,31.79,29.23,29.76,20225682,932575808.000
2013-10-28,29.16,30.33,28.65,29.25,19554548,877999616.000
2013-10-29,29.34,29.80,27.81,28.82,20339486,896641216.000
2013-10-30,28.99,30.11,28.43,29.93,13194849,589972224.000
2013-10-31,26.89,26.89,26.89,26.89,6894600,283574912.000
2013-11-01,25.54,26.20,24.74,25.80,37226348,1455612544.000
2013-11-04,25.82,26.73,25.60,25.86,24953732,996955712.000
2013-11-05,25.47,26.27,25.25,26.05,15932337,627664640.000
2013-11-06,26.00,26.39,25.48,25.71,13950419,552295552.000
2013-11-07,25.57,25.57,24.45,24.57,25816638,981335104.000
2013-11-08,24.27,25.05,24.25,24.47,13574888,516139904.000
2013-11-11,24.47,25.58,24.47,25.45,13035769,501980032.000
2013-11-12,25.57,26.37,25.57,26.05,17519086,698779776.000
2013-11-13,26.33,26.33,25.31,25.41,12827104,502447008.000
2013-11-14,25.41,26.79,25.28,26.74,16683966,669881792.000
2013-11-15,26.62,28.00,26.62,27.19,18563619,782307776.000
2013-11-18,28.45,28.65,27.27,27.66,22648294,958799168.000
2013-11-19,27.73,27.79,26.13,26.25,26011380,1060475008.000
2013-11-20,26.33,26.57,25.87,26.27,14542144,584970240.000
2013-11-21,26.25,26.25,25.61,25.77,13959500,550850432.000
2013-11-22,25.61,26.11,25.37,25.67,10838908,426098816.000
2013-11-25,25.73,25.73,24.82,25.25,13879884,537100096.000
2013-11-26,25.11,25.79,25.11,25.49,10709301,418564480.000
2013-11-27,25.43,25.87,25.27,25.71,12076555,473487200.000
2013-11-28,25.87,26.58,25.87,26.47,17163264,691738048.000
2013-11-29,26.48,26.77,26.15,26.61,11166179,452991776.000
2013-12-02,26.13,26.32,25.25,25.41,18295241,721234560.000
2013-12-03,25.53,26.23,25.35,26.06,11304708,448341952.000
2013-12-04,26.07,26.72,26.01,26.61,11515030,466973984.000
2013-12-05,27.26,27.31,26.11,26.20,11651820,476193856.000
2013-12-06,26.21,26.39,25.59,25.71,9727453,385683392.000
2013-12-09,25.80,26.03,25.08,25.69,14581623,565057920.000
2013-12-10,25.67,25.87,25.33,25.60,8267303,324083424.000
2013-12-11,25.47,25.52,25.09,25.25,8816192,341291776.000
2013-12-12,25.21,25.70,25.18,25.35,6182871,241148512.000
2013-12-13,25.17,25.55,25.04,25.30,6439319,249396256.000
2013-12-16,25.27,25.61,25.13,25.41,10805122,418463328.000
2013-12-17,25.40,25.61,25.20,25.51,9245700,359959008.000
2013-12-18,25.35,25.99,25.35,25.92,11158393,440009024.000
2013-12-19,26.01,26.19,25.45,25.52,11727968,463267744.000
2013-12-20,25.65,28.13,25.41,27.10,47328470,1906676480.000
2013-12-23,26.53,26.60,25.90,26.17,15300763,613208320.000
2013-12-24,26.20,26.26,25.13,25.33,17922576,707793984.000
2013-12-25,25.33,25.69,24.96,25.57,11775956,455558304.000
2013-12-26,25.63,26.70,25.32,25.93,13407269,535038720.000
2013-12-27,25.93,26.22,25.68,26.00,10150660,402745056.000
2013-12-30,26.11,26.24,25.71,25.79,8720005,345254560.000
2013-12-31,25.47,25.73,25.07,25.52,17605989,680576896.000
2014-01-02,25.27,25.27,23.91,24.09,33271355,1234287872.000
2014-01-03,23.97,24.49,23.97,24.14,15956634,592764544.000
2014-01-06,24.15,24.19,23.37,24.08,14036534,510180640.000
2014-01-07,23.80,24.55,23.77,24.46,11712885,435550560.000
2014-01-08,24.53,25.59,24.47,25.47,19106305,741045312.000
2014-01-09,25.27,25.53,23.80,24.47,15872623,608075264.000
2014-01-10,24.07,26.13,24.02,25.47,31097908,1208050560.000
2014-01-13,25.53,26.02,24.73,25.10,18653091,724008832.000
2014-01-14,25.10,25.94,25.03,25.29,13936333,543149376.000
2014-01-15,25.21,25.78,25.16,25.46,12662964,493908160.000
2014-01-16,25.39,25.63,25.32,25.41,11265894,439063200.000
2014-01-17,25.40,25.69,24.37,24.52,13053949,498805216.000
2014-01-20,24.37,24.90,23.60,23.97,12502929,460585632.000
2014-01-21,23.97,24.39,23.59,23.80,9185804,337011264.000
2014-01-22,23.87,24.54,23.63,24.47,18505463,683788544.000
2014-01-23,25.53,26.19,25.13,25.32,29893288,1175118336.000
2014-01-24,25.32,25.33,24.91,25.16,12540136,481931552.000
2014-01-27,25.05,25.05,24.00,24.35,16159775,604517632.000
2014-01-28,24.57,24.61,23.93,24.25,12472341,461981952.000
2014-01-29,24.92,24.99,23.33,23.63,26387752,961069376.000
2014-01-30,23.63,23.64,22.80,23.10,19855658,702614528.000
2014-02-07,23.03,23.97,22.91,23.90,13940266,503483136.000
2014-02-10,23.91,24.75,23.89,24.63,17988653,674660352.000
2014-02-11,24.63,25.37,24.63,24.83,19914760,764846400.000
2014-02-12,24.83,24.87,24.17,24.44,13055373,488212096.000
2014-02-13,24.46,24.67,24.13,24.18,14688928,547525504.000
2014-02-14,24.14,24.45,23.86,24.13,11993619,444474528.000
2014-02-17,24.40,24.46,23.66,24.13,18548550,679868288.000
2014-02-18,24.13,24.13,23.50,23.82,21015082,763392064.000
2014-02-19,23.77,23.84,23.47,23.74,14008457,508239520.000
2014-02-20,23.73,24.46,23.73,24.14,18782118,695846464.000
2014-02-21,24.23,24.59,23.77,23.87,15812615,585029824.000
2014-02-24,23.67,23.67,23.07,23.23,15945204,569825152.000
2014-02-25,23.40,23.73,22.51,22.61,20434600,721893760.000
2014-02-26,22.47,22.61,21.47,22.11,21095146,715838592.000
2014-02-27,22.23,22.48,21.67,21.74,13344857,452920864.000
2014-02-28,21.68,23.01,21.68,22.88,18041679,626456256.000
2014-03-03,22.88,23.77,22.78,23.30,18719405,672822976.000
2014-03-04,23.30,23.38,22.57,22.61,11920901,415977472.000
2014-03-05,22.79,22.87,22.10,22.45,12982637,448064768.000
2014-03-06,22.27,22.47,22.00,22.13,11946922,407206176.000
2014-03-07,22.07,22.88,22.07,22.70,16049343,556134016.000
2014-03-10,22.65,24.20,22.37,23.54,35485418,1285213440.000
2014-03-11,23.60,24.55,23.60,23.71,25491606,939917632.000
2014-03-12,23.60,24.33,23.48,23.68,12488249,457504320.000
2014-03-13,23.76,24.95,23.76,24.71,26777950,1009236928.000
2014-03-14,24.53,24.96,24.33,24.49,15679349,591451392.000
2014-03-17,24.91,24.93,23.93,24.31,13697701,511565792.000
2014-03-18,24.27,25.11,23.95,24.53,17393908,658599296.000
2014-03-19,24.47,24.47,23.37,23.41,19417735,706794624.000
2014-03-20,23.40,23.60,22.87,23.02,17419890,620390016.000
2014-03-21,22.91,23.97,22.71,23.76,18112474,655376128.000
2014-03-24,23.88,24.01,23.17,23.30,14387820,518968800.000
2014-03-25,23.34,23.72,23.22,23.45,7667640,276750400.000
2014-03-26,23.53,23.89,23.37,23.59,6984441,253034992.000
2014-03-27,23.65,23.66,22.92,22.97,10375133,367235328.000
2014-03-28,23.11,23.12,22.65,22.82,7675596,268997408.000
2014-03-31,22.80,23.65,22.79,23.35,11049772,396052928.000
2014-04-01,23.35,24.06,23.11,24.01,12875659,469706848.000
2014-04-02,24.00,24.09,23.43,23.63,7521115,273962496.000
2014-04-03,23.80,24.05,23.38,23.47,9096045,331249920.000
2014-04-04,23.47,24.07,23.27,24.06,10643849,387163744.000
2014-04-08,23.97,25.63,23.93,25.44,35194931,1349661056.000
2014-04-09,25.40,25.61,25.07,25.29,15801714,611677376.000
2014-04-10,25.39,25.79,24.88,25.61,19507499,757663616.000
2014-04-11,25.79,26.79,25.79,25.82,29912371,1205468032.000
2014-04-14,25.73,26.51,25.45,25.97,14318184,568435840.000
2014-04-15,25.74,25.87,25.10,25.10,11084773,430813472.000
2014-04-16,24.93,25.27,24.88,25.12,7051551,270955136.000
2014-04-17,25.19,25.44,24.38,24.67,10830798,410262816.000
2014-04-18,24.47,24.77,24.29,24.67,6978276,263058688.000
2014-04-21,24.35,24.80,23.99,24.00,12350982,460685152.000
2014-04-22,23.99,24.27,23.47,23.69,14671701,533914272.000
2014-04-23,23.63,23.93,23.47,23.78,10018736,363416704.000
2014-04-24,23.77,24.16,23.77,23.85,10950954,402666144.000
2014-04-25,24.00,24.15,22.87,22.98,15274324,547350400.000
2014-04-28,22.99,23.20,22.27,22.39,16291101,564057408.000
2014-04-29,22.27,23.17,22.27,23.13,13265581,465199776.000
2014-04-30,24.87,25.50,24.07,24.20,46122734,1749726080.000
2014-05-05,24.41,24.81,24.15,24.57,16562007,619345088.000
2014-05-06,24.61,24.79,24.25,24.58,13643596,512717376.000
2014-05-07,24.47,24.49,23.77,23.79,12201311,449875936.000
2014-05-08,23.73,23.99,23.34,23.58,12320052,445341088.000
2014-05-09,23.63,23.63,23.11,23.43,13328446,476533248.000
2014-05-12,23.60,23.81,23.17,23.71,11893050,429488608.000
2014-05-13,23.70,24.30,23.67,24.04,13790381,508676032.000
2014-05-14,24.13,24.13,23.53,23.61,7675770,279194816.000
2014-05-15,23.63,23.71,23.13,23.26,9631374,344803776.000
2014-05-16,23.26,23.27,22.80,23.11,10516920,370953472.000
2014-05-19,23.00,23.13,22.50,22.80,14353347,499305824.000
2014-05-20,22.87,23.13,22.61,22.69,9115863,319232704.000
2014-05-21,22.61,22.87,22.40,22.83,8933368,310805792.000
2014-05-22,22.80,23.30,22.54,22.58,15953628,559578112.000
2014-05-23,22.51,22.92,22.49,22.85,6710291,233534752.000
2014-05-26,22.99,23.12,22.77,23.03,9642395,339259776.000
2014-05-27,23.00,23.06,22.63,22.67,12692482,444516288.000
2014-05-28,22.63,22.71,22.07,22.59,19729494,677746496.000
2014-05-29,22.59,22.73,22.25,22.39,14519514,500335296.000
2014-05-30,22.46,22.50,22.00,22.10,17477166,593942400.000
2014-06-03,22.00,22.00,20.28,20.35,72056364,2296849664.000
2014-06-04,20.50,20.92,20.49,20.83,30324351,965851712.000
2014-06-05,20.87,21.30,20.67,21.27,25943801,840707840.000
2014-06-06,21.32,21.45,20.29,20.77,34778231,1108951552.000
2014-06-09,20.66,21.04,20.47,20.79,15361584,492141536.000
2014-06-10,20.84,20.94,20.34,20.79,18229870,579323712.000
2014-06-11,20.80,21.11,20.69,21.08,17949078,578764992.000
2014-06-12,21.13,21.68,21.13,21.57,23943731,790172096.000
2014-06-13,21.63,21.81,21.30,21.65,14013569,465692288.000
2014-06-16,21.70,21.70,21.31,21.57,18439541,608306432.000
2014-06-17,21.47,21.47,21.18,21.29,11445601,375010016.000
2014-06-18,21.27,21.43,21.02,21.09,9228527,300697920.000
2014-06-19,21.17,21.33,20.53,20.69,11882196,380134112.000
2014-06-20,20.72,20.79,20.27,20.71,13917892,439285056.000
2014-06-23,20.73,20.79,20.39,20.51,10161796,321671552.000
2014-06-24,20.52,20.86,20.38,20.67,11120259,353908928.000
2014-06-25,20.80,21.16,20.69,21.08,11552010,372939840.000
2014-06-26,21.13,21.71,21.11,21.61,15786657,521712448.000
2014-06-27,21.57,21.89,21.40,21.67,14665757,488539904.000
2014-06-30,21.67,22.09,21.51,21.55,13274340,446012448.000
2014-07-01,21.50,21.89,21.31,21.57,12582813,417217152.000
2014-07-02,21.53,21.53,20.77,20.92,20730109,668776192.000
2014-07-03,20.81,21.21,20.73,20.93,14042335,453578592.000
2014-07-04,21.19,21.93,21.01,21.67,25279996,837673856.000
2014-07-07,21.74,22.10,21.58,21.79,18857337,634768000.000
2014-07-08,21.67,22.18,21.49,22.04,17320453,583166208.000
2014-07-09,22.02,22.22,21.40,21.60,17236210,575843712.000
2014-07-10,21.73,21.85,20.65,20.97,26104591,846154176.000
2014-07-11,20.97,21.27,20.75,21.00,13310711,431261536.000
2014-07-14,21.03,21.32,20.87,21.30,12382923,401460576.000
2014-07-15,21.33,22.13,21.30,22.07,23049395,775300800.000
2014-07-16,22.25,22.39,21.66,21.90,18470502,406155264.000
2014-07-17,21.70,21.80,21.34,21.75,14851220,319299168.000
2014-07-18,21.55,22.75,21.50,22.33,35328648,789377472.000
2014-07-21,22.48,23.46,22.39,23.35,50791210,1177718144.000
2014-07-22,23.05,23.59,23.01,23.26,28180927,657425024.000
2014-07-23,23.30,23.64,23.08,23.23,20552617,479660800.000
2014-07-24,23.40,23.88,23.31,23.71,35793623,845341568.000
2014-07-25,23.79,23.91,23.45,23.68,21352634,505228736.000
2014-07-28,24.00,24.54,23.85,24.15,39052354,943171904.000
2014-07-29,24.18,24.55,23.73,24.53,48715240,1179518080.000
2014-07-30,24.50,25.52,24.36,25.28,58194370,1461833088.000
2014-07-31,26.98,27.20,25.65,26.54,73882240,1954244864.000
2014-08-01,26.55,26.78,26.15,26.50,33929183,900281600.000
2014-08-04,26.64,26.93,26.06,26.88,30801339,819276224.000
2014-08-05,26.92,27.47,26.77,27.00,32434680,880915392.000
2014-08-06,26.75,26.98,26.50,26.74,18742525,501849120.000
2014-08-07,26.67,26.69,25.75,25.90,37449830,979092224.000
2014-08-08,25.90,26.62,25.90,26.40,22200151,583529088.000
2014-08-11,26.64,26.93,26.51,26.64,19717785,527345792.000
2014-08-12,26.78,26.78,26.26,26.66,13162543,350334784.000
2014-08-13,26.67,27.02,26.20,26.38,26458893,703252544.000
2014-08-14,26.24,26.64,26.10,26.39,21744020,571995712.000
2014-08-15,26.39,26.63,26.18,26.55,14747590,390829120.000
2014-08-18,26.55,26.70,26.15,26.33,19053091,501543136.000
2014-08-19,26.28,26.57,26.16,26.47,19267847,509159904.000
2014-08-20,26.45,26.45,26.10,26.17,19065112,499420544.000
2014-08-21,26.17,26.27,25.65,25.95,22203668,577426624.000
2014-08-22,25.95,26.13,25.54,25.67,20261014,521164448.000
2014-08-25,25.68,25.72,25.20,25.38,19748130,501414592.000
2014-08-26,25.37,26.08,25.28,26.01,23238293,600099200.000
2014-08-27,26.03,26.20,25.91,26.01,12841803,334745696.000
2014-08-28,26.00,26.61,25.83,26.21,22751091,600756160.000
2014-08-29,26.26,26.57,26.04,26.56,13772994,362841184.000
2014-09-01,26.59,26.83,26.10,26.55,25757660,680439040.000
2014-09-02,26.61,26.80,26.17,26.56,26172206,690679360.000
2014-09-03,26.56,27.15,26.30,27.03,35456905,951581440.000
2014-09-04,27.10,27.18,26.73,27.08,23723272,639857728.000
2014-09-05,27.19,28.59,27.09,28.19,36669104,1015957248.000
2014-09-09,28.35,28.91,28.05,28.22,30676015,873962240.000
2014-09-10,28.05,28.05,27.55,27.70,22863702,633337024.000
2014-09-11,27.10,27.20,26.36,26.59,101532173,2710024448.000
2014-09-12,26.58,26.78,26.17,26.37,61483290,1619355392.000
2014-09-15,26.39,26.70,26.30,26.55,34404262,912212416.000
2014-09-16,26.60,26.63,25.22,25.39,76189632,1967948288.000
2014-09-17,25.45,25.70,24.90,25.37,37637265,954208704.000
2014-09-18,25.38,25.96,25.22,25.87,28801301,742345920.000
2014-09-19,25.87,25.94,25.60,25.83,19927292,513704128.000
2014-09-22,25.83,25.85,25.13,25.38,20626520,524791744.000
2014-09-23,25.42,25.96,25.42,25.73,21691586,559005952.000
2014-09-24,25.60,26.29,25.51,26.16,31507214,817736704.000
2014-09-25,26.47,26.48,25.75,25.85,24940718,651303296.000
2014-09-26,25.70,25.85,25.52,25.71,15416382,395864672.000
2014-09-29,25.81,26.04,25.59,25.67,25067325,644989248.000
2014-09-30,25.68,26.00,25.65,25.90,20834788,538063680.000
2014-10-08,26.00,26.45,25.70,26.37,33406147,874572416.000
2014-10-09,26.37,26.90,26.35,26.48,30132534,801229760.000
2014-10-10,26.40,26.41,25.80,25.95,30711813,800569664.000
2014-10-13,25.70,25.70,23.36,24.32,133232639,3197029888.000
2014-10-14,24.10,24.53,24.00,24.17,51722683,1250955264.000
2014-10-15,24.20,24.40,23.89,24.18,39419422,951139648.000
2014-10-16,24.00,24.10,23.66,23.79,41379953,987580288.000
2014-10-17,23.78,24.18,23.60,24.10,32115446,768181056.000
2014-10-20,24.28,24.43,23.78,23.96,28745315,691932224.000
2014-10-21,23.90,23.91,23.71,23.73,27401626,651739904.000
2014-10-22,23.80,23.86,23.25,23.33,36184375,850538368.000
2014-10-23,23.31,23.31,22.51,22.76,41164360,940843712.000
2014-10-24,22.76,23.35,22.76,23.31,32587966,754285824.000
2014-10-27,23.26,23.75,22.87,23.70,28774385,675302784.000
2014-10-28,24.06,24.18,23.24,23.58,78064128,1838049280.000
2014-10-29,23.65,24.05,23.35,23.86,68459688,1619421312.000
2014-10-30,23.86,24.35,23.68,24.06,55887280,1344779648.000
2014-10-31,24.00,24.18,23.65,23.99,49579200,1182615680.000
2014-11-03,23.98,24.23,23.81,23.95,37711621,904441792.000
2014-11-04,23.92,23.92,23.22,23.25,60980978,1431072256.000
2014-11-05,23.21,23.22,22.48,22.75,67499976,1534055424.000
2014-11-06,22.80,22.95,22.50,22.92,39212206,891687808.000
2014-11-07,22.98,22.98,22.53,22.58,56980348,1291162112.000
2014-11-10,22.85,24.16,22.58,24.14,122062350,2870800640.000
2014-11-11,24.30,24.40,23.70,23.96,91053640,2191038720.000
2014-11-12,23.96,24.44,23.78,24.40,58352297,1407204224.000
2014-11-13,24.65,24.97,24.21,24.90,90845322,2240099840.000
2014-11-14,24.80,25.86,24.69,25.48,108892541,2768804096.000
2014-11-17,26.20,26.22,25.36,25.42,87020155,2241804544.000
2014-11-18,25.39,25.42,24.06,24.10,119976843,2932348160.000
2014-11-19,23.84,24.23,23.76,23.94,52425599,1256331008.000
2014-11-20,23.94,24.08,23.50,23.95,47249600,1125077888.000
2014-11-21,24.15,24.95,24.09,24.80,84272570,2075938304.000
2014-11-24,25.22,25.25,24.53,24.97,88556782,2203678208.000
2014-11-25,24.88,25.13,24.44,25.06,82777558,2048669312.000
2014-11-26,25.20,25.25,24.83,24.97,62702234,1568400640.000
2014-11-27,24.98,25.36,24.60,24.78,72028975,1793847808.000
2014-11-28,24.80,24.99,24.30,24.53,75318243,1843418880.000
2014-12-01,24.50,25.90,24.42,25.69,133985176,3401434880.000
2014-12-02,25.60,25.97,25.25,25.80,100926985,2586614016.000
2014-12-03,25.88,26.80,25.54,26.12,125591299,3289810176.000
2014-12-04,26.35,26.69,26.01,26.61,110909842,2928868096.000
2014-12-05,27.10,27.20,24.85,25.52,135034082,3512748032.000
2014-12-08,25.20,26.54,24.92,26.13,122654616,3163303680.000
2014-12-09,26.00,28.68,25.80,26.79,211853186,5775077376.000
2014-12-10,27.36,27.98,26.78,27.69,114040264,3140724480.000
2014-12-11,27.35,27.65,26.65,27.14,94371835,2562298368.000
2014-12-12,27.35,27.96,26.90,27.52,64881224,1781956992.000
2014-12-15,27.45,28.00,27.25,27.70,63007902,1743639040.000
2014-12-16,27.71,27.80,26.86,27.14,79804089,2165550848.000
2014-12-17,27.15,27.16,26.20,26.47,77570998,2058871424.000
2014-12-18,26.48,26.93,26.20,26.75,58367840,1553820160.000
2014-12-19,26.75,26.88,25.86,26.46,60354549,1586448256.000
2014-12-22,26.45,27.24,25.89,27.20,90955269,2405939200.000
2014-12-23,27.22,27.67,26.85,26.91,84106228,2291053824.000
2014-12-24,26.94,27.49,26.94,26.98,73615725,2001761664.000
2014-12-25,27.01,27.15,26.64,27.01,54359573,1459293952.000
2014-12-26,27.10,27.65,26.86,27.55,84695662,2313379584.000
2014-12-29,27.85,29.79,27.67,29.23,178118209,5092091392.000
2014-12-30,29.10,29.10,28.28,28.62,85076288,2438314496.000
2014-12-31,28.50,29.05,28.28,28.63,68534576,1964067072.000
2015-01-05,28.88,29.98,28.70,29.76,119839614,3548668928.000
2015-01-06,29.49,30.74,29.30,29.88,96897847,2919416576.000
2015-01-07,29.58,29.82,28.67,28.97,76173137,2218840320.000
2015-01-08,28.90,29.45,28.56,28.64,61870222,1788126336.000
2015-01-09,28.65,29.15,28.01,28.15,77720453,2234108672.000
2015-01-12,28.01,28.58,27.78,28.17,65909854,1855023488.000
2015-01-13,28.20,28.53,27.85,28.36,47090009,1328045312.000
2015-01-14,28.30,28.30,27.43,27.53,63350144,1762194816.000
2015-01-15,27.39,27.81,26.88,27.79,58348486,1594711552.000
2015-01-16,27.83,28.38,27.60,28.04,56117647,1568397696.000
2015-01-19,27.32,27.56,26.04,26.40,76639955,2067371520.000
2015-01-20,26.63,27.31,26.63,27.09,54154144,1461987840.000
2015-01-21,27.10,27.90,27.09,27.81,55454774,1525712256.000
2015-01-22,27.85,28.10,27.40,27.77,46006725,1275243392.000
2015-01-23,27.77,28.17,27.50,27.66,50686826,1410364928.000
2015-01-26,27.61,28.68,27.50,28.55,63532864,1792006912.000
2015-01-27,28.60,28.75,27.60,28.19,54425701,1530994304.000
2015-01-28,27.98,28.25,27.68,27.75,35315144,986420416.000
2015-01-29,27.45,27.56,26.95,27.31,43063520,1173581056.000
2015-01-30,27.50,27.76,27.07,27.30,36352128,997367232.000
2015-02-02,27.01,27.26,26.72,26.76,34069239,917947904.000
2015-02-03,27.12,27.26,26.85,27.20,35950900,973210304.000
2015-02-04,27.30,27.99,27.26,27.31,45109539,1246579328.000
2015-02-05,27.59,27.82,27.00,27.01,48850031,1337398400.000
2015-02-06,26.90,27.36,26.56,26.76,33564442,905799680.000
2015-02-09,26.79,27.60,26.76,27.49,52871689,1443335936.000
2015-02-10,27.51,27.85,27.50,27.63,37345610,1033060864.000
2015-02-11,27.70,27.82,27.35,27.49,35851196,987964096.000
2015-02-12,27.53,28.25,27.46,28.17,48272912,1343573760.000
2015-02-13,28.27,28.98,28.18,28.38,67635416,1935697792.000
2015-02-16,28.51,28.64,28.05,28.35,35974748,1016339840.000
2015-02-17,28.49,28.55,28.21,28.28,28755303,815802752.000
2015-02-25,28.28,28.37,27.81,28.00,34351184,961116992.000
2015-02-26,27.96,28.70,27.90,28.53,42869628,1216996864.000
2015-02-27,28.50,28.68,28.17,28.24,34306379,972119168.000
2015-03-02,28.21,28.29,27.82,28.00,55728897,1557283072.000
2015-03-03,27.99,27.99,27.51,27.56,55086413,1526492032.000
2015-03-04,27.68,27.98,27.54,27.78,42362206,1174822400.000
2015-03-05,27.68,27.76,27.00,27.23,53469096,1458902016.000
2015-03-06,27.39,27.49,27.15,27.24,27780114,759167872.000
2015-03-09,27.00,27.51,26.75,27.44,37452263,1015239808.000
2015-03-10,27.35,27.42,27.10,27.24,35701172,973463488.000
2015-03-11,27.25,27.63,27.00,27.18,41927635,1144690176.000
2015-03-12,27.18,27.60,27.01,27.50,46359830,1264918784.000
2015-03-13,27.50,27.71,27.38,27.46,39079739,1076069888.000
2015-03-16,27.68,28.21,27.47,28.10,67141353,1873968000.000
2015-03-17,28.12,28.50,28.01,28.39,81338647,2299117312.000
2015-03-18,28.60,28.88,28.26,28.82,87526679,2502142720.000
2015-03-19,28.70,28.70,28.28,28.56,81137572,2305581312.000
2015-03-20,28.51,29.86,28.46,29.45,145484389,4254489344.000
2015-03-23,29.65,30.61,29.65,30.57,114546704,3470990080.000
2015-03-24,30.60,30.68,29.45,29.96,88511363,2652587008.000
2015-03-25,30.03,30.86,29.80,30.39,78122881,2368315904.000
2015-03-26,30.37,31.79,30.16,31.43,78322566,2448324608.000
2015-03-27,31.24,32.20,30.88,31.10,67525579,2120489472.000
2015-03-30,31.59,31.70,30.80,31.36,67059216,2095488512.000
2015-03-31,31.37,31.77,30.80,30.85,70490852,2210696192.000
2015-04-01,30.85,31.76,30.64,31.44,62650085,1966266368.000
2015-04-02,31.79,32.40,30.99,31.38,60523355,1917475584.000
2015-04-03,31.18,31.70,31.01,31.35,43409333,1356763264.000
2015-04-07,31.52,32.53,31.38,32.49,75230786,2405856000.000
2015-04-08,32.58,33.21,32.11,32.85,74424960,2434948096.000
2015-04-09,32.50,33.09,31.60,32.17,64105048,2065678208.000
2015-04-10,32.16,33.45,32.00,33.33,57023103,1871185280.000
数据来源:通达信
