600585 海螺水泥 日线 前复权
      日期	    开盘	    最高	    最低	    收盘	    成交量	    成交额
2011-03-02,22.36,22.36,21.50,21.91,16278299,561330816.000
2011-03-03,21.91,23.02,21.82,22.14,26278070,934867584.000
2011-03-04,22.14,22.85,22.14,22.84,21584501,769989824.000
2011-03-07,23.12,24.22,23.10,23.91,43433152,1632059648.000
2011-03-08,23.92,23.92,22.92,23.44,24892506,915838720.000
2011-03-09,23.56,24.10,23.20,23.68,18075993,670581568.000
2011-03-10,23.64,24.10,23.18,23.30,24806810,918733888.000
2011-03-11,23.12,23.50,22.53,22.65,20387393,736347328.000
2011-03-14,22.61,23.52,22.18,22.73,20677011,740289472.000
2011-03-15,22.73,22.79,21.15,21.69,30202959,1035455552.000
2011-03-16,21.65,22.84,21.52,22.83,22559995,788636096.000
2011-03-17,22.40,23.50,22.06,22.40,27968130,1003823296.000
2011-03-18,23.18,23.55,22.52,22.62,23019995,834931648.000
2011-03-21,22.65,23.28,22.55,22.96,14829312,536795328.000
2011-03-22,23.17,24.11,23.17,24.10,28817080,1074071808.000
2011-03-23,24.17,24.84,23.98,24.71,21540610,832742016.000
2011-03-24,24.75,25.50,24.52,25.33,24358832,958881664.000
2011-03-25,25.35,26.20,25.22,25.70,27539713,1115662208.000
2011-03-28,26.02,26.18,24.78,24.98,23586277,940058752.000
2011-03-29,25.18,25.23,24.18,24.90,23447627,904956032.000
2011-03-30,25.00,26.37,24.98,26.18,26386663,1065629888.000
2011-03-31,26.28,26.44,25.45,25.86,18805298,759247680.000
2011-04-01,25.52,26.18,25.10,25.78,17747859,708860928.000
2011-04-06,25.76,26.18,25.49,26.07,16868023,682694976.000
2011-04-07,26.10,27.55,25.94,27.40,24483545,1035255616.000
2011-04-08,27.18,27.37,26.85,27.10,9778624,414656544.000
2011-04-11,27.04,27.04,26.25,26.68,16585696,690734912.000
2011-04-12,26.58,26.83,26.18,26.49,13355946,553463104.000
2011-04-13,26.37,26.64,25.72,26.60,11622355,476893248.000
2011-04-14,26.60,26.60,25.45,25.62,17017283,686925056.000
2011-04-15,25.62,25.78,24.84,25.62,20324338,802757504.000
2011-04-18,25.48,25.85,24.92,25.18,19256984,762732928.000
2011-04-19,25.22,25.72,24.32,24.76,26923249,1054692032.000
2011-04-20,24.79,25.14,24.40,24.70,16749052,649799552.000
2011-04-21,24.84,26.00,24.68,25.52,23882385,954968448.000
2011-04-22,25.58,25.98,25.32,25.52,10619928,425677088.000
2011-04-25,25.42,25.43,24.69,24.77,11667977,456155360.000
2011-04-26,24.76,25.06,24.68,24.91,9721320,378596160.000
2011-04-27,25.01,25.58,24.77,25.11,13086707,518055712.000
2011-04-28,25.32,25.38,23.46,23.52,23824307,902116224.000
2011-04-29,23.53,24.13,23.45,24.04,14876636,560100032.000
2011-05-03,24.18,24.75,23.86,24.62,9107614,348374080.000
2011-05-04,24.36,25.00,23.73,24.04,14672346,560919872.000
2011-05-05,23.84,23.90,23.12,23.42,16079435,592959296.000
2011-05-06,23.11,23.72,22.85,23.62,11256775,413655904.000
2011-05-09,23.52,24.35,23.51,23.76,14286970,536691072.000
2011-05-10,23.87,23.98,23.58,23.87,9274465,346340448.000
2011-05-11,23.92,24.52,23.72,24.33,14569986,554181504.000
2011-05-12,24.12,24.66,23.98,24.06,10665987,407088800.000
2011-05-13,24.06,24.18,22.89,23.30,16796907,618377664.000
2011-05-16,23.37,23.45,22.16,22.24,17664531,629154432.000
2011-05-17,22.23,22.78,22.08,22.28,13608038,479299328.000
2011-05-18,22.30,22.78,22.25,22.74,9260807,330203296.000
2011-05-19,22.78,22.84,22.16,22.19,10525040,371802912.000
2011-05-20,22.32,22.32,21.57,21.68,14555414,502721824.000
2011-05-23,21.65,22.07,21.50,21.52,17066673,586073600.000
2011-05-24,21.39,22.18,21.29,22.16,10570964,363942272.000
2011-05-25,21.94,22.27,21.68,21.76,8131054,281788608.000
2011-05-26,21.93,22.38,21.70,21.80,8416097,293129504.000
2011-05-27,21.64,22.32,21.46,22.28,14251788,495402368.000
2011-05-30,22.37,23.04,22.06,22.69,16405233,587517312.000
2011-06-01,23.15,23.38,22.94,23.29,15166546,552975168.000
2011-06-02,23.04,23.76,22.83,23.18,18562856,678216512.000
2011-06-03,23.18,23.72,23.18,23.66,13560864,503016096.000
2011-06-07,23.62,23.68,22.69,23.00,17391220,632518656.000
2011-06-08,22.92,23.01,22.30,22.73,9308834,331591328.000
2011-06-09,22.68,22.97,21.84,22.11,12660967,446379424.000
2011-06-10,22.10,22.37,21.80,22.25,6807833,237308880.000
2011-06-13,22.05,22.34,21.85,22.23,4613027,161632384.000
2011-06-14,22.32,24.52,22.24,24.34,23884939,886180160.000
2011-06-15,24.17,24.44,23.64,23.65,14538958,549034560.000
2011-06-16,23.33,24.72,23.33,24.01,14873291,372625632.000
2011-06-17,23.65,24.77,23.12,24.16,31332861,790118848.000
2011-06-20,24.23,24.57,23.86,24.27,24901912,629325440.000
2011-06-21,24.54,25.64,24.54,25.35,37192715,977029760.000
2011-06-22,25.53,25.90,24.83,25.44,23885836,629967488.000
2011-06-23,25.45,26.65,25.20,26.64,35916486,975068800.000
2011-06-24,26.60,27.88,26.16,26.33,60787133,1694687616.000
2011-06-27,26.24,26.91,25.95,26.36,30268884,826985792.000
2011-06-28,26.47,27.05,25.40,26.84,51321385,1395700736.000
2011-06-29,26.75,26.75,26.15,26.18,26555028,725182208.000
2011-06-30,25.92,26.89,25.83,26.81,27112871,747611584.000
2011-07-01,27.05,27.58,26.61,26.74,33734847,949372608.000
2011-07-04,27.05,27.43,26.80,27.38,33906199,955773760.000
2011-07-05,27.39,27.75,27.09,27.42,33669463,956618240.000
2011-07-06,27.45,27.73,27.05,27.49,30345307,859022528.000
2011-07-07,27.55,27.75,26.56,26.77,46850782,1315875200.000
2011-07-08,26.65,26.92,25.85,26.30,34555960,937417536.000
2011-07-11,26.25,26.91,26.10,26.68,21182472,582285632.000
2011-07-12,26.35,26.93,26.15,26.50,18348879,505254464.000
2011-07-13,26.51,27.41,26.50,27.38,25636031,718469888.000
2011-07-14,27.45,27.80,27.03,27.64,42710258,1211931520.000
2011-07-15,27.87,28.53,27.53,27.77,55696069,1613393408.000
2011-07-18,27.79,28.00,26.93,27.03,42701318,1199544320.000
2011-07-19,26.89,26.89,26.15,26.27,33959201,927389312.000
2011-07-20,26.45,26.72,26.01,26.50,26143150,713065856.000
2011-07-21,26.56,26.64,25.95,26.10,22802608,617045184.000
2011-07-22,26.16,26.53,26.04,26.45,18227291,496743680.000
2011-07-25,26.25,26.25,25.26,25.52,27853443,741679808.000
2011-07-26,25.30,25.64,24.65,24.94,24026448,623276800.000
2011-07-27,24.81,25.33,24.56,25.24,18263422,475051680.000
2011-07-28,24.95,24.95,23.83,24.28,31334081,790431808.000
2011-07-29,24.30,24.61,23.90,24.02,16362508,411263168.000
2011-08-01,24.17,24.44,23.85,24.24,14389873,362036960.000
2011-08-02,24.15,24.15,23.63,24.04,15987313,396299136.000
2011-08-03,23.80,24.73,23.51,24.59,25619601,644752896.000
2011-08-04,24.71,25.43,24.71,25.24,30181373,787942464.000
2011-08-05,24.56,25.25,24.26,24.92,22362592,577601984.000
2011-08-08,24.27,25.05,23.05,23.69,26562913,667337536.000
2011-08-09,23.03,24.45,22.35,23.96,26804681,655323392.000
2011-08-10,24.55,25.07,24.48,24.59,28785463,738808128.000
2011-08-11,24.04,24.51,23.76,24.22,41336546,1034557632.000
2011-08-12,24.47,24.47,23.65,23.93,29553728,738370240.000
2011-08-15,23.87,24.55,23.85,24.54,24925375,627789888.000
2011-08-16,24.58,25.20,24.55,24.81,29718739,767267392.000
2011-08-17,24.85,25.03,24.51,24.57,18384199,471425216.000
2011-08-18,24.61,24.62,22.86,22.99,68666390,1669659008.000
2011-08-19,22.48,22.48,21.50,21.95,54207172,1238001152.000
2011-08-22,21.90,22.15,20.55,20.80,47265374,1043882240.000
2011-08-23,20.90,21.53,20.55,21.46,31560195,691906112.000
2011-08-24,21.66,21.67,20.91,21.05,21529322,479267072.000
2011-08-25,21.13,21.90,21.00,21.77,30558542,685702336.000
2011-08-26,21.63,21.71,21.40,21.59,14435667,324905088.000
2011-08-29,21.51,21.51,20.73,20.84,28566395,624894976.000
2011-08-30,21.06,21.18,20.68,20.85,20623853,452316768.000
2011-08-31,20.85,21.36,20.67,21.24,22300885,491211104.000
2011-09-01,21.35,21.43,21.09,21.24,17723034,393887008.000
2011-09-02,21.10,21.19,20.83,20.96,17320545,379469952.000
2011-09-05,20.54,20.54,18.77,18.77,64284814,1295176320.000
2011-09-06,18.35,18.37,17.64,17.74,35311494,667465920.000
2011-09-07,17.88,18.24,17.77,18.17,24369838,462810912.000
2011-09-08,18.40,18.40,17.65,17.67,24665694,465238400.000
2011-09-09,17.68,17.98,16.63,17.09,51130203,924735296.000
2011-09-13,16.60,17.71,16.10,17.33,72337742,1280671104.000
2011-09-14,17.00,17.09,16.31,16.82,40017371,706129728.000
2011-09-15,16.89,17.33,16.78,16.81,31597955,568543680.000
2011-09-16,17.02,17.13,16.64,16.76,23776341,422731168.000
2011-09-19,16.58,16.60,16.15,16.20,22663644,390930144.000
2011-09-20,16.23,16.61,16.11,16.44,36690488,635285760.000
2011-09-21,16.53,18.03,16.43,17.59,57518998,1047692544.000
2011-09-22,17.35,17.56,16.88,16.94,36848532,669195328.000
2011-09-23,16.55,17.33,16.34,17.31,38744560,694598848.000
2011-09-26,17.12,17.87,17.03,17.17,32193313,590650048.000
2011-09-27,17.52,17.65,17.13,17.47,25593104,469674816.000
2011-09-28,17.63,17.90,17.32,17.41,45303337,843482688.000
2011-09-29,17.13,17.26,16.65,16.70,26709219,478498400.000
2011-09-30,16.77,16.83,15.85,16.25,25753696,443904256.000
2011-10-10,16.26,16.52,16.11,16.28,17737077,305995104.000
2011-10-11,16.85,17.10,16.24,16.49,28296614,500635936.000
2011-10-12,16.40,17.33,16.06,17.28,42708132,765714624.000
2011-10-13,17.33,18.39,17.25,18.33,71681897,1356561152.000
2011-10-14,18.14,18.31,17.91,18.23,31976343,608901376.000
2011-10-17,18.30,18.93,18.15,18.44,36736651,716417408.000
2011-10-18,18.20,18.20,17.34,17.39,35530523,665117824.000
2011-10-19,17.53,17.80,17.38,17.45,20730725,383939712.000
2011-10-20,17.25,17.25,16.40,16.76,26453358,465665056.000
2011-10-21,16.73,17.01,16.45,16.81,18450507,327282880.000
2011-10-24,16.85,17.80,16.75,17.70,31283543,573066304.000
2011-10-25,17.73,18.33,17.36,18.20,43262543,818282688.000
2011-10-26,18.20,19.35,18.15,18.61,82108621,1625836160.000
2011-10-27,18.75,19.29,18.55,19.06,59165225,1177810688.000
2011-10-28,19.48,20.25,19.25,19.54,58955941,1214061568.000
2011-10-31,19.46,19.70,19.05,19.21,36389780,735971968.000
2011-11-01,18.94,19.35,18.83,19.04,34471284,690325376.000
2011-11-02,18.70,19.18,18.06,19.15,64869354,1264600576.000
2011-11-03,19.23,19.43,18.85,18.99,65570462,1315921152.000
2011-11-04,19.30,19.35,18.70,18.93,38907722,776455168.000
2011-11-07,18.83,18.84,18.40,18.46,32233967,629149824.000
2011-11-08,18.40,18.78,18.15,18.33,28059332,543145856.000
2011-11-09,18.45,18.61,18.07,18.59,29510955,569210688.000
2011-11-10,18.25,18.25,17.72,17.75,46253926,873313024.000
2011-11-11,17.83,17.90,17.26,17.40,38500105,711010496.000
2011-11-14,17.55,17.82,17.42,17.81,44525622,826068608.000
2011-11-15,17.75,17.89,17.39,17.54,36101900,668389056.000
2011-11-16,17.54,17.54,16.80,16.89,44745561,805937536.000
2011-11-17,16.98,17.00,16.60,16.82,31692234,561555456.000
2011-11-18,16.65,16.65,16.16,16.40,38122398,662212608.000
2011-11-21,16.40,16.48,16.03,16.27,34601276,592879232.000
2011-11-22,16.10,16.33,15.99,16.29,21425601,366058784.000
2011-11-23,16.29,16.30,15.94,15.95,22299174,379363360.000
2011-11-24,15.83,16.12,15.71,15.93,24165232,406240288.000
2011-11-25,15.93,16.26,15.85,16.02,25164355,428258176.000
2011-11-28,16.14,16.22,15.79,15.96,24094871,408215936.000
2011-11-29,16.13,16.36,16.01,16.26,25397347,434954592.000
2011-11-30,16.26,16.26,15.28,15.35,36169995,601889344.000
2011-12-01,15.97,16.30,15.74,16.03,74234192,1262166016.000
2011-12-02,15.95,16.03,15.58,15.90,24777030,414539488.000
2011-12-05,15.91,15.92,15.30,15.50,19067573,314086496.000
2011-12-06,15.48,15.69,15.27,15.64,16978987,280147552.000
2011-12-07,15.58,15.88,15.48,15.76,12620422,210712864.000
2011-12-08,15.73,16.25,15.67,16.11,25530215,433671072.000
2011-12-09,15.92,16.14,15.76,16.05,20419721,345825248.000
2011-12-12,16.07,16.07,15.55,15.55,13557914,226079248.000
2011-12-13,15.42,15.42,14.79,14.81,26950955,428056256.000
2011-12-14,14.81,14.88,14.27,14.28,16915544,261802896.000
2011-12-15,14.09,14.23,13.86,13.92,21750578,325885728.000
2011-12-16,13.94,14.25,13.73,14.24,22042357,329624768.000
2011-12-19,14.07,14.24,13.75,14.16,17642832,263999120.000
2011-12-20,14.13,14.89,14.10,14.34,28548848,442049984.000
2011-12-21,14.54,14.71,14.04,14.07,28623392,441446784.000
2011-12-22,13.95,14.38,13.90,14.30,23278985,351691136.000
2011-12-23,14.29,15.25,14.22,14.80,53458259,842476672.000
2011-12-26,14.75,15.02,14.50,14.53,33539093,526463680.000
2011-12-27,14.45,14.50,14.04,14.16,22709661,344424800.000
2011-12-28,14.03,14.38,13.98,14.30,18309905,277487840.000
2011-12-29,14.20,14.56,14.11,14.45,20698270,317579136.000
2011-12-30,14.50,14.85,14.47,14.70,20486458,320582880.000
2012-01-04,14.86,14.95,14.32,14.33,20791593,325448320.000
2012-01-05,14.30,14.37,13.89,13.97,20387565,306923552.000
2012-01-06,13.96,14.07,13.45,13.77,21936087,322758976.000
2012-01-09,13.87,14.65,13.61,14.60,31150605,473500768.000
2012-01-10,14.61,15.69,14.55,15.64,54621542,881866304.000
2012-01-11,15.65,15.70,15.17,15.43,35876545,586527744.000
2012-01-12,15.35,15.88,15.20,15.56,36331750,601635968.000
2012-01-13,15.57,15.64,14.77,14.80,38441746,614091072.000
2012-01-16,14.50,14.77,14.25,14.33,18629201,289054624.000
2012-01-17,14.35,15.50,14.33,15.48,38076099,608722880.000
2012-01-18,15.62,16.38,15.50,15.87,65174970,1098482176.000
2012-01-19,15.73,16.29,15.66,16.20,40408047,688850688.000
2012-01-20,16.23,16.90,16.20,16.84,52159175,915758976.000
2012-01-30,16.95,16.99,16.23,16.43,31508829,550593984.000
2012-01-31,16.35,16.50,16.14,16.42,24972395,430889824.000
2012-02-01,16.30,16.45,15.53,15.59,39488747,667066304.000
2012-02-02,15.56,15.97,15.21,15.95,47103707,778996864.000
2012-02-03,15.75,15.92,15.42,15.77,38288761,636359616.000
2012-02-06,15.80,16.20,15.80,16.12,38851392,658536768.000
2012-02-07,16.01,16.01,15.46,15.57,24609190,408235680.000
2012-02-08,15.53,16.23,15.52,16.20,38356844,649276032.000
2012-02-09,16.15,16.58,15.98,16.45,48739195,841502720.000
2012-02-10,16.35,16.95,16.20,16.56,51603735,910758528.000
2012-02-13,16.15,16.54,15.98,16.30,33312385,573668736.000
2012-02-14,16.30,16.39,15.95,16.15,29108031,495702656.000
2012-02-15,16.13,16.44,15.94,16.36,34858378,599500800.000
2012-02-16,16.37,16.42,16.04,16.20,32516033,559477440.000
2012-02-17,16.34,16.35,16.02,16.10,25427865,434517824.000
2012-02-20,16.38,16.59,16.25,16.26,38295064,665150208.000
2012-02-21,16.26,16.51,16.06,16.40,23469737,405285120.000
2012-02-22,16.39,16.80,16.33,16.74,37215666,654135936.000
2012-02-23,16.75,16.85,16.57,16.69,37694718,664889216.000
2012-02-24,16.69,17.81,16.45,17.33,81114130,1467424384.000
2012-02-27,17.43,17.76,17.23,17.34,78677416,1454713600.000
2012-02-28,17.29,17.65,17.25,17.53,50542553,929025536.000
2012-02-29,17.35,17.47,16.93,16.99,43884705,793181888.000
2012-03-01,17.07,17.11,16.77,16.83,32726572,585947136.000
2012-03-02,16.85,17.30,16.85,17.28,52691436,949720768.000
2012-03-05,17.36,17.50,16.96,17.03,53338159,968915712.000
2012-03-06,16.93,16.93,16.20,16.24,60597297,1054579968.000
2012-03-07,16.05,16.18,15.77,15.91,50800155,858837504.000
2012-03-08,15.98,16.22,15.98,16.19,30358717,518101120.000
2012-03-09,16.26,16.49,16.15,16.47,34738938,600990464.000
2012-03-12,16.54,16.61,16.05,16.23,32422679,559574656.000
2012-03-13,16.23,16.41,16.10,16.34,39688555,683483712.000
2012-03-14,16.41,16.58,15.69,15.77,67127516,1153090560.000
2012-03-15,15.67,15.81,14.95,15.07,64263285,1044268352.000
2012-03-16,15.10,15.21,14.75,15.17,48137795,769172864.000
2012-03-19,15.13,15.35,14.84,15.34,35713496,571348544.000
2012-03-20,15.23,15.23,14.89,14.94,25107020,401185248.000
2012-03-21,15.09,15.22,14.85,14.96,28450461,454764384.000
2012-03-22,15.01,15.14,14.95,15.02,17292363,276566880.000
2012-03-23,14.98,14.98,14.69,14.77,20901599,329048480.000
2012-03-26,14.80,14.90,14.62,14.77,14654436,229863232.000
2012-03-27,14.86,15.12,14.85,15.06,26832536,428751552.000
2012-03-28,15.05,15.10,14.52,14.54,31102370,487491776.000
2012-03-29,14.53,14.74,14.25,14.57,32343449,501816416.000
2012-03-30,14.73,15.01,14.63,14.83,26566333,417873696.000
2012-04-05,14.85,16.17,14.85,15.94,89160144,1472994048.000
2012-04-06,15.94,16.16,15.61,15.93,45832104,772349120.000
2012-04-09,15.81,16.38,15.63,15.83,40066193,683633216.000
2012-04-10,15.75,16.15,15.45,16.09,32841254,549862400.000
2012-04-11,15.85,16.41,15.76,16.11,42430746,724509952.000
2012-04-12,16.25,16.34,15.93,16.32,42096277,721036032.000
2012-04-13,16.35,16.60,16.22,16.42,58781723,1021472256.000
2012-04-16,16.23,16.30,16.05,16.19,31627002,541509888.000
2012-04-17,16.19,16.29,15.64,15.65,29056335,489759200.000
2012-04-18,15.71,16.30,15.57,16.20,39777034,674472320.000
2012-04-19,16.15,16.59,16.10,16.36,46284285,802176064.000
2012-04-20,16.25,16.87,16.13,16.79,73926647,1295421824.000
2012-04-23,16.79,17.23,16.60,16.89,59059995,1056165120.000
2012-04-24,16.85,17.06,16.36,16.70,44588100,785814720.000
2012-04-25,16.65,16.85,16.57,16.80,25397290,449043136.000
2012-04-26,16.82,17.07,16.65,16.70,23567318,419370656.000
2012-04-27,16.68,16.76,16.28,16.52,28519135,499211616.000
2012-05-02,16.61,16.91,16.49,16.75,48402712,856576576.000
2012-05-03,16.76,16.76,16.25,16.31,43040775,747580928.000
2012-05-04,16.28,16.29,15.97,16.20,52949665,902794496.000
2012-05-07,16.12,16.12,15.81,15.99,41788551,705126848.000
2012-05-08,15.98,16.15,15.96,16.08,25141195,427648416.000
2012-05-09,15.99,15.99,15.49,15.53,45600487,756678080.000
2012-05-10,15.50,15.57,15.33,15.34,28492778,466569600.000
2012-05-11,15.34,15.48,15.26,15.33,23501525,383171072.000
2012-05-14,15.48,15.62,15.40,15.42,35360954,582312192.000
2012-05-15,15.30,15.68,15.18,15.54,30707369,502698944.000
2012-05-16,15.51,15.55,15.12,15.14,29818285,485424416.000
2012-05-17,15.16,15.37,15.02,15.30,18952430,306392512.000
2012-05-18,15.20,15.20,14.98,15.15,22103578,354117792.000
2012-05-21,15.17,15.36,15.08,15.18,17298950,279699488.000
2012-05-22,15.24,15.78,15.24,15.72,44463646,737372224.000
2012-05-23,15.64,15.97,15.57,15.74,38413443,643409408.000
2012-05-24,15.85,16.21,15.85,15.91,53051365,900611904.000
2012-05-25,15.93,16.03,15.81,15.94,28892129,487965632.000
2012-05-28,15.95,16.95,15.85,16.92,96717093,1686977408.000
2012-05-29,16.99,17.13,16.51,16.79,81712360,1453686016.000
2012-05-30,16.67,17.18,16.57,16.97,63490332,1135210112.000
2012-06-01,16.80,16.90,16.10,16.37,55341362,963909312.000
2012-06-04,16.05,16.12,15.57,15.61,43723679,734967168.000
2012-06-05,15.56,15.72,15.52,15.57,19314325,319733792.000
2012-06-06,15.62,15.71,15.43,15.54,18881856,312187744.000
2012-06-07,15.68,15.80,15.53,15.63,22104585,367002240.000
2012-06-08,15.74,15.76,15.11,15.17,44816999,731570432.000
2012-06-11,15.18,15.51,15.10,15.45,21448492,349264768.000
2012-06-12,15.35,15.35,15.11,15.18,21070936,340579808.000
2012-06-13,15.19,15.55,15.10,15.51,20587598,334966368.000
2012-06-14,15.59,15.59,15.21,15.27,18424165,294000256.000
2012-06-15,15.32,15.51,15.21,15.38,14996337,239350320.000
2012-06-18,15.42,15.72,15.42,15.61,18134281,293875552.000
2012-06-19,15.65,15.65,15.46,15.55,9128229,147325648.000
2012-06-20,15.60,15.62,15.40,15.43,10684912,171910464.000
2012-06-21,15.42,15.42,15.00,15.14,14467509,228232832.000
2012-06-25,15.10,15.10,14.27,14.34,30534745,463877632.000
2012-06-26,14.28,14.40,14.05,14.32,16148811,239356112.000
2012-06-27,14.32,14.58,14.16,14.20,12691816,190496896.000
2012-06-28,14.35,14.42,13.97,14.00,16537848,243888176.000
2012-06-29,13.89,14.25,13.67,14.22,20987100,306249632.000
2012-07-02,14.22,14.39,13.98,14.08,19589837,288677088.000
2012-07-03,14.16,14.31,14.00,14.16,16748729,247118992.000
2012-07-04,14.17,14.35,14.05,14.19,14618224,216222128.000
2012-07-05,14.13,14.13,13.60,13.64,25305960,362514112.000
2012-07-06,13.71,14.01,13.62,13.97,21184143,305639168.000
2012-07-09,13.80,13.85,13.33,13.40,28446568,402324864.000
2012-07-10,13.40,13.70,13.35,13.53,15837171,223122528.000
2012-07-11,13.49,14.41,13.48,13.93,27736094,404977664.000
2012-07-12,13.93,14.18,13.63,14.10,22517814,327883488.000
2012-07-13,14.05,14.43,13.96,14.27,23599314,351407456.000
2012-07-16,14.26,14.38,13.90,14.13,17012392,251418976.000
2012-07-17,14.05,14.57,14.05,14.55,21339869,320793408.000
2012-07-18,14.55,14.58,14.00,14.30,15528755,230437392.000
2012-07-19,14.20,14.53,14.18,14.34,14184738,212903840.000
2012-07-20,14.14,14.34,13.91,13.99,12480945,182831376.000
2012-07-23,13.83,13.84,13.61,13.63,8582591,122555688.000
2012-07-24,13.60,13.80,13.57,13.75,10755600,154121264.000
2012-07-25,13.68,13.80,13.60,13.71,7551808,107953952.000
2012-07-26,13.71,13.83,13.60,13.61,7540777,107802528.000
2012-07-27,13.68,13.89,13.66,13.80,7710143,110835384.000
2012-07-30,13.86,14.09,13.78,13.87,10006006,145684320.000
2012-07-31,13.91,14.09,13.80,13.85,9008009,130840560.000
2012-08-01,13.86,14.66,13.85,14.34,26950440,403598624.000
2012-08-02,14.35,14.49,14.08,14.22,14710504,218722496.000
2012-08-03,14.26,14.44,14.13,14.39,10561624,157364544.000
2012-08-06,14.35,14.70,14.21,14.53,21182855,319294336.000
2012-08-07,14.50,14.56,14.30,14.46,14777655,221853216.000
2012-08-08,14.44,14.64,14.40,14.44,13912150,210134336.000
2012-08-09,14.43,14.65,14.33,14.56,12738907,192560240.000
2012-08-10,14.60,14.60,14.39,14.45,6989687,105203824.000
2012-08-13,14.38,14.38,13.75,13.80,18199923,264442736.000
2012-08-14,13.82,13.89,13.41,13.61,14268299,202887232.000
2012-08-15,13.62,13.94,13.55,13.76,10571206,151685296.000
2012-08-16,13.76,13.91,13.61,13.69,7366803,105758184.000
2012-08-17,13.65,13.83,13.55,13.73,8664432,123790728.000
2012-08-20,13.60,13.65,13.39,13.45,18178489,255310592.000
2012-08-21,13.52,13.69,13.45,13.65,10153315,144287776.000
2012-08-22,13.69,13.69,13.48,13.57,7255738,102841488.000
2012-08-23,13.57,13.74,13.45,13.68,8388758,119346320.000
2012-08-24,13.60,13.68,13.34,13.46,12903689,181696432.000
2012-08-27,13.45,13.45,13.06,13.08,11901119,164474368.000
2012-08-28,13.03,13.15,12.75,12.90,12560190,169832480.000
2012-08-29,12.90,12.95,12.60,12.69,8415250,112249088.000
2012-08-30,12.69,12.82,12.34,12.44,18283698,239477008.000
2012-08-31,12.45,12.60,12.35,12.40,9092456,119081192.000
2012-09-03,12.50,12.90,12.41,12.73,16780382,223444816.000
2012-09-04,12.76,13.00,12.70,12.74,11638114,156408640.000
2012-09-05,12.75,12.87,12.70,12.78,12927714,172705600.000
2012-09-06,12.80,13.11,12.80,13.10,10769050,146582960.000
2012-09-07,13.40,14.47,13.40,14.47,65338476,964833216.000
2012-09-10,14.69,15.36,14.60,14.86,84632873,1316368000.000
2012-09-11,14.70,14.70,14.20,14.38,34953786,522950432.000
2012-09-12,14.58,14.79,14.21,14.67,27330610,413519456.000
2012-09-13,14.68,14.70,14.35,14.38,15699225,237081424.000
2012-09-14,14.58,14.93,14.49,14.69,37385688,572709888.000
2012-09-17,14.69,14.92,14.20,14.41,27555475,416995872.000
2012-09-18,14.28,14.42,13.89,14.03,25343583,372565312.000
2012-09-19,14.00,14.36,14.00,14.22,14786616,218575536.000
2012-09-20,14.19,14.36,13.92,14.01,19660402,290947680.000
2012-09-21,13.90,14.30,13.90,14.12,12741020,187735776.000
2012-09-24,14.05,14.85,13.91,14.67,31932146,482711008.000
2012-09-25,14.67,15.05,14.58,14.88,31310312,484809632.000
2012-09-26,14.80,14.93,14.60,14.62,15121360,232377808.000
2012-09-27,14.60,15.15,14.56,15.11,23140088,359839008.000
2012-09-28,15.01,15.46,15.00,15.38,29982606,477600416.000
2012-10-08,15.50,15.63,15.00,15.01,16624802,264438384.000
2012-10-09,15.07,15.52,15.06,15.47,18164260,290888992.000
2012-10-10,15.46,15.56,15.31,15.40,13224340,212088320.000
2012-10-11,15.35,15.87,15.35,15.58,20406327,331641408.000
2012-10-12,15.61,15.76,15.07,15.39,19166297,305786272.000
2012-10-15,15.45,15.49,15.11,15.39,13862703,220337344.000
2012-10-16,15.29,15.48,15.24,15.31,8155088,130089856.000
2012-10-17,15.36,15.62,15.30,15.54,13320008,213948352.000
2012-10-18,15.61,15.99,15.60,15.95,21558115,354654560.000
2012-10-19,15.94,16.41,15.91,16.28,21648462,365253408.000
2012-10-22,16.24,16.40,15.96,16.31,15575502,260944736.000
2012-10-23,16.25,16.33,15.60,15.64,18602352,306213824.000
2012-10-24,15.55,15.97,15.50,15.63,17414211,284220928.000
2012-10-25,15.61,15.90,15.44,15.50,14024003,227444672.000
2012-10-26,15.52,15.63,14.98,15.19,19816676,313443072.000
2012-10-29,15.20,15.58,14.95,15.46,14478224,232138096.000
2012-10-30,15.50,15.65,15.33,15.58,14034038,226748336.000
2012-10-31,15.58,15.95,15.52,15.88,10506537,172173440.000
2012-11-01,15.94,16.51,15.88,16.43,26790737,454112032.000
2012-11-02,16.43,16.70,16.23,16.43,21778622,371395712.000
2012-11-05,16.44,16.52,16.28,16.38,13619444,231219488.000
2012-11-06,16.38,16.44,15.78,16.18,16095616,267573680.000
2012-11-07,16.13,16.24,15.85,15.90,11097188,184046432.000
2012-11-08,15.79,16.12,15.70,15.71,8972493,147740720.000
2012-11-09,15.70,16.05,15.63,15.76,6839018,112401992.000
2012-11-12,15.76,15.85,14.98,15.05,23422542,371798496.000
2012-11-13,15.10,15.14,14.89,14.93,8589982,133767888.000
2012-11-14,14.96,15.11,14.76,15.08,9557928,148050192.000
2012-11-15,14.89,15.36,14.74,14.90,12792810,201354144.000
2012-11-16,15.00,15.11,14.88,14.98,7261191,113135504.000
2012-11-19,14.90,15.41,14.90,15.37,11243776,178578880.000
2012-11-20,15.41,15.66,15.40,15.43,8155972,131640824.000
2012-11-21,15.43,15.71,15.34,15.69,9331892,150803040.000
2012-11-22,15.74,15.74,15.41,15.48,5342962,86279256.000
2012-11-23,15.50,15.88,15.45,15.51,13246861,215431200.000
2012-11-26,15.46,15.50,15.18,15.24,7049937,112012368.000
2012-11-27,15.15,15.24,14.90,15.00,10273987,160509552.000
2012-11-28,14.99,15.19,14.89,15.08,8223251,128784792.000
2012-11-29,15.08,15.33,15.08,15.11,5492555,86879752.000
2012-11-30,15.19,15.93,15.18,15.88,26370763,430903040.000
2012-12-03,15.82,16.05,15.66,15.91,20962547,346201216.000
2012-12-04,15.91,16.05,15.72,16.01,11686426,193163680.000
2012-12-05,15.98,17.17,15.98,16.82,55211853,960257344.000
2012-12-06,16.80,17.01,16.55,16.82,19599684,340248320.000
2012-12-07,16.85,17.58,16.85,17.10,46686839,835064192.000
2012-12-10,17.10,17.41,16.82,17.12,25232461,448869440.000
2012-12-11,17.09,17.39,16.90,17.13,15343207,272153376.000
2012-12-12,17.02,17.39,16.98,17.34,17352713,309832800.000
2012-12-13,17.35,17.65,17.20,17.32,19378395,349260160.000
2012-12-14,17.32,18.40,17.32,18.16,43364635,804439040.000
2012-12-17,18.40,18.60,17.85,18.23,35371591,668306048.000
2012-12-18,18.10,18.50,17.83,18.04,25614742,480456032.000
2012-12-19,17.90,18.24,17.38,17.92,38331495,703891648.000
2012-12-20,17.78,17.88,17.41,17.70,22379010,407906976.000
2012-12-21,17.85,18.05,17.54,17.61,21024318,385304384.000
2012-12-24,17.50,17.85,17.45,17.75,17574616,321598816.000
2012-12-25,17.53,18.26,17.10,17.92,33569193,617093248.000
2012-12-26,17.87,18.31,17.85,18.13,21599860,404333088.000
2012-12-27,18.26,18.30,17.50,17.58,25697866,470211424.000
2012-12-28,17.58,17.82,17.37,17.75,22424813,408265216.000
2012-12-31,17.81,18.12,17.55,17.85,29461632,542781568.000
2013-01-04,18.03,18.44,17.82,18.29,48527876,909979072.000
2013-01-07,18.28,18.98,18.21,18.71,40595614,784678016.000
2013-01-08,18.80,18.85,18.02,18.28,31704266,599817088.000
2013-01-09,18.23,18.47,17.90,18.03,20962148,391533248.000
2013-01-10,18.01,18.28,17.84,17.98,18306368,341649568.000
2013-01-11,18.03,18.12,17.09,17.24,34062530,615586496.000
2013-01-14,17.16,17.74,17.04,17.72,37502826,678936640.000
2013-01-15,17.69,17.75,17.39,17.65,66323729,1203213184.000
2013-01-16,17.55,17.55,17.12,17.38,41880458,751180672.000
2013-01-17,17.35,17.57,17.20,17.55,25737017,463548192.000
2013-01-18,17.59,17.77,17.40,17.70,25775781,470087584.000
2013-01-21,17.72,18.36,17.70,18.11,41710782,779229376.000
2013-01-22,18.10,18.78,17.98,18.39,61637036,1175458048.000
2013-01-23,18.34,18.58,18.00,18.23,23891772,451412288.000
2013-01-24,18.15,18.98,17.90,18.27,51936531,995325632.000
2013-01-25,18.21,18.90,18.05,18.61,39579474,760412864.000
2013-01-28,18.71,19.88,18.71,19.85,74743534,1498314752.000
2013-01-29,19.90,20.03,19.59,19.95,34561305,705569728.000
2013-01-30,19.96,20.39,19.60,19.87,23961413,491596416.000
2013-01-31,19.80,20.21,19.30,19.43,24317976,489968288.000
2013-02-01,19.38,20.43,19.30,20.18,30417650,624512768.000
2013-02-04,20.26,21.31,20.26,20.50,39194929,840434112.000
2013-02-05,20.54,21.06,20.30,20.90,30985231,660649088.000
2013-02-06,20.90,21.27,20.62,20.80,18934778,408733728.000
2013-02-07,20.63,20.95,20.41,20.60,20190775,428229920.000
2013-02-08,20.70,20.90,20.30,20.68,20874299,442408928.000
2013-02-18,20.86,21.50,20.68,20.74,23589870,512927008.000
2013-02-19,20.60,20.62,18.90,19.12,53308169,1068356928.000
2013-02-20,19.10,19.42,18.66,19.19,30719288,602179776.000
2013-02-21,18.84,18.84,17.90,18.12,48793643,918778624.000
2013-02-22,18.10,18.26,17.78,17.88,29714456,553958016.000
2013-02-25,17.99,18.20,17.85,18.03,23382225,435022144.000
2013-02-26,17.98,18.17,17.40,17.48,28713068,524986624.000
2013-02-27,17.52,17.76,17.46,17.64,21357289,389075808.000
2013-02-28,17.82,18.83,17.79,18.79,40334051,766681280.000
2013-03-01,18.98,19.30,18.69,19.27,38365860,751159936.000
2013-03-04,18.10,18.10,17.28,17.28,82117446,1479008384.000
2013-03-05,16.90,17.53,16.81,17.47,38295239,681660864.000
2013-03-06,17.63,17.95,17.48,17.68,26686641,488420512.000
2013-03-07,17.40,17.82,17.15,17.57,19747748,357863488.000
2013-03-08,17.54,17.63,17.30,17.46,15277505,276047584.000
2013-03-11,17.40,17.72,17.10,17.22,20728796,371707488.000
2013-03-12,17.21,17.72,17.18,17.42,38986940,704299200.000
2013-03-13,17.39,17.42,16.82,16.86,22745511,401038240.000
2013-03-14,16.78,16.89,16.58,16.62,23051368,399239488.000
2013-03-15,16.51,16.53,15.58,16.22,67256830,1119865728.000
2013-03-18,15.61,16.00,15.60,15.71,27431065,449396896.000
2013-03-19,15.73,16.40,15.73,16.39,33341126,559530240.000
2013-03-20,16.45,17.20,16.45,17.07,38101864,669536832.000
2013-03-21,17.10,17.23,16.91,17.00,19449774,343761120.000
2013-03-22,16.99,17.46,16.96,17.26,24745874,441752736.000
2013-03-25,17.16,17.50,17.00,17.22,13781374,245225408.000
2013-03-26,17.15,17.61,17.05,17.19,21822535,390389792.000
2013-03-27,17.23,17.40,17.01,17.10,18075409,320909952.000
2013-03-28,16.90,16.90,16.30,16.40,28956392,494750304.000
2013-03-29,16.44,16.74,16.30,16.45,11639029,199004240.000
2013-04-01,16.35,16.79,16.30,16.70,14582529,251605648.000
2013-04-02,16.78,17.60,16.78,17.36,34780389,622816384.000
2013-04-03,17.36,17.65,17.15,17.37,20414462,367651360.000
2013-04-08,17.10,17.71,16.90,17.69,27491786,494156704.000
2013-04-09,17.77,18.39,17.76,18.02,35018133,656509120.000
2013-04-10,18.04,18.28,17.35,17.78,25069174,459519712.000
2013-04-11,18.30,18.46,18.02,18.25,40586128,765681920.000
2013-04-12,18.24,18.42,17.94,18.02,18946683,354738784.000
2013-04-15,17.84,18.29,17.83,17.95,20823939,387559936.000
2013-04-16,17.86,18.44,17.76,18.27,41962133,788409984.000
2013-04-17,18.30,18.47,18.12,18.45,26943597,510170272.000
2013-04-18,18.37,18.45,18.06,18.21,25069928,471552000.000
2013-04-19,18.30,18.84,18.22,18.66,34968324,670672384.000
2013-04-22,19.20,19.37,18.45,18.63,49119329,956735808.000
2013-04-23,18.28,18.28,17.20,17.50,48500138,886771840.000
2013-04-24,17.41,17.79,17.35,17.71,25072676,455584384.000
2013-04-25,17.60,17.65,16.40,17.02,52724673,924138496.000
2013-04-26,17.06,17.20,16.81,17.01,17964870,315625152.000
2013-05-02,17.10,17.10,16.61,16.86,23690210,413143040.000
2013-05-03,16.98,17.46,16.98,17.13,25265314,450822240.000
2013-05-06,17.21,17.49,17.12,17.38,20661710,370589920.000
2013-05-07,17.36,17.79,17.21,17.78,26822553,487882912.000
2013-05-08,17.94,17.99,17.58,17.67,16862855,309089792.000
2013-05-09,17.67,17.68,16.91,16.97,33922727,602722496.000
2013-05-10,16.96,17.06,16.70,16.99,23657204,413830272.000
2013-05-13,16.99,17.29,16.76,16.87,19438110,341700960.000
2013-05-14,16.89,16.90,16.25,16.41,28673157,488245088.000
2013-05-15,16.44,16.54,16.15,16.36,20596929,348469728.000
2013-05-16,16.30,16.66,16.00,16.64,22504499,383124256.000
2013-05-17,16.67,17.14,16.60,17.10,34212161,601521536.000
2013-05-20,17.14,17.16,16.89,17.02,25472364,448963200.000
2013-05-21,17.08,17.26,16.94,17.03,19669472,347229920.000
2013-05-22,17.04,17.60,16.85,17.29,43838723,782999936.000
2013-05-23,17.20,17.29,16.65,16.71,32270320,565983872.000
2013-05-24,16.69,16.90,16.35,16.51,32737334,560089600.000
2013-05-27,16.40,16.57,16.20,16.31,24351472,412988800.000
2013-05-28,16.32,16.88,16.16,16.87,34700463,593766272.000
2013-05-29,16.95,17.00,16.66,16.77,27846961,483344576.000
2013-05-30,16.67,16.67,16.37,16.46,20762796,355137216.000
2013-05-31,16.45,16.67,16.28,16.30,20059448,340932576.000
2013-06-03,16.37,16.57,16.30,16.35,21790505,370259904.000
2013-06-04,16.33,16.33,15.90,16.01,22930860,382445824.000
2013-06-05,16.05,16.12,15.81,15.85,19766696,326377088.000
2013-06-06,15.80,15.98,15.65,15.68,13890920,227850416.000
2013-06-07,15.69,15.80,15.11,15.20,28231627,451355168.000
2013-06-13,15.05,15.05,13.90,14.12,42042635,619970560.000
2013-06-14,14.30,14.30,13.98,14.11,34493657,498047840.000
2013-06-17,14.14,14.19,13.50,13.85,32705136,462168064.000
2013-06-18,13.85,13.94,13.56,13.68,30148930,423570752.000
2013-06-19,13.56,13.83,13.27,13.79,25875066,358300512.000
2013-06-20,13.65,13.70,13.07,13.09,27073897,372453568.000
2013-06-21,12.84,13.30,12.63,13.23,30174035,401436800.000
2013-06-24,13.14,13.14,12.26,12.45,42715398,551840768.000
2013-06-25,12.30,12.65,11.53,12.50,36482511,459571968.000
2013-06-26,12.52,12.71,12.16,12.35,29689497,377940768.000
2013-06-27,12.66,13.15,12.46,12.61,50231815,662913088.000
2013-06-28,12.65,13.10,12.55,13.03,33338513,442228576.000
2013-07-01,12.90,12.98,12.57,12.81,21519248,282402112.000
2013-07-02,12.89,12.93,12.61,12.77,17583405,230190240.000
2013-07-03,12.73,12.75,12.31,12.65,24256079,311246240.000
2013-07-04,12.45,13.04,12.40,12.83,30004759,395493536.000
2013-07-05,12.93,13.46,12.93,13.19,32184975,437871712.000
2013-07-08,12.98,13.15,12.58,12.89,19371989,253863216.000
2013-07-09,12.95,13.12,12.61,12.76,19889057,261525216.000
2013-07-10,12.68,13.10,12.67,13.04,26726356,354174656.000
2013-07-11,13.10,14.35,13.10,14.03,67409657,953178752.000
2013-07-12,14.05,14.23,13.82,13.91,34671979,498658784.000
2013-07-15,13.96,14.07,13.55,13.73,34433219,485798208.000
2013-07-16,13.70,13.71,13.33,13.59,24717221,342130784.000
2013-07-17,13.60,14.34,13.60,14.04,51575717,745944448.000
2013-07-18,13.95,14.07,13.68,13.93,18791336,267350000.000
2013-07-19,13.88,14.00,13.35,13.46,24890560,348045248.000
2013-07-22,13.30,13.67,13.21,13.49,17154374,235451024.000
2013-07-23,13.50,13.97,13.35,13.86,23418928,331318240.000
2013-07-24,13.90,14.00,13.66,13.81,18335482,260127520.000
2013-07-25,13.97,14.54,13.92,14.24,39620829,579513152.000
2013-07-26,14.20,15.07,14.10,14.69,44214878,666854208.000
2013-07-29,14.35,14.35,13.53,13.74,31095549,441376704.000
2013-07-30,13.90,14.17,13.66,13.89,16975508,242685568.000
2013-07-31,14.35,14.64,13.88,14.11,24901629,363769568.000
2013-08-01,14.23,14.53,14.15,14.47,20524302,303013472.000
2013-08-02,14.75,15.07,14.57,14.73,26009647,393889600.000
2013-08-05,14.75,15.10,14.75,15.03,19452529,298377056.000
2013-08-06,14.94,15.09,14.77,14.99,19481643,297834432.000
2013-08-07,14.98,15.58,14.98,15.06,27467625,430011392.000
2013-08-08,15.03,15.25,14.56,14.84,23943824,364679040.000
2013-08-09,14.91,15.22,14.56,15.18,27464123,420629728.000
2013-08-12,15.48,16.04,15.48,15.89,48748072,789854528.000
2013-08-13,16.01,16.63,16.01,16.26,42758590,714165312.000
2013-08-14,16.20,16.39,15.91,15.98,19729095,325644128.000
2013-08-15,15.93,16.23,15.75,15.82,17315823,283456864.000
2013-08-16,15.80,16.90,15.30,15.50,36412972,582924160.000
2013-08-19,15.46,16.03,15.43,16.01,21213325,342017856.000
2013-08-20,16.06,16.50,15.66,15.78,24438591,401774944.000
2013-08-21,15.94,15.94,15.37,15.46,19417274,308053888.000
2013-08-22,15.40,15.65,15.34,15.44,12247105,193575184.000
2013-08-23,15.52,15.69,15.25,15.56,18879574,299702144.000
2013-08-26,15.64,15.98,15.58,15.95,14170046,229680704.000
2013-08-27,15.90,15.93,15.55,15.72,13763144,221133792.000
2013-08-28,15.63,15.63,15.25,15.33,18229174,286986944.000
2013-08-29,15.29,15.43,14.64,14.78,29024171,441941664.000
2013-08-30,14.73,14.95,14.58,14.79,21239197,321857376.000
2013-09-02,14.90,15.40,14.85,15.34,19655578,305128512.000
2013-09-03,15.43,15.80,15.35,15.59,19475901,310740576.000
2013-09-04,15.61,15.65,15.25,15.59,13414641,212280000.000
2013-09-05,15.49,15.79,15.43,15.45,15138850,241277280.000
2013-09-06,15.45,15.67,15.28,15.46,9607549,151671648.000
2013-09-09,15.59,15.89,15.46,15.86,28533126,459307712.000
2013-09-10,15.88,16.18,15.87,16.08,22761959,373435936.000
2013-09-11,16.15,16.80,16.15,16.58,46493025,781830016.000
2013-09-12,16.53,16.53,15.95,16.36,27818314,460723648.000
2013-09-13,16.19,16.34,15.81,15.86,26269085,427256096.000
2013-09-16,15.93,16.03,15.43,15.63,23307195,374929824.000
2013-09-17,15.70,15.74,15.21,15.23,26896708,422761696.000
2013-09-18,15.23,15.58,15.17,15.23,16013923,251159984.000
2013-09-23,15.31,15.61,15.31,15.54,14058429,222643376.000
2013-09-24,15.54,15.72,15.22,15.65,19590282,309348416.000
2013-09-25,15.60,15.62,15.22,15.28,14711982,231439968.000
2013-09-26,15.26,15.30,14.80,14.85,17417334,267044208.000
2013-09-27,14.99,14.99,14.65,14.75,14250272,214937088.000
2013-09-30,14.81,14.90,14.25,14.59,18059025,268282896.000
2013-10-08,14.69,14.98,14.46,14.96,16726648,253412256.000
2013-10-09,14.97,15.09,14.83,15.07,13039833,200079088.000
2013-10-10,15.11,15.46,14.83,14.91,16391319,253831728.000
2013-10-11,15.10,15.36,15.10,15.23,18722759,291279680.000
2013-10-14,15.32,15.50,15.20,15.21,16070341,252116240.000
2013-10-15,15.34,15.55,15.14,15.30,20259450,317410048.000
2013-10-16,15.36,16.14,15.36,15.61,44658828,719929216.000
2013-10-17,15.76,16.20,15.53,15.64,26776346,433161600.000
2013-10-18,15.73,15.82,15.43,15.56,13122751,209058384.000
2013-10-21,15.60,15.67,15.30,15.57,21958641,347482912.000
2013-10-22,15.65,15.76,15.53,15.58,14044057,224058048.000
2013-10-23,15.71,15.83,15.23,15.26,16143404,255360288.000
2013-10-24,15.18,15.30,14.75,14.79,22378185,341972064.000
2013-10-25,14.78,14.84,14.13,14.41,24349278,361501952.000
2013-10-28,14.41,14.50,14.10,14.19,23215957,338225664.000
2013-10-29,14.41,14.84,14.38,14.83,31798766,475614560.000
2013-10-30,14.92,15.15,14.85,15.01,19230927,294989504.000
2013-10-31,15.30,15.64,15.01,15.08,28888174,452541376.000
2013-11-01,15.25,15.31,15.00,15.10,19100732,295952064.000
2013-11-04,15.25,15.31,14.79,14.94,19583996,299496128.000
2013-11-05,14.86,15.15,14.75,15.03,18676425,285890240.000
2013-11-06,15.05,15.10,14.77,14.85,13761753,209918368.000
2013-11-07,14.87,14.89,14.61,14.70,10811875,162981168.000
2013-11-08,14.64,14.91,14.55,14.72,12011601,181770336.000
2013-11-11,14.73,14.95,14.66,14.89,10479384,159236048.000
2013-11-12,14.98,15.17,14.91,15.12,15556077,239792736.000
2013-11-13,15.25,15.53,15.05,15.10,27415657,429797088.000
2013-11-14,15.30,15.42,15.17,15.38,22331772,349446240.000
2013-11-15,15.43,15.95,15.32,15.72,37744508,605775936.000
2013-11-18,15.87,16.57,15.87,16.52,45858810,761306816.000
2013-11-19,16.56,16.84,16.42,16.53,29057376,492473760.000
2013-11-20,16.68,16.90,16.38,16.52,20673875,349671936.000
2013-11-21,16.52,16.52,15.88,16.24,28632713,471379200.000
2013-11-22,16.30,16.39,16.01,16.06,15225347,251636288.000
2013-11-25,16.04,16.60,16.03,16.34,18669444,312279616.000
2013-11-26,16.36,16.47,16.17,16.44,11843985,198039024.000
2013-11-27,16.46,16.69,16.32,16.58,18230775,307997184.000
2013-11-28,16.69,18.03,16.68,17.64,66302704,1181434496.000
2013-11-29,17.58,17.72,17.30,17.51,25032659,446813248.000
2013-12-02,17.34,18.15,17.11,17.51,39198868,708539520.000
2013-12-03,17.45,18.25,17.42,18.12,41378774,758535232.000
2013-12-04,18.17,19.01,18.00,18.52,57559713,1094296576.000
2013-12-05,18.50,18.80,18.16,18.20,23776453,445625600.000
2013-12-06,18.20,18.23,17.72,17.95,25171448,460271104.000
2013-12-09,18.05,18.40,17.80,17.94,20990615,384976160.000
2013-12-10,17.86,18.22,17.76,18.00,22194857,408015808.000
2013-12-11,17.80,17.89,17.15,17.22,33608814,597931456.000
2013-12-12,17.22,17.29,16.89,17.16,23101076,402190912.000
2013-12-13,16.85,17.34,16.81,17.32,16276786,283525728.000
2013-12-16,17.45,17.65,16.69,16.85,25385452,441145856.000
2013-12-17,16.91,17.16,16.85,16.96,22253361,385741280.000
2013-12-18,16.96,17.17,16.90,17.10,17696929,308138144.000
2013-12-19,17.28,17.32,16.66,16.77,18279746,315050688.000
2013-12-20,16.83,16.93,16.15,16.42,23395593,393650048.000
2013-12-23,16.47,16.62,16.25,16.29,17821189,297827584.000
2013-12-24,16.36,16.62,16.15,16.53,14696415,246523328.000
2013-12-25,16.53,16.85,16.48,16.84,11753726,199987536.000
2013-12-26,16.80,16.90,16.50,16.58,10093507,171456128.000
2013-12-27,16.70,16.87,16.41,16.68,13525806,230666480.000
2013-12-30,16.80,16.85,16.45,16.46,13841035,234692144.000
2013-12-31,16.26,16.68,16.18,16.61,16308737,273911616.000
2014-01-02,16.56,16.60,16.05,16.13,19156519,317397632.000
2014-01-03,15.95,16.01,15.37,15.38,33546232,535650816.000
2014-01-06,15.31,15.31,14.50,14.79,40453780,610485056.000
2014-01-07,14.48,14.93,14.48,14.73,22552432,339758656.000
2014-01-08,14.80,14.89,14.67,14.76,17661605,267131968.000
2014-01-09,14.73,14.99,14.65,14.72,18662160,283223296.000
2014-01-10,14.73,14.88,14.49,14.87,18978220,284879776.000
2014-01-13,14.80,15.12,14.65,14.95,19541459,298882912.000
2014-01-14,14.95,15.11,14.87,15.04,13595781,208452688.000
2014-01-15,15.35,15.65,15.24,15.65,26262338,414937728.000
2014-01-16,15.61,16.03,15.54,15.84,20001383,324077824.000
2014-01-17,15.85,16.17,15.74,16.01,31272891,510114912.000
2014-01-20,16.02,16.03,15.46,15.47,21543783,345148352.000
2014-01-21,15.49,15.98,15.41,15.95,20884892,336580896.000
2014-01-22,15.95,16.35,15.92,16.25,16987871,280966496.000
2014-01-23,16.24,16.36,15.95,16.23,16579782,273205632.000
2014-01-24,16.09,16.52,15.96,16.23,16584220,276582720.000
2014-01-27,15.95,16.01,15.25,15.34,25234504,401100960.000
2014-01-28,15.46,15.60,15.31,15.53,10803504,171148256.000
2014-01-29,15.64,15.79,15.56,15.72,10393901,166789792.000
2014-01-30,15.55,15.65,15.33,15.52,10915577,172249888.000
2014-02-07,15.55,16.24,15.55,16.22,19350452,315896960.000
2014-02-10,16.40,16.65,16.25,16.51,28005889,469338688.000
2014-02-11,16.45,16.55,16.25,16.53,28591706,478943552.000
2014-02-12,16.50,16.78,16.45,16.53,20347204,345026688.000
2014-02-13,16.47,16.63,16.25,16.26,13640746,228016528.000
2014-02-14,16.29,16.41,16.06,16.13,15094497,250051120.000
2014-02-17,16.27,16.34,16.17,16.23,14141406,234714208.000
2014-02-18,16.23,16.30,15.76,15.80,21543758,351544512.000
2014-02-19,15.75,15.99,15.48,15.92,21117771,340323136.000
2014-02-20,15.90,16.15,15.50,15.61,20810528,335226080.000
2014-02-21,15.63,15.75,15.19,15.35,25373302,399996640.000
2014-02-24,15.12,15.12,14.45,14.56,48402188,723422272.000
2014-02-25,14.58,14.60,14.30,14.39,23380148,346059936.000
2014-02-26,14.28,14.45,14.04,14.29,26726145,389194592.000
2014-02-27,14.33,14.50,14.12,14.42,21035230,308151520.000
2014-02-28,14.42,14.83,14.32,14.72,18867792,281453952.000
2014-03-03,14.62,14.71,14.41,14.54,16312194,243473504.000
2014-03-04,14.51,14.51,14.19,14.36,11555971,169503664.000
2014-03-05,14.45,14.64,14.33,14.39,13463828,199782672.000
2014-03-06,14.36,14.70,14.29,14.65,15174731,225675008.000
2014-03-07,14.66,14.71,14.47,14.52,11808684,176425200.000
2014-03-10,14.34,14.34,13.83,13.84,18904542,271082208.000
2014-03-11,13.85,14.18,13.85,14.10,11672680,167650928.000
2014-03-12,14.04,14.17,13.87,13.98,13538387,193999888.000
2014-03-13,14.00,14.18,13.89,14.13,13902178,200588848.000
2014-03-14,14.01,14.10,13.93,14.05,12858647,184869200.000
2014-03-17,14.41,14.55,14.13,14.43,13609793,200120000.000
2014-03-18,14.39,14.58,14.35,14.46,11917857,176638048.000
2014-03-19,14.45,14.77,14.24,14.70,21350649,318053312.000
2014-03-20,14.65,14.86,14.49,14.51,19686562,296354272.000
2014-03-21,14.53,15.10,14.53,15.03,24319099,370273504.000
2014-03-24,15.10,15.65,15.03,15.53,42837517,672759616.000
2014-03-25,15.50,15.59,15.14,15.29,24630383,386463872.000
2014-03-26,15.36,15.62,15.36,15.52,20074322,318001952.000
2014-03-27,15.55,15.69,15.31,15.33,19091953,303331008.000
2014-03-28,15.43,16.34,15.40,16.19,53920101,880771072.000
2014-03-31,16.21,16.30,15.85,15.99,25818608,423350720.000
2014-04-01,15.99,16.15,15.83,15.94,15922318,260304016.000
2014-04-02,16.00,16.72,16.00,16.61,41299838,694878464.000
2014-04-03,16.86,17.14,16.53,16.58,49095704,846467136.000
2014-04-04,16.58,16.79,16.53,16.67,21020004,357165952.000
2014-04-08,16.65,17.19,16.55,17.08,35097245,610367616.000
2014-04-09,17.08,17.32,16.93,17.01,24396220,424902688.000
2014-04-10,17.05,18.75,16.85,18.75,146009330,2713630208.000
2014-04-11,18.65,19.02,18.05,18.09,161288467,3035350272.000
2014-04-14,17.95,17.96,17.54,17.94,58803277,1064701632.000
2014-04-15,17.85,18.04,17.41,17.49,50259877,902641472.000
2014-04-16,17.54,17.73,17.46,17.65,46547227,835379520.000
2014-04-17,17.77,17.80,16.95,17.19,45276692,798755968.000
2014-04-18,17.04,17.23,16.75,17.12,30565464,529635200.000
2014-04-21,16.93,17.04,16.46,16.49,35463431,607110592.000
2014-04-22,16.47,16.56,16.18,16.45,33440137,559673152.000
2014-04-23,16.48,16.71,16.45,16.70,24286756,411297536.000
2014-04-24,16.75,16.83,16.48,16.56,19283920,327905120.000
2014-04-25,16.73,16.84,16.23,16.25,28264362,477003008.000
2014-04-28,16.15,16.33,15.98,16.21,21684365,359186656.000
2014-04-29,16.30,16.73,16.16,16.72,22459817,379503744.000
2014-04-30,16.82,16.95,16.59,16.65,20198965,345414304.000
2014-05-05,16.65,16.85,16.48,16.82,14072523,239297152.000
2014-05-06,16.81,16.84,16.28,16.36,24482960,413333888.000
2014-05-07,16.35,16.52,16.25,16.27,17803057,298128192.000
2014-05-08,16.26,16.52,16.16,16.26,17209176,287730016.000
2014-05-09,16.28,16.35,16.10,16.11,11858861,196438656.000
2014-05-12,16.21,16.42,15.95,16.37,27472929,455153568.000
2014-05-13,16.33,16.63,16.31,16.45,20560279,346110208.000
2014-05-14,16.46,16.58,16.32,16.44,16952478,284330048.000
2014-05-15,16.40,16.48,16.20,16.27,14683668,244295600.000
2014-05-16,16.27,16.30,16.16,16.20,7808352,129571456.000
2014-05-19,16.10,16.10,15.78,15.87,12088542,196460944.000
2014-05-20,15.96,16.02,15.76,15.80,12775376,207111392.000
2014-05-21,15.68,15.95,15.48,15.83,12960329,208505184.000
2014-05-22,15.90,16.10,15.83,15.84,11972592,195484528.000
2014-05-23,15.85,16.00,15.72,16.00,10891590,177103680.000
2014-05-26,16.04,16.13,15.92,16.03,9933787,162199616.000
2014-05-27,16.04,16.04,15.75,15.78,11895062,193114400.000
2014-05-28,15.84,15.90,15.57,15.89,17067496,274650624.000
2014-05-29,15.90,15.96,15.75,15.78,10631138,172364336.000
2014-05-30,15.84,15.99,15.78,15.96,12753973,207265744.000
2014-06-03,16.02,16.35,16.00,16.19,19324879,320499904.000
2014-06-04,16.23,16.25,15.79,15.90,12951113,211011216.000
2014-06-05,15.81,16.14,15.81,16.13,10809354,176074688.000
2014-06-06,16.08,16.14,15.80,15.92,9868006,160688896.000
2014-06-09,15.86,16.04,15.82,15.89,7825166,127160504.000
2014-06-10,15.96,16.16,15.86,16.08,14547327,238512944.000
2014-06-11,16.00,16.07,15.89,15.98,11661867,190191824.000
2014-06-12,16.02,16.09,15.90,15.95,10781887,176175040.000
2014-06-13,15.95,16.26,15.91,16.06,16216854,266715840.000
2014-06-16,16.18,16.41,16.05,16.39,21561160,357757312.000
2014-06-17,16.35,16.35,16.12,16.17,13571162,224820960.000
2014-06-18,16.26,16.26,15.92,15.96,13728206,220185264.000
2014-06-19,15.96,16.10,15.65,15.73,10225150,162305024.000
2014-06-20,15.70,15.83,15.60,15.67,10218793,160273792.000
2014-06-23,15.71,15.87,15.64,15.78,8097052,127808512.000
2014-06-24,15.75,15.85,15.67,15.79,7499401,118250944.000
2014-06-25,15.79,15.81,15.68,15.74,5965141,93866304.000
2014-06-26,15.74,15.85,15.70,15.80,10363508,163492912.000
2014-06-27,15.72,15.74,15.54,15.65,12113020,189351136.000
2014-06-30,15.64,15.84,15.63,15.72,9490873,149468528.000
2014-07-01,15.71,15.83,15.60,15.64,11093966,174104544.000
2014-07-02,15.64,15.79,15.60,15.76,9689545,152092432.000
2014-07-03,16.10,16.53,16.05,16.50,37509870,611769344.000
2014-07-04,16.41,16.65,16.35,16.49,17590436,290693344.000
2014-07-07,16.56,16.73,16.42,16.58,18137742,301454944.000
2014-07-08,16.62,16.69,16.30,16.35,15046179,246883600.000
2014-07-09,16.33,16.43,16.07,16.13,16081039,261989600.000
2014-07-10,16.16,16.54,16.16,16.44,15933633,261959776.000
2014-07-11,16.46,16.66,16.39,16.47,11628897,192531648.000
2014-07-14,16.52,17.45,16.52,17.06,32495996,555682560.000
2014-07-15,17.07,17.38,16.77,16.96,21699467,369185728.000
2014-07-16,16.88,17.26,16.85,16.96,18721608,319362080.000
2014-07-17,17.02,17.07,16.72,16.86,11245415,189116512.000
2014-07-18,16.80,17.34,16.71,17.19,27675707,474909376.000
2014-07-21,17.23,17.33,16.95,17.11,14362214,245567424.000
2014-07-22,17.05,17.31,16.95,17.24,19092749,328584448.000
2014-07-23,17.35,17.77,17.28,17.60,31547252,554950208.000
2014-07-24,17.61,18.02,17.58,17.93,39813839,712107520.000
2014-07-25,18.05,18.11,17.81,18.06,23365818,420314176.000
2014-07-28,18.20,18.59,18.09,18.31,43298052,793416448.000
2014-07-29,18.20,18.29,17.77,17.85,41694397,752285312.000
2014-07-30,17.74,18.14,17.66,17.89,33400837,598558144.000
2014-07-31,17.85,18.02,17.70,17.97,24028618,428384736.000
2014-08-01,17.93,18.19,17.63,17.67,33430373,599207936.000
2014-08-04,17.78,18.38,17.70,18.29,34671449,626214016.000
2014-08-05,18.37,18.86,18.14,18.48,48052146,887678080.000
2014-08-06,18.28,18.47,18.10,18.30,24950152,455210752.000
2014-08-07,18.31,18.38,17.87,17.92,27759710,502196384.000
2014-08-08,17.90,18.02,17.75,17.95,16189994,289621056.000
2014-08-11,18.05,18.38,18.03,18.31,30843572,562859904.000
2014-08-12,18.30,18.43,18.20,18.26,19888372,363654496.000
2014-08-13,18.25,18.42,18.04,18.14,24332976,442511904.000
2014-08-14,18.14,18.25,17.93,17.97,21227256,384420320.000
2014-08-15,17.97,18.12,17.83,18.06,16154746,290577056.000
2014-08-18,18.18,18.23,18.03,18.11,17338022,314051840.000
2014-08-19,18.12,18.18,17.82,17.93,19011309,341820768.000
2014-08-20,17.97,17.97,17.77,17.81,19663460,350410368.000
2014-08-21,17.80,17.84,17.21,17.55,27462510,480872160.000
2014-08-22,17.55,17.65,17.51,17.59,20194388,354770080.000
2014-08-25,17.63,17.68,17.35,17.42,14024502,244879344.000
2014-08-26,17.43,17.62,17.27,17.33,16444510,286310304.000
2014-08-27,17.31,17.51,17.31,17.35,11242523,195536864.000
2014-08-28,17.37,17.40,17.12,17.13,16479316,283783008.000
2014-08-29,17.22,17.28,17.02,17.27,15145039,259818640.000
2014-09-01,17.30,17.58,17.28,17.53,16662377,290982848.000
2014-09-02,17.55,17.74,17.42,17.72,23110129,406623136.000
2014-09-03,17.75,17.88,17.70,17.84,24962878,444451552.000
2014-09-04,17.90,17.97,17.81,17.91,26846114,480047488.000
2014-09-05,17.93,18.14,17.82,18.01,31060032,558093440.000
2014-09-09,18.04,18.25,18.04,18.08,28711997,521182016.000
2014-09-10,17.98,17.98,17.70,17.75,26025261,462285280.000
2014-09-11,17.76,17.98,17.62,17.65,23402119,416152544.000
2014-09-12,17.63,17.75,17.55,17.71,15270407,269413984.000
2014-09-15,17.68,17.69,17.52,17.64,19303083,339546080.000
2014-09-16,17.67,17.73,17.26,17.31,26935777,471958400.000
2014-09-17,17.36,17.41,17.21,17.30,16574252,286597792.000
2014-09-18,17.29,17.33,17.16,17.23,18282516,315008928.000
2014-09-19,17.25,17.56,17.23,17.52,21387425,372236832.000
2014-09-22,17.47,17.47,17.03,17.06,21003765,360484160.000
2014-09-23,17.04,17.22,17.04,17.16,14427509,247205728.000
2014-09-24,17.11,17.36,17.07,17.32,26898713,463370688.000
2014-09-25,17.47,17.47,17.25,17.27,23238786,403542400.000
2014-09-26,17.19,17.36,17.11,17.29,16365758,282476608.000
2014-09-29,17.40,17.53,17.21,17.27,28822100,498807328.000
2014-09-30,17.29,17.36,17.16,17.18,30557456,525909920.000
2014-10-08,17.35,17.37,17.21,17.33,36542445,632040000.000
2014-10-09,17.38,17.52,17.33,17.46,34186980,595630592.000
2014-10-10,17.38,17.38,17.15,17.23,36737605,634026368.000
2014-10-13,17.19,17.19,16.92,17.10,29735381,507026976.000
2014-10-14,17.02,17.09,16.80,16.86,41481456,702639552.000
2014-10-15,16.82,17.18,16.81,17.15,37604621,640568960.000
2014-10-16,17.01,17.15,16.89,16.90,27893300,473586176.000
2014-10-17,16.92,17.00,16.60,16.85,27817078,466735648.000
2014-10-20,16.86,17.12,16.79,17.04,22840020,386822432.000
2014-10-21,17.00,17.13,16.83,16.93,26997141,458858624.000
2014-10-22,16.97,17.14,16.92,16.93,25767739,438241408.000
2014-10-23,16.93,16.99,16.70,16.74,20416464,343288480.000
2014-10-24,16.77,16.80,16.55,16.57,16994753,282911040.000
2014-10-27,16.41,16.41,16.11,16.32,21656370,352627008.000
2014-10-28,16.37,16.62,16.29,16.59,28975388,476365184.000
2014-10-29,16.60,16.85,16.53,16.83,29454292,492855904.000
2014-10-30,16.83,17.07,16.73,16.90,29974540,506734880.000
2014-10-31,16.95,17.27,16.88,17.23,47581887,812602880.000
2014-11-03,17.29,17.36,17.02,17.10,32681318,560705024.000
2014-11-04,17.05,17.10,16.86,16.97,28627369,485511904.000
2014-11-05,17.06,17.24,17.03,17.06,27407021,469524768.000
2014-11-06,17.03,17.16,16.91,17.13,20040936,340876320.000
2014-11-07,17.19,17.36,17.01,17.17,41114580,705749248.000
2014-11-10,17.60,17.69,17.39,17.63,70866668,1244300288.000
2014-11-11,17.68,17.97,17.42,17.52,76756195,1361954560.000
2014-11-12,17.56,17.85,17.45,17.84,41007174,726478208.000
2014-11-13,17.86,18.02,17.61,17.89,56232821,1005052672.000
2014-11-14,17.83,18.10,17.75,18.09,61004575,1093646720.000
2014-11-17,18.60,18.64,17.61,17.63,70871331,1273113216.000
2014-11-18,17.65,17.69,17.17,17.22,48960374,848091456.000
2014-11-19,17.16,17.25,17.02,17.07,25528669,436689024.000
2014-11-20,17.01,17.05,16.80,16.88,36658379,620034944.000
2014-11-21,16.88,17.20,16.86,17.16,32645416,555872640.000
2014-11-24,17.41,17.79,17.41,17.70,74131294,1306211200.000
2014-11-25,17.60,17.69,17.50,17.68,37649984,662301184.000
2014-11-26,17.72,17.86,17.52,17.69,36574323,646806400.000
2014-11-27,17.80,17.92,17.55,17.73,54271428,962815808.000
2014-11-28,17.77,18.26,17.45,18.20,100815685,1804178560.000
2014-12-01,18.33,18.75,18.04,18.06,98406371,1808174720.000
2014-12-02,17.96,18.45,17.93,18.39,78651830,1431068288.000
2014-12-03,18.50,19.17,18.42,18.72,120993732,2281380096.000
2014-12-04,18.92,19.81,18.75,19.72,118082659,2268335616.000
2014-12-05,19.93,20.00,18.45,18.97,121710799,2332300032.000
2014-12-08,18.97,19.76,18.70,19.67,108016453,2085043328.000
2014-12-09,19.49,21.56,19.17,19.56,209463865,4266177536.000
2014-12-10,19.90,20.46,19.48,20.38,118655516,2377103616.000
2014-12-11,20.12,20.75,19.66,19.96,95630835,1925390336.000
2014-12-12,20.08,20.30,19.73,20.12,71538192,1434233856.000
2014-12-15,19.85,20.06,19.50,19.90,59848057,1181274240.000
2014-12-16,19.88,20.26,19.66,19.96,75164163,1494349440.000
2014-12-17,20.02,20.17,19.55,19.74,69341637,1375233280.000
2014-12-30,20.98,21.71,20.32,21.71,154871486,3283231232.000
2014-12-31,22.20,22.80,21.60,22.08,161885234,3591334912.000
2015-01-05,22.50,22.96,22.25,22.69,133935611,3035551232.000
2015-01-06,22.46,22.69,21.97,22.07,100587329,2240436736.000
2015-01-07,22.04,22.35,21.84,22.03,60798374,1341807616.000
2015-01-08,22.11,22.43,21.92,22.01,71238256,1578890112.000
2015-01-09,21.96,23.10,21.86,22.08,102431185,2318034688.000
2015-01-12,22.11,22.51,21.63,22.22,73916694,1628816256.000
2015-01-13,22.22,22.50,22.00,22.14,44122390,982158208.000
2015-01-14,22.20,22.64,21.86,21.94,46162865,1026678016.000
2015-01-15,21.81,22.01,21.23,22.00,55187546,1194658816.000
2015-01-16,22.07,22.08,21.72,21.82,45060494,986235328.000
2015-01-19,20.90,21.22,19.64,19.77,90415985,1841570048.000
2015-01-20,20.05,20.44,19.89,20.32,61814843,1249843584.000
2015-01-21,20.32,20.98,20.17,20.82,57506332,1185167104.000
2015-01-22,20.71,21.03,20.70,20.85,39172046,817415680.000
2015-01-23,20.92,21.16,20.65,20.78,37732280,787050560.000
2015-01-26,20.78,20.93,20.54,20.92,37233399,771678784.000
2015-01-27,20.93,21.08,20.36,20.68,48324986,1001432128.000
2015-01-28,20.51,20.60,20.26,20.38,31559410,644985984.000
2015-01-29,20.03,20.19,19.78,20.01,39937933,798366592.000
2015-01-30,20.09,20.20,19.76,19.78,33370160,665112320.000
2015-02-02,19.56,19.78,19.41,19.45,27108679,529178112.000
2015-02-03,19.67,19.83,19.55,19.82,26139972,514610528.000
2015-02-04,19.96,20.21,19.80,19.85,32404330,649471552.000
2015-02-05,20.33,20.33,19.56,19.58,33082444,661070528.000
2015-02-06,19.61,19.89,19.18,19.26,27868052,543412032.000
2015-02-09,19.22,19.38,19.01,19.17,23819722,457918624.000
2015-02-10,19.25,19.77,19.19,19.72,25997645,507080352.000
2015-02-11,19.76,20.03,19.71,19.84,22653522,450223488.000
2015-02-12,19.86,19.99,19.72,19.91,14625997,290864064.000
2015-02-13,19.98,20.17,19.93,20.00,31083133,623696128.000
2015-02-16,20.03,20.09,19.91,20.05,18521669,370390880.000
2015-02-17,20.14,20.35,20.13,20.27,25021080,507337184.000
2015-02-25,20.28,20.30,19.85,19.94,26411189,528391168.000
2015-02-26,19.98,20.50,19.88,20.48,43507656,881373632.000
2015-02-27,20.47,20.54,20.25,20.33,34303719,699206336.000
2015-03-02,20.50,20.85,20.37,20.63,41179078,848992256.000
2015-03-03,20.60,20.60,19.90,19.98,40306089,814657472.000
2015-03-04,20.05,20.17,19.92,20.05,28984196,580732352.000
2015-03-05,19.95,20.01,19.41,19.57,40440826,794529472.000
2015-03-06,19.52,19.67,19.45,19.64,23201925,454430048.000
2015-03-09,19.43,19.96,19.30,19.93,33534110,658391616.000
2015-03-10,19.90,19.92,19.72,19.75,26749519,529921632.000
2015-03-11,19.76,19.96,19.62,19.66,30912838,611660160.000
2015-03-12,19.93,20.29,19.90,20.18,50401684,1014626944.000
2015-03-13,20.30,20.30,20.12,20.26,33413402,674987648.000
2015-03-16,20.33,20.75,20.30,20.62,49469755,1016712576.000
2015-03-17,20.70,20.89,20.63,20.73,63547571,1317864704.000
2015-03-18,20.76,21.66,20.76,21.58,90936116,1939749120.000
2015-03-19,21.71,21.74,21.15,21.36,64142527,1370338304.000
2015-03-20,21.16,21.65,21.16,21.44,53913275,1155409920.000
2015-03-23,21.66,22.19,21.65,22.16,85271489,1869303296.000
2015-03-24,21.90,21.90,21.24,21.57,106015330,2289875200.000
2015-03-25,21.36,21.66,21.29,21.48,61247513,1313285376.000
2015-03-26,21.36,21.92,21.26,21.86,67472696,1460031232.000
2015-03-27,21.98,22.18,21.83,21.90,61584357,1354830336.000
2015-03-30,22.20,23.55,22.20,23.21,150380628,3445935872.000
2015-03-31,23.55,23.95,22.70,22.84,124036929,2895899392.000
2015-04-01,22.89,23.45,22.71,23.13,79709585,1834553600.000
2015-04-02,23.16,23.30,22.78,23.06,72253577,1659699456.000
2015-04-03,22.88,23.14,22.75,23.01,65358144,1498824704.000
2015-04-07,23.16,23.51,23.16,23.31,84614784,1972334976.000
2015-04-08,23.27,24.10,23.27,23.89,111592048,2643637760.000
2015-04-09,24.19,24.28,23.12,23.70,101665653,2397906432.000
2015-04-10,23.69,23.98,23.40,23.90,87829099,2088974720.000
数据来源:通达信
