600030 中信证券 日线 前复权
      日期	    开盘	    最高	    最低	    收盘	    成交量	    成交额
2011-03-02,13.18,13.34,12.92,13.19,120462377,1746258944.000
2011-03-03,13.26,13.53,13.06,13.08,141895671,2083950976.000
2011-03-04,13.12,13.61,12.97,13.52,146744750,2155398656.000
2011-03-07,13.56,14.12,13.54,14.00,257528544,3933730816.000
2011-03-08,14.03,14.15,13.70,13.89,141370990,2159560704.000
2011-03-09,13.96,14.18,13.70,13.81,110128139,1683759104.000
2011-03-10,13.84,13.84,13.20,13.21,169499849,2504786688.000
2011-03-11,13.08,13.33,12.95,12.99,117694211,1710783616.000
2011-03-14,12.88,13.05,12.61,13.03,106937408,1520418816.000
2011-03-15,12.91,12.94,12.30,12.58,137161936,1911685376.000
2011-03-16,12.68,13.08,12.60,12.98,124129343,1766938496.000
2011-03-17,12.70,12.84,12.37,12.52,104507912,1462155648.000
2011-03-18,12.72,12.97,12.60,12.68,80509600,1138019840.000
2011-03-21,12.72,12.81,12.49,12.58,92752240,1299853312.000
2011-03-22,12.69,12.81,12.36,12.66,86063058,1202530176.000
2011-03-29,13.02,13.39,12.82,12.90,180792498,2620454656.000
2011-03-30,12.91,13.00,12.30,12.49,119607088,1667350144.000
2011-03-31,12.48,12.97,12.47,12.59,68196279,957259072.000
2011-04-01,12.60,12.95,12.57,12.92,77052647,1090550656.000
2011-04-06,12.88,13.60,12.79,13.35,171370626,2498717184.000
2011-04-07,13.35,13.39,13.14,13.23,90387502,1323786624.000
2011-04-08,13.22,13.47,13.15,13.42,92967938,1372078208.000
2011-04-11,13.51,13.72,13.19,13.22,114785795,1703660032.000
2011-04-12,13.20,13.34,13.05,13.15,79487723,1157961856.000
2011-04-14,13.50,13.62,13.18,13.24,111259707,1646638720.000
2011-04-15,13.14,13.64,13.14,13.45,108396652,1605491712.000
2011-04-18,13.37,13.60,13.27,13.41,96490630,1430346624.000
2011-04-19,13.24,13.27,12.82,12.83,109677355,1580387840.000
2011-04-20,12.92,12.97,12.72,12.80,63281165,897916352.000
2011-04-21,12.91,13.33,12.77,13.10,90199561,1305131648.000
2011-04-22,13.08,13.08,12.81,12.84,52253119,746285312.000
2011-04-25,12.82,12.82,12.48,12.51,80528714,1127903872.000
2011-04-26,12.50,12.60,12.03,12.05,122018605,1660666624.000
2011-04-27,12.17,12.20,11.81,12.02,72696391,973681088.000
2011-04-28,12.10,12.22,11.82,11.85,74422412,994853760.000
2011-05-03,11.91,12.02,11.74,11.95,63907578,847793664.000
2011-05-04,11.87,11.87,11.29,11.32,99295659,1281712384.000
2011-05-05,11.30,11.45,11.27,11.31,51697002,658081600.000
2011-05-06,11.22,11.32,11.05,11.24,68201819,858146688.000
2011-05-09,11.32,11.45,11.25,11.31,45601133,580597440.000
2011-05-10,11.33,11.57,11.24,11.55,47412753,607685504.000
2011-05-11,11.53,11.59,11.34,11.40,44428049,569918592.000
2011-05-12,11.24,11.58,11.22,11.45,53396079,682759232.000
2011-05-13,11.46,11.82,11.38,11.72,88154374,1147320064.000
2011-05-16,11.70,11.85,11.58,11.61,47286027,619497792.000
2011-05-17,11.54,11.87,11.32,11.64,60179104,782349888.000
2011-05-18,11.62,11.77,11.56,11.67,34337176,448710976.000
2011-05-19,11.70,11.72,11.46,11.48,41522507,538041792.000
2011-05-20,11.48,11.60,11.41,11.50,27441182,353260512.000
2011-05-23,11.49,11.49,11.01,11.03,61668351,775026368.000
2011-05-24,11.02,11.11,10.90,10.99,44754741,553247360.000
2011-05-25,11.02,11.07,10.84,10.86,34669556,427967520.000
2011-05-26,10.95,11.42,10.95,11.05,60804262,763681344.000
2011-05-27,11.05,11.35,11.03,11.13,55305992,695750016.000
2011-05-30,11.07,11.37,10.92,11.21,44992982,567115840.000
2011-05-31,11.24,11.48,11.21,11.47,48272244,615648256.000
2011-06-01,11.37,11.47,11.28,11.36,37768171,480755264.000
2011-06-02,11.22,11.27,10.87,11.06,53463419,665796224.000
2011-06-03,11.02,11.25,10.97,11.17,28232121,354102528.000
2011-06-07,11.15,11.27,11.09,11.18,26130860,327699136.000
2011-06-08,11.08,11.11,10.89,11.10,52932842,655453120.000
2011-06-10,10.92,11.19,10.90,11.11,48923210,607929920.000
2011-06-13,11.02,11.06,10.85,10.98,33935101,417441856.000
2011-06-14,10.99,11.46,10.95,11.36,71971158,911918272.000
2011-06-15,11.34,11.41,11.23,11.31,49084323,622581568.000
2011-06-16,11.32,11.32,11.01,11.08,44551634,535076448.000
2011-06-17,11.07,11.15,10.90,10.93,40399408,481251808.000
2011-06-20,10.87,11.10,10.84,10.98,37320978,443365504.000
2011-06-21,11.00,11.24,11.00,11.19,37613073,452572832.000
2011-06-22,11.24,11.31,11.01,11.08,33459525,402661536.000
2011-06-23,11.02,11.43,11.02,11.35,43266745,523810432.000
2011-06-24,11.29,12.57,11.26,12.40,245439943,3201619712.000
2011-06-27,12.29,12.45,12.13,12.23,136976574,1804443904.000
2011-06-28,12.20,12.32,12.00,12.26,113000433,1472052608.000
2011-06-29,12.24,12.29,11.97,12.00,66936876,870040064.000
2011-06-30,12.02,12.42,12.00,12.20,87343536,1147270400.000
2011-07-01,12.24,12.33,12.06,12.14,53444437,698730944.000
2011-07-04,12.27,12.82,12.25,12.57,150570153,2027946880.000
2011-07-05,12.53,12.67,12.42,12.57,67153637,900384192.000
2011-07-06,12.56,12.56,12.37,12.46,48863442,650273984.000
2011-07-07,12.72,12.78,12.37,12.38,81838622,1101059584.000
2011-07-08,12.35,12.52,12.32,12.41,48768646,647703680.000
2011-07-11,12.35,12.44,12.15,12.38,51589435,680382144.000
2011-07-12,12.18,12.22,11.83,11.94,98441061,1268470912.000
2011-07-13,11.94,12.22,11.94,12.10,60617261,785325888.000
2011-07-14,12.12,12.17,11.92,12.08,62922870,812050304.000
2011-07-15,12.02,12.19,11.89,12.15,69996954,905582976.000
2011-07-18,12.15,12.19,11.99,12.03,41264179,533733408.000
2011-07-19,11.93,11.96,11.76,11.83,52546359,667550080.000
2011-07-20,11.96,11.99,11.73,11.92,46697596,595896320.000
2011-07-21,11.85,11.93,11.77,11.78,38954352,494801120.000
2011-07-22,11.86,12.13,11.86,11.94,85176123,1098498560.000
2011-07-25,11.79,11.84,11.30,11.41,82394667,1023607232.000
2011-07-26,11.40,11.50,11.30,11.37,33740479,413933920.000
2011-07-27,11.32,11.47,11.27,11.42,34250812,419690400.000
2011-07-28,11.27,11.33,11.16,11.26,42776446,518242272.000
2011-07-29,11.30,11.70,11.23,11.49,71301742,881036928.000
2011-08-01,11.43,11.62,11.32,11.58,49866083,618541824.000
2011-08-02,11.43,11.43,11.20,11.38,49360500,600590592.000
2011-08-03,11.29,11.54,11.22,11.38,36358798,446585600.000
2011-08-04,11.44,11.58,11.32,11.35,32810973,404161888.000
2011-08-05,11.02,11.25,10.96,11.11,71354777,856292352.000
2011-08-08,11.02,11.16,10.37,10.68,84123039,982151104.000
2011-08-09,10.38,10.77,10.22,10.61,66696086,756776896.000
2011-08-10,10.87,10.94,10.70,10.74,59267122,694940544.000
2011-08-11,10.54,11.21,10.50,11.01,77512506,916084416.000
2011-08-12,11.10,11.12,10.93,10.97,53518092,637473856.000
2011-08-16,11.16,11.28,10.96,11.01,54585452,654953984.000
2011-08-17,11.00,11.47,10.96,11.32,85996247,1042880960.000
2011-08-18,11.32,11.43,11.14,11.20,71845904,876373824.000
2011-08-19,10.98,11.18,10.93,11.13,50605008,603406912.000
2011-08-22,11.25,11.28,10.92,10.99,39057315,468298048.000
2011-08-23,11.06,11.38,10.99,11.36,48929137,592127808.000
2011-08-24,11.39,11.41,11.17,11.20,39159184,476661344.000
2011-08-25,11.27,11.79,11.23,11.78,128614887,1610230912.000
2011-08-29,11.52,11.54,11.23,11.28,77959878,952293696.000
2011-08-30,11.41,11.55,11.20,11.22,54542407,669118912.000
2011-08-31,11.23,11.34,11.16,11.29,29455372,357618752.000
2011-09-01,11.33,11.52,11.21,11.28,35250549,431068736.000
2011-09-02,11.26,11.28,11.06,11.10,29838338,358710976.000
2011-09-05,10.92,10.98,10.76,10.78,36789286,431072832.000
2011-09-06,10.72,10.86,10.64,10.84,30079361,350497952.000
2011-09-07,10.87,11.32,10.87,11.15,55214353,663278272.000
2011-09-08,11.20,11.25,11.01,11.03,23381556,281305696.000
2011-09-09,11.21,11.52,11.11,11.20,68823226,836921280.000
2011-09-13,11.01,11.24,10.94,11.22,52875165,634027776.000
2011-09-14,11.26,11.42,10.98,11.41,62452993,757356672.000
2011-09-15,11.38,11.63,11.31,11.39,78753034,973533376.000
2011-09-16,11.46,11.52,11.28,11.30,37752296,463528960.000
2011-09-19,11.20,11.23,11.05,11.06,35164406,421981184.000
2011-09-20,11.07,11.41,11.04,11.37,44514808,539979712.000
2011-09-21,11.37,11.86,11.21,11.69,115853478,1447884800.000
2011-09-22,11.52,11.57,11.13,11.15,85853044,1048998784.000
2011-09-23,10.95,11.24,10.90,11.21,55144409,658728064.000
2011-09-26,11.07,11.34,10.65,10.79,85523290,1010060672.000
2011-09-27,10.93,11.06,10.79,10.93,49661119,586501888.000
2011-09-28,11.01,11.10,10.54,10.64,65418725,765186624.000
2011-09-29,10.53,10.75,10.43,10.48,48105938,549839232.000
2011-09-30,10.53,10.61,10.27,10.37,50738502,571757376.000
2011-10-10,10.44,10.47,10.09,10.17,48136729,533729504.000
2011-10-11,10.66,10.77,10.20,10.34,77687654,882752000.000
2011-10-12,10.27,11.22,10.14,11.03,139518143,1643683456.000
2011-10-13,10.97,11.09,10.89,10.97,69399083,823998208.000
2011-10-14,10.91,11.09,10.84,11.00,39450390,466756608.000
2011-10-17,10.98,11.18,10.87,11.04,46034849,548974016.000
2011-10-18,10.93,10.97,10.44,10.54,62956736,727403264.000
2011-10-19,10.57,10.77,10.51,10.55,35252014,405034784.000
2011-10-20,10.45,10.53,10.34,10.44,36914589,417831488.000
2011-10-21,10.54,10.61,10.37,10.40,34357094,391717088.000
2011-10-24,10.47,11.00,10.47,10.91,93022284,1085565184.000
2011-10-25,10.91,11.12,10.82,10.98,70926503,841610432.000
2011-10-26,10.93,11.27,10.90,11.10,103726448,1249644544.000
2011-10-27,11.15,11.21,11.07,11.12,51948564,623831488.000
2011-10-28,11.36,11.55,11.25,11.32,95514136,1170171776.000
2011-10-31,11.36,11.37,11.05,11.12,63362512,763516480.000
2011-11-01,11.02,11.34,10.96,11.27,66071723,798345664.000
2011-11-02,11.04,11.61,11.00,11.56,96980188,1182479616.000
2011-11-03,11.65,11.75,11.41,11.46,117749629,1470041728.000
2011-11-04,11.62,11.73,11.48,11.56,71280991,889160896.000
2011-11-07,11.47,11.48,11.27,11.32,57055969,698251328.000
2011-11-08,11.30,11.46,11.22,11.25,42172450,514840768.000
2011-11-09,11.33,11.41,11.14,11.38,39463377,480729824.000
2011-11-10,11.22,11.26,11.09,11.10,54763583,659443904.000
2011-11-11,11.12,11.19,11.01,11.06,28897246,346159072.000
2011-11-14,11.17,11.33,11.14,11.29,40223065,488311584.000
2011-11-15,11.24,11.29,11.11,11.18,31044071,374282656.000
2011-11-16,11.18,11.20,10.80,10.82,52564590,621057408.000
2011-11-17,10.82,10.89,10.77,10.83,32114909,375696640.000
2011-11-18,10.74,10.94,10.47,10.55,67040232,774082624.000
2011-11-21,10.57,10.62,10.47,10.60,24067547,274852768.000
2011-11-22,10.52,10.67,10.46,10.65,27260200,312576096.000
2011-11-23,10.67,10.69,10.17,10.31,67511433,758148608.000
2011-11-24,10.23,10.37,10.19,10.27,31663968,353275520.000
2011-11-25,10.28,10.32,10.17,10.21,24639806,273778752.000
2011-11-28,10.26,10.37,10.19,10.26,34757864,387641248.000
2011-11-29,10.36,10.41,10.26,10.39,32831150,368622912.000
2011-11-30,10.36,10.37,9.79,9.86,67560264,736579264.000
2011-12-01,10.42,10.52,10.20,10.25,95699725,1075487872.000
2011-12-02,10.18,10.21,9.90,10.06,45599732,498470560.000
2011-12-05,10.09,10.10,9.90,9.95,26873876,292080544.000
2011-12-06,9.93,10.15,9.93,10.11,33127953,362928416.000
2011-12-07,10.14,10.31,10.07,10.29,35606897,395588896.000
2011-12-08,10.25,10.44,10.06,10.19,31616825,351143456.000
2011-12-09,10.14,10.24,10.07,10.13,26957827,296725312.000
2011-12-12,10.11,10.17,9.98,10.02,20782282,227084240.000
2011-12-13,9.97,10.01,9.72,9.74,45223202,484982560.000
2011-12-14,9.72,9.81,9.55,9.63,28372752,299948160.000
2011-12-15,9.57,9.66,9.28,9.32,39360356,406842624.000
2011-12-16,9.15,9.59,9.15,9.53,41615759,424566656.000
2011-12-19,9.38,9.51,9.11,9.42,52152098,528939904.000
2011-12-20,9.40,9.47,9.19,9.22,35728624,364672992.000
2011-12-21,9.34,9.39,9.07,9.09,39985530,403119744.000
2011-12-22,9.03,9.10,8.66,8.95,50628386,494886272.000
2011-12-26,8.87,8.92,8.70,8.71,39248193,379486528.000
2011-12-27,8.71,8.98,8.62,8.71,39326540,380673184.000
2011-12-28,8.63,8.89,8.59,8.84,49038085,471098240.000
2011-12-29,8.72,8.87,8.71,8.72,38159221,368876160.000
2011-12-30,8.80,8.90,8.77,8.83,35892219,348835808.000
2012-01-04,8.91,8.97,8.68,8.68,35400533,343726592.000
2012-01-05,8.64,8.84,8.32,8.41,47835228,453575488.000
2012-01-06,8.31,8.55,8.16,8.51,55502983,513423424.000
2012-01-09,8.48,8.91,8.38,8.87,62306116,596959872.000
2012-01-10,8.91,9.37,8.83,9.24,84456548,843167552.000
2012-01-11,9.27,9.34,9.10,9.20,47836703,482098304.000
2012-01-12,9.21,9.27,9.11,9.15,36378516,366106944.000
2012-01-13,9.17,9.22,8.86,8.92,52158359,515381248.000
2012-01-16,9.12,9.20,8.93,8.95,45849664,456755104.000
2012-01-17,8.95,9.68,8.92,9.63,85184445,870783488.000
2012-01-18,9.57,10.07,9.52,9.59,84357874,898240832.000
2012-01-19,9.69,10.03,9.60,9.96,77769983,837570048.000
2012-01-20,10.00,10.21,9.88,10.13,78760508,863555264.000
2012-01-30,10.13,10.18,9.77,9.80,58904533,642156992.000
2012-01-31,9.81,9.90,9.69,9.81,38825399,414370688.000
2012-02-01,9.78,9.85,9.55,9.59,30791603,325458496.000
2012-02-02,9.64,9.93,9.52,9.92,48027671,510173024.000
2012-02-03,9.90,10.12,9.78,10.02,54872168,594107200.000
2012-02-06,10.05,10.13,9.87,9.96,39323728,427710976.000
2012-02-07,9.88,9.92,9.57,9.64,46110139,486913600.000
2012-02-08,9.65,10.19,9.57,10.07,69555484,753610176.000
2012-02-09,10.10,10.11,9.93,9.99,68223771,744013248.000
2012-02-10,9.95,10.33,9.91,10.09,86545718,955758784.000
2012-02-13,9.92,10.23,9.84,10.07,51170318,561008192.000
2012-02-14,10.05,10.12,9.92,9.99,33126670,360781696.000
2012-02-15,9.94,10.33,9.93,10.21,77158843,856189888.000
2012-02-16,10.21,10.33,10.13,10.25,69013661,766979840.000
2012-02-17,10.34,10.41,10.20,10.26,41584342,464366112.000
2012-02-20,10.44,10.54,10.26,10.28,72501387,819491200.000
2012-02-21,10.32,10.40,10.16,10.35,50985607,569439040.000
2012-02-22,10.35,10.77,10.30,10.71,117338729,1345631232.000
2012-02-23,10.71,10.75,10.53,10.63,72484044,836639936.000
2012-02-24,10.63,10.98,10.60,10.91,113831525,1332453888.000
2012-02-27,11.00,11.30,11.00,11.08,153774033,1854617728.000
2012-02-28,11.04,11.20,10.97,11.13,68925827,824409472.000
2012-02-29,11.10,11.10,10.80,10.92,69335326,819488512.000
2012-03-01,10.84,11.09,10.81,10.97,46155686,547935040.000
2012-03-02,10.98,11.41,10.98,11.36,108899126,1320279552.000
2012-03-05,11.47,11.66,11.38,11.39,114624930,1422622720.000
2012-03-06,11.38,11.38,11.22,11.30,65396165,796287936.000
2012-03-07,11.13,11.41,10.97,11.21,98178035,1186644352.000
2012-03-08,11.27,11.68,11.27,11.59,130612562,1623168128.000
2012-03-09,11.62,11.66,11.49,11.59,77756799,968863744.000
2012-03-12,11.57,11.75,11.31,11.48,81553952,1010419904.000
2012-03-13,11.46,11.62,11.43,11.56,45103407,560200128.000
2012-03-14,11.67,11.85,11.06,11.10,152257733,1882811264.000
2012-03-15,11.10,11.21,10.89,11.02,91975696,1100780416.000
2012-03-16,11.06,11.44,11.06,11.42,84972815,1035151744.000
2012-03-19,11.37,11.47,11.17,11.37,65074435,795808064.000
2012-03-20,11.32,11.36,10.82,10.87,103200934,1226743936.000
2012-03-21,11.02,11.06,10.56,10.73,93932588,1095742208.000
2012-03-22,10.75,10.97,10.67,10.86,46097304,539860544.000
2012-03-23,10.79,10.98,10.66,10.77,56818713,665598848.000
2012-03-26,10.76,10.85,10.68,10.77,33438997,389176384.000
2012-03-27,10.88,10.94,10.77,10.81,30802732,361822240.000
2012-03-28,10.79,10.81,10.54,10.58,56925406,657518912.000
2012-03-29,10.48,10.62,10.28,10.41,68309163,773540928.000
2012-03-30,10.50,10.78,10.50,10.71,73157155,844021568.000
2012-04-05,10.76,11.87,10.66,11.38,159871895,1952532096.000
2012-04-06,11.35,11.66,11.35,11.54,88687695,1099580544.000
2012-04-09,11.54,11.62,11.36,11.40,45912600,567421760.000
2012-04-10,11.35,11.62,11.13,11.61,68369702,839078592.000
2012-04-11,11.43,11.77,11.35,11.60,69113722,862533760.000
2012-04-12,11.65,12.14,11.60,12.11,184435845,2360354304.000
2012-04-13,12.13,12.53,12.09,12.27,173574757,2294790144.000
2012-04-16,12.12,12.44,12.04,12.30,97069733,1280219392.000
2012-04-17,12.27,12.34,11.86,11.90,91359061,1180674048.000
2012-04-18,11.92,12.53,11.79,12.51,186567951,2450245376.000
2012-04-19,12.52,12.59,12.29,12.41,130055879,1736979584.000
2012-04-20,12.42,12.82,12.24,12.62,181680099,2443375616.000
2012-04-23,12.56,12.56,12.22,12.24,122580766,1629304960.000
2012-04-24,12.17,12.62,11.90,12.37,178095321,2335152128.000
2012-04-25,12.37,12.55,12.23,12.28,97215769,1287140096.000
2012-04-26,12.32,12.43,12.08,12.25,105584972,1388974720.000
2012-04-27,12.24,12.38,12.10,12.12,65116970,851740160.000
2012-05-02,12.52,12.57,12.24,12.29,131881696,1750772224.000
2012-05-03,12.27,12.74,12.22,12.66,145659519,1955591424.000
2012-05-04,12.62,12.77,12.37,12.65,109837143,1473368320.000
2012-05-07,12.55,12.66,12.37,12.48,104054568,1390480384.000
2012-05-08,12.52,12.60,12.12,12.21,108660903,1425928832.000
2012-05-09,12.04,12.23,11.99,12.00,88131609,1141525504.000
2012-05-10,12.00,12.19,11.89,12.10,78480536,1013403264.000
2012-05-11,12.04,12.14,11.84,11.89,59568239,765634752.000
2012-05-14,12.05,12.25,11.83,11.99,101946191,1320660992.000
2012-05-15,11.89,12.21,11.84,12.15,67807999,876052608.000
2012-05-16,12.10,12.36,11.92,11.94,77064174,1002078336.000
2012-05-17,11.97,12.50,11.97,12.43,137055799,1806457472.000
2012-05-18,12.29,12.42,12.14,12.19,84234242,1106516224.000
2012-05-21,12.13,12.29,11.99,12.06,59987514,780467584.000
2012-05-22,12.12,12.47,12.12,12.42,94159173,1244270208.000
2012-05-23,12.39,12.77,12.34,12.72,154785244,2082910208.000
2012-05-24,12.72,12.82,12.47,12.56,84187920,1138625152.000
2012-05-25,12.53,12.72,12.28,12.36,82939327,1110595712.000
2012-05-28,12.30,12.61,12.10,12.61,82817935,1098672384.000
2012-05-29,12.59,13.05,12.53,12.86,149090365,2048848000.000
2012-05-30,12.86,13.00,12.80,12.94,88206734,1217479936.000
2012-05-31,12.82,13.06,12.77,12.89,58930938,813185728.000
2012-06-01,12.89,13.11,12.89,13.00,71799074,998649600.000
2012-06-04,12.72,12.91,12.39,12.46,88782331,1200522240.000
2012-06-05,12.47,12.54,12.20,12.25,62918082,830447744.000
2012-06-06,12.30,12.44,12.12,12.22,49137279,644609152.000
2012-06-07,12.39,12.56,12.19,12.27,61764889,819995072.000
2012-06-08,12.49,12.52,12.20,12.26,54026611,715415552.000
2012-06-11,12.33,12.62,12.31,12.60,58020835,776380416.000
2012-06-12,12.50,12.57,12.34,12.41,45102974,600930048.000
2012-06-13,12.51,12.73,12.20,12.63,90975183,1219000704.000
2012-06-14,12.56,12.70,12.43,12.47,52316333,704636096.000
2012-06-15,12.57,12.66,12.37,12.58,43959972,589670208.000
2012-06-18,12.64,12.87,12.62,12.71,52797357,719340480.000
2012-06-19,12.67,12.70,12.50,12.52,36331070,487965600.000
2012-06-21,12.42,12.42,11.72,11.77,121653850,1566528000.000
2012-06-25,11.77,11.77,11.38,11.43,86304684,1066652864.000
2012-06-26,11.37,11.58,11.25,11.47,50803938,627032128.000
2012-06-27,11.47,11.67,11.44,11.50,32495843,403775584.000
2012-06-28,11.53,11.66,11.17,11.18,53930628,665298688.000
2012-06-29,11.12,11.78,11.09,11.75,75498851,938303808.000
2012-07-02,11.73,11.89,11.62,11.69,49423460,624347776.000
2012-07-03,11.71,11.85,11.52,11.72,62683356,788808128.000
2012-07-04,11.76,11.79,11.63,11.64,24287331,305158016.000
2012-07-05,11.54,11.57,11.27,11.30,41910871,513786400.000
2012-07-06,11.42,11.81,11.17,11.69,58326694,719538624.000
2012-07-09,11.52,11.65,11.21,11.22,46764419,574833344.000
2012-07-10,11.17,11.42,11.16,11.27,46516814,566065728.000
2012-07-11,11.24,11.55,11.23,11.54,47205184,581899200.000
2012-07-12,11.46,12.02,11.35,11.86,83844319,1054970752.000
2012-07-13,11.76,12.14,11.76,11.78,46775104,598173056.000
2012-07-16,11.86,11.88,11.52,11.61,36102370,452793280.000
2012-07-17,11.54,12.18,11.53,11.94,63020844,806835776.000
2012-07-18,11.91,12.12,11.62,12.07,53320120,683585728.000
2012-07-19,12.02,12.36,11.94,12.06,77207000,1009193856.000
2012-07-20,11.96,12.11,11.87,11.94,38467007,494056544.000
2012-07-23,11.83,11.86,11.33,11.42,80188536,998065024.000
2012-07-24,11.34,11.56,11.18,11.39,82268510,1007130496.000
2012-07-25,11.37,11.51,11.24,11.32,35222980,430778624.000
2012-07-26,11.27,11.45,11.22,11.34,44057710,538265088.000
2012-07-27,11.41,11.58,11.22,11.33,48369111,592396032.000
2012-07-30,11.34,11.48,11.14,11.18,59209424,719419328.000
2012-07-31,11.20,11.41,11.14,11.34,33108293,403657824.000
2012-08-01,11.37,11.65,11.37,11.55,52740668,654960000.000
2012-08-02,11.61,11.63,11.34,11.51,37963738,453565088.000
2012-08-03,11.61,11.65,11.36,11.56,32878272,392209888.000
2012-08-06,11.55,11.81,11.50,11.75,44572593,541946880.000
2012-08-07,11.78,11.86,11.68,11.73,32722759,399979072.000
2012-08-08,11.83,11.91,11.72,11.76,42022795,514782400.000
2012-08-09,11.75,11.81,11.54,11.79,38694047,469699296.000
2012-08-10,11.79,11.79,11.57,11.64,32180835,389392576.000
2012-08-13,11.62,11.62,10.45,10.54,175148588,1983026432.000
2012-08-14,10.56,10.60,10.05,10.36,107696225,1151573632.000
2012-08-15,10.33,10.33,10.20,10.25,42907646,459199168.000
2012-08-16,10.25,10.50,10.24,10.28,54971194,593589568.000
2012-08-17,10.28,10.37,10.20,10.35,32476630,348295616.000
2012-08-20,10.23,10.35,10.11,10.30,46996755,500758624.000
2012-08-21,10.28,10.47,10.22,10.32,42477657,458569152.000
2012-08-22,10.35,10.41,10.26,10.36,41113022,442619872.000
2012-08-23,10.39,10.52,10.29,10.36,40985669,444361888.000
2012-08-24,10.34,10.36,10.20,10.31,34841395,374161152.000
2012-08-27,10.26,10.28,9.71,9.74,97981279,1014250816.000
2012-08-28,9.74,9.99,9.54,9.79,71606885,729863744.000
2012-08-29,9.65,9.87,9.62,9.72,35035630,357216960.000
2012-08-30,9.60,10.01,9.60,9.89,70360813,723966976.000
2012-08-31,9.80,9.92,9.75,9.77,27790817,285637600.000
2012-09-03,9.70,10.19,9.66,10.07,63627882,665152704.000
2012-09-04,10.20,10.37,10.07,10.13,62214987,664962944.000
2012-09-05,10.06,10.27,10.06,10.17,35476355,377035584.000
2012-09-06,10.20,10.31,10.11,10.22,32492223,345806624.000
2012-09-07,10.35,11.13,10.35,11.03,146137970,1648934400.000
2012-09-10,11.03,11.24,10.86,11.00,87259839,1005387072.000
2012-09-11,10.95,10.95,10.63,10.84,78839990,883254528.000
2012-09-12,10.93,11.05,10.76,10.89,55949138,634659392.000
2012-09-13,10.85,11.04,10.78,10.79,38110170,433849408.000
2012-09-14,10.97,11.10,10.78,10.91,70184035,799853888.000
2012-09-17,10.87,10.95,10.43,10.45,65539524,726357120.000
2012-09-18,10.38,10.52,10.25,10.37,35179113,381872224.000
2012-09-19,10.37,10.55,10.35,10.48,44290970,483216960.000
2012-09-20,10.46,10.46,10.27,10.35,56667519,612645824.000
2012-09-21,10.27,10.46,10.23,10.32,34734068,374740416.000
2012-09-24,10.17,10.58,10.12,10.38,54290121,587624704.000
2012-09-25,10.35,10.80,10.34,10.57,76232515,842694144.000
2012-09-26,10.58,10.75,10.51,10.55,40979571,452475520.000
2012-09-27,10.56,11.26,10.55,11.09,122667941,1401496448.000
2012-09-28,10.98,11.36,10.94,11.34,105292825,1229942016.000
2012-10-08,11.34,11.47,10.95,11.04,63068130,732760128.000
2012-10-09,11.14,11.50,11.14,11.41,69869761,826007360.000
2012-10-10,11.36,11.40,11.28,11.35,42112647,496560416.000
2012-10-11,11.30,11.38,11.05,11.13,45958619,535112832.000
2012-10-12,11.23,11.34,10.87,11.09,50659808,583339456.000
2012-10-15,11.13,11.26,10.99,11.15,35287946,408173824.000
2012-10-16,11.11,11.34,11.11,11.20,40057022,467847872.000
2012-10-17,11.26,11.32,11.04,11.16,36887716,429964704.000
2012-10-18,11.20,11.41,11.12,11.36,53399964,626708288.000
2012-10-19,11.37,11.41,11.24,11.28,33506274,394501408.000
2012-10-22,11.21,11.40,11.19,11.36,34304730,404299392.000
2012-10-23,11.38,11.40,11.00,11.05,59447484,691049664.000
2012-10-24,11.02,11.10,10.94,10.96,34790459,398861504.000
2012-10-25,10.96,11.04,10.82,10.84,34934462,397389568.000
2012-10-26,10.86,10.90,10.47,10.55,66659542,737233088.000
2012-10-29,10.60,10.61,10.24,10.30,59327946,641603200.000
2012-10-30,10.29,10.48,10.26,10.32,45562847,491993536.000
2012-10-31,10.40,10.47,10.32,10.44,33013651,357833120.000
2012-11-01,10.46,10.77,10.46,10.74,95547049,1061386816.000
2012-11-02,10.75,10.89,10.64,10.87,50611220,568413312.000
2012-11-05,10.85,10.93,10.78,10.82,31345533,353930368.000
2012-11-06,10.87,10.90,10.55,10.82,57659836,643988992.000
2012-11-07,10.79,10.83,10.63,10.68,46618514,520211104.000
2012-11-08,10.57,10.63,10.43,10.45,55870886,612792384.000
2012-11-09,10.39,10.46,10.30,10.33,44133124,476818656.000
2012-11-12,10.33,10.44,10.25,10.41,32759868,354204000.000
2012-11-13,10.45,10.45,9.95,10.24,58797379,621681216.000
2012-11-14,10.19,10.35,10.07,10.28,32024381,342104576.000
2012-11-15,10.20,10.29,10.04,10.06,29284687,310941792.000
2012-11-16,10.04,10.15,9.94,10.06,37805807,396491040.000
2012-11-19,10.05,10.25,9.95,10.14,47944033,507932768.000
2012-11-20,10.23,10.24,9.98,9.99,21255718,224435968.000
2012-11-21,10.01,10.31,10.00,10.29,48992814,520540384.000
2012-11-22,10.21,10.27,10.13,10.23,42379387,451288288.000
2012-11-23,10.33,10.37,10.23,10.25,39409234,423406944.000
2012-11-26,10.20,10.31,10.11,10.14,26226675,279359872.000
2012-11-27,10.10,10.12,9.92,9.94,40028881,419298464.000
2012-11-28,9.92,9.99,9.77,9.80,34956107,359578304.000
2012-11-29,9.84,9.91,9.30,9.35,75990659,760556800.000
2012-11-30,9.38,9.58,9.09,9.56,71954268,705439168.000
2012-12-03,9.52,9.80,9.47,9.55,55722846,562285184.000
2012-12-04,9.56,9.75,9.45,9.72,47627162,478348960.000
2012-12-05,9.66,10.40,9.65,10.11,195056299,2066767360.000
2012-12-06,10.11,10.18,9.98,10.04,80027492,843476800.000
2012-12-07,10.05,10.37,10.00,10.26,124985758,1336124928.000
2012-12-10,10.38,10.59,10.30,10.44,104658438,1144217600.000
2012-12-11,10.38,10.47,10.31,10.34,45256372,490217952.000
2012-12-12,10.41,10.51,10.27,10.37,44666367,483502720.000
2012-12-13,10.33,10.38,10.24,10.29,35770956,384865024.000
2012-12-14,10.35,11.20,10.32,11.08,172651689,1952643328.000
2012-12-17,11.07,11.47,11.05,11.34,128974395,1514802432.000
2012-12-18,11.30,11.70,11.23,11.38,111068685,1325693312.000
2012-12-19,11.35,11.51,11.18,11.35,87545264,1031803264.000
2012-12-20,11.28,11.70,11.24,11.59,84589064,1006404416.000
2012-12-21,11.63,11.80,11.35,11.42,85758556,1029654144.000
2012-12-24,11.42,11.74,11.35,11.47,64879127,779084416.000
2012-12-25,11.41,12.00,11.30,11.90,136713604,1673092608.000
2012-12-26,11.86,11.99,11.70,11.83,66231211,815242432.000
2012-12-27,11.90,11.97,11.72,11.75,76851186,944128448.000
2012-12-28,11.85,12.79,11.74,12.71,177555653,2247161856.000
2012-12-31,12.71,12.93,12.60,12.91,157945838,2092252416.000
2013-01-04,13.15,13.27,12.64,12.81,126574364,1698015360.000
2013-01-07,12.74,13.12,12.59,12.81,89789565,1194370304.000
2013-01-08,12.82,12.88,12.40,12.60,111393980,1450599296.000
2013-01-09,12.50,12.79,12.37,12.58,85897404,1117425280.000
2013-01-10,12.60,13.09,12.56,12.77,105818333,1402853888.000
2013-01-11,12.75,12.84,12.13,12.26,117673366,1512800000.000
2013-01-14,12.18,13.21,12.15,13.14,164308727,2183016704.000
2013-01-15,13.15,13.38,13.03,13.18,150333325,2056777600.000
2013-01-16,13.16,13.20,12.65,12.95,114567320,1529344256.000
2013-01-17,12.89,13.14,12.69,12.87,84813139,1131121536.000
2013-01-18,13.00,13.33,12.85,13.05,115184737,1558456320.000
2013-01-21,13.13,13.45,12.99,13.35,134660944,1848782080.000
2013-01-22,13.29,13.63,13.10,13.32,146579239,2029671552.000
2013-01-23,13.27,13.54,13.15,13.40,88779439,1222127616.000
2013-01-24,13.36,13.86,13.28,13.41,231183738,3249202688.000
2013-01-25,13.40,13.56,13.04,13.09,106748881,1469089152.000
2013-01-28,13.17,13.94,13.17,13.89,200977437,2843673856.000
2013-01-29,13.92,14.64,13.85,14.51,231065299,3410330368.000
2013-01-30,14.56,15.05,14.32,14.79,175200393,2654390016.000
2013-01-31,14.79,14.94,14.48,14.73,123862396,1872890752.000
2013-02-01,14.61,15.40,14.57,15.29,158870891,2462881792.000
2013-02-04,15.45,15.52,14.76,14.84,209597425,3269782528.000
2013-02-05,14.56,14.75,14.31,14.66,149183711,2234957824.000
2013-02-06,14.66,15.24,14.60,14.87,123638812,1908420736.000
2013-02-07,14.84,15.09,14.43,14.88,160098610,2442750208.000
2013-02-08,14.84,15.21,14.74,15.05,122611504,1895852800.000
2013-02-18,15.21,15.29,14.51,14.53,109400408,1663127424.000
2013-02-19,14.45,14.52,14.01,14.07,136059212,1988927744.000
2013-02-20,14.07,14.32,13.78,14.24,119385412,1725789312.000
2013-02-21,14.03,14.03,13.35,13.46,170309431,2406081792.000
2013-02-22,13.46,13.58,13.23,13.26,86646607,1198557440.000
2013-02-25,13.50,13.65,13.26,13.39,86795360,1204178432.000
2013-02-26,13.16,13.63,13.00,13.09,114708805,1579305344.000
2013-02-27,13.15,13.71,13.15,13.50,134239039,1866973824.000
2013-02-28,13.68,14.21,13.47,14.20,171981520,2463856384.000
2013-03-01,14.22,14.42,13.85,14.32,126950322,1861158272.000
2013-03-04,13.90,14.05,13.10,13.36,219582310,3090593280.000
2013-03-05,13.41,14.07,13.41,14.03,159346448,2259651072.000
2013-03-06,14.15,14.18,13.80,13.94,107686892,1555183232.000
2013-03-07,13.95,14.09,13.37,13.53,134139328,1907324544.000
2013-03-08,13.55,13.68,13.21,13.29,88334372,1222496512.000
2013-03-11,13.25,13.39,12.98,13.24,82223593,1119920256.000
2013-03-12,13.18,13.48,12.94,13.09,88540904,1208752512.000
2013-03-13,13.09,13.13,12.57,12.76,97502089,1294042368.000
2013-03-14,12.65,12.83,12.60,12.71,110948388,1460793344.000
2013-03-15,12.75,13.17,12.10,12.44,198599824,2596435968.000
2013-03-18,12.40,12.43,12.00,12.17,155059094,1950645888.000
2013-03-19,12.15,12.39,11.88,12.21,126256643,1590828544.000
2013-03-20,12.29,13.05,12.21,13.00,193889791,2547512832.000
2013-03-21,13.00,13.10,12.86,13.02,114323566,1534619904.000
2013-03-22,13.03,13.07,12.74,12.86,84423454,1126210176.000
2013-03-25,12.97,13.02,12.51,12.54,110299819,1450812160.000
2013-03-26,12.48,12.48,12.10,12.19,126840799,1606592384.000
2013-03-27,12.23,12.50,12.06,12.32,101262210,1287861888.000
2013-03-28,11.93,11.99,11.66,11.82,144386920,1771462016.000
2013-03-29,11.85,11.89,11.64,11.72,64555025,787357440.000
2013-04-01,11.71,11.88,11.65,11.74,71853165,878008832.000
2013-04-02,11.81,11.95,11.55,11.84,108844726,1331574272.000
2013-04-03,11.85,11.93,11.66,11.67,64213558,785668544.000
2013-04-08,11.35,11.51,11.26,11.45,101330206,1198141184.000
2013-04-09,11.51,11.85,11.49,11.68,94448788,1144638848.000
2013-04-10,11.67,11.72,11.42,11.56,48242091,579997696.000
2013-04-11,11.76,11.82,11.45,11.50,59889272,720944640.000
2013-04-12,11.51,11.60,11.23,11.27,66269039,783796416.000
2013-04-15,11.20,11.36,11.05,11.23,61124438,713149824.000
2013-04-16,11.13,11.88,11.05,11.71,113646216,1357500288.000
2013-04-17,11.65,11.79,11.46,11.62,71624379,865692544.000
2013-04-18,11.54,11.88,11.42,11.70,67314671,817293632.000
2013-04-19,11.73,12.50,11.73,12.37,200617534,2536150528.000
2013-04-22,12.29,12.40,12.21,12.34,82111108,1047222080.000
2013-04-23,12.25,12.29,11.63,11.71,108903201,1344060672.000
2013-04-24,11.77,12.33,11.63,12.16,108468878,1349010048.000
2013-04-25,12.07,12.42,11.90,12.06,95556613,1205188736.000
2013-04-26,12.10,12.24,11.91,11.97,66198652,827319360.000
2013-05-02,11.87,12.11,11.76,12.03,67378461,838046528.000
2013-05-03,12.17,12.68,12.16,12.41,121790793,1572104960.000
2013-05-06,12.52,12.64,12.38,12.51,91762826,1189906048.000
2013-05-07,12.49,12.49,12.18,12.36,87159634,1111958784.000
2013-05-08,12.36,12.46,12.10,12.27,98318162,1247206144.000
2013-05-09,12.23,12.27,12.01,12.19,71207424,896177216.000
2013-05-10,12.07,12.31,12.07,12.19,53033755,670673856.000
2013-05-13,12.24,12.25,11.85,11.99,78207419,973457600.000
2013-05-14,11.95,11.96,11.68,11.76,75568507,923286464.000
2013-05-15,11.77,11.87,11.70,11.82,55614585,680208768.000
2013-05-16,11.78,12.23,11.67,12.15,99351337,1238255744.000
2013-05-17,12.12,12.41,12.03,12.34,111759907,1417313536.000
2013-05-20,12.37,12.64,12.27,12.49,136229706,1761510656.000
2013-05-21,12.45,12.49,12.24,12.35,91042474,1164935168.000
2013-05-22,12.45,12.62,12.32,12.40,87056697,1124775296.000
2013-05-23,12.33,12.42,12.09,12.11,90966496,1155306368.000
2013-05-24,12.23,12.32,12.05,12.23,65341772,826812864.000
2013-05-27,12.20,12.52,12.16,12.41,87814981,1129120640.000
2013-05-28,12.43,12.82,12.39,12.80,172354397,2251353088.000
2013-05-29,12.85,12.89,12.69,12.70,129455666,1713390592.000
2013-05-30,12.66,12.98,12.62,12.76,113328028,1506396800.000
2013-05-31,12.81,12.90,12.52,12.54,80206571,1055910528.000
2013-06-03,12.54,12.78,12.47,12.54,78911782,1029561344.000
2013-06-04,12.52,12.52,12.25,12.29,80106575,1024981120.000
2013-06-05,12.35,12.43,12.32,12.43,64703305,829914752.000
2013-06-06,12.35,12.45,12.23,12.27,60923993,779768192.000
2013-06-07,12.16,12.30,11.56,11.67,160307948,1978007808.000
2013-06-13,11.43,11.43,10.66,10.90,140209019,1608492160.000
2013-06-14,10.96,11.02,10.79,10.89,90333990,1022385984.000
2013-06-17,10.92,10.95,10.57,10.67,74850954,836007168.000
2013-06-18,10.76,10.85,10.63,10.77,51980650,582885504.000
2013-06-19,10.70,10.74,10.33,10.70,87749057,965029120.000
2013-06-20,10.59,10.59,10.33,10.37,70913094,773270272.000
2013-06-21,10.15,10.63,10.09,10.60,94899461,1029984320.000
2013-06-24,10.50,10.52,9.62,9.64,133453593,1394820608.000
2013-06-25,9.61,9.78,8.84,9.55,155433204,1531345408.000
2013-06-26,9.57,9.66,9.37,9.54,88136147,878545472.000
2013-06-27,9.60,9.76,9.31,9.39,89160931,891176640.000
2013-06-28,9.37,10.00,9.31,9.68,118057772,1196763776.000
2013-07-01,9.83,9.84,9.52,9.73,65929042,668145600.000
2013-07-02,9.74,9.88,9.54,9.74,66951960,678883648.000
2013-07-03,9.67,9.67,9.43,9.52,69997108,698010240.000
2013-07-04,9.43,9.81,9.32,9.61,89553198,898804480.000
2013-07-05,9.65,9.81,9.60,9.64,64596576,655699648.000
2013-07-08,9.49,9.63,9.35,9.39,57876882,573523776.000
2013-07-09,9.41,9.58,9.39,9.42,42439908,420634560.000
2013-07-10,9.46,9.78,9.36,9.75,98545671,992672576.000
2013-07-11,9.80,10.74,9.72,10.56,205191833,2206178816.000
2013-07-12,10.41,10.60,10.05,10.09,116114997,1256550912.000
2013-07-15,10.35,10.84,10.20,10.51,151831637,1668553088.000
2013-07-16,10.45,10.53,10.30,10.52,80196335,871656512.000
2013-07-17,10.47,10.64,10.15,10.19,92769805,1004182976.000
2013-07-18,10.10,10.27,9.87,9.90,80981369,847196160.000
2013-07-19,9.94,10.10,9.66,9.67,71525570,739505280.000
2013-07-22,9.62,9.94,9.56,9.87,57870261,594092672.000
2013-07-23,9.93,10.50,9.88,10.41,107019051,1148607488.000
2013-07-24,10.30,10.44,10.07,10.34,80501161,861059264.000
2013-07-25,10.42,10.53,10.25,10.31,73529895,796746048.000
2013-07-26,10.23,10.39,10.13,10.21,47640612,510460064.000
2013-07-29,10.03,10.12,9.89,9.91,53503170,558583680.000
2013-07-30,10.03,10.38,9.89,10.12,62360709,661289472.000
2013-07-31,10.40,10.51,10.16,10.20,60444059,653000960.000
2013-08-01,10.33,10.60,10.19,10.52,91679503,998128960.000
2013-08-02,10.61,10.69,10.37,10.49,82046378,900155136.000
2013-08-05,10.44,10.63,10.40,10.63,56422213,620473984.000
2013-08-06,10.59,10.80,10.47,10.72,77625796,858895360.000
2013-08-07,10.72,10.99,10.58,10.67,101612100,1141878144.000
2013-08-08,10.67,10.75,10.45,10.56,56697608,608268608.000
2013-08-09,10.65,10.80,10.50,10.72,67519577,730592704.000
2013-08-12,10.75,11.15,10.75,11.15,130490281,1456180736.000
2013-08-13,11.19,11.30,11.09,11.18,92538429,1049208768.000
2013-08-14,11.20,11.36,11.02,11.08,76713693,871300032.000
2013-08-15,11.08,11.35,10.99,11.00,69512688,785835584.000
2013-08-16,10.92,12.12,10.83,10.86,278498129,3197063168.000
2013-08-19,10.60,10.82,10.35,10.73,144617812,1551642624.000
2013-08-20,10.65,10.84,10.45,10.49,124461918,1341464832.000
2013-08-21,10.53,10.63,10.42,10.57,62456998,666998464.000
2013-08-22,10.52,10.66,10.45,10.48,69011333,737884928.000
2013-08-23,10.55,10.58,10.15,10.36,73041502,769341184.000
2013-08-26,10.57,10.99,10.51,10.91,141213088,1538931328.000
2013-08-27,10.85,11.09,10.82,11.00,86235588,955635520.000
2013-08-28,10.86,10.95,10.77,10.81,69640308,766287424.000
2013-08-29,11.03,11.09,10.79,10.85,72429663,802355584.000
2013-08-30,10.83,11.05,10.70,10.88,100674401,1113393664.000
2013-09-02,10.88,11.00,10.76,10.91,59831268,660853312.000
2013-09-03,10.99,11.05,10.87,11.03,88754230,988114880.000
2013-09-04,11.01,11.07,10.91,10.94,58689893,652772800.000
2013-09-05,10.95,11.03,10.88,10.90,44918738,498745344.000
2013-09-06,10.85,11.05,10.85,10.92,72629152,803818944.000
2013-09-09,11.03,11.85,10.97,11.70,264873010,3076779008.000
2013-09-10,11.81,12.89,11.78,12.89,368260338,4561573376.000
2013-09-11,13.54,13.55,12.92,13.02,423291112,5671849984.000
2013-09-12,13.25,13.70,13.00,13.41,357464531,4824712704.000
2013-09-13,13.28,13.34,12.89,13.07,217626065,2881589248.000
2013-09-16,13.13,13.13,12.46,12.70,228489311,2931728384.000
2013-09-17,12.62,12.70,12.35,12.41,139423835,1763393792.000
2013-09-18,12.35,12.66,12.16,12.64,134367219,1690392448.000
2013-09-23,12.63,12.68,12.43,12.62,103159207,1311020800.000
2013-09-24,12.57,12.58,11.97,12.10,165080437,2033974912.000
2013-09-25,12.09,12.39,12.01,12.11,97456800,1200813184.000
2013-09-26,12.12,12.13,11.85,11.87,83661030,1010341312.000
2013-09-27,11.99,12.24,11.89,12.21,94721587,1157439360.000
2013-09-30,12.24,12.31,12.07,12.14,61293667,753353216.000
2013-10-08,12.06,12.38,11.89,12.27,103506930,1273428352.000
2013-10-09,12.23,12.49,12.14,12.37,87608407,1092675200.000
2013-10-10,12.40,12.41,11.86,11.90,115404773,1406760192.000
2013-10-11,12.03,12.23,11.91,12.15,109350287,1337247872.000
2013-10-14,12.15,12.15,11.90,11.99,81506562,990600512.000
2013-10-15,12.05,12.11,11.94,12.10,80211295,976751360.000
2013-10-16,12.05,12.07,11.62,11.76,85205146,1021854720.000
2013-10-17,11.88,11.92,11.60,11.66,92034046,1094869888.000
2013-10-18,11.65,12.09,11.64,11.85,109392534,1318933632.000
2013-10-21,11.93,12.11,11.71,12.07,130049943,1572646528.000
2013-10-22,12.15,12.15,11.88,11.92,82379812,1002431744.000
2013-10-23,12.00,12.23,11.90,11.91,92936302,1133725056.000
2013-10-24,11.83,11.85,11.63,11.68,61542588,730878592.000
2013-10-25,11.67,11.80,11.40,11.49,90182914,1060449472.000
2013-10-28,11.51,11.62,11.45,11.56,52197494,610793472.000
2013-10-29,11.60,11.92,11.40,11.88,109540230,1296250368.000
2013-10-30,11.82,11.97,11.69,11.95,90468984,1082581248.000
2013-10-31,11.95,11.96,11.68,11.70,66162149,789795584.000
2013-11-01,11.73,11.91,11.66,11.83,66985572,801778240.000
2013-11-04,11.91,11.95,11.68,11.75,40806286,486716480.000
2013-11-05,11.67,11.75,11.49,11.69,54704923,643618688.000
2013-11-06,11.65,11.73,11.41,11.42,56592120,662846272.000
2013-11-07,11.43,11.52,11.30,11.34,45435710,525090528.000
2013-11-08,11.31,11.43,10.75,10.92,84963510,953648064.000
2013-11-11,10.92,10.98,10.73,10.88,49768995,547703936.000
2013-11-12,10.93,11.11,10.90,11.06,52416205,585923712.000
2013-11-13,10.93,10.99,10.65,10.65,65605469,717597248.000
2013-11-14,10.67,10.79,10.61,10.75,38508813,418346432.000
2013-11-15,10.83,11.70,10.78,11.40,161991283,1873428864.000
2013-11-18,11.72,12.56,11.57,12.56,404920402,4984694272.000
2013-11-19,12.67,12.70,12.42,12.60,258944493,3288400128.000
2013-11-20,12.73,12.80,12.42,12.68,191398200,2438066176.000
2013-11-21,12.55,12.55,12.16,12.41,198540298,2486152448.000
2013-11-22,12.54,12.78,12.38,12.53,212426803,2708012800.000
2013-11-25,12.35,12.90,12.27,12.40,163971391,2096004224.000
2013-11-26,12.37,12.68,12.29,12.37,111430017,1403133056.000
2013-11-27,12.35,12.84,12.32,12.76,201566339,2577532928.000
2013-11-28,12.72,12.99,12.64,12.69,167883599,2173811456.000
2013-11-29,12.72,12.79,12.61,12.75,86958976,1117006080.000
2013-12-02,13.20,13.69,12.91,13.41,401728088,5404420096.000
2013-12-03,13.25,13.35,13.06,13.25,133773881,1785323520.000
2013-12-04,13.25,13.53,13.18,13.23,139537123,1883749248.000
2013-12-05,13.24,13.43,13.14,13.30,103760128,1396520448.000
2013-12-06,13.20,13.25,12.80,12.95,210887340,2756363008.000
2013-12-09,12.96,13.17,12.85,12.91,89464210,1176954496.000
2013-12-10,12.91,13.10,12.91,12.98,74439844,979661504.000
2013-12-11,12.85,12.88,12.35,12.53,136415930,1732272896.000
2013-12-12,12.47,12.58,12.33,12.46,73757878,929903232.000
2013-12-13,12.30,12.62,12.26,12.56,67464465,853081344.000
2013-12-16,12.59,12.65,12.24,12.30,86579150,1084796160.000
2013-12-17,12.33,12.45,12.23,12.35,53473157,668365952.000
2013-12-18,12.30,12.52,12.28,12.44,47419081,597002880.000
2013-12-19,12.51,12.64,12.37,12.45,58507144,741545280.000
2013-12-20,12.45,12.51,11.99,12.10,100552333,1239015680.000
2013-12-23,12.15,12.31,11.99,12.13,64090929,788047424.000
2013-12-24,12.20,12.32,12.01,12.17,51112467,630710464.000
2013-12-25,12.19,12.37,12.13,12.31,68642995,851201600.000
2013-12-26,12.25,12.26,11.95,12.09,76134511,930677824.000
2013-12-27,12.07,12.31,12.03,12.26,106341232,1315903360.000
2013-12-30,12.39,12.41,12.17,12.19,89453015,1112600576.000
2013-12-31,12.15,12.65,12.09,12.60,146080699,1835939200.000
2014-01-02,12.46,12.54,12.33,12.44,67821633,852322048.000
2014-01-03,12.35,12.35,12.05,12.08,84037619,1032334592.000
2014-01-06,12.05,12.10,11.71,12.08,104866722,1259462656.000
2014-01-07,11.90,12.00,11.82,11.89,45162778,543938752.000
2014-01-08,11.96,12.10,11.81,11.93,75516396,912001984.000
2014-01-09,11.85,11.96,11.66,11.67,69423212,831226432.000
2014-01-10,11.63,11.67,11.35,11.37,75961004,882822784.000
2014-01-13,11.35,11.49,11.21,11.27,55152285,632531520.000
2014-01-14,11.28,11.49,11.22,11.43,44577874,513250304.000
2014-01-15,11.42,11.43,11.19,11.31,47018846,538306816.000
2014-01-16,11.33,11.57,11.24,11.41,62132259,720186432.000
2014-01-17,11.37,11.52,11.20,11.50,79834679,916384000.000
2014-01-20,11.40,11.51,11.31,11.36,38218494,441567392.000
2014-01-21,11.40,11.73,11.40,11.56,61670690,723617216.000
2014-01-22,11.65,11.97,11.58,11.93,96449941,1155764608.000
2014-01-23,11.91,11.94,11.68,11.76,72409099,864779136.000
2014-01-24,11.69,11.96,11.67,11.81,72182788,866175872.000
2014-01-27,11.70,11.75,11.37,11.41,95808522,1116084864.000
2014-01-28,11.50,11.58,11.36,11.45,49785111,577282624.000
2014-01-29,11.51,11.54,11.40,11.53,51152333,595515456.000
2014-01-30,11.47,11.51,11.39,11.43,41348826,479837312.000
2014-02-07,11.25,11.36,11.19,11.33,71361825,815642368.000
2014-02-10,11.38,11.71,11.38,11.67,80808267,949119040.000
2014-02-11,11.65,12.00,11.57,11.79,121999464,1458463104.000
2014-02-12,11.80,12.00,11.71,11.77,79214167,946880064.000
2014-02-13,11.75,11.90,11.61,11.72,80466904,956610944.000
2014-02-14,11.70,11.80,11.65,11.72,52042309,616708864.000
2014-02-17,11.83,11.89,11.68,11.76,78778175,936319808.000
2014-02-18,11.75,11.76,11.29,11.35,127536958,1477416448.000
2014-02-19,11.34,11.47,11.15,11.34,129753270,1483239680.000
2014-02-20,11.32,11.47,10.97,11.00,129463412,1469235712.000
2014-02-21,10.95,10.98,10.74,10.83,111203573,1224215296.000
2014-02-24,10.75,10.75,10.45,10.54,107728967,1152963200.000
2014-02-25,10.58,10.65,10.34,10.38,95987978,1018527616.000
2014-02-26,10.35,10.38,10.06,10.25,99114184,1028362176.000
2014-02-27,10.34,10.43,10.18,10.29,78898414,823706496.000
2014-02-28,10.31,10.73,10.23,10.68,127105215,1354110464.000
2014-03-03,10.58,10.60,10.41,10.50,90889671,967576512.000
2014-03-04,10.46,10.61,10.44,10.50,86390753,920644544.000
2014-03-05,10.53,10.61,10.36,10.48,69880762,743654400.000
2014-03-06,10.47,10.57,10.29,10.50,84969980,900621504.000
2014-03-07,10.43,10.60,10.35,10.37,74264512,788821504.000
2014-03-10,10.23,10.26,9.94,9.97,87251299,894258624.000
2014-03-11,9.97,10.06,9.85,10.03,74518919,752441344.000
2014-03-12,9.97,10.05,9.85,9.96,73708915,744094528.000
2014-03-13,10.01,10.28,9.99,10.15,75903663,781733760.000
2014-03-14,10.05,10.22,9.99,10.08,57283657,585793024.000
2014-03-17,10.15,10.21,10.01,10.13,45183423,462269984.000
2014-03-18,10.14,10.19,10.06,10.07,39872862,409036160.000
2014-03-19,10.04,10.06,9.90,9.96,48917762,493638080.000
2014-03-20,9.94,10.09,9.89,9.90,46601400,472723200.000
2014-03-21,9.86,10.45,9.82,10.41,123599756,1278943744.000
2014-03-24,10.45,10.79,10.37,10.61,145653906,1560062208.000
2014-03-25,10.55,10.75,10.50,10.61,96204109,1038585216.000
2014-03-26,10.75,10.80,10.45,10.47,69272072,742565440.000
2014-03-27,10.55,10.68,10.29,10.39,90094976,957780736.000
2014-03-28,10.44,10.63,10.38,10.51,81317171,868628800.000
2014-03-31,10.53,10.57,10.32,10.38,52048003,550290944.000
2014-04-01,10.40,10.59,10.36,10.56,45502062,484969856.000
2014-04-02,10.58,10.65,10.49,10.63,50383305,541176768.000
2014-04-03,10.70,10.91,10.62,10.63,95204972,1040594688.000
2014-04-04,10.57,10.78,10.55,10.76,49088496,531249280.000
2014-04-08,10.75,11.17,10.71,11.12,165124345,1843100672.000
2014-04-09,11.14,11.18,10.96,11.04,72893671,816319872.000
2014-04-10,11.05,12.16,10.96,12.13,459621499,5497220096.000
2014-04-11,12.15,12.54,12.02,12.08,423295660,5240655872.000
2014-04-14,11.98,12.15,11.82,12.00,161524927,1952076672.000
2014-04-15,11.88,11.91,11.55,11.56,172623795,2043416576.000
2014-04-16,11.51,11.82,11.50,11.62,126772538,1496462720.000
2014-04-17,11.74,11.80,11.55,11.62,108347430,1282167168.000
2014-04-18,11.52,11.78,11.44,11.71,102466555,1207549440.000
2014-04-21,11.66,11.79,11.22,11.25,118788969,1386236288.000
2014-04-22,11.19,11.35,10.97,11.34,123435674,1400617856.000
2014-04-23,11.25,11.39,11.16,11.28,82519140,942314112.000
2014-04-24,11.22,11.39,11.20,11.29,64786405,740662208.000
2014-04-25,11.32,11.39,11.04,11.06,72750078,827968576.000
2014-04-28,11.07,11.17,10.90,11.02,80889808,903050304.000
2014-04-29,10.99,11.29,10.83,11.28,90812366,1019528768.000
2014-04-30,11.27,11.29,11.12,11.24,63174116,719100928.000
2014-05-05,11.20,11.41,11.06,11.38,61917344,703265536.000
2014-05-06,11.28,11.43,11.25,11.29,55867433,640850176.000
2014-05-07,11.25,11.40,11.22,11.26,63020072,721281408.000
2014-05-08,11.23,11.60,11.11,11.31,91276154,1052842688.000
2014-05-09,11.30,11.51,11.26,11.38,79598199,917780160.000
2014-05-12,11.65,11.95,11.50,11.83,169777204,2020857344.000
2014-05-13,11.78,11.85,11.65,11.70,80394389,955871360.000
2014-05-14,11.75,11.87,11.66,11.77,78558795,935994368.000
2014-05-15,11.77,11.81,11.39,11.48,85482442,1002787776.000
2014-05-16,11.49,11.54,11.15,11.19,89942678,1029966336.000
2014-05-19,11.07,11.08,10.85,10.91,92752568,1027255552.000
2014-05-20,11.01,11.08,10.90,11.02,48814283,543666944.000
2014-05-21,10.90,11.15,10.87,11.12,57431509,641969152.000
2014-05-22,11.12,11.35,11.05,11.09,73625918,836577728.000
2014-05-23,11.09,11.28,11.06,11.27,53332671,604410368.000
2014-05-26,11.30,11.34,11.14,11.23,55865108,634499520.000
2014-05-27,11.22,11.24,11.02,11.03,54793568,618027584.000
2014-05-28,11.05,11.40,10.97,11.33,95197247,1083479296.000
2014-05-29,11.30,11.37,11.13,11.14,62073426,707492160.000
2014-05-30,11.15,11.34,11.08,11.17,60014924,681375424.000
2014-06-03,11.17,11.37,11.15,11.16,58846996,671066688.000
2014-06-04,11.16,11.16,11.02,11.11,46148104,517820416.000
2014-06-05,11.09,11.28,11.05,11.26,52145208,590286592.000
2014-06-06,11.26,11.27,11.05,11.15,59265117,669358336.000
2014-06-09,11.06,11.23,10.98,11.03,56583748,636375552.000
2014-06-10,11.09,11.38,11.02,11.35,120967385,1378379008.000
2014-06-11,11.25,11.32,11.17,11.22,65221399,743204736.000
2014-06-12,11.21,11.27,11.15,11.18,44053011,500410944.000
2014-06-13,11.17,11.43,11.15,11.31,94941625,1089887232.000
2014-06-16,11.34,11.55,11.30,11.50,107413565,1245258368.000
2014-06-17,11.45,11.50,11.34,11.39,57087344,659204864.000
2014-06-18,11.38,11.47,11.31,11.31,48889515,563963712.000
2014-06-19,11.31,11.39,11.03,11.08,64361105,730118848.000
2014-06-20,11.08,11.16,11.02,11.15,47210552,531339584.000
2014-06-23,11.14,11.20,11.08,11.10,42141735,475810432.000
2014-06-24,11.11,11.26,11.10,11.23,37448842,424244032.000
2014-06-25,11.22,11.22,11.08,11.12,31274281,352774752.000
2014-06-26,11.13,11.31,11.13,11.25,57277592,653931008.000
2014-06-27,11.25,11.30,11.16,11.27,44497736,506808320.000
2014-06-30,11.30,11.39,11.26,11.31,58354049,669372800.000
2014-07-01,11.35,11.37,11.23,11.26,43330489,494716256.000
2014-07-02,11.28,11.36,11.22,11.35,67655382,774527424.000
2014-07-03,11.32,11.46,11.29,11.39,76878400,887190976.000
2014-07-04,11.37,11.50,11.36,11.40,52320889,605725568.000
2014-07-07,11.40,11.45,11.32,11.34,38574653,444511840.000
2014-07-08,11.35,11.40,11.25,11.35,45519990,521870816.000
2014-07-09,11.39,11.42,11.25,11.25,68049165,780852992.000
2014-07-10,11.24,11.29,11.20,11.25,46161252,525972000.000
2014-07-11,11.25,11.43,11.22,11.36,44513698,511940832.000
2014-07-14,11.36,11.57,11.34,11.56,113234570,1316451584.000
2014-07-15,11.53,11.60,11.46,11.54,60171419,702864448.000
2014-07-16,11.55,11.77,11.47,11.52,67801608,796798016.000
2014-07-17,11.48,11.57,11.41,11.54,59791549,694758272.000
2014-07-18,11.49,11.76,11.45,11.70,108480401,1280489728.000
2014-07-21,11.67,11.72,11.51,11.61,63935854,750850944.000
2014-07-22,11.72,11.90,11.62,11.85,136504998,1630900992.000
2014-07-23,11.85,12.09,11.80,11.97,145040721,1757207424.000
2014-07-24,11.98,12.45,11.98,12.36,217436849,2706946304.000
2014-07-25,12.38,12.52,12.23,12.51,129955826,1629315712.000
2014-07-28,12.56,13.35,12.56,13.07,301963581,3949592576.000
2014-07-29,13.05,13.09,12.89,12.99,134162147,1760280576.000
2014-07-30,13.05,13.20,12.80,12.87,137827790,1807332352.000
2014-07-31,12.87,13.02,12.80,13.01,109493811,1429344896.000
2014-08-01,12.97,13.09,12.66,12.68,129757819,1691299840.000
2014-08-04,12.78,13.51,12.77,13.46,272407511,3638302208.000
2014-08-05,13.45,13.45,13.16,13.28,172033467,2310809088.000
2014-08-06,13.28,13.44,13.14,13.32,156757636,2104685824.000
2014-08-07,13.31,13.32,12.91,12.93,153428048,2028456576.000
2014-08-08,12.95,13.04,12.79,12.91,120960599,1581303168.000
2014-08-11,12.95,13.33,12.93,13.21,146555978,1952722816.000
2014-08-12,13.15,13.18,13.01,13.08,99764356,1321004160.000
2014-08-13,13.08,13.37,12.99,13.23,143519240,1907932800.000
2014-08-14,13.18,13.28,12.99,13.02,119655141,1592971520.000
2014-08-15,13.11,13.40,13.03,13.32,135078220,1791722496.000
2014-08-18,13.40,13.48,13.19,13.31,114359770,1522296960.000
2014-08-19,13.35,13.36,13.08,13.19,102373881,1352294912.000
2014-08-20,13.16,13.20,13.06,13.10,78312111,1027630080.000
2014-08-21,13.10,13.14,12.75,12.85,135169601,1742303360.000
2014-08-22,12.83,13.05,12.79,12.98,114040289,1473032064.000
2014-08-25,13.00,13.00,12.73,12.79,92835429,1190853120.000
2014-08-26,12.78,12.86,12.55,12.63,95539954,1212605184.000
2014-08-27,12.63,12.75,12.60,12.62,54179868,685558208.000
2014-08-28,12.63,12.79,12.59,12.64,65387624,829699968.000
2014-08-29,12.76,12.90,12.66,12.89,67803800,866985984.000
2014-09-01,12.90,12.94,12.79,12.93,73857874,950189888.000
2014-09-02,12.94,13.25,12.82,13.20,164630812,2145763712.000
2014-09-03,13.23,13.36,13.18,13.26,143075127,1898952320.000
2014-09-04,13.28,13.58,13.24,13.55,173701959,2328496128.000
2014-09-05,13.66,13.89,13.56,13.63,197970632,2714893056.000
2014-09-09,13.64,13.64,13.37,13.43,107365252,1445851008.000
2014-09-10,13.32,13.42,13.22,13.30,106595839,1418004096.000
2014-09-11,13.28,13.76,13.25,13.38,168568053,2271719680.000
2014-09-12,13.28,13.40,13.21,13.38,100023629,1330645632.000
2014-09-15,13.38,13.38,13.13,13.28,104288065,1381063808.000
2014-09-16,13.31,13.38,12.81,12.86,158851277,2084788736.000
2014-09-17,12.94,13.03,12.85,12.93,72742928,940259904.000
2014-09-18,12.89,13.19,12.80,12.99,93253903,1211354624.000
2014-09-19,13.03,13.15,12.95,13.11,71118700,929564096.000
2014-09-22,13.05,13.06,12.79,12.84,100134105,1291425536.000
2014-09-23,12.84,13.13,12.83,13.05,92479981,1201043968.000
2014-09-24,12.98,13.66,12.95,13.49,251677555,3366014720.000
2014-09-25,13.61,13.65,13.23,13.31,171914464,2313782016.000
2014-09-26,13.25,13.34,13.18,13.28,125503024,1663233024.000
2014-09-29,13.34,13.50,13.23,13.39,172803417,2308688896.000
2014-09-30,13.41,13.45,13.28,13.32,105129289,1402743040.000
2014-10-08,13.38,13.41,13.23,13.36,124474872,1657250816.000
2014-10-09,13.37,13.49,13.27,13.39,120537958,1613316096.000
2014-10-10,13.31,13.44,13.20,13.24,127750006,1697474560.000
2014-10-13,13.14,13.15,12.94,13.09,116057640,1510914304.000
2014-10-14,13.00,13.18,12.94,12.98,104318105,1361659776.000
2014-10-15,12.99,13.41,12.96,13.34,191355661,2532755712.000
2014-10-16,13.16,13.45,13.10,13.14,157252133,2089206528.000
2014-10-17,13.18,13.39,13.00,13.30,162270592,2144102144.000
2014-10-20,13.32,13.35,13.18,13.25,119012372,1578668672.000
2014-10-21,13.25,13.43,13.16,13.18,146534311,1949112960.000
2014-10-22,13.18,13.31,13.01,13.03,138940732,1823836160.000
2014-10-23,12.98,13.10,12.78,12.81,135712995,1754545792.000
2014-10-24,12.83,12.86,12.63,12.68,100612707,1283376512.000
2014-10-27,12.44,12.48,12.25,12.33,133575173,1650857216.000
2014-10-28,12.36,12.74,12.36,12.72,141613037,1774452992.000
2014-10-29,12.74,13.14,12.64,12.94,206565757,2665573376.000
2014-10-30,12.94,13.04,12.87,12.98,120304587,1558050688.000
2014-10-31,13.05,13.53,13.01,13.27,298392623,3958877440.000
2014-11-03,13.35,13.46,13.15,13.21,225709270,3003175936.000
2014-11-04,13.14,13.27,13.03,13.13,141034844,1853533952.000
2014-11-05,13.20,13.44,13.05,13.26,235275778,3125696256.000
2014-11-06,13.24,13.30,13.06,13.18,131611845,1735214848.000
2014-11-07,13.25,14.13,13.21,13.63,600904921,8220935168.000
2014-11-10,14.05,14.20,13.71,14.12,552075626,7710405120.000
2014-11-11,14.50,14.88,14.05,14.26,632214615,9191442432.000
2014-11-12,14.22,15.43,14.06,15.38,537451064,7935957504.000
2014-11-13,15.28,15.59,14.94,15.06,512400885,7850271744.000
2014-11-14,14.96,15.55,14.80,15.38,442371387,6740925440.000
2014-11-17,15.50,15.59,14.92,14.96,408278847,6226352128.000
2014-11-18,14.80,14.94,14.46,14.55,323130878,4734747136.000
2014-11-19,14.50,14.65,14.34,14.40,228333234,3312030464.000
2014-11-20,14.44,14.76,14.38,14.60,229138237,3346697984.000
2014-11-21,14.64,15.68,14.47,15.57,503165651,7623298560.000
2014-11-24,15.99,16.88,15.88,16.54,721024929,11834149888.000
2014-11-25,16.40,16.69,16.29,16.46,346274737,5711582208.000
2014-11-26,16.60,17.47,16.59,17.02,458013796,7779568128.000
2014-11-27,17.12,17.65,16.73,17.51,569435675,9794380800.000
2014-11-28,17.32,17.52,16.80,17.26,513278616,8802830336.000
2014-12-01,17.44,18.20,17.01,17.52,610774617,10789097472.000
2014-12-02,17.20,19.22,17.10,18.80,736619164,13402108928.000
2014-12-03,18.90,20.15,18.38,19.15,840389639,16266474496.000
2014-12-04,19.14,21.07,19.02,21.07,730966743,14857753600.000
2014-12-05,22.47,23.18,21.71,23.18,1219100904,27823228928.000
2014-12-08,23.17,25.50,22.81,25.50,896731195,22144612352.000
2014-12-09,26.35,28.05,24.05,26.54,1384499697,37927034880.000
2014-12-10,26.60,27.90,24.20,27.27,1273353788,33260275712.000
2014-12-11,26.00,27.27,24.60,24.71,842989870,22023163904.000
2014-12-12,24.00,26.84,23.90,25.47,859596629,21920329728.000
2014-12-15,25.16,27.18,24.81,27.06,687947018,17816078336.000
2014-12-16,27.60,29.77,27.30,29.77,1124336308,32867995648.000
2014-12-17,31.50,32.75,30.09,32.75,1229473970,39050850304.000
2014-12-18,32.33,33.30,31.50,31.74,1011644590,32816297984.000
2014-12-19,32.00,33.30,29.77,32.23,996566956,31534624768.000
2014-12-22,31.30,32.39,30.01,30.74,706752257,22144231424.000
2014-12-23,30.50,31.79,30.01,31.01,541639342,16883884032.000
2014-12-24,31.58,31.80,27.92,28.20,845808651,24758624256.000
2014-12-25,28.30,29.65,27.20,29.20,716138287,20450156544.000
2014-12-26,29.09,32.12,28.80,32.12,869143342,27002587136.000
2014-12-29,34.04,34.05,31.50,32.19,928899626,30440806400.000
2014-12-30,32.39,34.58,30.88,33.46,858493729,28251895808.000
2014-12-31,33.15,35.36,32.70,33.90,702897618,23999490048.000
2015-01-05,33.90,35.25,33.01,34.66,698627215,23874097152.000
2015-01-06,33.80,35.58,33.56,34.71,668119368,23149379584.000
2015-01-07,34.41,37.25,34.29,36.15,731508483,26387179520.000
2015-01-08,36.40,36.70,34.68,35.25,637626869,22618464256.000
2015-01-09,35.01,36.90,34.41,34.96,763640258,27142297600.000
2015-01-12,34.70,35.38,33.23,33.53,660267188,22582319104.000
2015-01-13,33.21,33.64,31.77,32.17,624392129,20346445824.000
2015-01-14,32.15,32.94,31.86,32.66,483502544,15653331968.000
2015-01-15,32.51,33.59,31.69,33.37,734447921,23956482048.000
2015-01-16,33.59,33.60,32.19,32.91,585667098,19350255616.000
2015-01-19,29.62,29.62,29.62,29.62,49677500,1471447552.000
2015-01-20,26.66,27.77,26.66,26.69,1310854672,35201773568.000
2015-01-21,27.10,29.20,26.82,28.75,1017161622,28203003904.000
2015-01-22,28.75,28.75,28.02,28.43,532544820,15096108032.000
2015-01-23,28.71,30.43,28.70,29.21,617294148,18244497408.000
2015-01-26,29.20,29.20,28.39,28.62,383873704,11007166464.000
2015-01-27,28.64,28.79,27.50,28.05,436327904,12277369856.000
2015-01-28,28.05,29.76,27.91,28.87,604827538,17496098816.000
2015-01-29,28.10,28.58,27.81,28.18,386310957,10875839488.000
2015-01-30,28.50,28.72,27.78,27.86,304218245,8558898688.000
2015-02-02,27.00,27.57,26.69,26.92,321399636,8701630464.000
2015-02-03,27.34,28.55,26.97,28.40,455452985,12597196800.000
2015-02-04,28.62,29.45,28.00,28.03,527966410,15200429056.000
2015-02-05,29.17,29.20,28.05,28.08,554153565,15893339136.000
2015-02-06,27.96,28.65,27.70,28.31,349085654,9871918080.000
2015-02-09,28.05,29.89,27.99,29.41,578369114,16809358336.000
2015-02-10,29.32,29.88,29.08,29.54,416001039,12252572672.000
2015-02-11,29.69,29.79,29.05,29.32,270393386,7925359616.000
2015-02-12,29.32,29.32,28.62,29.00,250267313,7254124032.000
2015-02-13,29.25,29.70,29.01,29.13,336085405,9854166016.000
2015-02-16,29.10,29.27,28.72,28.97,239509944,6936728064.000
2015-02-17,29.11,29.73,29.01,29.18,262691236,7709917696.000
2015-02-25,29.25,29.30,28.52,28.74,200882987,5793630720.000
2015-02-26,28.48,30.18,28.04,29.93,485636517,14237902848.000
2015-02-27,29.88,30.10,29.48,29.53,311877539,9287683072.000
2015-03-02,30.12,30.48,29.62,29.87,387678692,11639701504.000
2015-03-03,29.62,29.62,28.59,28.62,372102299,10786614272.000
2015-03-04,28.59,28.84,28.20,28.37,242392349,6889448960.000
2015-03-05,28.10,28.77,28.00,28.28,265526441,7510665216.000
2015-03-06,28.30,28.69,28.07,28.11,204267731,5781353984.000
2015-03-09,27.00,28.11,26.80,27.66,365696539,9949609984.000
2015-03-10,27.66,28.09,27.18,27.53,251294419,6921397760.000
2015-03-11,27.53,28.07,27.39,27.47,208904316,5787379200.000
2015-03-12,27.81,28.34,27.41,28.20,292038157,8169473536.000
2015-03-13,28.32,28.87,28.05,28.23,263797585,7507250688.000
2015-03-16,28.40,28.93,27.96,28.77,331064499,9445822464.000
2015-03-17,29.25,29.80,28.88,29.60,531301698,15588876288.000
2015-03-18,30.01,30.20,29.68,29.98,493267254,14777349120.000
2015-03-19,30.08,30.09,29.58,29.69,348827419,10391902208.000
2015-03-20,29.80,32.66,29.47,32.35,956665081,30097819648.000
2015-03-23,32.69,33.39,32.00,33.32,769193931,25133275136.000
2015-03-24,33.30,33.31,31.97,32.45,593195834,19343552512.000
2015-03-25,32.44,33.53,32.11,32.37,481950572,15796196352.000
2015-03-26,32.00,32.99,31.60,32.02,392918207,12658643968.000
2015-03-27,32.02,32.75,31.75,32.12,310748166,10043422720.000
2015-03-30,32.16,33.14,31.82,32.91,520092748,16950887424.000
2015-03-31,33.42,34.96,32.70,32.82,677022799,22901841920.000
2015-04-01,32.95,34.07,32.86,33.94,516489524,17314623488.000
2015-04-02,34.35,34.50,32.88,33.44,464873762,15584227328.000
2015-04-03,33.16,34.34,33.12,34.22,575474488,19509446656.000
2015-04-07,34.87,34.95,34.03,34.63,545952850,18774609920.000
2015-04-08,34.76,36.70,34.24,36.08,757545299,26972907520.000
2015-04-09,36.50,38.40,35.70,35.77,857254006,31644827648.000
2015-04-10,35.68,35.98,34.90,35.84,513493631,18205968384.000
数据来源:通达信
