601857 中国石油 日线 前复权
      日期	    开盘	    最高	    最低	    收盘	    成交量	    成交额
2011-03-02,10.15,10.28,10.12,10.21,40110982,461182464.000
2011-03-03,10.28,10.47,10.19,10.37,73427633,852101312.000
2011-03-04,10.35,10.54,10.29,10.51,79603735,931699200.000
2011-03-07,10.53,10.96,10.52,10.82,123394043,1489355264.000
2011-03-08,10.77,10.88,10.66,10.80,52297155,629849856.000
2011-03-09,10.79,10.83,10.70,10.72,31441599,378348608.000
2011-03-10,10.72,10.79,10.56,10.64,46718966,556307456.000
2011-03-11,10.54,10.70,10.50,10.56,29967230,355245696.000
2011-03-14,10.50,10.52,10.37,10.41,37885291,444410880.000
2011-03-15,10.34,10.40,10.12,10.26,43637471,502403680.000
2011-03-16,10.22,10.33,10.18,10.27,26604173,306984128.000
2011-03-17,10.22,10.52,10.17,10.36,44138531,513170144.000
2011-03-18,10.48,10.57,10.23,10.29,32384758,380006048.000
2011-03-21,10.45,10.58,10.40,10.47,31611880,372038272.000
2011-03-22,10.55,10.56,10.40,10.48,23192997,272687680.000
2011-03-23,10.52,10.53,10.44,10.51,21581848,254103440.000
2011-03-24,10.50,10.87,10.49,10.65,74479316,893158976.000
2011-03-25,10.63,10.74,10.62,10.66,32846169,393184608.000
2011-03-28,10.67,10.84,10.64,10.71,44526565,535628928.000
2011-03-29,10.67,10.83,10.45,10.59,39306922,467155936.000
2011-03-30,10.55,10.72,10.51,10.66,42187270,501743808.000
2011-03-31,10.65,10.67,10.46,10.62,29105698,344752128.000
2011-04-01,10.68,10.75,10.56,10.72,34092711,407479680.000
2011-04-06,10.74,10.89,10.69,10.87,59458336,717727872.000
2011-04-07,10.89,10.91,10.77,10.83,49607045,601654656.000
2011-04-08,10.82,10.94,10.79,10.89,34986289,425234976.000
2011-04-11,10.92,11.13,10.88,10.90,55088717,677448448.000
2011-04-12,10.83,10.92,10.60,10.77,45220871,545788480.000
2011-04-13,10.67,10.75,10.59,10.74,39599844,472653728.000
2011-04-14,10.74,10.82,10.65,10.74,34691988,416707264.000
2011-04-15,10.72,10.82,10.66,10.74,20173205,242104592.000
2011-04-18,10.72,10.95,10.70,10.83,47624904,578129664.000
2011-04-19,10.77,10.78,10.58,10.58,28149882,336483456.000
2011-04-20,10.66,10.70,10.55,10.62,18346855,218404752.000
2011-04-21,10.70,10.74,10.61,10.67,20995225,251130384.000
2011-04-22,10.67,10.71,10.59,10.61,23127738,275777152.000
2011-04-25,10.55,10.63,10.49,10.50,20231095,239181264.000
2011-04-26,10.52,10.58,10.38,10.44,17356346,204288128.000
2011-04-27,10.46,10.52,10.37,10.40,17131532,200877728.000
2011-04-28,10.48,10.54,10.38,10.40,22522871,264491360.000
2011-04-29,10.43,10.49,10.37,10.43,23888162,279396512.000
2011-05-03,10.43,10.46,10.33,10.44,21903020,255537584.000
2011-05-04,10.39,10.40,10.17,10.18,26409305,305029536.000
2011-05-05,10.14,10.22,10.07,10.12,23701447,270428320.000
2011-05-06,9.91,9.97,9.80,9.87,31229726,348572736.000
2011-05-09,9.87,9.94,9.82,9.87,21941763,244771136.000
2011-05-10,9.91,9.93,9.87,9.92,12356768,138177568.000
2011-05-11,9.92,9.95,9.88,9.90,13109375,146736672.000
2011-05-12,9.82,9.84,9.74,9.75,20390227,225747184.000
2011-05-13,9.80,9.87,9.72,9.85,14827414,164264432.000
2011-05-16,9.82,9.86,9.75,9.77,10385895,115106472.000
2011-05-17,9.77,9.81,9.70,9.74,16110189,177743712.000
2011-05-19,9.79,9.83,9.74,9.76,14378682,159183776.000
2011-05-20,9.76,9.84,9.75,9.80,11974315,132600784.000
2011-05-23,9.80,9.82,9.52,9.59,21170651,231668960.000
2011-05-24,9.58,9.62,9.34,9.38,27118772,290307296.000
2011-05-25,9.41,9.57,9.33,9.56,43664784,469442816.000
2011-05-26,9.53,9.76,9.52,9.60,19312364,211039504.000
2011-05-27,9.70,9.84,9.64,9.69,27821521,306926176.000
2011-05-30,9.70,9.79,9.60,9.70,17225214,188961968.000
2011-05-31,9.70,9.77,9.67,9.73,16932499,186287328.000
2011-06-01,9.79,9.79,9.64,9.76,22151066,239557184.000
2011-06-02,9.68,9.74,9.56,9.60,13733571,147188672.000
2011-06-03,9.61,9.64,9.54,9.61,12894542,137857104.000
2011-06-07,9.61,9.75,9.54,9.73,31606677,340094432.000
2011-06-08,9.68,9.79,9.58,9.74,15988555,172817072.000
2011-06-09,9.72,9.80,9.59,9.71,17022495,183329024.000
2011-06-10,9.68,9.77,9.65,9.73,15800226,170747488.000
2011-06-13,9.70,9.74,9.50,9.72,24211111,258322512.000
2011-06-14,9.64,9.78,9.61,9.77,22294198,241326640.000
2011-06-15,9.73,9.85,9.71,9.82,28114195,306176000.000
2011-06-16,9.72,9.81,9.58,9.62,13074994,141201328.000
2011-06-17,9.65,9.73,9.60,9.67,13239581,142864480.000
2011-06-20,9.65,9.67,9.55,9.56,10376513,110863808.000
2011-06-21,9.63,9.63,9.51,9.57,13882627,147992112.000
2011-06-22,9.57,9.61,9.51,9.59,12786989,136383024.000
2011-06-23,9.57,9.65,9.51,9.64,18249952,194604640.000
2011-06-24,9.58,9.77,9.55,9.72,41411101,446071264.000
2011-06-27,9.71,9.76,9.68,9.72,36735423,397561760.000
2011-06-28,9.72,9.72,9.60,9.66,20167179,216886032.000
2011-06-29,9.69,9.79,9.64,9.68,22660954,245287424.000
2011-06-30,9.73,9.85,9.69,9.79,21243685,231169104.000
2011-07-01,9.80,9.81,9.72,9.73,13743454,149306512.000
2011-07-04,9.78,9.88,9.75,9.85,33745770,368063392.000
2011-07-05,9.85,9.87,9.79,9.83,22485210,245784064.000
2011-07-06,9.83,9.98,9.66,9.96,60904379,664132864.000
2011-07-07,9.90,9.92,9.78,9.84,30412995,332516224.000
2011-07-08,9.83,9.86,9.75,9.78,16440870,179161408.000
2011-07-11,9.75,9.79,9.72,9.78,10413797,113202872.000
2011-07-12,9.75,9.75,9.60,9.62,17724819,190805760.000
2011-07-13,9.61,9.68,9.61,9.66,13814315,148557904.000
2011-07-14,9.67,9.71,9.63,9.69,16378671,176365280.000
2011-07-15,9.68,9.68,9.61,9.66,16998382,182662416.000
2011-07-18,9.65,9.68,9.57,9.59,28420261,304192352.000
2011-07-19,9.55,9.69,9.55,9.58,24919713,267076320.000
2011-07-20,9.62,9.66,9.57,9.60,17868775,191455760.000
2011-07-21,9.64,9.64,9.50,9.51,17556318,186849088.000
2011-07-22,9.51,9.56,9.48,9.48,18169212,192909328.000
2011-07-25,9.49,9.50,9.20,9.26,29874695,311564128.000
2011-07-26,9.25,9.52,9.22,9.50,25939329,270695008.000
2011-07-27,9.38,9.69,9.35,9.63,43835509,467830304.000
2011-07-28,9.55,9.70,9.40,9.69,29004463,309494016.000
2011-07-29,9.61,9.71,9.50,9.58,16447935,176003952.000
2011-08-01,9.57,9.62,9.52,9.55,7845317,83665152.000
2011-08-02,9.50,9.53,9.31,9.35,14137204,148123472.000
2011-08-03,9.33,9.44,9.28,9.35,16883798,176338000.000
2011-08-04,9.35,9.39,9.32,9.35,5905215,61716988.000
2011-08-05,9.18,9.24,9.04,9.08,24707088,252584608.000
2011-08-08,9.02,9.13,8.75,8.76,31701761,316488896.000
2011-08-09,8.69,8.75,8.60,8.66,32897966,320882656.000
2011-08-10,8.74,8.90,8.71,8.75,21043748,207946880.000
2011-08-11,8.68,8.87,8.65,8.82,14358864,141764208.000
2011-08-12,8.85,8.94,8.82,8.87,12530326,124979952.000
2011-08-15,8.89,8.95,8.82,8.94,11265250,112627240.000
2011-08-16,8.95,8.96,8.86,8.87,10650513,106529720.000
2011-08-17,8.86,8.92,8.83,8.86,7305970,72767096.000
2011-08-18,8.88,8.89,8.76,8.77,9964981,98821240.000
2011-08-19,8.70,8.76,8.66,8.71,12593827,123361800.000
2011-08-22,8.73,8.78,8.65,8.67,9086921,89095040.000
2011-08-23,8.70,8.79,8.67,8.79,7814499,76771584.000
2011-08-24,8.80,8.83,8.72,8.74,8784925,86852696.000
2011-08-25,8.76,9.04,8.75,9.00,20947625,210045200.000
2011-08-26,8.93,8.97,8.88,8.94,16602612,166180384.000
2011-08-29,8.88,8.89,8.81,8.84,10194789,101373144.000
2011-08-30,8.90,8.95,8.81,8.82,11763658,117546288.000
2011-08-31,8.81,8.85,8.75,8.78,11838817,116990464.000
2011-09-01,8.78,8.83,8.73,8.75,9492098,93690720.000
2011-09-02,8.75,8.78,8.62,8.67,11948982,116898456.000
2011-09-05,8.64,8.66,8.48,8.50,17225076,166185680.000
2011-09-06,8.51,8.74,8.45,8.60,13646525,132455576.000
2011-09-07,8.64,8.70,8.56,8.69,10578069,102997816.000
2011-09-08,8.74,8.76,8.65,8.68,9499783,93152368.000
2011-09-09,8.73,8.77,8.68,8.71,10209821,100391488.000
2011-09-13,8.66,8.67,8.60,8.63,10625455,103436744.000
2011-09-14,8.68,8.75,8.59,8.70,11526037,112496544.000
2011-09-15,8.77,8.82,8.70,8.78,12552524,121582792.000
2011-09-16,8.82,8.85,8.73,8.76,7953875,77257296.000
2011-09-19,8.75,8.75,8.64,8.64,6700550,64301480.000
2011-09-20,8.65,8.84,8.63,8.70,10532433,101684256.000
2011-09-21,8.72,8.87,8.65,8.84,14065152,137002064.000
2011-09-22,8.78,8.83,8.66,8.67,12586180,121802528.000
2011-09-23,8.60,8.72,8.52,8.64,13366931,127347464.000
2011-09-26,8.57,8.75,8.53,8.70,15224160,145632960.000
2011-09-27,8.73,8.81,8.64,8.77,11687469,112890024.000
2011-09-28,8.78,8.86,8.69,8.83,18663110,181387088.000
2011-09-29,8.77,8.92,8.74,8.88,19964764,194812992.000
2011-09-30,8.85,8.97,8.81,8.94,19072583,187564608.000
2011-10-10,8.93,8.93,8.82,8.83,8893891,87251352.000
2011-10-11,8.92,8.97,8.57,8.88,21196929,206528944.000
2011-10-12,8.77,9.06,8.67,9.05,27283511,268965024.000
2011-10-13,8.98,9.07,8.87,9.06,25365190,251406160.000
2011-10-14,9.01,9.02,8.89,8.96,9383896,92737336.000
2011-10-17,8.95,9.00,8.87,8.99,18705314,184392176.000
2011-10-18,8.93,8.93,8.79,8.80,10353956,101286560.000
2011-10-19,8.83,8.85,8.79,8.81,7587255,73997496.000
2011-10-21,8.75,8.79,8.62,8.72,13275484,128099392.000
2011-10-24,8.72,8.93,8.70,8.90,17523132,170992432.000
2011-10-25,8.87,8.96,8.84,8.93,14330580,141018448.000
2011-10-26,8.90,8.99,8.88,8.95,20670042,204263808.000
2011-10-27,8.95,9.05,8.94,8.96,15214176,150792464.000
2011-10-28,9.03,9.10,8.98,9.05,21270408,212021200.000
2011-10-31,9.05,9.05,8.92,8.95,11935264,118253160.000
2011-11-01,8.92,9.09,8.91,8.96,15669126,155594160.000
2011-11-02,8.88,9.05,8.86,9.03,14745741,145502944.000
2011-11-03,9.03,9.10,8.99,9.03,23091271,230291168.000
2011-11-04,9.09,9.20,9.07,9.18,27469955,276808480.000
2011-11-07,9.15,9.22,9.10,9.11,16386195,165240416.000
2011-11-08,9.13,9.35,9.10,9.20,35537574,361288256.000
2011-11-09,9.26,9.35,9.17,9.26,18157738,184788304.000
2011-11-10,9.18,9.30,9.12,9.13,16986960,171768576.000
2011-11-11,9.17,9.23,9.12,9.16,10278294,103845912.000
2011-11-14,9.22,9.33,9.18,9.25,10846208,110452240.000
2011-11-15,9.23,9.27,9.16,9.19,7343298,74334848.000
2011-11-16,9.18,9.21,8.95,8.99,16129761,161259264.000
2011-11-17,8.99,9.02,8.96,8.98,9407263,93277448.000
2011-11-18,8.93,9.00,8.86,8.88,9209728,90571640.000
2011-11-21,8.87,8.88,8.83,8.86,5870620,57434320.000
2011-11-22,8.85,8.88,8.75,8.84,6729718,65583052.000
2011-11-23,8.85,8.87,8.76,8.77,6153853,59818168.000
2011-11-24,8.73,8.82,8.69,8.75,6529716,63183200.000
2011-11-25,8.75,8.77,8.70,8.72,5577108,53844700.000
2011-11-28,8.73,8.87,8.72,8.79,8184406,79557152.000
2011-11-29,8.81,8.85,8.78,8.84,5866769,57148716.000
2011-11-30,8.81,8.83,8.46,8.53,20812956,198362240.000
2011-12-01,8.67,8.82,8.62,8.66,17419122,168010064.000
2011-12-02,8.64,8.73,8.59,8.69,7827900,75066272.000
2011-12-05,8.74,8.74,8.62,8.73,9500132,91315952.000
2011-12-06,8.70,8.78,8.66,8.77,7888153,76212240.000
2011-12-07,8.77,8.80,8.71,8.77,5475983,53036696.000
2011-12-08,8.76,8.81,8.68,8.75,5691912,55057968.000
2011-12-09,8.73,8.80,8.71,8.73,4907542,47571276.000
2011-12-12,8.73,8.74,8.57,8.62,7120936,68226496.000
2011-12-13,8.60,8.75,8.55,8.63,16616356,158961696.000
2011-12-14,8.60,8.75,8.59,8.71,14333615,137774624.000
2011-12-15,8.64,8.67,8.57,8.58,12447301,118710728.000
2011-12-16,8.58,8.73,8.55,8.70,12387148,118171136.000
2011-12-19,8.64,8.73,8.42,8.70,17721911,168112864.000
2011-12-20,8.62,8.77,8.61,8.75,14562233,140409856.000
2011-12-21,8.76,8.86,8.72,8.77,14970127,145495728.000
2011-12-22,8.73,8.88,8.71,8.82,18909968,184216720.000
2011-12-23,8.83,8.96,8.78,8.90,16530386,162533472.000
2011-12-26,8.83,8.89,8.75,8.78,8735029,84971288.000
2011-12-27,8.78,8.84,8.66,8.75,13877905,134068488.000
2011-12-28,8.71,8.85,8.67,8.84,13547150,131515728.000
2011-12-29,8.82,8.90,8.80,8.86,10822041,105979456.000
2011-12-30,8.86,8.93,8.76,8.81,15472873,151216496.000
2012-01-04,8.86,8.95,8.77,8.82,20781634,203706448.000
2012-01-05,8.79,8.98,8.77,8.87,15967141,156442000.000
2012-01-06,8.96,9.11,8.95,9.03,36455558,363305920.000
2012-01-09,9.04,9.15,8.92,9.10,21475791,214327600.000
2012-01-10,9.08,9.22,9.05,9.19,26763389,269910400.000
2012-01-11,9.17,9.28,9.08,9.11,23298191,235452736.000
2012-01-12,9.09,9.14,9.05,9.13,14945462,149802016.000
2012-01-13,9.13,9.35,9.07,9.27,23940968,242048560.000
2012-01-16,9.24,9.32,9.13,9.16,17911831,181443584.000
2012-01-17,9.17,9.42,9.08,9.39,33948049,346394304.000
2012-01-18,9.37,9.40,9.17,9.29,18285375,186637408.000
2012-01-19,9.28,9.37,9.23,9.33,16446097,168529472.000
2012-01-20,9.34,9.38,9.29,9.33,12898812,132363864.000
2012-01-30,9.37,9.38,9.19,9.20,16964985,172951968.000
2012-01-31,9.20,9.29,9.20,9.28,9633375,98115512.000
2012-02-01,9.26,9.38,9.24,9.25,10115231,103676440.000
2012-02-02,9.27,9.32,9.21,9.28,13392725,136480336.000
2012-02-03,9.28,9.33,9.22,9.29,11315394,115491200.000
2012-02-06,9.31,9.33,9.25,9.30,18529545,189322544.000
2012-02-07,9.26,9.30,9.11,9.16,12469781,126137448.000
2012-02-08,9.21,9.41,9.15,9.33,22234017,227311520.000
2012-02-09,9.31,9.39,9.26,9.36,18069967,185559632.000
2012-02-10,9.32,9.38,9.28,9.38,16578196,170128416.000
2012-02-13,9.29,9.39,9.28,9.33,9637024,98925328.000
2012-02-14,9.32,9.39,9.29,9.31,7100573,72855992.000
2012-02-15,9.29,9.36,9.24,9.32,12069078,123670864.000
2012-02-16,9.33,9.36,9.21,9.24,17644653,180269904.000
2012-02-17,9.27,9.31,9.22,9.25,10011723,101987336.000
2012-02-20,9.31,9.41,9.30,9.36,22613082,232694800.000
2012-02-21,9.37,9.39,9.26,9.33,13935027,142696704.000
2012-02-22,9.33,9.35,9.27,9.34,12462165,127565688.000
2012-02-23,9.34,9.45,9.30,9.38,21429506,220837408.000
2012-02-24,9.42,9.52,9.37,9.50,28099121,291547680.000
2012-02-27,9.55,9.81,9.46,9.62,69050046,726859136.000
2012-02-28,9.60,9.76,9.53,9.67,30061847,317534656.000
2012-02-29,9.63,9.68,9.57,9.59,16572373,174798032.000
2012-03-01,9.53,9.61,9.49,9.51,13798610,144518144.000
2012-03-02,9.54,9.71,9.52,9.66,24576622,259610672.000
2012-03-05,9.62,9.68,9.52,9.54,20420665,215039808.000
2012-03-06,9.52,9.58,9.36,9.39,17210554,178693552.000
2012-03-07,9.36,9.52,9.33,9.35,11585454,119617568.000
2012-03-08,9.38,9.44,9.35,9.40,11769491,121417032.000
2012-03-09,9.41,9.43,9.32,9.40,12334446,127174112.000
2012-03-12,9.37,9.41,9.33,9.35,18520263,190561344.000
2012-03-13,9.32,9.46,9.32,9.44,15836724,163765712.000
2012-03-14,9.46,9.51,9.24,9.25,26629210,274361440.000
2012-03-15,9.25,9.37,9.23,9.30,18326903,187695616.000
2012-03-16,9.29,9.38,9.28,9.37,11279497,115668360.000
2012-03-19,9.39,9.40,9.29,9.33,10674425,109487056.000
2012-03-20,9.39,9.40,9.28,9.28,16598330,170315472.000
2012-03-21,9.27,9.32,9.10,9.17,18985361,192359072.000
2012-03-22,9.16,9.17,9.09,9.12,11302201,113685696.000
2012-03-23,9.12,9.14,9.05,9.11,13012561,130402832.000
2012-03-26,9.11,9.16,9.09,9.12,6431226,64624088.000
2012-03-27,9.13,9.15,9.07,9.10,7840950,78742328.000
2012-03-28,9.09,9.12,8.92,8.94,13060872,129956784.000
2012-03-29,8.94,8.97,8.74,8.78,16807589,164002544.000
2012-03-30,8.81,8.82,8.70,8.76,12614723,121995056.000
2012-04-05,8.77,8.80,8.68,8.79,16620814,160785968.000
2012-04-06,8.79,8.80,8.73,8.78,8704167,84357680.000
2012-04-09,8.77,8.78,8.67,8.69,10933947,105256744.000
2012-04-10,8.67,8.74,8.62,8.73,9843003,94617752.000
2012-04-11,8.70,8.77,8.64,8.77,13284548,128127648.000
2012-04-12,8.78,8.94,8.72,8.92,19196160,187105968.000
2012-04-13,8.92,8.92,8.84,8.88,12539020,123013344.000
2012-04-16,8.85,8.88,8.82,8.86,10041891,98173016.000
2012-04-17,8.86,8.91,8.82,8.86,8793356,86108480.000
2012-04-18,8.87,9.02,8.82,8.96,13465457,132604576.000
2012-04-19,8.93,8.98,8.90,8.94,10822106,106677232.000
2012-04-20,8.92,9.04,8.91,9.02,13541136,134219664.000
2012-04-23,9.01,9.02,8.92,8.92,10450453,103393984.000
2012-04-24,8.97,9.07,8.86,8.93,16680620,164890864.000
2012-04-25,8.90,9.02,8.87,8.99,15911121,157339904.000
2012-04-26,8.97,9.01,8.95,8.98,9593083,94991224.000
2012-04-27,8.97,9.03,8.96,9.00,12413525,123328136.000
2012-05-02,9.08,9.24,9.07,9.21,30474754,307265280.000
2012-05-03,9.20,9.22,9.13,9.18,13226726,133713304.000
2012-05-04,9.17,9.23,9.12,9.15,14542542,146746128.000
2012-05-07,9.12,9.14,8.97,9.05,25222007,251026912.000
2012-05-08,9.05,9.05,8.96,9.00,16737417,166081792.000
2012-05-09,8.97,8.98,8.77,8.80,29083395,284310080.000
2012-05-10,8.82,8.83,8.70,8.73,34839203,337398848.000
2012-05-11,8.74,8.75,8.69,8.73,23095371,222719456.000
2012-05-14,8.76,8.78,8.71,8.72,19680494,190403072.000
2012-05-15,8.70,8.70,8.60,8.67,28884561,276474272.000
2012-05-16,8.65,8.65,8.57,8.59,25384494,242092976.000
2012-05-17,8.60,8.73,8.58,8.68,32440737,310360576.000
2012-05-18,8.64,8.64,8.55,8.58,21076381,200607824.000
2012-05-21,8.58,8.62,8.55,8.59,13367933,127229416.000
2012-05-22,8.62,8.65,8.60,8.63,14882225,142320016.000
2012-05-24,8.59,8.62,8.56,8.58,14202104,135112704.000
2012-05-25,8.59,8.59,8.53,8.55,12536496,118906160.000
2012-05-28,8.53,8.67,8.50,8.63,15248091,144778416.000
2012-05-29,8.62,8.68,8.60,8.65,23109062,221204784.000
2012-05-30,8.65,8.65,8.56,8.62,20905310,199064848.000
2012-05-31,8.57,8.57,8.50,8.52,21280279,201153632.000
2012-06-01,8.52,8.57,8.50,8.53,14627907,138373392.000
2012-06-04,8.47,8.47,8.36,8.37,27032996,252352480.000
2012-06-05,8.40,8.43,8.38,8.40,12355000,115327744.000
2012-06-06,8.41,8.44,8.37,8.40,15355010,143358080.000
2012-06-07,8.51,8.51,8.36,8.36,10462706,96148192.000
2012-06-08,8.39,8.41,8.27,8.34,14886786,135682112.000
2012-06-11,8.34,8.50,8.32,8.44,13946179,128452464.000
2012-06-12,8.41,8.47,8.31,8.40,12320199,112632672.000
2012-06-13,8.40,8.43,8.33,8.42,9609221,87972896.000
2012-06-14,8.42,8.45,8.38,8.41,9080651,83317008.000
2012-06-15,8.42,8.48,8.41,8.44,14483914,133589880.000
2012-06-18,8.46,8.53,8.43,8.47,12268135,113544376.000
2012-06-19,8.47,8.47,8.40,8.42,6239867,57368844.000
2012-06-20,8.43,8.50,8.41,8.49,13393507,123782192.000
2012-06-21,8.45,8.46,8.34,8.35,11662165,106789024.000
2012-06-25,8.33,8.40,8.30,8.31,8862791,80832848.000
2012-06-26,8.30,8.30,8.24,8.27,8687178,78530264.000
2012-06-27,8.27,8.36,8.23,8.26,12032629,109060184.000
2012-06-28,8.27,8.29,8.21,8.21,9789922,88178688.000
2012-06-29,8.21,8.29,8.18,8.28,12612790,113644328.000
2012-07-02,8.34,8.34,8.26,8.29,11491632,104187936.000
2012-07-03,8.29,8.38,8.27,8.35,10478156,95545440.000
2012-07-04,8.38,8.40,8.28,8.30,7884118,71751256.000
2012-07-05,8.34,8.37,8.24,8.32,12630266,114625000.000
2012-07-06,8.34,8.35,8.24,8.34,9827491,89105176.000
2012-07-09,8.30,8.32,8.03,8.09,17979019,160713440.000
2012-07-10,8.07,8.31,8.04,8.19,17642458,157466448.000
2012-07-11,8.14,8.25,8.10,8.20,12650558,112992432.000
2012-07-12,8.21,8.26,7.98,8.16,23698263,210913904.000
2012-07-13,8.16,8.20,8.10,8.18,9677225,86390232.000
2012-07-16,8.18,8.21,8.11,8.14,13049397,116491056.000
2012-07-17,8.13,8.18,8.12,8.15,5920895,52848164.000
2012-07-18,8.13,8.18,8.12,8.16,7877585,70297592.000
2012-07-19,8.16,8.25,8.15,8.23,15236164,136996960.000
2012-07-20,8.23,8.24,8.17,8.21,9511075,85328160.000
2012-07-23,8.18,8.18,8.09,8.11,6929722,61642924.000
2012-07-24,8.09,8.14,8.07,8.09,6909164,61274068.000
2012-07-25,8.08,8.11,8.05,8.10,5753274,50904588.000
2012-07-26,8.09,8.12,8.04,8.05,6609089,58474056.000
2012-07-27,8.08,8.13,8.06,8.12,8793825,77933072.000
2012-07-30,8.12,8.13,8.05,8.08,7585776,67302936.000
2012-07-31,8.09,8.19,8.08,8.09,12135906,107982560.000
2012-08-01,8.11,8.16,8.10,8.14,7058005,62844640.000
2012-08-02,8.13,8.15,8.10,8.14,5930471,52760432.000
2012-08-03,8.13,8.26,8.11,8.25,12010936,107721736.000
2012-08-06,8.23,8.28,8.23,8.25,10825698,97771192.000
2012-08-07,8.25,8.27,8.22,8.24,9881843,89051784.000
2012-08-08,8.26,8.27,8.21,8.25,11922303,107412592.000
2012-08-09,8.26,8.27,8.21,8.26,6573422,59278768.000
2012-08-10,8.28,8.28,8.23,8.23,6130612,55294248.000
2012-08-13,8.21,8.23,8.17,8.21,9187256,82459008.000
2012-08-14,8.22,8.25,8.19,8.21,6871340,61794648.000
2012-08-15,8.21,8.22,8.13,8.14,6164066,55075960.000
2012-08-16,8.12,8.17,8.11,8.14,3906329,34827272.000
2012-08-17,8.14,8.23,8.14,8.19,10583312,94884536.000
2012-08-20,8.16,8.19,8.10,8.14,5315854,47309948.000
2012-08-21,8.13,8.18,8.10,8.16,8637289,76949496.000
2012-08-22,8.16,8.16,8.10,8.15,6412589,57022840.000
2012-08-23,8.13,8.16,8.07,8.11,11698670,103988376.000
2012-08-24,8.11,8.11,8.06,8.08,8989743,79586160.000
2012-08-27,8.05,8.07,8.00,8.00,9852385,86657672.000
2012-08-28,7.98,8.31,7.95,8.18,26220503,233733424.000
2012-08-29,8.13,8.19,8.02,8.04,13626163,121105688.000
2012-08-30,8.01,8.11,8.01,8.10,7388964,65306920.000
2012-08-31,8.06,8.14,8.03,8.04,7943930,70267184.000
2012-09-03,8.07,8.08,8.02,8.04,12966301,114356680.000
2012-09-04,8.04,8.08,7.99,8.01,9497865,83578808.000
2012-09-05,7.99,8.04,7.97,8.00,5879331,51531760.000
2012-09-06,8.00,8.03,7.98,8.01,7910344,69370968.000
2012-09-07,8.03,8.26,8.03,8.23,26929232,240745600.000
2012-09-10,8.24,8.25,8.16,8.22,13537179,121479696.000
2012-09-11,8.23,8.23,8.11,8.14,11708803,104430304.000
2012-09-12,8.17,8.19,8.11,8.16,8733703,77861192.000
2012-09-13,8.15,8.17,8.11,8.12,7244932,64515612.000
2012-09-14,8.16,8.21,8.13,8.18,12004187,107413144.000
2012-09-17,8.18,8.20,8.12,8.12,10719294,95752312.000
2012-09-18,8.13,8.26,8.08,8.16,12552501,110286328.000
2012-09-19,8.18,8.20,8.11,8.16,9390635,82390768.000
2012-09-20,8.12,8.14,8.00,8.01,12414761,107841664.000
2012-09-21,8.01,8.10,8.00,8.05,10974795,95180168.000
2012-09-24,8.01,8.07,7.98,8.00,9303101,80244080.000
2012-09-25,8.01,8.06,7.99,8.04,7155590,61901180.000
2012-09-26,8.06,8.07,7.85,7.90,10629779,91028112.000
2012-09-27,7.90,8.34,7.88,8.10,17219284,149903808.000
2012-09-28,8.07,8.18,8.03,8.16,11878868,103716584.000
2012-10-08,8.16,8.21,8.08,8.10,7262901,63511892.000
2012-10-09,8.14,8.26,8.12,8.21,16497803,145763712.000
2012-10-10,8.21,8.25,8.19,8.23,7809952,69065048.000
2012-10-11,8.22,8.24,8.18,8.20,7384329,65188816.000
2012-10-12,8.23,8.33,8.19,8.23,10018658,88842992.000
2012-10-15,8.23,8.25,8.19,8.24,6214819,54951332.000
2012-10-16,8.24,8.27,8.19,8.25,9220587,81784680.000
2012-10-17,8.26,8.38,8.25,8.35,17547449,157066320.000
2012-10-18,8.36,8.44,8.34,8.37,21704012,195784048.000
2012-10-19,8.35,8.41,8.31,8.32,17046593,152852384.000
2012-10-22,8.29,8.33,8.15,8.23,32047482,282710528.000
2012-10-23,8.22,8.24,8.18,8.22,11281205,99616032.000
2012-10-24,8.20,8.24,8.18,8.22,8018018,70825704.000
2012-10-25,8.21,8.25,8.19,8.20,9694506,85765312.000
2012-10-26,8.19,8.21,8.08,8.11,14583083,127921400.000
2012-10-29,8.12,8.15,8.08,8.09,5193112,45302312.000
2012-10-30,8.10,8.17,8.07,8.12,10132922,88530048.000
2012-10-31,8.09,8.11,8.01,8.06,9813241,85109888.000
2012-11-01,8.06,8.17,8.05,8.12,14274486,124717448.000
2012-11-02,8.13,8.17,8.09,8.16,12132447,106205576.000
2012-11-05,8.14,8.18,8.11,8.17,13183382,115607856.000
2012-11-06,8.18,8.18,8.07,8.16,10545472,92351240.000
2012-11-07,8.15,8.23,8.13,8.20,9452662,83074816.000
2012-11-08,8.16,8.22,8.08,8.10,11307299,99177832.000
2012-11-09,8.07,8.12,8.06,8.07,7260336,63220448.000
2012-11-12,8.07,8.14,8.05,8.13,6946852,60511496.000
2012-11-13,8.12,8.12,7.99,8.01,9068735,78443888.000
2012-11-14,8.02,8.08,8.01,8.04,10422996,90343976.000
2012-11-15,8.01,8.10,7.98,7.99,11368207,98529760.000
2012-11-16,7.98,8.02,7.87,7.95,12517279,107023144.000
2012-11-19,7.95,7.97,7.90,7.94,6089717,52109532.000
2012-11-20,7.95,7.98,7.91,7.92,3581627,30647524.000
2012-11-21,7.92,8.00,7.88,7.97,9566784,81978704.000
2012-11-22,7.95,7.97,7.87,7.89,8671324,73986976.000
2012-11-23,7.91,7.94,7.89,7.90,5599117,47800276.000
2012-11-26,7.89,7.92,7.89,7.89,6744399,57486872.000
2012-11-27,7.89,7.99,7.88,7.94,12589249,107592744.000
2012-11-28,7.92,7.96,7.86,7.90,14106831,120279720.000
2012-11-29,7.90,7.92,7.86,7.88,6651276,56621648.000
2012-11-30,7.87,7.89,7.82,7.85,10969777,92986400.000
2012-12-03,7.85,7.89,7.83,7.85,7762842,65898528.000
2012-12-04,7.87,8.07,7.84,7.96,13257481,113068896.000
2012-12-05,7.96,8.09,7.91,8.07,37194375,321378656.000
2012-12-06,8.06,8.07,8.01,8.05,19016985,164668944.000
2012-12-07,8.04,8.13,8.01,8.09,20562755,178566656.000
2012-12-10,8.10,8.13,8.06,8.11,18963966,165334368.000
2012-12-11,8.09,8.09,8.03,8.07,12359104,107320360.000
2012-12-12,8.06,8.12,8.05,8.11,11370474,99057664.000
2012-12-13,8.09,8.10,8.04,8.06,7720971,67063528.000
2012-12-14,8.07,8.29,8.06,8.28,33930156,299737344.000
2012-12-17,8.28,8.34,8.24,8.29,30169332,268917728.000
2012-12-18,8.28,8.32,8.20,8.29,23577568,209380352.000
2012-12-19,8.28,8.33,8.25,8.28,20119454,179319904.000
2012-12-20,8.26,8.34,8.25,8.28,15559434,138867136.000
2012-12-21,8.29,8.33,8.17,8.20,19913290,176368768.000
2012-12-24,8.20,8.24,8.17,8.18,15698647,138388208.000
2012-12-25,8.18,8.39,8.13,8.35,36542105,324743968.000
2012-12-26,8.35,8.37,8.30,8.34,19207178,171918176.000
2012-12-27,8.35,8.41,8.29,8.30,19012986,170201952.000
2012-12-28,8.32,8.36,8.27,8.35,22170215,198085120.000
2012-12-31,8.36,8.45,8.31,8.42,38199598,343704064.000
2013-01-04,8.42,8.46,8.37,8.43,28263007,255609264.000
2013-01-07,8.42,8.49,8.40,8.43,31092581,282120896.000
2013-01-08,8.43,8.52,8.37,8.40,26267837,237897840.000
2013-01-09,8.39,8.43,8.36,8.40,18547363,167112976.000
2013-01-10,8.40,8.42,8.34,8.38,24606582,221510400.000
2013-01-11,8.38,8.40,8.27,8.29,20338531,181988768.000
2013-01-14,8.28,8.42,8.24,8.41,28312396,254068800.000
2013-01-15,8.42,8.44,8.38,8.41,25468601,229931296.000
2013-01-16,8.42,8.42,8.29,8.35,33066404,296503232.000
2013-01-17,8.36,8.36,8.28,8.29,16353525,146053296.000
2013-01-18,8.33,8.41,8.30,8.38,19568114,175514672.000
2013-01-21,8.41,8.54,8.40,8.49,47783723,434977920.000
2013-01-22,8.49,8.49,8.36,8.39,41163828,371457632.000
2013-01-23,8.39,8.44,8.36,8.42,23857447,215226912.000
2013-01-24,8.41,8.52,8.39,8.42,43279283,392616768.000
2013-01-25,8.41,8.43,8.36,8.38,18392909,165765968.000
2013-01-28,8.39,8.48,8.37,8.45,32832561,296966400.000
2013-01-29,8.44,8.46,8.40,8.45,30865273,279014784.000
2013-01-30,8.45,8.74,8.42,8.73,98016015,903929920.000
2013-01-31,8.73,8.74,8.58,8.64,55937691,518104384.000
2013-02-01,8.62,8.77,8.54,8.67,48462847,448728320.000
2013-02-04,8.68,8.88,8.64,8.74,60838604,570900544.000
2013-02-05,8.68,8.76,8.62,8.70,41364492,384699552.000
2013-02-06,8.69,8.74,8.62,8.65,33957409,315192768.000
2013-02-07,8.65,8.67,8.60,8.64,30185696,279389440.000
2013-02-08,8.64,8.72,8.63,8.71,37965924,353327552.000
2013-02-18,8.74,8.84,8.68,8.78,45684344,429022592.000
2013-02-19,8.77,8.81,8.63,8.66,31849240,297507680.000
2013-02-20,8.66,8.73,8.62,8.68,21681703,201474192.000
2013-02-21,8.65,8.65,8.42,8.43,35747741,326515424.000
2013-02-22,8.43,8.47,8.33,8.36,28898742,259937904.000
2013-02-25,8.41,8.46,8.37,8.39,18877334,170377856.000
2013-02-26,8.36,8.38,8.25,8.27,24652660,220601856.000
2013-02-27,8.27,8.37,8.26,8.34,20732116,184955824.000
2013-02-28,8.35,8.48,8.30,8.43,24470160,220634048.000
2013-03-01,8.43,8.44,8.36,8.39,16535536,148976000.000
2013-03-04,8.39,8.39,8.20,8.22,33854939,301248320.000
2013-03-05,8.22,8.31,8.14,8.24,25435666,224993824.000
2013-03-06,8.25,8.30,8.23,8.30,18108714,160903264.000
2013-03-07,8.30,8.31,8.18,8.23,28593980,253027024.000
2013-03-08,8.23,8.30,8.23,8.26,16599617,147573504.000
2013-03-11,8.24,8.29,8.21,8.26,9658165,85611888.000
2013-03-12,8.27,8.39,8.25,8.34,27136760,242431440.000
2013-03-13,8.33,8.36,8.22,8.24,21707811,193585632.000
2013-03-14,8.19,8.27,8.18,8.25,14502087,128138400.000
2013-03-15,8.23,8.33,8.21,8.30,22184472,197533392.000
2013-03-18,8.28,8.32,8.22,8.22,18208796,161733744.000
2013-03-19,8.27,8.28,8.20,8.27,13397726,118717600.000
2013-03-20,8.25,8.34,8.21,8.33,24525076,218411536.000
2013-03-21,8.33,8.33,8.29,8.31,17661437,157639488.000
2013-03-22,8.28,8.32,8.24,8.27,21185694,188506256.000
2013-03-25,8.30,8.36,8.29,8.31,24986915,223422816.000
2013-03-26,8.28,8.29,8.17,8.21,18549608,163804912.000
2013-03-27,8.22,8.26,8.18,8.20,12888643,113899608.000
2013-03-28,8.18,8.22,8.04,8.09,27915204,243540576.000
2013-03-29,8.09,8.12,8.04,8.07,11498207,99977016.000
2013-04-01,8.04,8.08,8.03,8.07,10172484,88195352.000
2013-04-02,8.07,8.15,8.05,8.11,10940725,95455600.000
2013-04-03,8.12,8.15,8.08,8.10,9345109,81621520.000
2013-04-08,8.05,8.05,7.94,7.99,16355555,140689504.000
2013-04-09,8.01,8.03,7.98,7.99,9881312,85153504.000
2013-04-10,8.00,8.15,7.97,8.03,15823657,137289024.000
2013-04-11,8.08,8.09,7.99,8.01,8373118,72369520.000
2013-04-12,8.00,8.12,7.97,8.01,14521545,125679792.000
2013-04-15,7.98,8.04,7.87,7.90,17823448,152400368.000
2013-04-16,7.89,7.93,7.83,7.91,12520401,106410424.000
2013-04-17,7.92,7.93,7.88,7.90,8652742,73712400.000
2013-04-18,7.88,7.96,7.84,7.86,17626052,149694656.000
2013-04-19,7.89,7.95,7.88,7.94,22611114,193332352.000
2013-04-22,7.92,7.96,7.90,7.95,13237322,113280360.000
2013-04-23,7.94,7.95,7.84,7.85,14391974,122063928.000
2013-04-24,7.87,7.91,7.83,7.89,12959515,109973072.000
2013-04-25,7.88,7.93,7.84,7.90,13210382,112405864.000
2013-04-26,7.90,7.93,7.85,7.86,14074849,119721176.000
2013-05-02,7.84,7.86,7.76,7.81,17618490,148375984.000
2013-05-03,7.82,7.93,7.81,7.88,15150219,128896816.000
2013-05-06,7.90,7.94,7.89,7.92,11503017,98263504.000
2013-05-07,7.92,7.94,7.88,7.91,13282508,113127632.000
2013-05-08,7.93,7.97,7.91,7.94,13722302,117435856.000
2013-05-09,7.96,7.96,7.89,7.91,8864866,75762096.000
2013-05-10,7.91,7.95,7.88,7.93,12217965,104323848.000
2013-05-13,7.91,7.93,7.86,7.88,11004410,93593112.000
2013-05-14,7.88,7.90,7.79,7.82,12593585,106429112.000
2013-05-15,7.82,7.85,7.80,7.83,7394761,62413372.000
2013-05-16,7.82,7.93,7.79,7.89,16334544,138741312.000
2013-05-17,7.88,7.99,7.87,7.97,24250008,207896544.000
2013-05-20,7.97,8.04,7.93,8.01,22194626,191076560.000
2013-05-21,8.00,8.01,7.96,7.98,12259838,105456744.000
2013-05-22,7.99,8.00,7.95,7.96,10376186,89176992.000
2013-05-23,7.95,7.97,7.88,7.89,13670822,116828520.000
2013-05-24,7.92,7.96,7.89,7.92,11061539,94530912.000
2013-05-27,7.93,7.97,7.90,7.93,11077379,94717608.000
2013-05-28,7.95,7.98,7.91,7.98,23197641,198572304.000
2013-05-29,7.98,8.00,7.96,7.96,20447549,175831920.000
2013-05-30,7.96,7.97,7.90,7.92,15125525,129400144.000
2013-05-31,7.93,7.96,7.90,7.90,10124959,86559232.000
2013-06-03,7.88,7.93,7.87,7.91,11196137,95427424.000
2013-06-04,7.91,7.93,7.86,7.88,15748588,133960776.000
2013-06-05,7.88,7.89,7.86,7.89,7287613,61944192.000
2013-06-06,7.93,7.93,7.87,7.88,9589137,80327104.000
2013-06-07,7.88,7.89,7.77,7.79,14924306,124120552.000
2013-06-13,7.79,7.80,7.54,7.62,25365959,205775232.000
2013-06-14,7.64,7.66,7.56,7.64,19709786,159425744.000
2013-06-17,7.64,7.75,7.52,7.64,22186669,179708288.000
2013-06-18,7.66,7.66,7.56,7.63,13589955,110054272.000
2013-06-19,7.60,7.64,7.54,7.63,11764150,95006256.000
2013-06-20,7.60,7.65,7.51,7.52,17095255,137574784.000
2013-06-21,7.49,7.51,7.35,7.39,22439859,177267376.000
2013-06-24,7.39,7.42,7.04,7.04,29315543,226804208.000
2013-06-25,7.04,7.08,6.59,6.90,43906534,322452704.000
2013-06-26,6.88,6.91,6.76,6.82,23174892,169203744.000
2013-06-27,6.83,6.90,6.81,6.87,21566708,158461760.000
2013-06-28,6.75,7.15,6.73,7.12,38864388,287598080.000
2013-07-01,6.99,7.25,6.95,7.20,34083194,260469072.000
2013-07-02,7.22,7.37,7.10,7.36,30883700,239378112.000
2013-07-03,7.32,7.56,7.31,7.53,39021968,308428928.000
2013-07-04,7.49,7.55,7.39,7.55,27540507,219428640.000
2013-07-05,7.48,7.58,7.46,7.57,20351652,162978912.000
2013-07-08,7.51,7.60,7.44,7.58,35566971,284831904.000
2013-07-09,7.54,7.64,7.50,7.61,25979706,209713344.000
2013-07-10,7.56,7.64,7.53,7.60,24733297,199716704.000
2013-07-11,7.59,7.72,7.54,7.65,44089131,358070560.000
2013-07-12,7.64,7.66,7.54,7.63,25917018,210041504.000
2013-07-15,7.61,7.66,7.59,7.61,14745530,119623144.000
2013-07-16,7.59,7.63,7.44,7.50,19903186,159061248.000
2013-07-17,7.48,7.54,7.42,7.43,17297243,137812288.000
2013-07-18,7.42,7.43,7.32,7.40,19188355,150723408.000
2013-07-19,7.40,7.54,7.35,7.53,32408155,257820816.000
2013-07-22,7.49,7.61,7.44,7.59,21526169,172385040.000
2013-07-23,7.60,7.70,7.54,7.63,24797835,201573056.000
2013-07-24,7.61,7.68,7.56,7.58,14912570,120705960.000
2013-07-25,7.58,7.62,7.50,7.52,18779034,151020928.000
2013-07-26,7.50,7.51,7.42,7.47,19659664,156497648.000
2013-07-29,7.39,7.41,7.31,7.39,17971848,140925152.000
2013-07-30,7.38,7.57,7.34,7.56,20954053,166898848.000
2013-07-31,7.57,7.62,7.53,7.59,14038107,113306208.000
2013-08-01,7.61,7.66,7.56,7.59,12162789,98572864.000
2013-08-02,7.63,7.66,7.51,7.57,15608237,125940312.000
2013-08-05,7.59,7.59,7.48,7.57,11029552,88541896.000
2013-08-06,7.52,7.60,7.51,7.56,9483440,76261808.000
2013-08-07,7.54,7.60,7.41,7.48,15930538,127717040.000
2013-08-08,7.47,7.51,7.44,7.48,9409157,74873568.000
2013-08-09,7.49,7.56,7.42,7.49,10951324,87324816.000
2013-08-12,7.51,7.66,7.49,7.65,25970647,209800752.000
2013-08-13,7.64,7.66,7.59,7.62,9360530,75967864.000
2013-08-14,7.65,7.66,7.59,7.62,12904785,104722752.000
2013-08-15,7.62,7.62,7.54,7.54,11453760,92344248.000
2013-08-16,7.53,8.34,7.44,7.55,46901985,383428032.000
2013-08-19,7.51,7.58,7.44,7.56,16864551,134973168.000
2013-08-20,7.53,7.56,7.47,7.47,11559494,92480232.000
2013-08-21,7.47,7.49,7.42,7.49,12489653,99176536.000
2013-08-22,7.49,7.51,7.44,7.47,10015017,79736912.000
2013-08-23,7.49,7.52,7.29,7.42,13556875,107363544.000
2013-08-26,7.42,7.52,7.40,7.50,12118615,96513904.000
2013-08-28,7.36,7.48,7.32,7.46,20288561,160278336.000
2013-08-29,7.46,7.47,7.41,7.43,11037550,87392624.000
2013-08-30,7.41,7.42,7.32,7.34,25754394,202218720.000
2013-09-02,7.31,7.36,7.28,7.33,18672125,145660352.000
2013-09-03,7.36,7.39,7.32,7.38,19564990,153565280.000
2013-09-04,7.36,7.45,7.36,7.43,15373410,121434488.000
2013-09-05,7.42,7.44,7.38,7.40,9180410,72465008.000
2013-09-06,7.40,7.41,7.36,7.40,14279366,112474088.000
2013-09-09,7.41,7.99,7.41,7.56,31099510,250711920.000
2013-09-10,7.56,7.69,7.53,7.69,43925466,356243008.000
2013-09-11,7.70,7.83,7.66,7.75,52689221,433941120.000
2013-09-12,7.83,7.83,7.72,7.79,27850731,225674592.000
2013-09-13,7.79,7.82,7.73,7.75,19325013,156372752.000
2013-09-16,7.79,7.79,7.73,7.74,16678867,134825200.000
2013-09-17,7.75,7.75,7.66,7.67,16885990,135577568.000
2013-09-18,7.66,7.70,7.56,7.58,20216069,160676576.000
2013-09-23,7.60,7.69,7.60,7.63,12918291,102884976.000
2013-09-24,7.66,7.67,7.59,7.61,12454288,99068048.000
2013-09-25,7.62,7.63,7.58,7.58,8345974,66182672.000
2013-09-26,7.57,7.61,7.50,7.51,12854924,101093672.000
2013-09-27,7.49,7.56,7.49,7.51,8008764,62777840.000
2013-09-30,7.51,7.53,7.47,7.51,10549015,82532320.000
2013-10-08,7.50,7.60,7.46,7.57,12050235,94613560.000
2013-10-09,7.56,7.57,7.50,7.54,11305649,88830272.000
2013-10-10,7.56,7.56,7.47,7.49,13947286,109282352.000
2013-10-11,7.53,7.57,7.49,7.55,14301374,112578688.000
2013-10-14,7.55,7.58,7.52,7.55,13478902,106172072.000
2013-10-15,7.55,7.57,7.53,7.55,12776912,100667776.000
2013-10-16,7.56,7.57,7.47,7.48,12549691,98162048.000
2013-10-17,7.50,7.53,7.47,7.48,8940383,69958784.000
2013-10-18,7.48,7.50,7.46,7.48,6957941,54321092.000
2013-10-21,7.48,7.52,7.44,7.51,10756959,83998328.000
2013-10-22,7.48,7.50,7.44,7.47,10397677,81021328.000
2013-10-23,7.49,7.50,7.37,7.38,16062440,124655952.000
2013-10-24,7.38,7.40,7.26,7.27,20385796,155695328.000
2013-10-25,7.28,7.29,7.17,7.18,13918313,105240824.000
2013-10-28,7.19,7.25,7.18,7.22,7905027,59648672.000
2013-10-29,7.23,7.36,7.20,7.28,16057949,121990304.000
2013-10-30,7.30,7.47,7.26,7.45,29238580,226160144.000
2013-10-31,7.46,7.52,7.43,7.51,24554468,191796384.000
2013-11-01,7.51,7.59,7.47,7.53,22433698,176399440.000
2013-11-04,7.55,7.55,7.43,7.50,11729310,91547136.000
2013-11-05,7.47,7.53,7.42,7.48,15823084,123719600.000
2013-11-06,7.46,7.66,7.45,7.58,37263638,294851712.000
2013-11-07,7.55,7.55,7.45,7.50,17526282,137253872.000
2013-11-08,7.49,7.51,7.41,7.43,10975314,85433056.000
2013-11-11,7.43,7.47,7.39,7.40,7036263,54529928.000
2013-11-12,7.41,7.46,7.39,7.44,10766767,83475392.000
2013-11-13,7.40,7.42,7.28,7.32,10922348,83721944.000
2013-11-14,7.32,7.37,7.30,7.31,9373796,71866072.000
2013-11-15,7.30,7.42,7.27,7.37,16301084,125264096.000
2013-11-18,7.41,7.52,7.37,7.51,22181050,172565504.000
2013-11-19,7.53,7.64,7.52,7.54,22907857,181042928.000
2013-11-20,7.58,7.60,7.52,7.57,11952520,94229928.000
2013-11-21,7.56,7.70,7.48,7.70,33995654,269893312.000
2013-11-22,7.68,7.78,7.65,7.77,38114527,306460288.000
2013-11-25,7.70,7.73,7.64,7.65,16449845,132062848.000
2013-11-26,7.61,7.64,7.57,7.59,7916705,62783232.000
2013-11-27,7.57,7.63,7.52,7.56,14603402,115331104.000
2013-11-28,7.56,7.66,7.54,7.61,12757297,101319440.000
2013-11-29,7.61,7.62,7.57,7.58,9458696,74914256.000
2013-12-02,7.58,7.95,7.50,7.94,77017326,622680576.000
2013-12-03,7.91,7.96,7.81,7.84,46930646,386279008.000
2013-12-04,7.83,7.91,7.79,7.87,23639155,193465552.000
2013-12-05,7.86,7.87,7.81,7.82,14383683,117540544.000
2013-12-06,7.81,7.86,7.76,7.85,15316361,124830040.000
2013-12-09,7.85,7.88,7.80,7.83,14873788,121590744.000
2013-12-10,7.80,7.82,7.76,7.77,12106508,98324144.000
2013-12-11,7.74,7.75,7.67,7.68,12800027,102750416.000
2013-12-12,7.67,7.75,7.62,7.68,11649512,93180848.000
2013-12-13,7.62,7.70,7.60,7.62,10864038,86614800.000
2013-12-16,7.62,7.65,7.47,7.48,18925379,149014064.000
2013-12-17,7.47,7.50,7.40,7.42,16472433,127732000.000
2013-12-18,7.41,7.44,7.37,7.43,9417722,72742816.000
2013-12-19,7.44,7.52,7.41,7.44,14062714,109662728.000
2013-12-20,7.45,7.50,7.33,7.36,16813560,130173928.000
2013-12-23,7.37,7.44,7.29,7.35,9716229,74907096.000
2013-12-24,7.38,7.45,7.33,7.36,8619301,66369796.000
2013-12-25,7.37,7.43,7.36,7.41,7453729,57611744.000
2013-12-26,7.38,7.41,7.31,7.37,13219494,101611008.000
2013-12-27,7.39,7.43,7.36,7.39,10447352,80735288.000
2013-12-30,7.39,7.42,7.37,7.37,9876758,76246584.000
2013-12-31,7.33,7.44,7.33,7.38,12187815,93945280.000
2014-01-02,7.38,7.39,7.30,7.34,14300273,109660992.000
2014-01-03,7.30,7.35,7.27,7.31,12474158,95207752.000
2014-01-06,7.29,7.45,7.18,7.44,36168627,276911200.000
2014-01-07,7.42,7.42,7.35,7.41,11767461,90737512.000
2014-01-08,7.39,7.44,7.29,7.31,13770594,105855712.000
2014-01-09,7.28,7.35,7.25,7.26,9398300,71553992.000
2014-01-10,7.26,7.28,7.17,7.20,15451062,116506688.000
2014-01-13,7.21,7.28,7.17,7.22,12371696,93348960.000
2014-01-14,7.19,7.34,7.17,7.29,21507255,163707008.000
2014-01-15,7.29,7.30,7.24,7.25,6438034,48865848.000
2014-01-16,7.25,7.29,7.20,7.21,9892134,74801488.000
2014-01-17,7.21,7.43,7.18,7.42,45142395,346383808.000
2014-01-20,7.38,7.40,7.28,7.30,9785146,75049448.000
2014-01-21,7.30,7.36,7.27,7.30,6845930,52249388.000
2014-01-22,7.30,7.37,7.28,7.36,14670507,112287280.000
2014-01-23,7.34,7.34,7.28,7.29,9334920,71262136.000
2014-01-24,7.27,7.32,7.26,7.29,7917304,60302456.000
2014-01-27,7.26,7.27,7.18,7.19,11967383,90136200.000
2014-01-28,7.22,7.26,7.20,7.23,7821578,59153960.000
2014-01-29,7.25,7.27,7.20,7.22,8618489,65076776.000
2014-01-30,7.23,7.26,7.20,7.21,6480008,48953480.000
2014-02-07,7.19,7.21,7.12,7.18,13117232,98024456.000
2014-02-10,7.18,7.25,7.17,7.23,15787162,119130808.000
2014-02-11,7.24,7.27,7.20,7.26,21483364,162688688.000
2014-02-12,7.25,7.28,7.22,7.23,14380037,108845552.000
2014-02-13,7.23,7.26,7.22,7.22,14022082,106058160.000
2014-02-14,7.21,7.25,7.20,7.23,12131150,91559808.000
2014-02-17,7.24,7.29,7.22,7.27,18396954,139588160.000
2014-02-18,7.27,7.29,7.23,7.23,11225082,85118800.000
2014-02-19,7.22,7.42,7.19,7.30,29913691,228412928.000
2014-02-20,7.49,8.00,7.47,7.66,101898414,819499712.000
2014-02-21,7.50,7.53,7.30,7.35,48279768,372742624.000
2014-02-24,7.28,7.31,7.17,7.18,23471935,177055088.000
2014-02-25,7.18,7.29,7.17,7.18,24448306,184538912.000
2014-02-26,7.18,7.23,7.15,7.22,16634188,125145176.000
2014-02-27,7.24,7.70,7.19,7.41,63568575,494094816.000
2014-02-28,7.36,7.51,7.31,7.36,30555191,236182336.000
2014-03-03,7.34,7.52,7.33,7.42,31488657,244464592.000
2014-03-04,7.40,7.42,7.26,7.37,27683525,212019680.000
2014-03-05,7.36,7.36,7.25,7.26,15609695,118987960.000
2014-03-06,7.27,7.39,7.22,7.34,21468536,164066608.000
2014-03-07,7.34,7.62,7.34,7.45,45320435,355457888.000
2014-03-10,7.39,7.56,7.38,7.47,46972149,367411456.000
2014-03-11,7.44,7.44,7.28,7.40,26160549,201370192.000
2014-03-12,7.37,7.37,7.16,7.23,32294769,244721520.000
2014-03-13,7.24,7.28,7.20,7.25,15976613,120949520.000
2014-03-14,7.22,7.26,7.18,7.21,10600419,79941192.000
2014-03-17,7.25,7.30,7.21,7.27,11853178,89876464.000
2014-03-18,7.29,7.30,7.22,7.24,9748900,73830328.000
2014-03-19,7.22,7.26,7.20,7.25,11794840,89123920.000
2014-03-20,7.24,7.30,7.21,7.23,14280740,108299568.000
2014-03-21,7.26,7.40,7.26,7.34,36437056,278824064.000
2014-03-24,7.35,7.39,7.28,7.37,30451057,233130432.000
2014-03-25,7.35,7.42,7.31,7.35,23846620,183255056.000
2014-03-26,7.33,7.37,7.26,7.30,18479857,141153872.000
2014-03-27,7.28,7.30,7.20,7.23,22684569,171778608.000
2014-03-28,7.23,7.28,7.21,7.24,17706039,134037920.000
2014-03-31,7.24,7.28,7.22,7.27,12409240,94139168.000
2014-04-01,7.27,7.29,7.24,7.27,9485243,72038936.000
2014-04-02,7.27,7.30,7.26,7.28,12071583,91844368.000
2014-04-03,7.29,7.30,7.24,7.25,11649410,88525544.000
2014-04-04,7.23,7.27,7.23,7.26,9498062,72019128.000
2014-04-08,7.25,7.35,7.24,7.33,26324214,201308944.000
2014-04-09,7.34,7.40,7.33,7.37,21989421,169046160.000
2014-04-10,7.36,7.43,7.32,7.40,28535331,219775504.000
2014-04-11,7.38,7.40,7.31,7.36,20473181,157403024.000
2014-04-14,7.34,7.39,7.31,7.36,14996741,115105672.000
2014-04-15,7.35,7.39,7.28,7.30,20305027,155348272.000
2014-04-16,7.30,7.32,7.29,7.30,8132706,62079040.000
2014-04-17,7.31,7.33,7.29,7.32,10208471,78048128.000
2014-04-18,7.30,7.31,7.25,7.28,9201821,69989944.000
2014-04-21,7.27,7.30,7.22,7.23,10562143,80100592.000
2014-04-22,7.23,7.27,7.22,7.27,9498150,71919624.000
2014-04-23,7.26,7.28,7.22,7.27,13488606,102134296.000
2014-04-24,7.24,7.28,7.23,7.26,9698822,73606088.000
2014-04-25,7.27,7.28,7.21,7.21,9288788,70336640.000
2014-04-28,7.21,7.24,7.14,7.15,15761395,118455704.000
2014-04-29,7.15,7.20,7.15,7.18,9233406,69232600.000
2014-04-30,7.19,7.21,7.17,7.19,6826579,51288600.000
2014-05-05,7.17,7.20,7.14,7.18,9102296,68215672.000
2014-05-06,7.17,7.19,7.16,7.17,7628407,57213392.000
2014-05-07,7.16,7.18,7.14,7.15,8314802,62260224.000
2014-05-08,7.15,7.21,7.15,7.16,6893707,51731324.000
2014-05-09,7.16,7.20,7.16,7.19,8716892,65448108.000
2014-05-12,7.22,7.28,7.19,7.26,18443727,139807408.000
2014-05-13,7.31,7.43,7.30,7.32,29779120,228965312.000
2014-05-14,7.33,7.36,7.27,7.33,15257396,116476592.000
2014-05-15,7.32,7.32,7.26,7.26,8049315,61309192.000
2014-05-16,7.26,7.30,7.25,7.30,7267871,55304504.000
2014-05-19,7.30,7.30,7.20,7.26,9309150,70444960.000
2014-05-20,7.26,7.30,7.24,7.30,9680160,73558952.000
2014-05-21,7.29,7.34,7.25,7.34,11777041,89982992.000
2014-05-22,7.36,7.37,7.31,7.31,13100634,100418936.000
2014-05-23,7.30,7.33,7.28,7.32,8229314,62835676.000
2014-05-26,7.30,7.35,7.29,7.32,8378946,64101192.000
2014-05-27,7.30,7.33,7.28,7.29,8521508,65088052.000
2014-05-28,7.29,7.31,7.25,7.30,11773096,89560224.000
2014-05-29,7.31,7.33,7.29,7.30,9641542,73640768.000
2014-05-30,7.31,7.32,7.25,7.27,9734079,74136368.000
2014-06-03,7.28,7.33,7.28,7.30,10979054,83872192.000
2014-06-04,7.30,7.34,7.24,7.32,14405735,109701536.000
2014-06-05,7.34,7.34,7.29,7.33,10015292,75005936.000
2014-06-06,7.33,7.33,7.28,7.30,6523204,48756956.000
2014-06-09,7.29,7.35,7.28,7.31,7215667,54006120.000
2014-06-10,7.33,7.37,7.29,7.34,12780857,95966384.000
2014-06-11,7.34,7.35,7.30,7.34,11516534,86287200.000
2014-06-12,7.33,7.34,7.31,7.33,9733423,73009688.000
2014-06-13,7.33,7.38,7.32,7.38,16646029,125279008.000
2014-06-16,7.38,7.46,7.36,7.45,21731538,164951280.000
2014-06-17,7.45,7.45,7.37,7.41,14333528,108473232.000
2014-06-18,7.38,7.41,7.37,7.40,11971365,90454904.000
2014-06-19,7.39,7.42,7.33,7.35,15777973,119211568.000
2014-06-20,7.35,7.39,7.32,7.39,11804750,88773344.000
2014-06-23,7.38,7.40,7.34,7.35,6514651,49074616.000
2014-06-24,7.36,7.38,7.33,7.36,6732394,50634164.000
2014-06-25,7.34,7.37,7.31,7.36,12391333,93014080.000
2014-06-26,7.35,7.37,7.32,7.36,14218091,106904344.000
2014-06-27,7.35,7.39,7.33,7.36,12259970,92296256.000
2014-06-30,7.35,7.39,7.34,7.37,9487420,71532640.000
2014-07-01,7.35,7.37,7.32,7.34,12553378,94271784.000
2014-07-02,7.34,7.36,7.33,7.36,8879037,66740804.000
2014-07-03,7.35,7.38,7.34,7.38,10263728,77339512.000
2014-07-04,7.38,7.38,7.35,7.37,8158014,61462304.000
2014-07-07,7.36,7.38,7.34,7.37,8422283,63380984.000
2014-07-08,7.35,7.37,7.34,7.36,9824088,73955088.000
2014-07-09,7.35,7.36,7.30,7.31,15851518,118820920.000
2014-07-10,7.31,7.33,7.30,7.31,8884492,66533832.000
2014-07-11,7.31,7.34,7.30,7.33,8542554,64013408.000
2014-07-14,7.33,7.36,7.31,7.35,8319613,62471640.000
2014-07-15,7.36,7.38,7.35,7.38,15155858,114139976.000
2014-07-16,7.37,7.40,7.36,7.40,15714148,118692424.000
2014-07-17,7.40,7.40,7.34,7.37,11066035,83336848.000
2014-07-18,7.36,7.39,7.35,7.38,10874548,81948944.000
2014-07-21,7.36,7.37,7.30,7.33,13331696,100017224.000
2014-07-22,7.30,7.36,7.30,7.36,18511830,139028288.000
2014-07-23,7.35,7.39,7.34,7.38,20427736,154059856.000
2014-07-24,7.38,7.52,7.38,7.48,49154103,374572256.000
2014-07-25,7.50,7.53,7.45,7.53,25083258,192420032.000
2014-07-28,7.58,7.74,7.55,7.68,47498642,371708416.000
2014-07-29,7.70,7.73,7.62,7.63,27448259,215139776.000
2014-07-30,7.73,7.98,7.73,7.87,104501728,842756736.000
2014-07-31,7.83,7.87,7.77,7.85,26738676,213383280.000
2014-08-01,7.83,7.91,7.78,7.80,27215272,218063776.000
2014-08-04,7.83,7.89,7.78,7.88,29280795,234660752.000
2014-08-05,7.88,7.91,7.82,7.86,19716064,158279088.000
2014-08-06,7.83,7.84,7.77,7.81,25400662,202391968.000
2014-08-07,7.81,7.83,7.67,7.69,30619262,242335744.000
2014-08-08,7.70,7.76,7.65,7.72,21007981,165316384.000
2014-08-11,7.75,7.82,7.71,7.81,20321393,161380240.000
2014-08-12,7.80,7.81,7.76,7.80,18416588,146528512.000
2014-08-13,7.83,7.85,7.74,7.77,22610806,180133008.000
2014-08-14,7.76,7.79,7.68,7.70,19786785,156699664.000
2014-08-15,7.70,7.82,7.70,7.77,19394377,154127936.000
2014-08-18,7.78,7.84,7.74,7.78,20280880,161152432.000
2014-08-19,7.78,7.86,7.74,7.85,38602440,307588032.000
2014-08-20,7.81,7.83,7.76,7.78,26487972,210817264.000
2014-08-21,7.78,7.78,7.67,7.71,26095054,205788288.000
2014-08-22,7.71,7.75,7.70,7.73,17649882,139424576.000
2014-08-25,7.73,7.81,7.71,7.76,23992510,190536544.000
2014-08-26,7.75,7.80,7.69,7.72,18703079,147984624.000
2014-08-27,7.76,7.79,7.72,7.74,14944234,118276536.000
2014-08-28,7.74,7.85,7.71,7.76,34041654,270980704.000
2014-08-29,7.75,7.77,7.66,7.72,26494342,208582128.000
2014-09-01,7.73,7.76,7.70,7.74,17879881,141256928.000
2014-09-02,7.75,7.80,7.72,7.78,30109575,238760288.000
2014-09-03,7.79,7.89,7.78,7.88,48559400,389499232.000
2014-09-04,7.89,7.93,7.84,7.92,37131461,299184160.000
2014-09-05,7.93,7.96,7.88,7.95,33767350,273473760.000
2014-09-09,7.95,7.96,7.91,7.92,20423800,165360704.000
2014-09-10,7.90,7.90,7.83,7.86,23648085,189782976.000
2014-09-11,7.84,7.93,7.82,7.85,26556696,213320720.000
2014-09-12,7.85,7.89,7.81,7.89,20671688,165849840.000
2014-09-15,7.89,7.91,7.85,7.90,29833563,240195024.000
2014-09-16,7.90,7.97,7.85,7.86,42205922,340423008.000
2014-09-17,7.85,7.89,7.83,7.88,20636167,165628688.000
2014-09-18,7.88,7.88,7.84,7.86,26264086,210875744.000
2014-09-19,7.89,7.91,7.85,7.91,23178958,182734496.000
2014-09-22,7.89,7.89,7.73,7.75,31433260,245068336.000
2014-09-23,7.73,7.77,7.72,7.76,19545838,151505472.000
2014-09-24,7.75,7.85,7.73,7.84,28059154,218780224.000
2014-09-25,7.86,7.87,7.78,7.82,26730630,209542384.000
2014-09-26,7.80,7.82,7.75,7.79,18166365,141341856.000
2014-09-29,7.80,7.83,7.78,7.80,23951614,186883024.000
2014-09-30,7.80,7.82,7.77,7.79,23812133,185537728.000
2014-10-08,7.80,7.81,7.76,7.81,26239880,204340976.000
2014-10-09,7.81,7.86,7.79,7.84,34994480,274082880.000
2014-10-10,7.83,7.85,7.76,7.79,29342883,228789776.000
2014-10-13,7.79,7.79,7.72,7.75,27500523,212864128.000
2014-10-14,7.75,7.78,7.72,7.74,21947527,170026080.000
2014-10-15,7.73,7.75,7.69,7.75,25640581,197883792.000
2014-10-16,7.72,7.79,7.69,7.73,33615399,260405360.000
2014-10-17,7.72,7.74,7.65,7.69,27679356,212843040.000
2014-10-20,7.69,7.71,7.67,7.70,15136179,116437752.000
2014-10-21,7.69,7.71,7.66,7.68,13723177,105416192.000
2014-10-22,7.68,7.68,7.65,7.67,15154194,116190568.000
2014-10-23,7.65,7.66,7.56,7.58,28525471,217022768.000
2014-10-24,7.59,7.62,7.56,7.58,17017276,129157976.000
2014-10-27,7.56,7.57,7.52,7.56,16339285,123184336.000
2014-10-28,7.56,7.64,7.55,7.64,20879613,158671648.000
2014-10-29,7.64,7.71,7.62,7.69,26758722,205184816.000
2014-10-30,7.70,7.75,7.67,7.73,38198884,294356320.000
2014-10-31,7.72,7.87,7.71,7.84,76994070,600645824.000
2014-11-03,7.84,7.86,7.78,7.82,39994723,312556416.000
2014-11-04,7.80,7.83,7.75,7.78,40077613,312006720.000
2014-11-05,7.78,7.81,7.76,7.77,27411268,213454336.000
2014-11-06,7.79,7.81,7.75,7.79,20894583,162532672.000
2014-11-07,7.79,7.83,7.73,7.75,36957058,287498688.000
2014-11-10,7.78,7.87,7.75,7.86,49623085,388289600.000
2014-11-11,7.87,8.05,7.86,7.92,143183439,1138734592.000
2014-11-12,7.88,7.90,7.82,7.89,52600571,413008992.000
2014-11-13,7.88,7.95,7.83,7.92,60622443,478010400.000
2014-11-14,7.89,7.89,7.79,7.83,43709878,342224384.000
2014-11-17,7.88,7.91,7.82,7.84,35186973,276141696.000
2014-11-18,7.83,7.84,7.73,7.74,39288214,305875104.000
2014-11-19,7.74,7.75,7.70,7.71,25747130,198785872.000
2014-11-20,7.70,7.72,7.67,7.71,20898628,160761104.000
2014-11-21,7.71,7.76,7.68,7.75,25224723,194643024.000
2014-11-24,7.78,7.87,7.75,7.82,59830662,467325824.000
2014-11-25,7.81,7.87,7.79,7.85,43879091,343502272.000
2014-11-26,7.87,7.99,7.86,7.98,88335363,699155776.000
2014-11-27,7.98,8.08,7.91,7.99,97144183,777468160.000
2014-11-28,7.93,8.19,7.90,8.17,180867396,1456807808.000
2014-12-01,8.14,8.44,8.11,8.17,187887394,1553447552.000
2014-12-02,8.20,8.42,8.09,8.37,184665810,1522935680.000
2014-12-03,8.38,8.56,8.27,8.37,242067820,2040080768.000
2014-12-04,8.39,9.21,8.33,9.21,440254364,3873533952.000
2014-12-05,9.50,10.13,9.25,10.12,660229324,6425050112.000
2014-12-08,9.81,10.67,9.70,10.32,463069597,4706499584.000
2014-12-09,10.10,10.61,9.47,9.50,375476654,3773207552.000
2014-12-10,9.48,9.63,9.15,9.50,221868040,2077574016.000
2014-12-11,9.30,9.42,9.21,9.29,156618981,1458153216.000
2014-12-12,9.27,9.45,9.20,9.35,145055631,1354719232.000
2014-12-15,9.31,9.34,9.03,9.23,113630066,1040903808.000
2014-12-16,9.16,9.58,9.13,9.56,191545082,1796230528.000
2014-12-17,9.56,9.90,9.34,9.78,274873463,2644354816.000
2014-12-18,9.85,10.07,9.66,9.79,214184415,2111464192.000
2014-12-19,9.70,10.29,9.57,10.08,278049014,2753544448.000
2014-12-22,10.10,10.99,10.03,10.36,344958614,3583040768.000
2014-12-23,10.16,10.25,9.73,9.78,191009161,1913999360.000
2014-12-24,9.80,9.86,9.36,9.48,156487590,1496802176.000
2014-12-25,9.50,9.86,9.41,9.84,138930148,1336171136.000
2014-12-26,9.80,10.17,9.71,10.12,173712960,1730383744.000
2014-12-29,10.60,10.88,10.22,10.33,314836829,3318023168.000
2014-12-30,10.28,10.61,10.20,10.45,197364193,2053485056.000
2014-12-31,10.50,10.93,10.33,10.81,283472825,3020217088.000
2015-01-05,10.90,11.89,10.77,11.89,372688938,4228175360.000
2015-01-06,12.10,12.33,11.50,11.69,389234903,4626943488.000
2015-01-07,11.50,12.42,11.43,12.39,329258322,3900463872.000
2015-01-08,12.20,13.14,12.08,12.21,425734786,5362076672.000
2015-01-09,12.08,12.70,11.84,12.07,297197474,3640000000.000
2015-01-12,11.83,11.96,11.56,11.62,195602393,2295823360.000
2015-01-13,11.64,11.84,11.53,11.64,133755443,1560033152.000
2015-01-14,11.63,11.74,11.16,11.31,160847524,1839785344.000
2015-01-15,11.37,12.38,11.22,12.29,249404978,2920515840.000
2015-01-16,12.10,12.90,12.06,12.60,327446100,4086420736.000
2015-01-19,12.00,12.34,11.34,11.44,343042287,4045702912.000
2015-01-20,11.61,12.04,11.43,11.83,247500975,2918343680.000
2015-01-21,11.76,12.90,11.65,12.69,351314985,4311178752.000
2015-01-22,12.61,12.82,12.39,12.63,249139322,3141047808.000
2015-01-23,12.65,13.26,12.56,12.82,311384736,4005765120.000
2015-01-26,12.68,13.20,12.54,13.09,232707550,2977062400.000
2015-01-27,13.07,13.21,12.41,12.61,252416676,3219060992.000
2015-01-28,12.44,12.55,12.20,12.25,167160586,2066608128.000
2015-01-29,11.99,12.13,11.70,11.98,182113564,2176840192.000
2015-01-30,12.04,12.11,11.61,11.64,141374048,1672654848.000
2015-02-02,11.49,11.57,11.21,11.22,134274316,1528791296.000
2015-02-03,11.42,11.77,11.22,11.69,168884648,1936931456.000
2015-02-04,11.79,11.92,11.39,11.41,161537913,1889106432.000
2015-02-05,11.63,11.64,11.14,11.15,148438560,1689535360.000
2015-02-06,11.11,11.12,10.78,10.89,129164864,1415282944.000
2015-02-09,10.79,11.17,10.70,11.03,110660468,1213012864.000
2015-02-10,10.98,11.23,10.92,11.23,87253883,970756672.000
2015-02-11,11.25,11.28,11.11,11.16,59322742,662547904.000
2015-02-12,11.15,11.27,10.91,11.18,78547503,871216256.000
2015-02-13,11.19,11.43,11.11,11.18,117198101,1321020928.000
2015-02-16,11.19,11.19,10.98,11.07,102752360,1136054272.000
2015-02-17,11.09,11.17,11.05,11.08,72968924,810469312.000
2015-02-25,11.30,11.56,11.15,11.23,199745237,2269546752.000
2015-02-26,11.16,11.35,10.90,11.34,165277605,1836995840.000
2015-02-27,11.29,11.60,11.19,11.42,196104827,2237716736.000
2015-03-02,11.44,11.46,11.23,11.32,146734546,1657644928.000
2015-03-03,11.25,11.26,10.91,10.93,192965281,2130766080.000
2015-03-04,10.92,11.10,10.76,10.92,113158533,1235480320.000
2015-03-05,10.82,10.87,10.67,10.71,109298752,1174668032.000
2015-03-06,10.66,10.85,10.66,10.77,68837346,740680704.000
2015-03-09,10.70,10.94,10.52,10.89,119690553,1282135296.000
2015-03-10,10.82,10.84,10.71,10.77,72511933,781556672.000
2015-03-11,10.77,10.88,10.71,10.75,78045514,843193984.000
2015-03-12,10.80,11.14,10.71,11.03,169043739,1852523776.000
2015-03-13,11.08,11.19,11.00,11.06,112534243,1247388800.000
2015-03-16,11.08,11.21,11.03,11.20,149504394,1667697408.000
2015-03-17,11.16,11.49,11.13,11.48,259456088,2926487040.000
2015-03-18,11.48,11.70,11.33,11.65,256208025,2955791360.000
2015-03-19,11.60,11.87,11.53,11.64,222508597,2594325248.000
2015-03-20,11.60,11.85,11.45,11.68,236236351,2745939968.000
2015-03-23,11.65,11.86,11.62,11.80,238049360,2793745664.000
2015-03-24,11.75,11.84,11.45,11.59,210254488,2446706176.000
2015-03-25,11.51,11.55,11.31,11.33,163900564,1871605504.000
2015-03-26,11.30,12.00,11.25,11.99,388691470,4542669824.000
2015-03-27,12.06,12.10,11.65,11.70,241169171,2844519424.000
2015-03-30,11.66,11.92,11.61,11.88,239974198,2832984064.000
2015-03-31,11.91,12.17,11.69,11.73,276463212,3302312960.000
2015-04-01,11.71,11.89,11.63,11.86,175679724,2065022080.000
2015-04-02,11.98,12.09,11.76,11.91,221555817,2641012736.000
2015-04-03,11.80,11.89,11.71,11.84,174613920,2059478016.000
2015-04-07,11.92,12.28,11.86,12.27,358964300,4326770176.000
2015-04-08,12.27,12.69,11.95,12.51,474708142,5847672832.000
2015-04-09,12.35,12.71,12.21,12.39,323054020,4023491328.000
2015-04-10,12.35,12.50,12.23,12.46,248162048,3071731456.000
数据来源:通达信
