601328 交通银行 日线 前复权
      日期	    开盘	    最高	    最低	    收盘	    成交量	    成交额
2011-03-02,4.43,4.51,4.43,4.47,56716635,317596768.000
2011-03-03,4.48,4.61,4.47,4.54,108032087,614323392.000
2011-03-04,4.53,4.60,4.53,4.58,65316965,371937472.000
2011-03-07,4.61,4.65,4.57,4.61,82807938,476928000.000
2011-03-08,4.61,4.65,4.59,4.61,63374400,365294976.000
2011-03-09,4.64,4.65,4.61,4.62,55338397,319628576.000
2011-03-10,4.61,4.61,4.52,4.53,58526471,333277728.000
2011-03-11,4.52,4.56,4.46,4.48,49012764,277146368.000
2011-03-14,4.50,4.54,4.47,4.48,41458065,233114800.000
2011-03-15,4.46,4.47,4.36,4.42,88654512,489740576.000
2011-03-16,4.42,4.45,4.39,4.44,49790478,275997152.000
2011-03-17,4.40,4.44,4.39,4.40,48817983,270014944.000
2011-03-18,4.44,4.45,4.38,4.39,52264510,289292768.000
2011-03-21,4.42,4.42,4.37,4.40,54321279,299649344.000
2011-03-22,4.41,4.45,4.38,4.44,55776726,309125056.000
2011-03-23,4.44,4.47,4.42,4.46,60376300,336675872.000
2011-03-24,4.48,4.48,4.45,4.45,48105488,268881696.000
2011-03-25,4.47,4.56,4.46,4.54,88302506,499688992.000
2011-03-28,4.56,4.62,4.54,4.55,88212158,504624832.000
2011-03-29,4.55,4.65,4.54,4.58,124754643,716612864.000
2011-03-30,4.60,4.61,4.57,4.60,89389482,512277696.000
2011-03-31,4.63,4.63,4.55,4.55,74832511,427871840.000
2011-04-01,4.55,4.68,4.55,4.66,107468520,621592512.000
2011-04-06,4.71,4.91,4.71,4.89,261596135,1572447360.000
2011-04-07,4.89,4.90,4.83,4.85,115782955,699655168.000
2011-04-08,4.84,4.87,4.82,4.83,72723752,436368960.000
2011-04-11,4.84,4.93,4.82,4.83,107770825,651244544.000
2011-04-12,4.82,4.88,4.80,4.85,80123165,481673120.000
2011-04-13,4.82,4.93,4.81,4.92,107609355,647806848.000
2011-04-14,4.93,4.99,4.90,4.91,93717715,573810560.000
2011-04-15,4.89,4.98,4.88,4.97,78580311,480355776.000
2011-04-18,4.95,4.98,4.91,4.94,76400965,467820032.000
2011-04-19,4.89,4.92,4.81,4.81,95163464,572703936.000
2011-04-20,4.85,4.87,4.79,4.80,56372192,337718304.000
2011-04-21,4.83,4.88,4.81,4.83,46228041,277656416.000
2011-04-22,4.82,4.84,4.76,4.78,42379926,252405472.000
2011-04-25,4.75,4.80,4.74,4.75,53641145,317548160.000
2011-04-26,4.77,4.81,4.75,4.78,56141874,333214464.000
2011-04-27,4.80,4.85,4.77,4.80,70758585,423464128.000
2011-04-28,4.85,4.95,4.82,4.86,115535946,699010496.000
2011-04-29,4.87,4.87,4.74,4.79,99013440,588712832.000
2011-05-03,4.79,4.80,4.75,4.78,67065222,397810688.000
2011-05-04,4.75,4.76,4.66,4.68,78633335,461258400.000
2011-05-05,4.66,4.72,4.63,4.71,63370278,369036320.000
2011-05-06,4.65,4.70,4.65,4.66,57850196,336767040.000
2011-05-09,4.67,4.69,4.62,4.64,48954862,283925792.000
2011-05-10,4.65,4.70,4.64,4.68,32575416,189598272.000
2011-05-11,4.69,4.71,4.66,4.66,29030015,169185328.000
2011-05-12,4.65,4.71,4.65,4.65,46734876,271976192.000
2011-05-13,4.66,4.70,4.61,4.68,59325657,344653888.000
2011-05-16,4.66,4.68,4.61,4.63,41546646,240500416.000
2011-05-17,4.62,4.71,4.60,4.66,52106638,302734752.000
2011-05-18,4.66,4.72,4.65,4.71,34204603,199919632.000
2011-05-19,4.72,4.75,4.68,4.68,30425479,178356512.000
2011-05-20,4.68,4.74,4.68,4.71,31256677,183454912.000
2011-05-23,4.70,4.71,4.57,4.59,59185535,342016832.000
2011-05-24,4.60,4.62,4.55,4.56,42864238,245310240.000
2011-05-25,4.56,4.57,4.50,4.50,38630250,218657456.000
2011-05-26,4.53,4.56,4.51,4.53,25676408,145513872.000
2011-05-27,4.53,4.61,4.50,4.55,55777675,317423264.000
2011-05-30,4.55,4.61,4.53,4.59,37405364,213429440.000
2011-05-31,4.60,4.64,4.57,4.62,35455549,203558496.000
2011-06-01,4.60,4.62,4.54,4.55,44686538,254556400.000
2011-06-02,4.50,4.55,4.41,4.45,67483673,377794048.000
2011-06-03,4.45,4.47,4.42,4.45,28590120,159299248.000
2011-06-07,4.45,4.48,4.43,4.46,26253539,146622016.000
2011-06-08,4.47,4.48,4.43,4.47,40641503,226546656.000
2011-06-09,4.45,4.48,4.43,4.43,24879243,138588560.000
2011-06-10,4.45,4.52,4.43,4.49,41574205,232622048.000
2011-06-13,4.46,4.49,4.45,4.48,25417705,142113200.000
2011-06-14,4.48,4.52,4.46,4.47,44031341,247258016.000
2011-06-15,4.46,4.47,4.44,4.44,27534918,153560720.000
2011-06-16,4.43,4.44,4.39,4.41,33285146,184088464.000
2011-06-17,4.42,4.44,4.38,4.39,45523438,252049184.000
2011-06-20,4.40,4.41,4.35,4.36,36907419,202668240.000
2011-06-21,4.37,4.39,4.35,4.37,41769171,229063248.000
2011-06-22,4.38,4.40,4.35,4.37,38901832,213619584.000
2011-06-23,4.36,4.43,4.35,4.41,44564874,244930448.000
2011-06-24,4.39,4.53,4.39,4.51,94192068,525968256.000
2011-06-27,4.50,4.51,4.45,4.47,76167833,427262432.000
2011-06-29,4.45,4.46,4.37,4.38,94255073,521411072.000
2011-06-30,4.39,4.45,4.38,4.42,87092770,482802080.000
2011-07-01,4.44,4.44,4.38,4.41,63668816,351516160.000
2011-07-04,4.42,4.51,4.40,4.49,88194482,492903904.000
2011-07-05,4.49,4.50,4.45,4.46,48407062,271002240.000
2011-07-06,4.45,4.46,4.40,4.43,49553075,274683456.000
2011-07-07,4.46,4.48,4.41,4.42,61815653,343713120.000
2011-07-08,4.44,4.49,4.42,4.45,53244439,297414976.000
2011-07-11,4.45,4.47,4.43,4.45,40865905,228006976.000
2011-07-12,4.43,4.44,4.40,4.41,40236397,222623328.000
2011-07-13,4.41,4.47,4.40,4.45,40360626,224562496.000
2011-07-14,4.45,4.46,4.40,4.45,53072328,294737312.000
2011-07-15,4.43,4.46,4.41,4.45,50831372,283097248.000
2011-07-18,4.46,4.47,4.45,4.46,46532165,259898736.000
2011-07-19,4.46,4.46,4.40,4.41,32419859,162954080.000
2011-07-20,4.44,4.44,4.38,4.40,40957329,205184880.000
2011-07-21,4.41,4.41,4.34,4.34,50082901,248438624.000
2011-07-22,4.36,4.37,4.32,4.33,38454128,189759392.000
2011-07-25,4.31,4.32,4.21,4.21,67389421,328194240.000
2011-07-26,4.22,4.25,4.20,4.22,28713457,138528496.000
2011-07-27,4.20,4.22,4.16,4.19,52751875,252422400.000
2011-07-28,4.16,4.17,4.13,4.13,36742816,174310112.000
2011-07-29,4.15,4.30,4.10,4.21,66480687,318841184.000
2011-08-01,4.20,4.21,4.16,4.18,30609202,146595456.000
2011-08-02,4.15,4.16,4.10,4.13,36327867,171589600.000
2011-08-03,4.10,4.15,4.08,4.13,30081229,141968800.000
2011-08-04,4.13,4.16,4.11,4.12,19416655,91815424.000
2011-08-05,4.05,4.05,3.98,3.98,68348356,315690944.000
2011-08-08,3.97,4.01,3.85,3.88,89672567,405301792.000
2011-08-09,3.80,3.99,3.78,3.94,117129336,523532672.000
2011-08-10,4.03,4.06,3.95,3.99,97086055,447695744.000
2011-08-11,3.94,4.08,3.89,4.07,72310091,334345696.000
2011-08-12,4.09,4.10,4.03,4.06,31882310,148619296.000
2011-08-15,4.07,4.17,4.03,4.15,46151537,217177728.000
2011-08-16,4.15,4.19,4.12,4.14,52621783,250300304.000
2011-08-17,4.14,4.20,4.13,4.16,26320487,125536848.000
2011-08-18,4.17,4.18,4.06,4.10,41251476,195181792.000
2011-08-19,4.03,4.09,4.00,4.04,41237693,191192128.000
2011-08-22,4.05,4.07,3.97,4.00,28528318,131663952.000
2011-08-23,4.01,4.12,4.01,4.08,38619921,180115696.000
2011-08-24,4.10,4.10,4.04,4.07,32890020,153920144.000
2011-08-25,4.10,4.26,4.07,4.24,98529596,472125536.000
2011-08-26,4.21,4.25,4.18,4.24,41708190,200600896.000
2011-08-29,4.19,4.19,4.12,4.13,42440609,201373968.000
2011-08-30,4.16,4.27,4.13,4.16,58533957,280970176.000
2011-08-31,4.15,4.20,4.12,4.16,35342206,168256336.000
2011-09-01,4.16,4.22,4.14,4.17,34195122,163333952.000
2011-09-02,4.16,4.18,4.11,4.13,28824410,136715136.000
2011-09-05,4.10,4.11,4.04,4.06,36370079,169851280.000
2011-09-06,4.04,4.09,4.02,4.04,31319263,145572928.000
2011-09-07,4.06,4.13,4.03,4.10,31752356,148667680.000
2011-09-08,4.11,4.12,4.05,4.06,24823111,116272968.000
2011-09-09,4.10,4.16,4.04,4.07,36135616,169669536.000
2011-09-13,4.01,4.07,4.01,4.05,28367390,131447856.000
2011-09-14,4.07,4.08,3.97,4.04,33947163,157197104.000
2011-09-15,4.03,4.06,3.99,3.99,33006442,152612304.000
2011-09-16,4.03,4.06,3.99,4.03,30375235,140531520.000
2011-09-19,4.00,4.01,3.94,3.94,21402793,97838728.000
2011-09-20,3.95,3.99,3.94,3.98,20825311,95127792.000
2011-09-21,3.99,4.12,3.96,4.06,41289602,192300784.000
2011-09-22,4.03,4.06,3.95,3.96,36846596,169712720.000
2011-09-23,3.90,3.97,3.85,3.92,66352928,298593728.000
2011-09-26,3.88,3.92,3.80,3.83,39495235,175932928.000
2011-09-27,3.87,3.92,3.84,3.88,28046716,125629376.000
2011-09-28,3.91,3.93,3.83,3.85,24289999,108760424.000
2011-09-29,3.84,3.91,3.83,3.89,40635781,182148384.000
2011-09-30,3.89,3.93,3.86,3.88,31235209,140493824.000
2011-10-10,3.88,3.89,3.83,3.86,28447456,126863416.000
2011-10-11,3.98,4.01,3.85,3.90,66847402,303637952.000
2011-10-12,3.87,4.04,3.87,4.01,80112769,366659840.000
2011-10-13,3.98,4.00,3.96,3.99,56661528,259316912.000
2011-10-14,3.98,3.99,3.95,3.99,28789184,131642784.000
2011-10-17,4.00,4.04,3.98,4.00,36592870,168577984.000
2011-10-18,3.97,4.01,3.91,3.93,42498700,193867520.000
2011-10-19,3.95,3.99,3.93,3.94,41161074,187566400.000
2011-10-20,3.93,3.96,3.85,3.87,47173414,212303040.000
2011-10-21,3.89,3.94,3.86,3.91,42518377,191617248.000
2011-10-24,3.94,4.07,3.92,4.06,64832449,298642880.000
2011-10-25,4.03,4.13,4.02,4.09,69116515,323580160.000
2011-10-26,4.08,4.15,4.07,4.11,58995853,278754304.000
2011-10-27,4.13,4.16,4.12,4.15,39905947,189399424.000
2011-10-28,4.19,4.23,4.14,4.17,73752876,352683680.000
2011-10-31,4.15,4.17,4.08,4.11,47568456,224688288.000
2011-11-01,4.11,4.16,4.08,4.10,46282447,218548992.000
2011-11-02,4.06,4.19,4.06,4.18,48788727,229873504.000
2011-11-03,4.18,4.24,4.17,4.17,67097323,322028928.000
2011-11-04,4.22,4.23,4.17,4.20,51073896,244976208.000
2011-11-07,4.18,4.21,4.16,4.20,39177531,187654480.000
2011-11-08,4.20,4.26,4.18,4.24,64611592,312190272.000
2011-11-09,4.27,4.27,4.23,4.26,45781477,222110512.000
2011-11-10,4.22,4.24,4.17,4.17,42312554,203461152.000
2011-11-11,4.16,4.22,4.16,4.19,32828302,157545296.000
2011-11-14,4.23,4.27,4.21,4.25,34128736,165277632.000
2011-11-15,4.23,4.25,4.21,4.24,29333382,141586800.000
2011-11-16,4.23,4.24,4.09,4.12,66634892,316514688.000
2011-11-17,4.14,4.15,4.10,4.11,28256079,133603288.000
2011-11-18,4.09,4.16,4.07,4.08,36745506,172832704.000
2011-11-21,4.08,4.09,4.05,4.07,20349992,95043688.000
2011-11-22,4.07,4.10,4.02,4.04,22329844,104122464.000
2011-11-23,4.06,4.08,3.97,3.99,25623431,118353672.000
2011-11-24,3.97,4.03,3.95,4.00,25234149,115876152.000
2011-11-25,3.98,4.00,3.94,3.94,24300923,110959208.000
2011-11-28,3.97,4.01,3.93,3.94,20544597,93848744.000
2011-11-29,3.98,4.01,3.95,3.98,20085240,92147504.000
2011-11-30,3.97,3.99,3.86,3.89,41469795,187133104.000
2011-12-01,4.00,4.10,3.92,3.95,93757105,432021472.000
2011-12-02,3.96,3.98,3.92,3.95,37132574,168976880.000
2011-12-05,3.97,4.01,3.95,4.00,54817553,251684912.000
2011-12-06,3.99,4.02,3.97,3.98,31724128,145906192.000
2011-12-07,4.00,4.01,3.95,3.98,21730970,99601336.000
2011-12-08,3.99,4.04,3.95,4.01,21483559,98674672.000
2011-12-09,3.99,4.02,3.98,4.00,16370773,75314664.000
2011-12-12,4.00,4.05,3.97,4.03,30242379,139555712.000
2011-12-13,4.03,4.07,4.00,4.01,52153663,242014800.000
2011-12-14,4.00,4.03,4.00,4.01,23597145,108849088.000
2011-12-15,4.00,4.02,3.89,3.90,50767578,231049872.000
2011-12-16,3.90,3.95,3.83,3.92,58868594,264508800.000
2011-12-19,3.89,3.92,3.81,3.90,49799133,222088976.000
2011-12-20,3.89,3.94,3.84,3.86,51669654,231863856.000
2011-12-21,3.89,3.91,3.83,3.84,42957190,192160960.000
2011-12-22,3.83,3.91,3.83,3.90,64788401,289382688.000
2011-12-23,3.90,3.95,3.88,3.92,31811806,143873008.000
2011-12-26,3.89,3.93,3.87,3.90,23865244,107353984.000
2011-12-27,3.89,3.95,3.87,3.87,43956584,198265408.000
2011-12-28,3.88,3.91,3.84,3.90,52143783,233643952.000
2011-12-29,3.89,3.90,3.85,3.86,39938924,178536736.000
2011-12-30,3.88,3.89,3.85,3.88,56624232,253193216.000
2012-01-04,3.90,3.90,3.84,3.85,50240228,225053856.000
2012-01-05,3.85,4.00,3.84,3.96,109265494,495813088.000
2012-01-06,3.94,4.05,3.94,4.00,75901357,349354112.000
2012-01-09,4.00,4.11,3.99,4.10,83258356,387547104.000
2012-01-10,4.09,4.16,4.06,4.14,81933095,386427008.000
2012-01-11,4.14,4.17,4.11,4.12,49609197,235064688.000
2012-01-12,4.12,4.19,4.11,4.14,62842573,298832192.000
2012-01-13,4.16,4.18,4.10,4.16,60783899,288374336.000
2012-01-16,4.12,4.16,4.12,4.14,37353815,177258640.000
2012-01-17,4.13,4.27,4.09,4.25,87898503,420114208.000
2012-01-18,4.24,4.25,4.14,4.16,54747436,262468944.000
2012-01-19,4.16,4.25,4.15,4.23,66334587,319473856.000
2012-01-20,4.25,4.33,4.23,4.32,71532837,348955392.000
2012-01-30,4.33,4.36,4.23,4.24,63400997,309600800.000
2012-01-31,4.25,4.28,4.22,4.24,28665235,138967920.000
2012-02-01,4.23,4.27,4.17,4.18,32055542,154375872.000
2012-02-02,4.20,4.34,4.18,4.33,66185099,322651360.000
2012-02-03,4.31,4.45,4.30,4.42,90824711,452190560.000
2012-02-06,4.42,4.49,4.41,4.48,93499013,472648544.000
2012-02-07,4.45,4.46,4.34,4.36,71132095,354838752.000
2012-02-08,4.35,4.50,4.33,4.48,100719481,505685472.000
2012-02-09,4.46,4.48,4.42,4.43,51900247,261817648.000
2012-02-10,4.41,4.46,4.34,4.35,87405285,436830176.000
2012-02-13,4.32,4.35,4.27,4.29,97152362,476836000.000
2012-02-14,4.30,4.31,4.24,4.29,54600575,265547648.000
2012-02-15,4.27,4.35,4.26,4.29,41731560,204888432.000
2012-02-16,4.29,4.34,4.25,4.27,46819710,229213488.000
2012-02-17,4.30,4.35,4.30,4.33,66897537,329759232.000
2012-02-20,4.39,4.41,4.34,4.35,48197529,239716512.000
2012-02-21,4.37,4.37,4.31,4.36,32847697,162648848.000
2012-02-22,4.36,4.38,4.32,4.36,38028423,188173504.000
2012-02-23,4.35,4.37,4.33,4.35,52726207,260859504.000
2012-02-24,4.36,4.39,4.32,4.39,103075774,509992800.000
2012-02-27,4.40,4.43,4.37,4.39,85596168,428580896.000
2012-02-28,4.40,4.49,4.39,4.47,112376297,568339584.000
2012-02-29,4.47,4.47,4.41,4.42,43165884,217123872.000
2012-03-01,4.43,4.45,4.41,4.41,32974846,165924096.000
2012-03-02,4.42,4.47,4.41,4.45,48373774,243806688.000
2012-03-05,4.46,4.47,4.38,4.39,63476591,319539104.000
2012-03-06,4.39,4.41,4.33,4.33,53516512,266036432.000
2012-03-07,4.30,4.36,4.28,4.29,46257326,227485792.000
2012-03-08,4.30,4.34,4.29,4.30,44706982,219642464.000
2012-03-09,4.31,4.34,4.29,4.32,35792435,175950432.000
2012-03-12,4.31,4.32,4.26,4.26,51849806,253157792.000
2012-03-13,4.27,4.32,4.26,4.31,35260337,172790864.000
2012-03-14,4.33,4.36,4.25,4.27,84901456,417157888.000
2012-03-16,4.25,4.30,4.22,4.24,75946924,368258240.000
2012-03-19,4.23,4.24,4.18,4.19,56985905,273943712.000
2012-03-20,4.18,4.19,4.13,4.15,40174274,191217968.000
2012-03-21,4.18,4.18,4.13,4.13,39572491,188034384.000
2012-03-22,4.14,4.17,4.11,4.14,40133658,190182240.000
2012-03-23,4.14,4.14,4.10,4.12,38596515,182316928.000
2012-03-26,4.13,4.15,4.12,4.14,18061148,85496984.000
2012-03-27,4.15,4.16,4.13,4.15,21047192,99789776.000
2012-03-28,4.14,4.16,4.09,4.09,40074529,189770080.000
2012-03-29,4.08,4.11,4.03,4.05,43026340,201022880.000
2012-03-30,4.06,4.13,4.05,4.11,38629220,181462816.000
2012-04-05,4.09,4.10,4.03,4.07,72221201,336528512.000
2012-04-06,4.06,4.08,4.04,4.07,34198817,159268304.000
2012-04-09,4.05,4.06,4.03,4.03,23966748,111193552.000
2012-04-10,4.04,4.08,4.03,4.07,26921886,125165456.000
2012-04-11,4.05,4.09,4.04,4.05,31400906,146215104.000
2012-04-12,4.05,4.13,4.04,4.12,59741270,279882272.000
2012-04-13,4.12,4.15,4.09,4.14,61854532,291615872.000
2012-04-16,4.11,4.14,4.10,4.12,28247001,133256320.000
2012-04-17,4.12,4.13,4.09,4.11,30935569,145547504.000
2012-04-18,4.12,4.21,4.10,4.20,59799288,285012448.000
2012-04-19,4.19,4.22,4.17,4.22,41313979,197895584.000
2012-04-20,4.20,4.27,4.19,4.25,47853032,231186176.000
2012-04-23,4.23,4.24,4.21,4.23,33226978,160409184.000
2012-04-24,4.23,4.34,4.22,4.27,84317998,410963392.000
2012-04-25,4.25,4.29,4.23,4.26,57537176,279544544.000
2012-04-26,4.27,4.30,4.23,4.26,49822406,241955568.000
2012-04-27,4.26,4.30,4.24,4.29,51714990,252357488.000
2012-05-02,4.35,4.36,4.32,4.33,82660901,408610080.000
2012-05-03,4.32,4.34,4.28,4.32,43206251,212164080.000
2012-05-04,4.31,4.35,4.30,4.33,82506932,405935200.000
2012-05-07,4.31,4.34,4.28,4.30,80722460,395893824.000
2012-05-08,4.31,4.32,4.28,4.29,89720674,439487392.000
2012-05-10,4.24,4.30,4.20,4.28,133272118,645144832.000
2012-05-11,4.25,4.28,4.21,4.21,53785598,260518016.000
2012-05-14,4.24,4.25,4.16,4.18,58501603,281320672.000
2012-05-15,4.16,4.20,4.12,4.14,70908848,337007904.000
2012-05-16,4.12,4.14,4.07,4.08,53143724,249735552.000
2012-05-17,4.09,4.13,4.07,4.11,37648917,177010720.000
2012-05-18,4.09,4.10,4.06,4.07,53374110,249841888.000
2012-05-21,4.07,4.12,4.07,4.11,34425311,161771296.000
2012-05-22,4.12,4.14,4.09,4.13,36434275,171688144.000
2012-05-23,4.12,4.14,4.09,4.11,35871015,169096784.000
2012-05-24,4.11,4.15,4.10,4.12,32530380,153757680.000
2012-05-25,4.12,4.15,4.10,4.12,36322303,171660496.000
2012-05-28,4.10,4.16,4.09,4.15,47319862,223566416.000
2012-05-29,4.15,4.20,4.11,4.19,60052743,285589056.000
2012-05-30,4.18,4.20,4.14,4.17,34899710,166205344.000
2012-05-31,4.17,4.17,4.10,4.11,42389600,196333312.000
2012-06-01,4.10,4.16,4.10,4.12,58041630,268148000.000
2012-06-04,4.10,4.10,4.05,4.05,45402968,207538000.000
2012-06-05,4.07,4.09,4.05,4.06,34865187,159198592.000
2012-06-06,4.07,4.11,4.05,4.10,43138580,197859680.000
2012-06-07,4.11,4.12,4.06,4.06,36085560,165945792.000
2012-06-08,4.06,4.06,3.95,4.00,56721433,255934128.000
2012-06-11,4.02,4.05,3.99,4.01,35541196,160599168.000
2012-06-12,4.00,4.01,3.92,3.95,43747708,194810816.000
2012-06-13,3.96,3.99,3.94,3.97,38412199,171576464.000
2012-06-14,3.97,3.97,3.94,3.95,23952004,106597920.000
2012-06-15,3.96,4.06,3.95,4.03,43734483,197177440.000
2012-06-18,4.05,4.05,3.99,4.01,36354285,164061840.000
2012-06-19,4.01,4.05,3.99,4.02,23677459,107059712.000
2012-06-20,4.04,4.06,4.02,4.03,24092609,109436000.000
2012-06-21,4.03,4.05,3.97,4.01,33541945,151238224.000
2012-06-25,4.01,4.05,3.99,4.01,48711175,220670848.000
2012-06-26,4.01,4.06,4.01,4.03,42975759,195049792.000
2012-06-27,4.03,4.05,3.99,4.00,34444785,156070576.000
2012-06-29,4.00,4.05,3.98,4.04,49933048,225480736.000
2012-07-02,4.04,4.04,3.98,4.00,43037480,193638048.000
2012-07-03,3.99,4.03,3.98,4.00,31083821,140102704.000
2012-07-04,4.00,4.03,4.00,4.01,32445285,146437216.000
2012-07-05,4.00,4.01,3.99,4.00,25375687,114216040.000
2012-07-06,3.96,4.00,3.94,3.98,37496904,167387520.000
2012-07-09,3.97,3.99,3.85,3.86,59548724,262572448.000
2012-07-10,3.88,3.92,3.85,3.86,35433019,155390512.000
2012-07-11,3.86,3.90,3.85,3.87,27653962,121057568.000
2012-07-12,3.86,3.89,3.80,3.83,72517182,313892288.000
2012-07-13,3.84,3.86,3.82,3.85,33473986,145242832.000
2012-07-16,3.86,3.86,3.81,3.83,47565001,206183920.000
2012-07-17,3.84,3.86,3.83,3.84,28540370,124015920.000
2012-07-18,3.85,3.85,3.81,3.82,34946813,151408848.000
2012-07-19,3.83,3.87,3.82,3.83,48296631,209768560.000
2012-07-20,3.83,3.84,3.78,3.79,37408090,161191360.000
2012-07-23,3.78,3.79,3.69,3.71,45384052,191304640.000
2012-07-24,3.70,3.72,3.65,3.66,51053961,213070480.000
2012-07-25,3.67,3.69,3.65,3.65,27746641,115766064.000
2012-07-26,3.66,3.71,3.65,3.68,27518657,115089584.000
2012-07-27,3.69,3.76,3.68,3.72,35501683,150157168.000
2012-07-30,3.78,3.83,3.78,3.80,51901362,223811984.000
2012-07-31,3.80,3.88,3.80,3.88,40098543,174454432.000
2012-08-01,3.88,3.89,3.84,3.85,34008880,148218736.000
2012-08-02,3.87,3.98,3.85,3.93,60996542,269621024.000
2012-08-03,3.93,3.96,3.93,3.94,29870493,132731568.000
2012-08-06,3.93,3.95,3.89,3.89,43772916,192967808.000
2012-08-07,3.89,3.91,3.85,3.86,40884089,178825792.000
2012-08-08,3.87,3.92,3.86,3.90,44940395,197901184.000
2012-08-09,3.90,3.93,3.88,3.91,25987779,114551600.000
2012-08-10,3.93,3.95,3.92,3.94,25666438,113951848.000
2012-08-13,3.95,3.99,3.94,3.97,45343760,202747328.000
2012-08-14,3.96,4.01,3.95,3.98,34499069,154992608.000
2012-08-15,3.97,4.00,3.91,3.92,27894507,123955416.000
2012-08-16,3.92,3.98,3.89,3.93,26364669,116864872.000
2012-08-17,3.93,3.95,3.90,3.92,31347406,138818672.000
2012-08-20,3.89,3.92,3.84,3.88,23890463,104344824.000
2012-08-21,3.88,3.89,3.83,3.84,43938076,191362080.000
2012-08-22,3.84,3.88,3.80,3.87,31585326,136935504.000
2012-08-23,3.85,3.90,3.84,3.88,45380912,198502672.000
2012-08-24,3.87,3.89,3.85,3.86,37506997,164090496.000
2012-08-27,3.86,3.90,3.84,3.87,44280350,193901744.000
2012-08-28,3.87,3.92,3.86,3.90,33305230,146381600.000
2012-08-29,3.89,3.91,3.84,3.85,29619494,129548784.000
2012-08-30,3.83,3.89,3.80,3.89,56549359,246455328.000
2012-08-31,3.86,3.87,3.81,3.82,37732434,163759408.000
2012-09-03,3.82,3.83,3.73,3.78,97579212,416353696.000
2012-09-04,3.76,3.76,3.70,3.71,63355918,267970528.000
2012-09-05,3.71,3.73,3.67,3.69,33540252,140438592.000
2012-09-06,3.69,3.72,3.66,3.69,32076655,134346944.000
2012-09-07,3.71,3.89,3.70,3.83,99971494,429852000.000
2012-09-10,3.80,3.84,3.79,3.80,38557562,165923568.000
2012-09-11,3.79,3.80,3.75,3.77,27596899,117704928.000
2012-09-12,3.78,3.81,3.69,3.71,75003177,317260960.000
2012-09-13,3.71,3.74,3.70,3.71,27924429,117836008.000
2012-09-14,3.73,3.77,3.71,3.73,55522784,235547456.000
2012-09-17,3.73,3.75,3.70,3.71,36309517,153650848.000
2012-09-18,3.70,3.71,3.66,3.68,30952237,129475528.000
2012-09-19,3.69,3.70,3.66,3.68,29272778,122355336.000
2012-09-20,3.67,3.69,3.62,3.63,39579337,164313024.000
2012-09-21,3.61,3.66,3.61,3.62,29769338,122957920.000
2012-09-24,3.61,3.63,3.57,3.63,34764088,142597728.000
2012-09-25,3.61,3.62,3.57,3.59,19278320,78867848.000
2012-09-26,3.60,3.61,3.57,3.59,22790415,93378096.000
2012-09-27,3.60,3.75,3.58,3.73,67716123,283660928.000
2012-09-28,3.68,3.79,3.66,3.76,70420626,298316352.000
2012-10-08,3.76,3.82,3.69,3.72,26887835,113929936.000
2012-10-09,3.73,3.84,3.72,3.81,49291264,212111504.000
2012-10-10,3.80,3.82,3.79,3.80,20284174,87192688.000
2012-10-11,3.79,3.81,3.74,3.80,31694817,135624912.000
2012-10-12,3.81,3.87,3.79,3.82,34165114,147858288.000
2012-10-15,3.83,3.83,3.78,3.81,26392143,113524848.000
2012-10-16,3.80,3.83,3.78,3.81,28646177,123414672.000
2012-10-17,3.82,3.85,3.80,3.83,38836426,168054176.000
2012-10-18,3.85,3.87,3.82,3.85,35648030,155228448.000
2012-10-19,3.85,3.88,3.83,3.86,30185672,131686928.000
2012-10-22,3.85,3.89,3.84,3.89,34955666,152827600.000
2012-10-23,3.88,3.89,3.84,3.85,18469220,80628048.000
2012-10-24,3.83,3.88,3.82,3.87,23011091,100389208.000
2012-10-25,3.86,3.87,3.84,3.87,21691051,94573600.000
2012-10-26,3.86,3.88,3.76,3.77,25377030,109373272.000
2012-10-29,3.77,3.78,3.70,3.71,27943222,118333720.000
2012-10-30,3.72,3.75,3.68,3.73,37033789,155742048.000
2012-10-31,3.72,3.74,3.70,3.72,22408971,94489928.000
2012-11-01,3.72,3.81,3.72,3.77,29114473,124479976.000
2012-11-02,3.77,3.85,3.76,3.83,37048588,159524784.000
2012-11-05,3.85,3.87,3.82,3.85,37795528,164473808.000
2012-11-06,3.85,3.87,3.77,3.84,37485132,161638240.000
2012-11-07,3.83,3.85,3.80,3.83,17188140,74261112.000
2012-11-08,3.81,3.82,3.74,3.77,24341453,104159872.000
2012-11-09,3.76,3.78,3.73,3.76,18151026,77239520.000
2012-11-12,3.76,3.79,3.74,3.77,28699519,122438776.000
2012-11-13,3.78,3.78,3.70,3.72,33879905,143046272.000
2012-11-14,3.72,3.74,3.69,3.72,23370654,98534384.000
2012-11-15,3.70,3.72,3.67,3.68,20571587,86264816.000
2012-11-16,3.69,3.69,3.65,3.67,26776542,111621840.000
2012-11-19,3.67,3.69,3.65,3.68,14951936,62363256.000
2012-11-20,3.69,3.69,3.65,3.66,16065140,66873724.000
2012-11-21,3.67,3.72,3.66,3.71,20284455,84956776.000
2012-11-22,3.70,3.72,3.66,3.70,14449775,60516416.000
2012-11-23,3.71,3.73,3.69,3.72,21757225,91711880.000
2012-11-26,3.70,3.71,3.66,3.67,25034525,104713200.000
2012-11-27,3.67,3.70,3.66,3.68,29045943,121443056.000
2012-11-28,3.68,3.72,3.67,3.71,31920342,133921920.000
2012-11-29,3.71,3.76,3.69,3.73,40400278,170974432.000
2012-11-30,3.73,3.76,3.72,3.73,34196730,145090944.000
2012-12-03,3.73,3.74,3.68,3.71,32801451,137994944.000
2012-12-04,3.71,3.75,3.71,3.72,26005757,110100488.000
2012-12-05,3.72,3.88,3.72,3.84,105591654,456003904.000
2012-12-06,3.84,3.89,3.83,3.88,72182354,314977472.000
2012-12-07,3.86,3.96,3.86,3.95,96303948,425727744.000
2012-12-10,3.96,4.01,3.94,3.98,104068936,466023648.000
2012-12-11,3.96,3.97,3.93,3.93,65924549,293185728.000
2012-12-12,3.93,3.97,3.92,3.94,84817640,376757696.000
2012-12-13,3.92,3.93,3.86,3.87,77458288,340257504.000
2012-12-14,3.89,4.12,3.87,4.11,271611707,1233189760.000
2012-12-17,4.13,4.17,4.06,4.11,112654777,519128128.000
2012-12-18,4.10,4.22,4.07,4.17,173727685,810167296.000
2012-12-19,4.18,4.23,4.15,4.15,89826185,420652288.000
2012-12-20,4.13,4.16,4.08,4.12,58175725,268460096.000
2012-12-21,4.13,4.15,4.07,4.09,63722014,293273696.000
2012-12-24,4.09,4.18,4.08,4.12,76603551,355133408.000
2012-12-25,4.11,4.31,4.10,4.28,140396138,665691904.000
2012-12-26,4.28,4.31,4.23,4.25,107587797,513927904.000
2012-12-27,4.26,4.31,4.22,4.25,66653620,317167456.000
2012-12-28,4.26,4.40,4.24,4.33,109253343,526540256.000
2012-12-31,4.34,4.49,4.34,4.44,172774562,854498112.000
2013-01-04,4.52,4.62,4.49,4.56,186052160,940606400.000
2013-01-07,4.56,4.66,4.55,4.56,98027683,499414720.000
2013-01-08,4.59,4.60,4.46,4.48,72659355,363411744.000
2013-01-09,4.48,4.49,4.39,4.41,85105428,420360832.000
2013-01-10,4.41,4.44,4.37,4.40,75036216,368025920.000
2013-01-11,4.42,4.44,4.32,4.35,61746300,301475584.000
2013-01-14,4.34,4.58,4.33,4.54,103044015,512481024.000
2013-01-15,4.53,4.61,4.50,4.54,101775771,512997472.000
2013-01-16,4.53,4.56,4.33,4.46,68096254,338732544.000
2013-01-17,4.44,4.45,4.35,4.39,86679300,423794080.000
2013-01-18,4.43,4.50,4.41,4.47,59569190,294886240.000
2013-01-21,4.48,4.50,4.42,4.49,88553663,439081120.000
2013-01-22,4.46,4.69,4.43,4.55,187446711,949279360.000
2013-01-23,4.53,4.60,4.52,4.59,87563044,443907072.000
2013-01-24,4.60,4.75,4.55,4.60,198137028,1023424768.000
2013-01-25,4.60,4.63,4.53,4.59,58680247,298061984.000
2013-01-28,4.60,4.75,4.59,4.74,135334444,704757376.000
2013-01-29,4.76,4.77,4.67,4.74,165741442,863806528.000
2013-01-30,4.73,4.81,4.68,4.79,139976639,733635200.000
2013-01-31,4.80,4.94,4.79,4.90,170253743,915231232.000
2013-02-01,4.90,5.07,4.85,5.06,153639815,843932800.000
2013-02-04,5.07,5.18,5.03,5.04,138732469,778507328.000
2013-02-05,5.00,5.05,4.85,4.88,186512991,1011339584.000
2013-02-06,4.91,4.94,4.84,4.93,96317804,520442880.000
2013-02-07,4.92,4.93,4.70,4.78,139164295,737881792.000
2013-02-08,4.78,4.82,4.72,4.78,81492446,429874144.000
2013-02-18,4.80,4.89,4.78,4.78,98705629,526128640.000
2013-02-19,4.78,4.82,4.69,4.72,73785267,386495424.000
2013-02-20,4.75,4.75,4.59,4.68,113269060,582801280.000
2013-02-21,4.61,4.63,4.42,4.45,137030241,686105600.000
2013-02-22,4.46,4.54,4.44,4.47,82707611,412824800.000
2013-02-25,4.50,4.53,4.44,4.48,39011157,194369872.000
2013-02-26,4.45,4.56,4.41,4.42,88809959,443400896.000
2013-02-27,4.43,4.50,4.37,4.38,108382975,532524320.000
2013-02-28,4.43,4.54,4.39,4.53,135174506,671944832.000
2013-03-01,4.53,4.56,4.42,4.48,87715593,438051872.000
2013-03-04,4.40,4.46,4.20,4.24,195380996,938115840.000
2013-03-05,4.25,4.44,4.25,4.43,159650818,771461888.000
2013-03-06,4.44,4.46,4.37,4.42,120772911,592436160.000
2013-03-07,4.38,4.40,4.20,4.28,118722300,572252992.000
2013-03-08,4.29,4.31,4.26,4.29,50235283,240373680.000
2013-03-11,4.29,4.29,4.22,4.24,41767373,198198896.000
2013-03-12,4.25,4.30,4.19,4.22,77540086,367093280.000
2013-03-13,4.21,4.23,4.18,4.19,42057431,197768336.000
2013-03-14,4.18,4.22,4.17,4.21,45012820,211519376.000
2013-03-15,4.20,4.37,4.18,4.23,92794137,442153216.000
2013-03-18,4.22,4.26,4.15,4.16,82074353,385757056.000
2013-03-19,4.17,4.21,4.16,4.19,60408049,282647840.000
2013-03-20,4.20,4.39,4.19,4.38,168483156,812303168.000
2013-03-21,4.39,4.41,4.33,4.36,83452111,407015680.000
2013-03-22,4.36,4.38,4.33,4.36,55306984,268838432.000
2013-03-25,4.38,4.42,4.37,4.40,60969934,298704800.000
2013-03-26,4.38,4.40,4.29,4.30,71155672,343365088.000
2013-03-27,4.31,4.41,4.31,4.36,65586040,318124736.000
2013-03-28,4.25,4.25,4.15,4.19,135285264,634135872.000
2013-03-29,4.20,4.23,4.18,4.21,41864315,197071440.000
2013-04-01,4.19,4.21,4.16,4.19,42670039,199896512.000
2013-04-02,4.20,4.23,4.18,4.21,43919464,206348640.000
2013-04-03,4.22,4.27,4.21,4.23,41895734,198462816.000
2013-04-08,4.18,4.21,4.15,4.18,69217272,323534816.000
2013-04-09,4.20,4.23,4.18,4.19,47703779,224089392.000
2013-04-10,4.19,4.20,4.15,4.17,35049799,163671808.000
2013-04-11,4.19,4.21,4.16,4.16,39789625,186416640.000
2013-04-12,4.17,4.18,4.13,4.15,35411734,164774992.000
2013-04-15,4.15,4.18,4.11,4.17,62836217,292172736.000
2013-04-16,4.15,4.17,4.11,4.13,65166971,301951072.000
2013-04-17,4.14,4.14,4.07,4.08,61088513,280791168.000
2013-04-18,4.06,4.13,4.05,4.12,50168826,230203168.000
2013-04-19,4.13,4.27,4.11,4.23,105779504,497192960.000
2013-04-22,4.23,4.24,4.21,4.22,44219594,209017920.000
2013-04-23,4.23,4.24,4.09,4.09,52298123,242487504.000
2013-04-24,4.11,4.19,4.09,4.15,48330955,224068800.000
2013-04-25,4.14,4.16,4.09,4.15,56877765,263241568.000
2013-04-26,4.16,4.17,4.11,4.13,41941465,194626048.000
2013-05-02,4.14,4.16,4.12,4.14,39125852,181420464.000
2013-05-03,4.15,4.26,4.14,4.19,60095294,282978816.000
2013-05-06,4.21,4.25,4.19,4.22,47030430,222058672.000
2013-05-07,4.21,4.22,4.17,4.18,50010760,234480464.000
2013-05-08,4.22,4.25,4.20,4.23,54415326,257459776.000
2013-05-09,4.24,4.25,4.20,4.23,35515681,167824032.000
2013-05-10,4.21,4.25,4.21,4.24,41714344,197399424.000
2013-05-13,4.25,4.25,4.16,4.18,67771489,318191200.000
2013-05-14,4.17,4.19,4.11,4.12,61657258,285833408.000
2013-05-15,4.13,4.14,4.11,4.13,26938443,124649552.000
2013-05-16,4.12,4.19,4.10,4.16,75794735,352178496.000
2013-05-17,4.17,4.25,4.15,4.23,81894885,385064512.000
2013-05-20,4.24,4.33,4.24,4.28,75891239,363148256.000
2013-05-21,4.27,4.29,4.24,4.27,48520733,231039200.000
2013-05-22,4.28,4.30,4.24,4.29,50850061,242820880.000
2013-05-23,4.27,4.29,4.21,4.23,54419948,258354176.000
2013-05-24,4.25,4.27,4.22,4.25,46997306,222956864.000
2013-05-27,4.23,4.26,4.21,4.22,47012043,222605696.000
2013-05-28,4.22,4.30,4.20,4.30,63175398,299937088.000
2013-05-29,4.30,4.32,4.25,4.26,63484088,304157984.000
2013-05-30,4.26,4.28,4.23,4.24,54870289,260882256.000
2013-05-31,4.25,4.26,4.21,4.21,44121727,208971520.000
2013-06-03,4.21,4.24,4.21,4.22,40972384,193435664.000
2013-06-04,4.22,4.22,4.18,4.19,51176569,240413376.000
2013-06-05,4.20,4.21,4.16,4.17,41254214,193180352.000
2013-06-06,4.17,4.18,4.11,4.12,42585800,197826272.000
2013-06-07,4.13,4.15,4.08,4.09,50292375,231971456.000
2013-06-13,4.06,4.06,3.92,4.01,103918653,465042592.000
2013-06-14,4.00,4.02,3.96,3.98,66955737,300456288.000
2013-06-17,4.01,4.03,3.96,3.97,42538835,191002896.000
2013-06-18,4.00,4.01,3.93,3.96,64550618,287972320.000
2013-06-19,3.95,3.95,3.88,3.92,45965741,202986352.000
2013-06-20,3.90,3.92,3.79,3.79,70553698,306462016.000
2013-06-21,3.76,3.80,3.73,3.74,67055623,286209632.000
2013-06-24,3.75,3.75,3.52,3.53,154616898,633269696.000
2013-06-25,3.51,3.59,3.38,3.56,162959088,649457600.000
2013-06-26,3.57,3.58,3.46,3.49,114501622,459258048.000
2013-06-27,3.51,3.57,3.48,3.50,122022544,490773472.000
2013-06-28,3.51,3.61,3.49,3.57,121707243,493694240.000
2013-07-01,3.56,3.58,3.51,3.55,100444581,405896192.000
2013-07-02,3.55,3.56,3.51,3.53,63784571,257138288.000
2013-07-03,3.53,3.53,3.47,3.50,57169593,228361440.000
2013-07-04,3.50,3.58,3.49,3.57,86875580,351546912.000
2013-07-05,3.57,3.61,3.56,3.57,50345600,205400720.000
2013-07-08,3.55,3.56,3.51,3.53,56358794,227166080.000
2013-07-09,3.53,3.56,3.52,3.56,45891513,185376816.000
2013-07-10,3.56,3.60,3.55,3.59,78530912,320425664.000
2013-07-11,3.62,3.85,3.61,3.77,170979200,683243136.000
2013-07-12,3.76,3.78,3.66,3.66,100184479,399642272.000
2013-07-15,3.70,3.80,3.68,3.73,84409405,337691328.000
2013-07-16,3.72,3.73,3.67,3.73,55055348,217818944.000
2013-07-17,3.72,3.75,3.68,3.69,59084937,234771936.000
2013-07-18,3.70,3.71,3.63,3.65,55373116,216789792.000
2013-07-19,3.66,3.66,3.57,3.58,79325793,306864832.000
2013-07-22,3.55,3.55,3.51,3.53,80978158,306917504.000
2013-07-23,3.55,3.64,3.53,3.59,90339574,347988512.000
2013-07-24,3.57,3.58,3.50,3.53,81327951,308641696.000
2013-07-25,3.54,3.56,3.51,3.53,59363350,225200224.000
2013-07-26,3.51,3.53,3.49,3.50,45712308,172281440.000
2013-07-29,3.48,3.48,3.42,3.43,69150466,256063440.000
2013-07-30,3.44,3.53,3.43,3.48,61979510,231906336.000
2013-07-31,3.50,3.53,3.48,3.50,51705138,194927840.000
2013-08-01,3.51,3.59,3.50,3.57,56254187,214647952.000
2013-08-02,3.59,3.61,3.55,3.56,37705450,144569248.000
2013-08-05,3.57,3.59,3.55,3.59,37269204,142723296.000
2013-08-06,3.57,3.61,3.55,3.58,38372674,147351088.000
2013-08-07,3.58,3.62,3.57,3.58,50901619,196620304.000
2013-08-08,3.59,3.62,3.57,3.59,46444879,178964144.000
2013-08-09,3.61,3.63,3.55,3.59,53078893,204468224.000
2013-08-12,3.61,3.69,3.59,3.69,81568745,318548480.000
2013-08-13,3.68,3.71,3.65,3.70,56607251,222971664.000
2013-08-14,3.70,3.74,3.67,3.68,61134187,242503264.000
2013-08-15,3.68,3.71,3.64,3.66,46886305,184715792.000
2013-08-16,3.64,4.05,3.62,3.67,191556526,767127168.000
2013-08-19,3.65,3.72,3.64,3.71,71839383,283070592.000
2013-08-20,3.71,3.77,3.68,3.70,81614037,324451008.000
2013-08-21,3.72,3.72,3.65,3.67,52416215,206389248.000
2013-08-22,3.66,3.70,3.63,3.64,60066416,235970464.000
2013-08-23,3.65,3.67,3.55,3.60,66324389,256916368.000
2013-08-26,3.61,3.67,3.59,3.65,72175559,281057120.000
2013-08-27,3.66,3.67,3.62,3.66,64712137,252683312.000
2013-08-28,3.64,3.70,3.59,3.67,85445649,334626112.000
2013-08-29,3.69,3.71,3.64,3.66,53405493,210026112.000
2013-08-30,3.66,3.70,3.63,3.68,69242825,272087936.000
2013-09-02,3.69,3.70,3.66,3.68,60751552,239478400.000
2013-09-03,3.69,3.74,3.68,3.74,81336651,323673664.000
2013-09-04,3.73,3.76,3.72,3.74,57580066,230251568.000
2013-09-05,3.74,3.74,3.71,3.72,32696552,130253616.000
2013-09-06,3.71,3.88,3.71,3.84,170336155,694109440.000
2013-09-09,3.91,4.25,3.91,4.25,476720758,2096666496.000
2013-09-10,4.29,4.34,4.14,4.27,339822717,1525942656.000
2013-09-11,4.26,4.35,4.22,4.23,225854511,1023459520.000
2013-09-12,4.20,4.51,4.18,4.40,414188380,1914279808.000
2013-09-13,4.35,4.62,4.34,4.42,313158771,1481264768.000
2013-09-16,4.47,4.50,4.28,4.31,203134309,936724544.000
2013-09-17,4.30,4.37,4.14,4.15,156734606,700946432.000
2013-09-18,4.15,4.19,4.09,4.17,109374640,483037568.000
2013-09-23,4.19,4.20,4.12,4.19,89742719,397248832.000
2013-09-24,4.17,4.18,4.00,4.04,147878720,639361408.000
2013-09-25,4.02,4.14,4.01,4.03,86776379,375884224.000
2013-09-26,4.02,4.03,3.90,3.92,99898871,419043200.000
2013-09-27,3.92,3.97,3.92,3.96,49272712,206905536.000
2013-09-30,4.03,4.07,3.99,4.04,65572682,281085472.000
2013-10-08,4.01,4.04,3.95,4.02,77736988,330837888.000
2013-10-09,3.99,4.07,3.97,4.04,68029262,291982240.000
2013-10-10,4.05,4.05,3.94,3.96,73969045,313989184.000
2013-10-11,3.99,4.11,3.96,4.06,136890281,587180352.000
2013-10-14,4.06,4.07,3.99,4.02,88580584,379978528.000
2013-10-15,4.02,4.02,3.97,3.99,47455320,201980704.000
2013-10-16,3.98,3.99,3.94,3.96,60907921,256995824.000
2013-10-17,3.98,3.99,3.92,3.93,42504351,178945680.000
2013-10-18,3.93,3.98,3.92,3.95,34843940,146807728.000
2013-10-21,3.96,4.00,3.92,3.99,51320640,216506160.000
2013-10-22,3.98,3.98,3.93,3.95,33992093,143214496.000
2013-10-23,3.96,4.03,3.93,3.94,76549220,324312064.000
2013-10-24,3.93,3.95,3.89,3.90,63212969,263940976.000
2013-10-25,3.91,3.95,3.88,3.89,65366792,272796512.000
2013-10-28,3.90,3.91,3.85,3.90,41611586,172508000.000
2013-10-29,3.91,4.02,3.91,3.97,114035919,481789344.000
2013-10-30,3.97,4.01,3.92,4.00,71394670,302332544.000
2013-10-31,3.96,3.96,3.90,3.93,77430161,324234656.000
2013-11-01,3.93,3.97,3.92,3.96,54462891,228920880.000
2013-11-04,3.98,3.99,3.92,3.94,39245956,165181424.000
2013-11-05,3.93,3.94,3.89,3.93,46775579,195196768.000
2013-11-06,3.90,3.92,3.88,3.89,44484296,185084608.000
2013-11-07,3.90,3.91,3.87,3.90,39708687,164947184.000
2013-11-08,3.88,3.92,3.87,3.88,36287168,150760448.000
2013-11-11,3.88,3.90,3.86,3.87,32393071,133953608.000
2013-11-12,3.89,3.91,3.88,3.90,43252898,179826592.000
2013-11-13,3.88,3.88,3.76,3.77,72473782,295657056.000
2013-11-14,3.79,3.79,3.70,3.72,68949341,275870080.000
2013-11-15,3.74,3.81,3.73,3.78,92351596,372922816.000
2013-11-18,3.80,3.92,3.78,3.90,108672466,446044256.000
2013-11-19,3.90,3.92,3.87,3.88,65615442,272388960.000
2013-11-20,3.90,3.93,3.88,3.90,46128486,192121776.000
2013-11-21,3.89,3.90,3.84,3.88,53210862,219524560.000
2013-11-22,3.89,3.90,3.86,3.87,38758343,160355120.000
2013-11-25,3.86,3.90,3.85,3.86,39223322,162194496.000
2013-11-26,3.86,3.88,3.83,3.85,31497758,129572952.000
2013-11-27,3.85,3.88,3.82,3.86,50964216,209501552.000
2013-11-28,3.86,3.92,3.85,3.90,55101794,228849664.000
2013-11-29,3.91,3.92,3.88,3.88,35187458,146204544.000
2013-12-02,3.91,3.98,3.88,3.93,118384420,495550560.000
2013-12-03,3.93,3.98,3.91,3.96,69548028,292464096.000
2013-12-04,3.95,4.03,3.94,4.00,89297187,380335424.000
2013-12-05,4.00,4.01,3.96,3.98,46360040,196653760.000
2013-12-06,3.97,3.99,3.93,3.96,51801868,218239232.000
2013-12-09,3.96,3.98,3.94,3.94,26095954,110067032.000
2013-12-10,3.96,3.97,3.93,3.94,42966917,181043952.000
2013-12-11,3.93,3.94,3.87,3.88,41372429,172044960.000
2013-12-12,3.87,3.89,3.85,3.86,32602299,134561216.000
2013-12-13,3.83,3.86,3.82,3.83,45631208,186972112.000
2013-12-16,3.86,3.88,3.80,3.81,48584220,199171152.000
2013-12-17,3.81,3.87,3.80,3.82,51348015,210218320.000
2013-12-18,3.83,3.86,3.81,3.82,35682849,146001072.000
2013-12-19,3.84,3.85,3.76,3.78,51498778,209822912.000
2013-12-20,3.78,3.80,3.39,3.60,82661778,328998656.000
2013-12-23,3.67,3.72,3.64,3.68,47384526,186870704.000
2013-12-24,3.70,3.72,3.65,3.67,33875985,133759872.000
2013-12-25,3.69,3.70,3.63,3.65,40420068,158324848.000
2013-12-26,3.65,3.66,3.58,3.59,49026065,189960160.000
2013-12-27,3.61,3.66,3.60,3.63,77578330,301271296.000
2013-12-30,3.65,3.67,3.51,3.54,203907624,781325056.000
2013-12-31,3.53,3.60,3.51,3.58,125516929,479260256.000
2014-01-02,3.56,3.58,3.54,3.56,57317906,218979008.000
2014-01-03,3.55,3.57,3.50,3.53,64039689,242603648.000
2014-01-06,3.53,3.53,3.46,3.49,73494740,275265600.000
2014-01-07,3.47,3.53,3.46,3.51,48477576,182450048.000
2014-01-08,3.51,3.58,3.50,3.54,47952085,182189344.000
2014-01-09,3.52,3.57,3.51,3.53,39753222,151025584.000
2014-01-10,3.52,3.55,3.51,3.54,37357254,141551008.000
2014-01-13,3.55,3.58,3.54,3.56,44518786,169942640.000
2014-01-14,3.56,3.57,3.51,3.53,55034272,208791376.000
2014-01-15,3.53,3.54,3.48,3.50,39736497,149429776.000
2014-01-16,3.50,3.52,3.47,3.50,37814078,141847456.000
2014-01-17,3.49,3.50,3.45,3.46,44992450,167944240.000
2014-01-20,3.47,3.47,3.44,3.46,32265933,119797496.000
2014-01-21,3.46,3.49,3.45,3.47,33321389,124350096.000
2014-01-22,3.47,3.53,3.46,3.52,53780476,202276688.000
2014-01-23,3.51,3.51,3.48,3.48,33085407,124141416.000
2014-01-24,3.47,3.51,3.46,3.48,46876672,175533520.000
2014-01-27,3.47,3.50,3.46,3.49,90916764,340204608.000
2014-01-28,3.50,3.56,3.49,3.54,71124819,269344800.000
2014-01-29,3.55,3.56,3.53,3.54,32012106,121932152.000
2014-01-30,3.54,3.55,3.52,3.52,26525000,100514184.000
2014-02-07,3.51,3.51,3.47,3.51,35350239,132485144.000
2014-02-10,3.52,3.55,3.51,3.54,65539047,248891504.000
2014-02-11,3.55,3.65,3.54,3.61,130768672,504983712.000
2014-02-12,3.60,3.67,3.59,3.62,74340195,288987840.000
2014-02-13,3.61,3.72,3.59,3.66,117624110,460979200.000
2014-02-14,3.65,3.67,3.63,3.64,50428669,196931072.000
2014-02-17,3.66,3.67,3.62,3.63,50578507,197045360.000
2014-02-18,3.63,3.64,3.56,3.57,47238979,181826112.000
2014-02-19,3.57,3.69,3.55,3.66,89208593,347596064.000
2014-02-20,3.65,3.76,3.63,3.64,92178218,363478720.000
2014-02-21,3.64,3.66,3.58,3.60,51032207,197696272.000
2014-02-24,3.58,3.58,3.50,3.53,100610835,380914112.000
2014-02-25,3.54,3.56,3.50,3.52,52877984,200475888.000
2014-02-26,3.50,3.53,3.48,3.51,37262781,140329440.000
2014-02-27,3.52,3.56,3.48,3.54,75112779,284499488.000
2014-02-28,3.52,3.55,3.49,3.53,51510616,194550192.000
2014-03-03,3.51,3.52,3.48,3.50,66013223,248043328.000
2014-03-04,3.49,3.50,3.45,3.50,56782985,212010832.000
2014-03-05,3.49,3.50,3.45,3.46,43951716,163912752.000
2014-03-06,3.46,3.49,3.44,3.47,49919128,185940656.000
2014-03-07,3.47,3.50,3.44,3.45,43874000,163564896.000
2014-03-10,3.43,3.44,3.36,3.38,69157743,252779520.000
2014-03-11,3.37,3.41,3.36,3.37,47821065,173909936.000
2014-03-12,3.37,3.41,3.33,3.38,65225219,236774416.000
2014-03-13,3.40,3.52,3.39,3.44,89483218,331955872.000
2014-03-14,3.41,3.44,3.37,3.39,52148462,190923280.000
2014-03-17,3.41,3.42,3.39,3.41,29287190,107376560.000
2014-03-18,3.41,3.42,3.39,3.40,33024316,120888936.000
2014-03-19,3.39,3.40,3.36,3.39,31832566,115738224.000
2014-03-20,3.38,3.43,3.37,3.38,37494202,137368160.000
2014-03-21,3.36,3.52,3.35,3.51,124537669,462985952.000
2014-03-24,3.55,3.58,3.51,3.56,118043864,449414592.000
2014-03-25,3.54,3.56,3.51,3.52,48919835,185454400.000
2014-03-26,3.54,3.55,3.51,3.52,40895186,154860016.000
2014-03-27,3.52,3.57,3.48,3.52,71222173,269518112.000
2014-03-28,3.51,3.59,3.51,3.56,102641281,390921216.000
2014-03-31,3.55,3.55,3.49,3.52,84760394,320009248.000
2014-04-01,3.51,3.55,3.50,3.52,54590098,206541456.000
2014-04-02,3.52,3.55,3.51,3.54,61663245,233794912.000
2014-04-03,3.55,3.56,3.46,3.48,108936132,410207648.000
2014-04-04,3.48,3.51,3.46,3.50,62512593,234510080.000
2014-04-08,3.50,3.62,3.49,3.59,169960921,649902016.000
2014-04-09,3.59,3.60,3.55,3.58,104337273,400241280.000
2014-04-10,3.58,3.66,3.56,3.62,128549265,496750848.000
2014-04-11,3.61,3.65,3.59,3.63,120642809,467704000.000
2014-04-14,3.62,3.64,3.59,3.61,50910938,197019872.000
2014-04-15,3.60,3.61,3.52,3.53,83116655,317091296.000
2014-04-16,3.52,3.56,3.51,3.53,55878250,212119344.000
2014-04-17,3.54,3.55,3.52,3.52,31771100,120484568.000
2014-04-18,3.52,3.53,3.49,3.52,35952054,135583520.000
2014-04-21,3.51,3.54,3.46,3.46,53998678,202844592.000
2014-04-22,3.46,3.49,3.45,3.48,50759519,189304992.000
2014-04-23,3.47,3.48,3.46,3.47,46225366,172360432.000
2014-04-24,3.47,3.49,3.45,3.47,42153270,157088704.000
2014-04-25,3.47,3.51,3.46,3.47,62428663,233989696.000
2014-04-28,3.47,3.48,3.44,3.45,62301387,231649136.000
2014-04-29,3.45,3.47,3.43,3.45,65084805,241234880.000
2014-04-30,3.47,3.47,3.44,3.45,52252777,193705408.000
2014-05-05,3.44,3.46,3.42,3.45,55226755,204103072.000
2014-05-06,3.44,3.47,3.43,3.46,36467210,135511392.000
2014-05-07,3.45,3.46,3.44,3.45,37415495,138922288.000
2014-05-08,3.45,3.48,3.44,3.45,42747173,159184896.000
2014-05-09,3.46,3.47,3.44,3.46,28823066,107172216.000
2014-05-12,3.47,3.51,3.46,3.50,74044565,277864736.000
2014-05-13,3.50,3.51,3.48,3.50,40800600,153297120.000
2014-05-14,3.50,3.51,3.48,3.51,33504956,125983184.000
2014-05-15,3.52,3.55,3.50,3.51,95394713,361068736.000
2014-05-16,3.50,3.52,3.49,3.51,53572956,201826192.000
2014-05-19,3.50,3.51,3.47,3.48,43408958,162721472.000
2014-05-20,3.49,3.51,3.49,3.50,38452151,144594400.000
2014-05-21,3.49,3.54,3.48,3.53,58584526,221132960.000
2014-05-22,3.53,3.57,3.52,3.53,61886973,235708144.000
2014-05-23,3.54,3.55,3.51,3.55,41430775,157079968.000
2014-05-26,3.56,3.56,3.53,3.54,28966283,110259848.000
2014-05-27,3.54,3.56,3.53,3.54,37120390,141217568.000
2014-05-28,3.54,3.57,3.53,3.56,43124340,164372992.000
2014-05-29,3.57,3.57,3.55,3.56,40613132,155262352.000
2014-05-30,3.56,3.56,3.54,3.55,38037231,144893040.000
2014-06-03,3.55,3.57,3.55,3.56,39803426,152107808.000
2014-06-04,3.56,3.56,3.52,3.54,33324175,126536480.000
2014-06-05,3.54,3.58,3.52,3.57,50595746,192990832.000
2014-06-06,3.57,3.58,3.53,3.53,34315479,130747808.000
2014-06-09,3.53,3.58,3.53,3.55,42259700,161348608.000
2014-06-10,3.56,3.59,3.55,3.59,67243245,257558896.000
2014-06-11,3.59,3.59,3.56,3.58,42414538,162767808.000
2014-06-12,3.57,3.58,3.56,3.58,37552754,143888064.000
2014-06-13,3.57,3.64,3.56,3.62,111573966,431710112.000
2014-06-16,3.62,3.66,3.61,3.66,82670770,322152064.000
2014-06-17,3.64,3.65,3.60,3.62,64162233,249282288.000
2014-06-18,3.61,3.62,3.58,3.59,60579088,233817008.000
2014-06-19,3.59,3.60,3.55,3.56,51299707,196862016.000
2014-06-20,3.56,3.59,3.56,3.58,38578388,148013168.000
2014-06-23,3.58,3.62,3.57,3.60,40106678,154667184.000
2014-06-24,3.59,3.62,3.59,3.61,27723800,107164856.000
2014-06-25,3.61,3.61,3.58,3.59,29116518,112252008.000
2014-06-26,3.59,3.62,3.59,3.60,29941501,115756296.000
2014-06-27,3.60,3.61,3.59,3.61,31932804,123212312.000
2014-06-30,3.61,3.63,3.60,3.62,34364915,133388288.000
2014-07-01,3.63,3.64,3.60,3.62,30677071,118979816.000
2014-07-02,3.62,3.64,3.61,3.64,43619324,169395648.000
2014-07-03,3.64,3.65,3.62,3.64,43733294,170521824.000
2014-07-04,3.65,3.69,3.64,3.67,65847835,258485072.000
2014-07-07,3.68,3.71,3.67,3.70,58243492,230416896.000
2014-07-08,3.70,3.71,3.67,3.70,44475002,175935728.000
2014-07-09,3.70,3.70,3.64,3.65,60596948,238279968.000
2014-07-10,3.65,3.67,3.63,3.64,70417646,275569184.000
2014-07-11,3.66,3.69,3.64,3.66,107036593,392864800.000
2014-07-14,3.67,3.68,3.65,3.67,72031437,263991792.000
2014-07-15,3.66,3.69,3.66,3.69,73078095,269154496.000
2014-07-16,3.69,3.75,3.68,3.73,101465619,376017120.000
2014-07-17,3.73,3.73,3.68,3.70,50863556,188228528.000
2014-07-18,3.68,3.72,3.68,3.71,40084382,148378336.000
2014-07-21,3.70,3.71,3.68,3.69,29693869,109609808.000
2014-07-22,3.68,3.72,3.68,3.70,43215196,160166544.000
2014-07-23,3.70,3.74,3.70,3.72,56363501,209856368.000
2014-07-24,3.73,3.83,3.72,3.82,146238856,553475328.000
2014-07-25,3.82,3.85,3.81,3.84,71854495,275221600.000
2014-07-28,3.90,4.22,3.90,4.22,577892028,2413050368.000
2014-07-29,4.35,4.57,4.25,4.50,767162977,3360630272.000
2014-07-30,4.38,4.52,4.36,4.39,460794295,2046736384.000
2014-07-31,4.39,4.62,4.35,4.60,508908749,2292336640.000
2014-08-01,4.55,4.60,4.46,4.47,373577735,1693067008.000
2014-08-04,4.50,4.55,4.40,4.50,246372346,1104119424.000
2014-08-05,4.45,4.50,4.38,4.42,249600221,1104104448.000
2014-08-06,4.38,4.42,4.33,4.40,178281344,780360640.000
2014-08-07,4.41,4.45,4.35,4.36,170278190,747809472.000
2014-08-08,4.35,4.45,4.35,4.40,175272222,771819008.000
2014-08-11,4.40,4.46,4.40,4.42,146932249,650045824.000
2014-08-12,4.40,4.41,4.34,4.35,153441701,669296960.000
2014-08-13,4.35,4.38,4.26,4.31,135752329,586390336.000
2014-08-14,4.33,4.34,4.28,4.29,98258408,423158464.000
2014-08-15,4.30,4.34,4.27,4.32,91346222,393506496.000
2014-08-18,4.33,4.38,4.31,4.33,92309699,400419552.000
2014-08-19,4.33,4.34,4.26,4.30,89896999,386551712.000
2014-08-20,4.29,4.30,4.26,4.28,73400011,314092064.000
2014-08-21,4.27,4.28,4.22,4.25,91001807,385779840.000
2014-08-22,4.24,4.27,4.22,4.27,65684471,279139296.000
2014-08-25,4.27,4.27,4.20,4.21,85382559,360074624.000
2014-08-26,4.20,4.27,4.20,4.24,92440269,391128896.000
2014-08-27,4.23,4.24,4.20,4.21,55116500,232559008.000
2014-08-28,4.21,4.23,4.14,4.14,92355497,387216992.000
2014-08-29,4.16,4.20,4.14,4.19,63075551,263160032.000
2014-09-01,4.20,4.22,4.16,4.20,64895722,272087456.000
2014-09-02,4.21,4.35,4.18,4.35,165596989,707075648.000
2014-09-03,4.33,4.42,4.32,4.35,149613718,654518464.000
2014-09-04,4.35,4.38,4.33,4.37,71453030,311205376.000
2014-09-05,4.38,4.41,4.36,4.40,88248306,386763072.000
2014-09-09,4.40,4.41,4.33,4.34,76084945,331573504.000
2014-09-10,4.35,4.36,4.28,4.31,90183529,388952928.000
2014-09-11,4.31,4.38,4.29,4.31,92755829,401269120.000
2014-09-12,4.31,4.33,4.27,4.32,53448486,229640832.000
2014-09-15,4.33,4.35,4.29,4.31,96226677,414954720.000
2014-09-16,4.32,4.39,4.29,4.30,165554087,718100672.000
2014-09-17,4.31,4.33,4.29,4.31,86192398,371343872.000
2014-09-18,4.31,4.47,4.30,4.39,282281142,1239742976.000
2014-09-19,4.39,4.41,4.36,4.40,116494962,511198432.000
2014-09-22,4.37,4.38,4.25,4.27,117186790,503540768.000
2014-09-23,4.26,4.29,4.23,4.27,65470567,279244608.000
2014-09-24,4.25,4.36,4.24,4.33,163109836,701281216.000
2014-09-25,4.36,4.38,4.32,4.32,106447492,462869536.000
2014-09-26,4.31,4.33,4.27,4.30,64863945,278744576.000
2014-09-29,4.30,4.33,4.27,4.30,119332325,511889600.000
2014-09-30,4.30,4.31,4.27,4.29,83282005,356566144.000
2014-10-08,4.30,4.30,4.26,4.30,92800300,397310560.000
2014-10-09,4.30,4.31,4.27,4.29,71725378,307736640.000
2014-10-10,4.27,4.29,4.25,4.26,87518661,373210208.000
2014-10-13,4.24,4.25,4.20,4.23,84851166,358076992.000
2014-10-14,4.21,4.25,4.19,4.21,80648283,339769568.000
2014-10-15,4.20,4.25,4.19,4.23,65368578,275799968.000
2014-10-16,4.21,4.31,4.20,4.24,136765173,583144384.000
2014-10-17,4.23,4.25,4.16,4.21,97941642,412494336.000
2014-10-20,4.22,4.24,4.21,4.22,51210815,216166256.000
2014-10-21,4.23,4.24,4.20,4.21,52809441,222815360.000
2014-10-22,4.22,4.24,4.20,4.21,57292702,241619792.000
2014-10-23,4.22,4.25,4.19,4.19,89212392,376586464.000
2014-10-24,4.20,4.23,4.19,4.20,61520029,258966496.000
2014-10-27,4.20,4.21,4.11,4.14,97093823,402741824.000
2014-10-28,4.13,4.18,4.13,4.18,71163382,295591360.000
2014-10-29,4.19,4.25,4.17,4.23,103388368,434729920.000
2014-10-30,4.22,4.30,4.20,4.28,164712076,700052800.000
2014-10-31,4.28,4.47,4.27,4.41,338151616,1478228096.000
2014-11-03,4.42,4.43,4.35,4.37,164486605,721081920.000
2014-11-04,4.38,4.39,4.31,4.34,134283580,582085696.000
2014-11-05,4.34,4.35,4.31,4.32,79487423,343464448.000
2014-11-06,4.33,4.34,4.28,4.31,71584562,308780384.000
2014-11-07,4.32,4.41,4.30,4.33,194431459,847462656.000
2014-11-10,4.39,4.46,4.38,4.44,230584465,1019310400.000
2014-11-11,4.48,4.88,4.47,4.71,616335094,2882455040.000
2014-11-12,4.65,4.70,4.55,4.65,230484275,1063532736.000
2014-11-13,4.66,4.75,4.61,4.64,194112518,907536000.000
2014-11-14,4.64,4.65,4.54,4.60,151560226,694605696.000
2014-11-17,4.64,4.65,4.48,4.50,195915179,886631872.000
2014-11-18,4.51,4.51,4.36,4.38,189768963,836693248.000
2014-11-19,4.36,4.40,4.35,4.37,96036912,419863904.000
2014-11-20,4.35,4.40,4.34,4.38,122116473,533659072.000
2014-11-21,4.37,4.45,4.35,4.43,145206366,638530240.000
2014-11-24,4.37,4.47,4.34,4.43,337481114,1489587328.000
2014-11-25,4.42,4.51,4.39,4.49,251805541,1117566592.000
2014-11-26,4.49,4.70,4.48,4.65,398150848,1824985088.000
2014-11-27,4.73,4.87,4.71,4.85,593188349,2851687168.000
2014-11-28,4.88,5.34,4.84,5.34,961722610,4947163648.000
2014-12-01,5.46,5.80,5.38,5.42,874575383,4857664000.000
2014-12-02,5.36,5.96,5.34,5.96,798466482,4533412864.000
2014-12-03,5.97,6.23,5.68,5.86,845859666,5074989568.000
2014-12-04,5.84,6.20,5.68,6.19,722488272,4318143488.000
2014-12-05,6.25,6.59,6.00,6.25,938665689,5867396096.000
2014-12-08,6.10,6.40,6.00,6.30,723659261,4507115520.000
2014-12-09,6.16,6.39,5.67,5.69,864551095,5251991040.000
2014-12-10,5.69,5.89,5.35,5.76,683038922,3829449984.000
2014-12-11,5.60,5.84,5.53,5.64,482084891,2734733312.000
2014-12-12,5.65,5.83,5.61,5.69,352051679,2006664320.000
2014-12-15,5.60,5.64,5.44,5.57,347191466,1917368320.000
2014-12-16,5.56,5.80,5.50,5.80,566470406,3212535808.000
2014-12-17,5.85,6.28,5.78,6.15,965033224,5830589952.000
2014-12-18,6.24,6.25,5.95,6.07,649536733,3955284736.000
2014-12-19,6.07,6.28,5.97,6.21,616770337,3801234688.000
2014-12-22,6.23,6.75,6.15,6.51,872883027,5668608512.000
2014-12-23,6.38,6.54,6.16,6.17,543934280,3461750272.000
2014-12-24,6.18,6.22,5.72,5.84,500420278,2977065984.000
2014-12-25,5.95,6.14,5.80,6.08,434311732,2608694784.000
2014-12-26,6.08,6.35,6.04,6.32,481976943,2998897152.000
2014-12-29,6.54,6.73,6.20,6.34,791224550,5099338752.000
2014-12-30,6.32,6.67,6.27,6.61,637545691,4148498432.000
2014-12-31,6.68,6.88,6.53,6.80,702554995,4739209728.000
2015-01-05,6.83,7.15,6.72,7.05,662083209,4590560768.000
2015-01-06,6.94,7.33,6.86,6.90,573292084,4031761664.000
2015-01-07,6.81,6.89,6.64,6.76,416414684,2815040512.000
2015-01-08,6.79,6.83,6.48,6.53,411691308,2718756096.000
2015-01-09,6.46,6.95,6.42,6.50,602059765,4010379776.000
2015-01-12,6.47,6.58,6.33,6.48,348078114,2244689408.000
2015-01-13,6.45,6.54,6.40,6.49,181708761,1178228736.000
2015-01-14,6.52,6.72,6.51,6.63,307802314,2036703488.000
2015-01-15,6.63,6.87,6.55,6.85,322818128,2171963648.000
2015-01-16,6.95,7.39,6.87,7.21,819274923,5822498816.000
2015-01-19,6.54,6.84,6.49,6.49,733376706,4860065280.000
2015-01-20,6.51,6.62,6.31,6.48,466939600,3028735488.000
2015-01-21,6.53,6.90,6.42,6.84,575265679,3846062592.000
2015-01-22,6.81,6.95,6.75,6.88,462001336,3162656256.000
2015-01-23,6.90,7.10,6.79,6.86,436110505,3026419968.000
2015-01-26,6.83,6.86,6.63,6.76,324138185,2180853504.000
2015-01-27,6.74,6.77,6.42,6.53,476303797,3116684288.000
2015-01-28,6.46,6.52,6.36,6.39,347517100,2232867840.000
2015-01-29,6.29,6.38,6.22,6.32,245861268,1548535680.000
2015-01-30,6.37,6.40,6.22,6.23,201649689,1271800192.000
2015-02-02,6.08,6.14,5.95,5.96,273577703,1651999872.000
2015-02-03,6.04,6.15,5.95,6.14,225362881,1360873088.000
2015-02-04,6.16,6.20,6.01,6.02,195182567,1194947584.000
2015-02-05,6.35,6.35,5.99,6.00,432401469,2678993152.000
2015-02-06,5.97,6.07,5.84,5.90,205823743,1227801984.000
2015-02-09,5.89,6.08,5.82,6.03,213995119,1272328576.000
2015-02-10,6.03,6.19,5.99,6.15,197374612,1205622784.000
2015-02-11,6.16,6.21,6.09,6.12,116781532,717001024.000
2015-02-12,6.14,6.15,6.03,6.11,91959448,559458752.000
2015-02-13,6.12,6.22,6.07,6.11,227031968,1395482240.000
2015-02-16,6.12,6.12,6.04,6.08,150942859,916061184.000
2015-02-17,6.10,6.15,6.08,6.10,119429862,729998528.000
2015-02-25,6.11,6.12,5.98,6.02,152223274,921604352.000
2015-02-26,6.01,6.14,5.95,6.12,208645396,1265329408.000
2015-02-27,6.13,6.16,6.05,6.08,203469156,1242418688.000
2015-03-02,6.09,6.12,6.01,6.08,315131330,1905016832.000
2015-03-03,6.06,6.06,5.88,5.88,287155707,1710282624.000
2015-03-04,5.89,5.92,5.80,5.85,181215515,1061545536.000
2015-03-05,5.81,5.82,5.61,5.68,300332183,1714676480.000
2015-03-06,5.69,5.84,5.67,5.83,247036736,1424144768.000
2015-03-09,5.85,6.18,5.75,6.12,518678890,3119147264.000
2015-03-10,6.15,6.19,6.03,6.08,377657219,2306848768.000
2015-03-11,6.07,6.24,6.07,6.11,321108477,1977270272.000
2015-03-12,6.25,6.48,6.15,6.36,625599245,3956624384.000
2015-03-13,6.36,6.49,6.22,6.29,482458815,3075862016.000
2015-03-16,6.32,6.37,6.23,6.34,332374381,2098194944.000
2015-03-17,6.44,6.52,6.33,6.40,395824992,2529920256.000
2015-03-18,6.39,6.56,6.39,6.54,520375226,3372692224.000
2015-03-19,6.55,6.55,6.39,6.44,367037278,2369277952.000
2015-03-20,6.45,6.61,6.36,6.48,530578784,3435966720.000
2015-03-23,6.55,6.58,6.48,6.53,434967513,2836373504.000
2015-03-24,6.52,6.60,6.43,6.45,515865642,3340165632.000
2015-03-25,6.40,6.44,6.26,6.28,385454071,2442928128.000
2015-03-26,6.23,6.36,6.20,6.30,319732714,2010357120.000
2015-03-27,6.31,6.39,6.25,6.32,311092925,1966419200.000
2015-03-30,6.36,6.52,6.33,6.49,583985565,3766071296.000
2015-03-31,6.59,6.65,6.38,6.39,573530029,3742714880.000
2015-04-01,6.39,6.48,6.36,6.43,381992440,2450792192.000
2015-04-02,6.48,6.49,6.33,6.38,385007370,2461122048.000
2015-04-03,6.36,6.41,6.33,6.40,343340594,2188157440.000
2015-04-07,6.46,6.56,6.44,6.55,664765671,4320236032.000
2015-04-08,6.57,6.69,6.49,6.68,794384081,5240472064.000
2015-04-09,6.71,6.82,6.60,6.63,734460769,4912677376.000
2015-04-10,6.64,6.80,6.60,6.78,620467762,4168132864.000
数据来源:通达信
