601166 兴业银行 日线 前复权
      日期	    开盘	    最高	    最低	    收盘	    成交量	    成交额
2011-03-02,8.48,8.77,8.45,8.69,99028325,2655417856.000
2011-03-03,8.74,9.07,8.69,8.79,124406282,3407525632.000
2011-03-04,8.78,8.93,8.71,8.87,53015279,1440492032.000
2011-03-07,8.93,9.18,8.93,9.01,83906347,2336515328.000
2011-03-08,9.00,9.19,8.97,9.06,52887406,1477319296.000
2011-03-09,9.11,9.19,8.97,9.03,45573012,1272737792.000
2011-03-10,8.97,8.97,8.70,8.77,56460046,1534555392.000
2011-03-11,8.70,8.83,8.68,8.70,33242746,896708992.000
2011-03-14,8.70,8.83,8.66,8.77,27544336,744643328.000
2011-03-15,8.71,8.77,8.52,8.70,52384374,1399500928.000
2011-03-16,8.71,8.84,8.69,8.81,28235955,764632000.000
2011-03-17,8.70,8.75,8.61,8.65,25554752,685494208.000
2011-03-18,8.74,8.80,8.63,8.65,62069685,1668886656.000
2011-03-21,8.68,8.72,8.55,8.68,25274185,676112512.000
2011-03-22,8.71,8.99,8.63,8.90,54768218,1496218624.000
2011-03-23,8.86,9.10,8.84,9.03,48148504,1333726464.000
2011-03-24,9.04,9.11,8.97,8.99,35615350,989428480.000
2011-03-25,9.03,9.40,9.02,9.31,86977224,2477096448.000
2011-03-28,9.48,9.59,9.29,9.35,77341808,2236942848.000
2011-03-29,9.55,9.85,9.38,9.63,130687298,3842491648.000
2011-03-30,9.56,9.78,9.49,9.60,70266663,2068208128.000
2011-03-31,9.62,9.65,9.30,9.38,43947369,1270505088.000
2011-04-01,9.38,9.99,9.38,9.97,81860017,2426652160.000
2011-04-06,10.04,10.40,10.03,10.21,116067967,3607533056.000
2011-04-07,10.21,10.34,10.07,10.24,57595683,1783264896.000
2011-04-08,10.22,10.28,10.06,10.21,47161167,1453145344.000
2011-04-11,10.22,10.35,10.00,10.01,74056250,2285874176.000
2011-04-12,9.98,10.13,9.91,10.03,45007279,1369595392.000
2011-04-13,9.97,10.32,9.84,10.29,70799548,2155377664.000
2011-04-14,10.22,10.33,10.12,10.16,54111572,1675364864.000
2011-04-15,10.13,10.33,10.09,10.28,48042233,1486419712.000
2011-04-18,10.18,10.31,10.10,10.22,46123918,1427471488.000
2011-04-20,10.00,10.09,9.76,9.84,68917612,2076912000.000
2011-04-21,9.89,9.95,9.74,9.81,39068991,1169071360.000
2011-04-22,9.76,9.84,9.58,9.65,40154769,1185204608.000
2011-04-25,9.64,9.87,9.62,9.74,43613316,1295476352.000
2011-04-26,9.71,9.90,9.70,9.85,50724517,1517404544.000
2011-04-27,9.88,9.94,9.52,9.63,46688492,1392641920.000
2011-04-28,9.76,10.22,9.76,9.93,81777368,2483483136.000
2011-04-29,9.62,9.71,9.34,9.56,88849513,2574544896.000
2011-05-03,9.48,9.55,9.41,9.52,34432289,998897600.000
2011-05-04,9.43,9.52,9.15,9.25,61620133,1755168000.000
2011-05-05,9.15,9.32,9.08,9.16,48325827,1363134848.000
2011-05-06,8.94,9.33,8.94,9.00,49793881,762141504.000
2011-05-09,8.93,9.05,8.75,8.85,71423646,1068319232.000
2011-05-10,8.85,9.03,8.73,8.99,57856728,867564224.000
2011-05-11,8.95,9.03,8.89,8.91,40550552,610007232.000
2011-05-12,8.86,8.90,8.71,8.74,42974187,638307584.000
2011-05-13,8.77,8.81,8.53,8.77,63953900,934681792.000
2011-05-16,8.68,8.81,8.57,8.57,46154042,675993664.000
2011-05-17,8.59,8.77,8.51,8.65,66049017,963322048.000
2011-05-18,8.62,8.81,8.59,8.79,67427901,993448320.000
2011-05-19,8.83,8.97,8.77,8.81,65076221,971224448.000
2011-05-20,8.80,8.99,8.79,8.90,52359660,785056640.000
2011-05-23,8.89,8.89,8.49,8.57,74878399,1089117312.000
2011-05-24,8.53,8.61,8.49,8.50,49172139,709587072.000
2011-05-25,8.49,8.50,8.19,8.21,59051994,832234880.000
2011-05-26,8.30,8.31,8.15,8.15,33333465,465710688.000
2011-05-27,8.16,8.29,8.12,8.23,44180097,618199104.000
2011-05-30,8.18,8.34,8.14,8.23,40881383,571068864.000
2011-05-31,8.25,8.38,8.23,8.37,41131346,579733696.000
2011-06-01,8.33,8.35,8.25,8.27,37210135,522947872.000
2011-06-02,8.12,8.18,7.75,7.89,90465552,1222422528.000
2011-06-03,7.89,7.92,7.76,7.91,60435147,809788736.000
2011-06-07,7.83,7.95,7.81,7.92,35806879,481812256.000
2011-06-08,7.93,7.93,7.71,7.83,54715047,728293184.000
2011-06-09,7.81,7.84,7.65,7.65,50859127,672575104.000
2011-06-10,7.66,7.75,7.65,7.73,40533233,533780000.000
2011-06-13,7.67,7.73,7.57,7.71,40623534,531898272.000
2011-06-14,7.69,8.03,7.67,7.87,78908190,1064435264.000
2011-06-15,7.82,7.83,7.68,7.69,40782000,541238400.000
2011-06-16,7.61,7.70,7.58,7.61,31636080,413778464.000
2011-06-17,7.59,7.73,7.59,7.59,27611302,361602816.000
2011-06-20,7.58,7.66,7.54,7.65,34143012,444555008.000
2011-06-21,7.68,7.73,7.61,7.72,44041382,578610368.000
2011-06-22,7.74,7.82,7.65,7.75,38676770,511954176.000
2011-06-23,7.71,7.90,7.68,7.87,40433079,538570816.000
2011-06-24,7.83,8.24,7.79,8.14,80348191,1101741952.000
2011-06-27,8.13,8.27,8.00,8.14,60668267,839460608.000
2011-06-28,8.11,8.17,7.95,8.05,44042035,601357312.000
2011-06-29,8.04,8.04,7.80,7.82,64028704,862639552.000
2011-06-30,7.82,8.00,7.80,7.90,45073580,608404096.000
2011-07-01,7.95,7.95,7.61,7.79,57235394,767248704.000
2011-07-04,7.85,8.25,7.85,8.25,100036779,1377096576.000
2011-07-05,8.25,8.33,8.15,8.20,61514903,859965824.000
2011-07-06,8.16,8.19,8.02,8.15,50906996,700472384.000
2011-07-07,8.33,8.33,8.12,8.13,83161057,1161141888.000
2011-07-08,8.15,8.51,8.15,8.44,115632514,1641551488.000
2011-07-11,8.37,8.55,8.33,8.45,71527356,1024894144.000
2011-07-12,8.35,8.39,8.21,8.23,63809982,897399168.000
2011-07-13,8.25,8.55,8.25,8.45,56045346,798071168.000
2011-07-14,8.45,8.45,8.28,8.41,50011145,708488320.000
2011-07-15,8.32,8.48,8.23,8.41,50262107,712047488.000
2011-07-18,8.38,8.41,8.25,8.29,47349177,666904512.000
2011-07-19,8.21,8.26,8.09,8.11,45830778,635292032.000
2011-07-20,8.20,8.22,8.03,8.15,42222997,582191680.000
2011-07-21,8.12,8.15,7.91,8.09,62862470,856344832.000
2011-07-22,8.07,8.10,7.97,8.00,43192094,589933824.000
2011-07-25,7.93,7.93,7.68,7.71,64654822,860767360.000
2011-07-26,7.71,7.89,7.68,7.76,39638261,527919616.000
2011-07-27,7.71,7.75,7.65,7.75,49859679,657177344.000
2011-07-28,7.65,7.67,7.53,7.56,59173429,769334848.000
2011-07-29,7.58,8.05,7.55,7.82,102922660,1371819264.000
2011-08-01,7.78,7.86,7.68,7.73,43927972,583487488.000
2011-08-02,7.69,7.74,7.59,7.71,34945035,457749952.000
2011-08-03,7.63,7.73,7.61,7.69,34031800,447405792.000
2011-08-04,7.71,7.79,7.65,7.67,33010739,435476000.000
2011-08-05,7.49,7.54,7.42,7.49,47579828,611754944.000
2011-08-08,7.41,7.53,7.11,7.17,67011718,841499008.000
2011-08-09,6.98,7.29,6.92,7.23,66342533,817055424.000
2011-08-10,7.39,7.48,7.27,7.31,51469551,652595968.000
2011-08-11,7.16,7.61,7.16,7.53,70442488,904379456.000
2011-08-12,7.57,7.57,7.43,7.47,47085493,606442624.000
2011-08-15,7.49,7.88,7.46,7.79,103244161,1355083264.000
2011-08-16,7.80,7.96,7.75,7.81,79244725,1064139264.000
2011-08-17,7.81,7.86,7.72,7.75,31172107,414617280.000
2011-08-18,7.77,7.78,7.53,7.59,44192790,577791680.000
2011-08-19,7.45,7.55,7.40,7.49,38878985,498145440.000
2011-08-22,7.49,7.61,7.25,7.37,29026990,371473536.000
2011-08-23,7.42,7.65,7.32,7.63,52096870,674369408.000
2011-08-24,7.72,7.82,7.55,7.58,69183076,912112320.000
2011-08-25,7.63,8.11,7.60,8.09,162857474,2204777472.000
2011-08-26,8.01,8.08,7.92,8.04,71429246,972721408.000
2011-08-29,7.87,7.91,7.65,7.67,114029269,1507269248.000
2011-08-30,7.75,7.89,7.65,7.68,78319669,1040383616.000
2011-08-31,7.67,7.83,7.63,7.80,55385386,734276544.000
2011-09-01,7.77,7.89,7.75,7.84,47950602,641904512.000
2011-09-02,7.81,7.83,7.65,7.70,34873515,460350208.000
2011-09-05,7.63,7.67,7.51,7.58,37035477,480960832.000
2011-09-06,7.50,7.59,7.48,7.57,28690111,371128544.000
2011-09-07,7.63,7.81,7.57,7.77,45842001,605193472.000
2011-09-08,7.80,7.82,7.69,7.71,23870654,316179680.000
2011-09-09,7.75,7.86,7.66,7.73,35730529,474375168.000
2011-09-13,7.57,7.69,7.51,7.65,26783017,349391232.000
2011-09-14,7.66,7.70,7.48,7.65,30376082,395314848.000
2011-09-15,7.65,7.69,7.57,7.58,26451892,345720064.000
2011-09-16,7.64,7.69,7.57,7.61,29624939,387471424.000
2011-09-19,7.49,7.53,7.37,7.38,29973305,383970976.000
2011-09-20,7.37,7.52,7.31,7.47,20365718,259877120.000
2011-09-21,7.47,7.76,7.40,7.71,57290555,751081280.000
2011-09-22,7.61,7.68,7.43,7.45,46330696,599444416.000
2011-09-23,7.36,7.45,7.25,7.40,38723403,489029696.000
2011-09-26,7.28,7.41,7.06,7.12,51753942,643833216.000
2011-09-27,7.23,7.25,7.11,7.20,27434385,340760064.000
2011-09-28,7.25,7.31,7.10,7.13,23146277,287615552.000
2011-09-29,7.07,7.23,7.03,7.14,29748576,366982688.000
2011-09-30,7.16,7.29,7.13,7.17,38242792,475827488.000
2011-10-10,7.18,7.21,6.99,7.01,30005346,367200224.000
2011-10-11,7.28,7.34,7.04,7.11,57814416,718362240.000
2011-10-12,7.09,7.51,7.05,7.43,68960812,873415360.000
2011-10-13,7.40,7.48,7.38,7.45,43055822,550050496.000
2011-10-14,7.43,7.47,7.31,7.42,26163813,332914240.000
2011-10-17,7.41,7.59,7.41,7.49,33982784,438180736.000
2011-10-18,7.42,7.45,7.27,7.29,33021411,417963360.000
2011-10-19,7.33,7.41,7.29,7.31,28498306,359971680.000
2011-10-20,7.27,7.29,7.03,7.13,40974944,505404000.000
2011-10-21,7.11,7.35,7.11,7.26,47211765,591098432.000
2011-10-24,7.28,7.63,7.21,7.53,65667216,842746304.000
2011-10-25,7.55,7.74,7.51,7.66,82729675,1082100608.000
2011-10-26,7.61,7.84,7.59,7.68,86314938,1142911616.000
2011-10-27,7.71,7.78,7.67,7.75,40975408,541965504.000
2011-10-28,7.89,8.01,7.85,7.92,79161725,1069000640.000
2011-10-31,7.88,7.93,7.75,7.78,48594521,648841024.000
2011-11-01,7.71,7.93,7.69,7.78,44831936,598935104.000
2011-11-02,7.64,7.96,7.61,7.95,69018716,915920768.000
2011-11-03,7.95,7.95,7.79,7.83,95381797,1281572864.000
2011-11-04,7.91,7.93,7.79,7.85,49418644,662953984.000
2011-11-07,7.78,7.81,7.63,7.67,66257068,872363904.000
2011-11-08,7.69,7.75,7.64,7.68,37989217,499579040.000
2011-11-09,7.71,7.78,7.65,7.77,38269955,505264864.000
2011-11-10,7.68,7.71,7.55,7.56,70219154,917324480.000
2011-11-11,7.61,7.63,7.52,7.54,27284631,354568576.000
2011-11-14,7.65,7.73,7.58,7.70,54647516,718718720.000
2011-11-15,7.69,7.69,7.60,7.63,30470670,398699456.000
2011-11-16,7.63,7.64,7.27,7.35,70414692,899125696.000
2011-11-17,7.36,7.39,7.31,7.33,26172703,331234496.000
2011-11-18,7.26,7.37,7.24,7.27,31554265,395981344.000
2011-11-21,7.27,7.28,7.15,7.28,28906064,359796160.000
2011-11-22,7.21,7.33,7.19,7.31,25216771,316315456.000
2011-11-23,7.30,7.31,7.16,7.22,34124251,425734400.000
2011-11-24,7.14,7.33,7.13,7.25,29780915,372553472.000
2011-11-25,7.25,7.25,7.14,7.17,26221676,325318592.000
2011-11-28,7.21,7.22,7.13,7.17,22431694,277864288.000
2011-11-29,7.23,7.28,7.17,7.27,27445099,342321984.000
2011-11-30,7.21,7.24,7.01,7.04,38121085,467949792.000
2011-12-01,7.29,7.45,7.27,7.29,95950367,1215902848.000
2011-12-02,7.26,7.35,7.21,7.31,34765348,436330240.000
2011-12-05,7.31,7.48,7.25,7.33,48988141,621999488.000
2011-12-06,7.31,7.39,7.28,7.29,32735664,413834784.000
2011-12-07,7.31,7.39,7.23,7.34,28835993,363290272.000
2011-12-08,7.33,7.38,7.25,7.35,27060094,341406208.000
2011-12-09,7.29,7.39,7.23,7.27,30827027,387111072.000
2011-12-12,7.26,7.29,7.22,7.24,16437774,205813936.000
2011-12-13,7.22,7.27,7.05,7.07,41112486,508989152.000
2011-12-14,7.08,7.13,7.03,7.09,21251563,260642400.000
2011-12-15,7.05,7.10,6.93,6.95,43033753,521442720.000
2011-12-16,6.95,7.13,6.91,7.11,41420639,503438624.000
2011-12-19,7.05,7.15,6.97,7.14,44275459,539475200.000
2011-12-20,7.11,7.33,7.11,7.21,52173056,652274240.000
2011-12-21,7.29,7.35,7.15,7.17,35924554,450784736.000
2011-12-22,7.13,7.29,7.10,7.28,50972584,633101184.000
2011-12-23,7.26,7.32,7.19,7.26,32733468,409898272.000
2011-12-26,7.21,7.29,7.17,7.17,22843506,284657696.000
2011-12-27,7.15,7.25,7.12,7.14,31195086,386606944.000
2011-12-28,7.14,7.16,7.02,7.11,32877974,403608384.000
2011-12-29,7.10,7.19,7.06,7.14,26425639,326300288.000
2011-12-30,7.19,7.27,7.17,7.26,41362973,515305664.000
2012-01-04,7.35,7.37,7.23,7.25,40528547,510576576.000
2012-01-05,7.25,7.53,7.25,7.39,91364291,1166513152.000
2012-01-06,7.36,7.46,7.31,7.44,50166029,638925504.000
2012-01-09,7.43,7.68,7.40,7.61,89679316,1164720640.000
2012-01-10,7.62,7.73,7.58,7.68,80289622,1052076288.000
2012-01-11,7.69,7.70,7.57,7.59,65305524,852010752.000
2012-01-12,7.68,7.87,7.68,7.78,94476382,1259441536.000
2012-01-13,7.79,7.85,7.69,7.77,57388567,762642048.000
2012-01-16,7.72,7.96,7.70,7.79,52900037,710374848.000
2012-01-17,7.82,8.01,7.65,7.98,94865630,1276200832.000
2012-01-18,8.00,8.01,7.83,7.87,47632220,641927744.000
2012-01-19,7.91,8.10,7.89,8.10,83951958,1146262912.000
2012-01-20,8.11,8.33,8.05,8.28,79116465,1100644352.000
2012-01-30,8.28,8.28,8.12,8.13,59952828,835855616.000
2012-01-31,8.14,8.21,8.07,8.15,29655404,409706464.000
2012-02-01,8.12,8.20,7.95,7.95,38790933,531671840.000
2012-02-02,7.98,8.36,7.93,8.35,81882452,1138729856.000
2012-02-03,8.32,8.51,8.28,8.37,74336648,1056510784.000
2012-02-06,8.38,8.49,8.27,8.36,49953305,708252032.000
2012-02-07,8.29,8.31,8.22,8.26,47809058,670600704.000
2012-02-08,8.29,8.56,8.27,8.53,70191503,1002734144.000
2012-02-09,8.53,8.62,8.48,8.53,51921551,750352256.000
2012-02-10,8.50,8.60,8.35,8.41,47773355,685576512.000
2012-02-13,8.31,8.42,8.21,8.33,52164850,735327296.000
2012-02-14,8.27,8.34,8.24,8.30,36047102,506154624.000
2012-02-15,8.27,8.41,8.19,8.31,65343550,920194624.000
2012-02-16,8.31,8.39,8.21,8.29,44286099,623521152.000
2012-02-17,8.37,8.40,8.23,8.33,33292960,470428928.000
2012-02-20,8.51,8.51,8.25,8.27,63675273,903146304.000
2012-02-21,8.28,8.34,8.21,8.31,31832494,446860000.000
2012-02-22,8.31,8.37,8.21,8.33,68784274,966387968.000
2012-02-23,8.31,8.37,8.28,8.33,49942380,704285632.000
2012-02-24,8.34,8.50,8.31,8.49,85624957,1218914560.000
2012-02-27,8.53,8.55,8.43,8.45,99420332,1427614848.000
2012-03-06,8.25,8.35,8.05,8.17,138121447,1927344512.000
2012-03-07,8.07,8.21,8.06,8.07,49992208,692048192.000
2012-03-08,8.09,8.20,8.09,8.16,40306030,558132928.000
2012-03-09,8.19,8.21,8.07,8.13,52411272,723746304.000
2012-03-12,8.11,8.12,7.93,7.99,71380271,973223680.000
2012-03-13,7.99,8.17,7.99,8.14,50300195,693873792.000
2012-03-14,8.23,8.28,7.95,7.99,78672714,1090587008.000
2012-03-15,7.99,8.13,7.98,7.99,42052763,576063808.000
2012-03-16,7.99,8.06,7.93,8.05,36895827,502932064.000
2012-03-19,8.00,8.05,7.92,8.01,34155477,464924000.000
2012-03-20,8.00,8.00,7.87,7.87,33025400,446032000.000
2012-03-21,7.95,7.97,7.85,7.88,32819612,442911968.000
2012-03-22,7.91,8.09,7.85,7.99,35168666,478130048.000
2012-03-23,7.97,8.05,7.94,7.97,34138684,464493568.000
2012-03-26,8.00,8.10,7.95,8.07,33540999,459025088.000
2012-03-27,8.10,8.11,8.00,8.07,22995577,315227328.000
2012-03-28,8.05,8.07,7.77,7.83,39291430,532534976.000
2012-03-29,7.75,7.81,7.65,7.66,49130736,649343168.000
2012-03-30,7.70,7.81,7.69,7.79,28867304,382610048.000
2012-04-05,7.77,7.80,7.62,7.76,55913928,739041408.000
2012-04-06,7.76,7.78,7.66,7.74,56238193,743031232.000
2012-04-10,7.64,7.73,7.55,7.72,47846122,625332544.000
2012-04-11,7.63,7.75,7.61,7.69,29239550,384859232.000
2012-04-12,7.69,7.91,7.65,7.90,57477754,765251968.000
2012-04-13,7.89,7.94,7.81,7.86,38269937,513798016.000
2012-04-16,7.81,7.84,7.75,7.77,25108638,334034336.000
2012-04-17,7.77,7.80,7.68,7.69,26372854,348420896.000
2012-04-18,7.71,7.90,7.70,7.87,35313467,471901760.000
2012-04-19,7.85,8.01,7.82,7.96,58824039,794091520.000
2012-04-20,7.97,8.23,7.96,8.20,74220530,1026620736.000
2012-04-23,8.19,8.33,8.09,8.19,57990186,808735104.000
2012-04-24,8.15,8.62,8.15,8.33,125912865,1794553856.000
2012-04-25,8.28,8.46,8.27,8.42,69661175,990005376.000
2012-04-26,8.58,8.63,8.33,8.41,87479022,1252957056.000
2012-04-27,8.42,8.53,8.42,8.45,47696854,683421568.000
2012-05-02,8.60,8.70,8.54,8.59,102204331,1488341504.000
2012-05-03,8.59,8.63,8.47,8.51,64621446,932458048.000
2012-05-04,8.50,8.69,8.47,8.67,73713015,1070734272.000
2012-05-07,8.65,8.71,8.60,8.69,66059136,941408064.000
2012-05-08,8.68,8.73,8.61,8.73,55618333,793743872.000
2012-05-09,8.65,8.69,8.48,8.49,55035751,775953600.000
2012-05-10,8.50,8.57,8.41,8.46,39725342,555412992.000
2012-05-11,8.47,8.54,8.40,8.43,36085249,503574848.000
2012-05-14,8.50,8.51,8.34,8.35,51269032,713098368.000
2012-05-15,8.30,8.32,8.20,8.29,40764899,556678720.000
2012-05-16,8.29,8.29,8.09,8.09,46029165,621613312.000
2012-05-17,8.13,8.27,8.09,8.22,38431639,520402304.000
2012-05-18,8.15,8.17,8.06,8.11,36846165,493926496.000
2012-05-21,8.12,8.21,8.09,8.15,26813155,361497440.000
2012-05-22,8.19,8.30,8.16,8.27,32601361,444126784.000
2012-05-23,8.26,8.28,8.11,8.15,32296740,436953888.000
2012-05-24,8.15,8.18,8.00,8.03,46660111,624519552.000
2012-05-25,8.05,8.11,7.98,8.02,28401486,378368416.000
2012-05-28,7.99,8.10,7.98,8.09,38924038,518718752.000
2012-05-29,8.06,8.25,8.01,8.24,64706070,870003392.000
2012-05-30,8.19,8.23,8.04,8.13,65543342,879209216.000
2012-05-31,8.05,8.10,8.03,8.05,34624107,462310848.000
2012-06-01,8.07,8.13,8.01,8.07,42348923,565430272.000
2012-06-04,7.99,7.99,7.85,7.87,52211280,686608704.000
2012-06-05,7.88,7.92,7.81,7.89,32226294,420764352.000
2012-06-06,7.90,7.97,7.86,7.94,32458993,426093120.000
2012-06-07,7.99,8.01,7.84,7.87,28659993,376720576.000
2012-06-08,7.82,7.83,7.55,7.57,92348974,1172880896.000
2012-06-11,7.58,7.62,7.49,7.55,47924893,603949248.000
2012-06-12,7.49,7.68,7.35,7.51,89052253,1113213056.000
2012-06-13,7.55,7.63,7.42,7.57,53617740,673090304.000
2012-06-14,7.52,7.57,7.43,7.45,37795674,473851488.000
2012-06-15,7.49,7.86,7.48,7.79,110094569,1408330880.000
2012-06-18,7.77,7.81,7.72,7.77,40032295,516427456.000
2012-06-19,7.75,7.85,7.68,7.77,47694722,614351680.000
2012-06-20,7.78,7.89,7.75,7.81,36722008,477131296.000
2012-06-21,7.77,7.81,7.65,7.67,26401433,338387136.000
2012-06-25,7.65,7.77,7.61,7.69,40772707,523719200.000
2012-06-26,7.67,7.77,7.63,7.70,27079872,347200032.000
2012-06-27,7.69,7.75,7.63,7.66,20999997,268460608.000
2012-06-28,7.67,7.70,7.57,7.59,20242953,258016832.000
2012-06-29,7.57,7.86,7.57,7.81,39400406,508689920.000
2012-07-02,7.84,7.85,7.74,7.81,25516444,330262976.000
2012-07-03,7.80,7.93,7.78,7.87,32754712,427878112.000
2012-07-04,7.89,8.02,7.84,7.92,30968353,407155488.000
2012-07-05,7.87,7.91,7.74,7.83,34470410,447407136.000
2012-07-06,7.66,7.79,7.62,7.76,51941078,666522624.000
2012-07-09,7.71,7.75,7.46,7.47,44707094,565177600.000
2012-07-10,7.47,7.56,7.42,7.45,27884052,347915712.000
2012-07-11,7.45,7.51,7.43,7.47,25228727,314819040.000
2012-07-12,7.49,7.49,7.25,7.43,87724023,1075819264.000
2012-07-13,7.38,7.53,7.37,7.43,35437935,440184768.000
2012-07-16,7.44,7.45,7.31,7.33,30274296,372149696.000
2012-07-17,7.34,7.40,7.34,7.37,23964095,294945344.000
2012-07-18,7.37,7.37,7.23,7.33,33000369,402920192.000
2012-07-19,7.33,7.39,7.28,7.37,41030945,503927968.000
2012-07-20,7.33,7.33,7.25,7.28,36609307,445908576.000
2012-07-23,7.24,7.24,7.06,7.13,36711268,439656544.000
2012-07-24,7.09,7.19,7.06,7.12,26785000,319888384.000
2012-07-25,7.11,7.21,7.09,7.12,20847133,249856656.000
2012-07-26,7.13,7.19,7.09,7.09,19812950,237405536.000
2012-07-27,7.13,7.37,7.13,7.28,68048965,829684544.000
2012-07-30,7.32,7.49,7.29,7.39,54175593,670854528.000
2012-07-31,7.40,7.54,7.39,7.48,43019367,536925504.000
2012-08-01,7.49,7.53,7.42,7.47,33955565,422312672.000
2012-08-02,7.46,7.55,7.41,7.49,35982219,449195456.000
2012-08-03,7.49,7.51,7.43,7.50,21868721,272340160.000
2012-08-06,7.50,7.53,7.44,7.51,34020669,424973344.000
2012-08-07,7.49,7.51,7.45,7.49,21011235,262199184.000
2012-08-08,7.49,7.61,7.48,7.59,32264491,406990688.000
2012-08-09,7.59,7.64,7.53,7.63,24427646,308722528.000
2012-08-10,7.73,7.79,7.63,7.64,55246493,710238208.000
2012-08-13,7.64,7.71,7.61,7.61,39493540,503386848.000
2012-08-14,7.60,7.69,7.57,7.69,28690295,365002944.000
2012-08-15,7.69,7.69,7.51,7.51,30657970,386600736.000
2012-08-16,7.50,7.53,7.43,7.46,24519001,305337280.000
2012-08-17,7.46,7.56,7.44,7.53,21434343,268448672.000
2012-08-20,7.49,7.53,7.41,7.48,19716963,245214144.000
2012-08-21,7.48,7.52,7.42,7.47,25347214,315906624.000
2012-08-22,7.46,7.48,7.31,7.37,39891355,490531936.000
2012-08-23,7.36,7.41,7.29,7.36,31974220,393076096.000
2012-08-24,7.34,7.36,7.29,7.31,28580908,349640736.000
2012-08-27,7.30,7.30,7.18,7.19,30994838,375110496.000
2012-08-28,7.19,7.39,7.19,7.35,29393552,358383776.000
2012-08-29,7.31,7.38,7.27,7.33,18402056,225392096.000
2012-08-30,7.25,7.43,7.25,7.42,28902520,356757856.000
2012-08-31,7.41,7.47,7.36,7.37,16229812,200906224.000
2012-09-03,7.37,7.39,7.33,7.35,34231484,420789536.000
2012-09-04,7.37,7.37,7.19,7.24,37663306,457878496.000
2012-09-05,7.22,7.23,7.05,7.12,48702522,579991872.000
2012-09-06,7.12,7.18,7.06,7.16,38804295,463161600.000
2012-09-07,7.21,7.53,7.17,7.39,92037051,1133919232.000
2012-09-10,7.37,7.41,7.30,7.33,47037722,577369408.000
2012-09-11,7.31,7.32,7.23,7.29,32624417,397011744.000
2012-09-12,7.33,7.38,7.23,7.31,25650100,313435168.000
2012-09-13,7.31,7.31,7.23,7.25,20168530,245388400.000
2012-09-14,7.28,7.36,7.24,7.32,41111141,502327840.000
2012-09-17,7.29,7.30,7.15,7.18,32524777,393943104.000
2012-09-18,7.16,7.18,7.09,7.13,25396387,303867040.000
2012-09-19,7.11,7.17,7.09,7.14,23631881,282131456.000
2012-09-20,7.10,7.13,7.00,7.02,34559078,410030880.000
2012-09-21,7.01,7.05,6.97,6.99,25872651,304537792.000
2012-09-24,6.97,7.03,6.89,6.97,28415521,331828992.000
2012-09-25,6.97,7.01,6.92,6.93,15528786,181455504.000
2012-09-26,6.93,6.98,6.89,6.93,17832574,207850960.000
2012-09-27,6.93,7.26,6.93,7.09,39791284,473981984.000
2012-09-28,7.07,7.19,7.04,7.17,38397517,457807936.000
2012-10-08,7.17,7.21,7.07,7.11,19819964,237083360.000
2012-10-09,7.15,7.30,7.13,7.24,36782794,445888128.000
2012-10-10,7.23,7.25,7.19,7.23,20690415,250104592.000
2012-10-11,7.21,7.27,7.17,7.23,26102691,315911360.000
2012-10-12,7.25,7.38,7.25,7.30,44323552,542935808.000
2012-10-15,7.31,7.33,7.22,7.28,17687367,215350112.000
2012-10-16,7.29,7.39,7.28,7.35,33680545,413881440.000
2012-10-17,7.37,7.43,7.34,7.39,27213504,335747456.000
2012-10-18,7.41,7.49,7.39,7.47,36196949,450285856.000
2012-10-19,7.46,7.49,7.43,7.45,20237070,251765344.000
2012-10-22,7.42,7.59,7.40,7.55,32233875,403364672.000
2012-10-23,7.53,7.57,7.41,7.42,27632830,344748544.000
2012-10-24,7.39,7.47,7.37,7.41,19193287,238274224.000
2012-10-25,7.43,7.47,7.36,7.37,16604923,205481600.000
2012-10-26,7.39,7.41,7.25,7.29,29298296,357883968.000
2012-10-29,7.25,7.36,7.21,7.29,22872149,278154208.000
2012-10-30,7.29,7.34,7.19,7.32,25378325,308775616.000
2012-10-31,7.39,7.47,7.35,7.43,53080816,657828992.000
2012-11-01,7.45,7.68,7.43,7.59,63292957,800233088.000
2012-11-02,7.61,7.67,7.57,7.65,36838455,467312544.000
2012-11-05,7.65,7.75,7.64,7.70,59736117,765479488.000
2012-11-06,7.71,7.71,7.55,7.63,44384966,562176064.000
2012-11-07,7.63,7.68,7.59,7.62,28457300,361452832.000
2012-11-08,7.56,7.61,7.49,7.50,28342746,356745344.000
2012-11-09,7.51,7.57,7.48,7.55,21126177,265238048.000
2012-11-12,7.59,7.75,7.57,7.69,60076519,766810240.000
2012-11-13,7.68,7.69,7.50,7.51,33701609,425001216.000
2012-11-14,7.53,7.59,7.51,7.57,20583598,259008832.000
2012-11-15,7.53,7.55,7.45,7.46,20853271,260813536.000
2012-11-16,7.45,7.48,7.35,7.38,24894513,307553344.000
2012-11-19,7.38,7.43,7.34,7.41,29521191,363759744.000
2012-11-20,7.45,7.49,7.33,7.36,29525402,364952640.000
2012-11-21,7.34,7.49,7.31,7.49,31847204,394083520.000
2012-11-22,7.44,7.47,7.39,7.43,20426358,253270320.000
2012-11-23,7.47,7.59,7.44,7.53,34348069,431756800.000
2012-11-26,7.53,7.55,7.48,7.53,24316030,304852576.000
2012-11-27,7.49,7.63,7.49,7.55,42544828,537079488.000
2012-11-28,7.53,7.64,7.51,7.55,38509985,486210688.000
2012-11-29,7.55,7.63,7.52,7.53,27299901,344214624.000
2012-11-30,7.47,7.61,7.43,7.60,39047367,490453216.000
2012-12-03,7.59,7.61,7.46,7.47,53977022,677015296.000
2012-12-04,7.43,7.65,7.43,7.63,48761273,612943232.000
2012-12-05,7.66,8.18,7.66,8.15,190074830,2527162624.000
2012-12-06,8.10,8.39,8.10,8.23,125209353,1709429504.000
2012-12-07,8.27,8.56,8.22,8.55,173243266,2413262848.000
2012-12-10,8.61,8.67,8.52,8.61,146303204,2072786304.000
2012-12-11,8.56,8.65,8.50,8.52,63178690,891578496.000
2012-12-12,8.56,8.72,8.51,8.60,71919948,1019705856.000
2012-12-13,8.55,8.61,8.43,8.45,56706711,797227648.000
2012-12-14,8.44,9.37,8.44,9.29,170600782,2504201984.000
2012-12-17,9.47,9.51,9.26,9.36,125736745,1930287232.000
2012-12-18,9.34,9.61,9.27,9.38,113038006,1745852800.000
2012-12-19,9.36,9.54,9.30,9.39,73247335,1125955456.000
2012-12-20,9.29,9.37,9.13,9.32,93277746,1414730240.000
2012-12-21,9.33,9.42,9.17,9.32,73989234,1122825728.000
2012-12-24,9.29,9.68,9.28,9.46,81032476,1257335296.000
2012-12-25,9.41,10.11,9.37,10.07,124936133,2001189632.000
2012-12-26,10.02,10.09,9.93,10.03,77624007,1262112256.000
2012-12-27,10.07,10.15,9.82,9.87,84449409,1364738304.000
2012-12-28,9.87,10.15,9.85,10.06,77648681,1265665664.000
2012-12-31,10.09,10.39,10.09,10.29,87142724,1449758464.000
2013-01-04,10.50,10.68,10.19,10.35,118790532,2006566016.000
2013-01-07,10.35,10.89,10.19,10.73,122506485,2112016768.000
2013-01-08,10.73,10.79,10.36,10.51,106055941,1805135104.000
2013-01-09,10.46,10.54,10.23,10.35,88960832,1498709632.000
2013-01-10,10.47,10.54,10.25,10.31,90211074,1518584320.000
2013-01-11,10.36,10.39,9.90,10.01,114170383,1879810432.000
2013-01-14,9.99,10.77,9.99,10.67,148221179,2509223680.000
2013-01-15,10.69,10.83,10.63,10.69,79347796,1376045696.000
2013-01-16,10.69,10.73,10.29,10.48,100445686,1704523392.000
2013-01-17,10.41,10.59,10.24,10.52,94651000,1595496832.000
2013-01-18,10.56,10.88,10.42,10.70,112496066,1937351424.000
2013-01-21,10.77,11.29,10.63,11.19,134810006,2392954112.000
2013-01-22,11.13,11.59,11.01,11.21,123958294,2258965760.000
2013-01-23,11.13,11.42,11.10,11.39,61294806,1113150080.000
2013-01-24,11.39,11.99,11.21,11.42,146212501,2739725312.000
2013-01-25,11.43,11.59,11.19,11.38,68433140,1252506752.000
2013-01-28,11.61,12.35,11.56,12.31,157971308,3040898048.000
2013-01-29,12.35,12.63,12.11,12.54,132316325,2620975104.000
2013-01-30,12.47,12.56,12.27,12.43,113941129,2265638912.000
2013-01-31,12.43,12.59,12.26,12.44,72755913,1440695680.000
2013-02-01,12.45,12.99,12.29,12.93,113874551,2315697152.000
2013-02-04,13.08,13.48,12.77,12.92,120252399,2514083584.000
2013-02-05,12.71,12.93,12.45,12.71,95056004,1927748224.000
2013-02-06,12.71,13.09,12.59,12.91,79303575,1629690496.000
2013-02-07,12.84,12.85,12.03,12.36,167489013,3319824896.000
2013-02-08,12.28,12.41,11.89,12.23,109392195,2135251328.000
2013-02-18,12.31,12.55,12.13,12.29,81899621,1628060672.000
2013-02-19,12.27,12.46,12.11,12.20,59455422,1167947392.000
2013-02-20,12.23,12.23,11.51,11.91,110382973,2091698304.000
2013-02-21,11.69,11.69,10.96,11.18,180058850,3277494272.000
2013-02-22,11.16,11.28,10.83,10.91,90576077,1619710592.000
2013-02-25,10.99,11.35,10.99,11.19,78469673,1419353856.000
2013-02-26,11.09,11.88,11.05,11.34,167368473,3112250112.000
2013-02-27,11.37,11.95,11.37,11.77,116197193,2191095808.000
2013-02-28,12.01,12.43,11.77,12.41,176403602,3426628608.000
2013-03-01,12.46,12.69,12.17,12.60,167518280,3349220864.000
2013-03-04,12.18,12.19,11.25,11.39,207091532,3894780160.000
2013-03-05,11.39,12.61,11.39,12.60,176221671,3400344320.000
2013-03-06,12.71,12.98,12.51,12.87,140656085,2873901056.000
2013-03-07,12.69,12.85,12.18,12.45,141132221,2834575872.000
2013-03-08,12.47,12.64,12.23,12.30,93210438,1850956160.000
2013-03-11,12.30,12.30,11.70,11.89,77582893,1489587968.000
2013-03-12,11.89,12.01,11.36,11.53,101649576,1897958528.000
2013-03-13,11.52,11.75,11.43,11.51,77121556,1432794624.000
2013-03-14,11.51,11.73,11.31,11.52,61343062,1140901376.000
2013-03-15,11.53,12.37,11.42,11.63,172709470,3291284480.000
2013-03-18,11.63,11.96,11.46,11.49,108577281,2042337536.000
2013-03-19,11.52,11.83,11.40,11.75,91608115,1714017152.000
2013-03-20,11.77,12.57,11.77,12.55,193662216,3812480768.000
2013-03-21,12.57,12.75,12.43,12.54,107572724,2165312000.000
2013-03-22,12.53,12.86,12.50,12.65,69860425,1416917376.000
2013-03-25,12.76,12.93,12.45,12.53,72206022,1460861824.000
2013-03-26,12.39,12.44,12.08,12.21,96212515,1883530752.000
2013-03-27,12.24,12.55,12.15,12.40,77895938,1543550592.000
2013-03-28,11.09,11.40,11.07,11.07,365744991,6575040512.000
2013-03-29,10.89,10.95,10.53,10.69,198039999,3421679360.000
2013-04-01,10.65,10.83,10.62,10.63,79009896,1369439232.000
2013-04-02,10.69,10.79,10.27,10.39,110497168,1881364480.000
2013-04-03,10.45,10.69,10.44,10.59,99152211,1695990272.000
2013-04-08,10.36,10.67,10.28,10.67,79410437,1348364160.000
2013-04-09,10.69,10.99,10.63,10.74,74993570,1309935488.000
2013-04-10,10.75,10.80,10.53,10.67,55599933,958306752.000
2013-04-11,10.79,10.96,10.79,10.93,99347924,1749516160.000
2013-04-12,10.86,11.13,10.84,10.95,78594588,1397916416.000
2013-04-15,10.89,11.02,10.69,10.88,45511857,798083456.000
2013-04-16,10.79,10.81,10.30,10.69,116775149,1993546752.000
2013-04-17,10.56,10.63,10.34,10.49,68945194,1170325248.000
2013-04-18,10.17,10.71,10.03,10.63,103824667,1742879488.000
2013-04-19,10.63,11.43,10.61,11.29,148872193,2661323008.000
2013-04-22,11.23,11.56,11.23,11.54,98478381,1808010752.000
2013-04-23,11.83,11.83,11.27,11.31,147011204,2717467392.000
2013-04-24,11.35,11.81,11.03,11.56,135222796,2489790720.000
2013-04-25,11.48,11.57,11.16,11.31,78849251,1441000448.000
2013-04-26,11.43,11.59,11.22,11.27,71264377,1309559936.000
2013-05-02,11.15,11.31,11.05,11.30,54075922,976367168.000
2013-05-03,11.36,11.89,11.34,11.57,104656628,1961306368.000
2013-05-06,11.65,11.85,11.52,11.67,65602534,1234432896.000
2013-05-07,11.60,11.62,11.35,11.49,67798394,1251681792.000
2013-05-08,11.59,11.75,11.34,11.44,86846921,1611382528.000
2013-05-09,11.44,11.47,11.17,11.31,67250939,1225504256.000
2013-05-10,11.28,11.41,11.20,11.33,59999418,1092392704.000
2013-05-13,11.33,11.39,11.10,11.13,81302905,1466307328.000
2013-05-14,11.13,11.18,10.97,11.09,66992617,1198724480.000
2013-05-15,11.13,11.20,10.99,11.07,52897176,946749120.000
2013-05-16,11.07,11.33,10.66,11.23,149950056,2660964096.000
2013-05-17,11.16,11.27,10.97,11.17,110888202,1996266496.000
2013-05-20,11.21,11.71,11.21,11.54,120764674,2236171264.000
2013-05-21,11.49,11.60,11.33,11.47,63483384,1170566144.000
2013-05-22,11.47,11.68,11.43,11.65,70853000,1316019200.000
2013-05-23,11.56,11.69,11.36,11.39,70431000,1307737984.000
2013-05-24,11.40,11.59,11.34,11.45,51315244,947820096.000
2013-05-27,11.43,11.51,11.33,11.36,57200831,1049283328.000
2013-05-28,11.35,11.74,11.29,11.65,99408093,1841293184.000
2013-05-29,11.69,11.87,11.63,11.65,98728280,1861276032.000
2013-05-30,11.57,11.71,11.51,11.61,59357631,1109455872.000
2013-05-31,11.65,11.75,11.49,11.52,57716289,1078967040.000
2013-06-03,11.55,11.59,11.37,11.43,45671791,844382080.000
2013-06-04,11.44,11.54,11.37,11.40,46205669,850127168.000
2013-06-05,11.38,11.41,10.96,11.08,91285928,1641966464.000
2013-06-06,10.98,10.98,10.69,10.72,93373144,1628875776.000
2013-06-07,10.72,10.80,10.45,10.52,75305387,1291115136.000
2013-06-13,10.34,10.34,10.07,10.13,98643734,1623141760.000
2013-06-14,10.16,10.20,10.09,10.15,66040679,1088019584.000
2013-06-17,10.21,10.24,9.99,10.05,54573835,895033408.000
2013-06-18,10.12,10.32,10.12,10.25,62582027,1040059520.000
2013-06-19,10.16,10.16,9.93,9.97,84271176,1370388864.000
2013-06-20,9.89,9.90,9.49,9.57,108146569,1712602496.000
2013-06-21,9.39,9.58,9.23,9.45,92962454,1431851904.000
2013-06-24,9.37,9.37,8.42,8.42,230190891,3266633984.000
2013-06-25,8.20,8.48,7.70,8.45,200476604,2687083008.000
2013-06-26,8.58,8.60,8.29,8.43,123876577,1721986944.000
2013-06-27,8.49,8.67,8.46,8.58,101519584,1431323264.000
2013-06-28,8.55,9.09,8.49,9.01,104153563,1518553216.000
2013-07-01,8.95,9.07,8.69,8.90,62833322,917622784.000
2013-07-02,8.90,8.94,8.51,8.68,90398571,1286888448.000
2013-07-03,8.64,8.72,8.41,8.56,81409644,734214016.000
2013-07-04,8.50,8.89,8.30,8.67,113315066,1032661632.000
2013-07-05,8.73,8.99,8.72,8.84,80791531,753318080.000
2013-07-08,8.67,8.89,8.57,8.63,76304356,700922496.000
2013-07-09,8.69,8.77,8.64,8.67,58974854,540583168.000
2013-07-10,8.71,9.02,8.70,8.99,81554354,760009600.000
2013-07-11,9.34,9.94,9.26,9.94,365933009,3729231104.000
2013-07-12,9.94,10.01,9.55,9.61,226272539,2328675584.000
2013-07-15,9.65,10.05,9.56,9.80,127122012,1305059456.000
2013-07-16,9.72,9.86,9.58,9.81,89531995,908633088.000
2013-07-17,9.74,9.84,9.58,9.64,83856549,853004032.000
2013-07-18,9.62,9.66,9.19,9.23,138495694,1360224256.000
2013-07-19,9.21,9.30,8.89,8.91,114368920,1093518208.000
2013-07-22,8.72,8.93,8.62,8.84,118050617,1089241984.000
2013-07-23,8.92,9.42,8.79,9.18,125970386,1212601472.000
2013-07-24,9.04,9.12,8.79,8.93,108360590,1017064512.000
2013-07-25,8.99,9.09,8.85,8.92,69381581,654650304.000
2013-07-26,8.86,8.95,8.79,8.88,48087401,449149984.000
2013-07-29,8.72,8.73,8.48,8.67,112495227,1018038144.000
2013-07-30,8.64,8.97,8.61,8.71,83916558,775021632.000
2013-07-31,8.80,8.99,8.59,8.60,74869122,687814656.000
2013-08-01,8.67,8.85,8.61,8.81,80188098,738608704.000
2013-08-02,8.91,8.97,8.74,8.77,77234214,720646336.000
2013-08-05,8.79,8.93,8.72,8.92,65820663,611346304.000
2013-08-06,8.85,8.97,8.75,8.88,72886031,678524864.000
2013-08-07,8.86,9.04,8.86,8.87,72324530,679786304.000
2013-08-08,8.85,8.94,8.76,8.81,65582381,609810112.000
2013-08-09,8.90,8.94,8.72,8.84,75252040,699637376.000
2013-08-12,8.90,9.52,8.88,9.42,226460032,2201153536.000
2013-08-13,9.46,9.92,9.44,9.86,269349228,2720636672.000
2013-08-14,9.87,10.10,9.71,9.77,184000748,1910221952.000
2013-08-15,9.70,9.85,9.56,9.60,98406426,1000467392.000
2013-08-16,9.52,10.61,9.45,9.75,305088621,3182198272.000
2013-08-19,9.56,10.19,9.56,10.10,186120711,1929573120.000
2013-08-20,10.01,10.59,9.99,10.28,217908312,2350768896.000
2013-08-21,10.34,10.43,9.88,10.13,138236346,1462161920.000
2013-08-22,10.09,10.43,10.02,10.14,100567107,1077080704.000
2013-08-23,10.22,10.30,9.70,9.93,124619025,1301077248.000
2013-08-26,9.95,10.28,9.89,10.21,110434993,1170556544.000
2013-08-27,10.20,10.38,10.08,10.25,83306247,890913984.000
2013-08-28,10.11,10.26,10.03,10.14,96943417,1027286144.000
2013-08-29,10.29,10.44,10.11,10.18,76618051,819818432.000
2013-08-30,10.18,10.32,10.02,10.16,78530443,834517952.000
2013-09-02,10.24,10.36,10.11,10.26,87166812,934257280.000
2013-09-03,10.36,10.79,10.28,10.78,195601620,2164413440.000
2013-09-04,10.79,11.07,10.77,10.79,143085127,1628939520.000
2013-09-05,10.77,10.86,10.69,10.74,56588149,635285632.000
2013-09-06,10.70,11.08,10.66,10.95,90693217,1028437952.000
2013-09-09,11.10,12.09,11.10,12.09,354041504,4340513792.000
2013-09-10,12.14,12.18,11.64,11.95,285523895,3526052608.000
2013-09-11,11.96,12.27,11.77,11.85,190722179,2380798720.000
2013-09-12,11.76,12.80,11.59,12.23,313811339,3970493440.000
2013-09-13,12.13,12.26,11.69,11.83,150163988,1867780480.000
2013-09-16,11.99,12.10,11.51,11.72,179110319,2185192448.000
2013-09-17,11.72,11.91,11.39,11.41,131484404,1589240960.000
2013-09-18,11.40,11.62,11.24,11.35,106251308,1260960896.000
2013-09-23,11.44,11.54,11.14,11.41,118013916,1392454400.000
2013-09-24,11.39,11.40,10.80,10.99,159768222,1828857856.000
2013-09-25,10.97,11.18,10.81,10.85,88081010,1005846272.000
2013-09-26,10.84,10.85,10.55,10.67,122429663,1356306816.000
2013-09-27,10.66,10.78,10.58,10.73,65696033,732310976.000
2013-09-30,10.83,10.92,10.66,10.71,57467500,644110208.000
2013-10-08,10.67,10.89,10.36,10.79,92326386,1028576512.000
2013-10-09,10.80,11.43,10.74,11.12,111808439,1293466496.000
2013-10-10,11.19,11.22,10.70,10.75,91944201,1045991488.000
2013-10-11,10.87,11.28,10.82,11.15,115427449,1331328128.000
2013-10-14,11.15,11.15,10.91,10.98,65295674,747643712.000
2013-10-15,10.99,11.01,10.69,10.75,71989054,809238912.000
2013-10-16,10.74,10.74,10.51,10.64,87065320,963238720.000
2013-10-17,10.76,10.81,10.56,10.61,50598070,561111680.000
2013-10-18,10.62,10.88,10.59,10.71,50290475,564285504.000
2013-10-21,10.72,10.92,10.57,10.88,69750635,782908032.000
2013-10-22,10.84,10.85,10.69,10.74,51036454,571825728.000
2013-10-23,10.81,11.34,10.75,10.94,141875621,1635822080.000
2013-10-24,10.92,11.19,10.72,10.90,100812997,1154692736.000
2013-10-25,10.92,11.33,10.92,11.19,140558413,1635218688.000
2013-10-28,11.25,11.28,10.96,11.08,71948915,831462080.000
2013-10-29,11.19,11.86,11.16,11.63,252597994,3029804800.000
2013-10-30,11.54,11.71,11.37,11.69,162551238,1956649600.000
2013-10-31,11.54,11.65,11.21,11.30,120137507,1422903424.000
2013-11-01,11.31,11.51,11.15,11.46,83146837,982663872.000
2013-11-04,11.52,11.62,11.23,11.26,70342016,833465600.000
2013-11-05,11.16,11.16,10.76,11.03,123332079,1406552704.000
2013-11-06,10.80,10.87,10.63,10.73,129508625,1451688704.000
2013-11-07,10.74,10.85,10.68,10.75,68775708,770260416.000
2013-11-08,10.67,10.78,10.58,10.63,66449080,739652032.000
2013-11-11,10.64,10.71,10.57,10.61,59553268,661222144.000
2013-11-12,10.68,10.87,10.62,10.83,83894696,943957824.000
2013-11-13,10.68,10.72,10.44,10.45,95889433,1056766976.000
2013-11-14,10.41,10.51,10.05,10.18,118360832,1263529856.000
2013-11-15,10.20,10.57,10.20,10.45,98237197,1071104320.000
2013-11-18,10.47,10.99,10.34,10.97,175149019,1951342592.000
2013-11-19,10.97,10.99,10.70,10.75,103669464,1168347776.000
2013-11-20,10.88,10.93,10.62,10.71,101820015,1138509312.000
2013-11-21,10.62,10.63,10.31,10.55,129132933,1408267136.000
2013-11-22,10.55,10.58,10.31,10.35,107306308,1164864768.000
2013-11-25,10.31,10.49,10.18,10.27,71328629,768156992.000
2013-11-26,10.29,10.38,10.20,10.26,52240225,560338624.000
2013-11-27,10.19,10.44,10.16,10.30,92206622,991527872.000
2013-11-28,10.33,10.54,10.29,10.38,103222823,1123517568.000
2013-11-29,10.49,10.52,10.22,10.24,114516422,1235865216.000
2013-12-02,10.29,10.51,10.16,10.39,156705499,1695150976.000
2013-12-03,10.32,10.40,10.20,10.33,105269717,1130746368.000
2013-12-04,10.35,10.57,10.26,10.50,165835068,1810831488.000
2013-12-05,10.49,10.53,10.37,10.41,81400830,886375040.000
2013-12-06,10.40,10.40,10.26,10.33,63600963,685480704.000
2013-12-09,10.34,10.39,10.21,10.25,78630407,843783296.000
2013-12-10,10.30,10.33,10.23,10.27,47614183,511051264.000
2013-12-11,10.23,10.24,9.97,10.00,100706746,1060826240.000
2013-12-12,9.94,10.03,9.92,9.94,54228316,565519360.000
2013-12-13,9.85,9.99,9.83,9.93,53512427,554470656.000
2013-12-16,9.93,10.01,9.80,9.84,71509329,740493824.000
2013-12-17,9.88,9.88,9.74,9.75,59008648,605712768.000
2013-12-18,9.76,9.92,9.75,9.85,45110772,464398464.000
2013-12-19,9.90,9.94,9.64,9.66,71859366,734662784.000
2013-12-20,9.67,9.70,9.26,9.33,106760068,1061688384.000
2013-12-23,9.36,9.46,9.27,9.32,63521466,624223936.000
2013-12-24,9.37,9.48,9.24,9.33,60661627,596751104.000
2013-12-25,9.35,9.43,9.27,9.36,58485195,572759168.000
2013-12-26,9.36,9.36,9.18,9.21,51406745,499555072.000
2013-12-27,9.24,9.52,9.22,9.47,73207656,720076480.000
2013-12-30,9.53,9.57,9.40,9.42,65897603,653019328.000
2013-12-31,9.42,9.79,9.39,9.68,96270099,971231232.000
2014-01-02,9.62,9.63,9.47,9.52,72789232,726735296.000
2014-01-03,9.46,9.48,9.25,9.27,77898480,761067904.000
2014-01-06,9.30,9.33,9.07,9.20,88880972,856262592.000
2014-01-07,9.15,9.25,9.07,9.16,43191298,415153216.000
2014-01-08,9.18,9.31,9.14,9.23,52183116,504730560.000
2014-01-09,9.23,9.42,9.19,9.27,63526501,620524992.000
2014-01-10,9.27,9.36,9.18,9.29,51809991,504198272.000
2014-01-13,9.30,9.34,9.23,9.26,42658276,415166624.000
2014-01-14,9.25,9.36,9.22,9.30,46028968,447747680.000
2014-01-15,9.30,9.31,9.12,9.17,47500673,458767040.000
2014-01-16,9.19,9.19,9.04,9.05,89681205,856869568.000
2014-01-17,9.03,9.04,8.84,8.85,63774251,598016128.000
2014-01-20,8.82,8.90,8.67,8.75,54767092,506024576.000
2014-01-21,8.76,8.91,8.76,8.83,39795626,370236384.000
2014-01-22,8.86,9.17,8.83,9.10,75891856,720136064.000
2014-01-23,9.08,9.09,8.92,8.95,55814379,526755744.000
2014-01-24,8.91,9.02,8.86,8.93,70026283,658676864.000
2014-01-27,8.86,8.90,8.74,8.76,69871638,648081088.000
2014-01-28,8.80,8.97,8.78,8.96,52755732,492895520.000
2014-01-29,8.99,9.10,8.94,9.04,59249276,562421632.000
2014-01-30,9.01,9.01,8.87,8.89,43287412,407086144.000
2014-02-07,8.86,8.89,8.79,8.89,42620973,395806784.000
2014-02-10,8.93,9.07,8.92,9.02,64325232,609886784.000
2014-02-11,9.02,9.48,8.95,9.31,148629178,1447173504.000
2014-02-12,9.28,9.45,9.24,9.26,84295648,823377088.000
2014-02-13,9.21,9.66,9.19,9.50,179768070,1783235328.000
2014-02-14,9.45,9.50,9.35,9.42,74267411,732588480.000
2014-02-17,9.47,9.52,9.22,9.32,110363537,1076784896.000
2014-02-18,9.29,9.30,9.00,9.03,107602764,1030333888.000
2014-02-19,9.02,9.37,8.99,9.31,160991915,1554641664.000
2014-02-20,9.26,9.42,9.07,9.09,116384466,1127998208.000
2014-02-21,9.09,9.13,8.94,9.01,76178785,722487104.000
2014-02-24,8.91,8.92,8.63,8.66,144446598,1322797056.000
2014-02-25,8.67,8.76,8.50,8.54,92604981,842851072.000
2014-02-26,8.54,8.68,8.51,8.62,69679793,629633984.000
2014-02-27,8.66,8.78,8.53,8.71,99810859,911521920.000
2014-02-28,8.66,8.72,8.56,8.66,63035311,573885696.000
2014-03-03,8.65,8.65,8.57,8.61,60057157,544307456.000
2014-03-04,8.58,8.74,8.53,8.70,74130358,671502400.000
2014-03-05,8.68,8.72,8.57,8.59,46201040,419937280.000
2014-03-06,8.57,8.71,8.53,8.65,72154129,655246464.000
2014-03-07,8.62,8.72,8.56,8.57,76364712,694886016.000
2014-03-10,8.52,8.52,8.15,8.19,130034053,1144560000.000
2014-03-11,8.20,8.32,8.14,8.19,68571395,594880640.000
2014-03-12,8.19,8.48,8.17,8.41,97332031,855289792.000
2014-03-13,8.50,8.68,8.44,8.50,99381667,895298368.000
2014-03-14,8.45,8.52,8.35,8.47,65629097,582444096.000
2014-03-17,8.59,8.62,8.46,8.52,45101037,404523040.000
2014-03-18,8.54,8.55,8.42,8.44,42484191,379704128.000
2014-03-19,8.40,8.41,8.26,8.37,55908169,490414720.000
2014-03-20,8.36,8.62,8.33,8.43,100697587,903533120.000
2014-03-21,8.42,9.12,8.39,9.02,247149398,2295523072.000
2014-03-24,9.07,9.28,8.95,9.12,190922357,1831916288.000
2014-03-25,9.10,9.16,8.88,8.93,120525915,1140180480.000
2014-03-26,8.95,9.02,8.86,8.91,51386068,482223232.000
2014-03-27,8.90,9.21,8.84,9.01,117855728,1118390016.000
2014-03-28,8.98,9.25,8.95,9.12,115018810,1102764544.000
2014-03-31,9.14,9.20,8.92,9.06,85561572,813201600.000
2014-04-01,8.88,8.99,8.82,8.92,111118616,1037965696.000
2014-04-02,8.92,9.11,8.88,9.03,83313596,788107200.000
2014-04-03,9.09,9.12,8.86,8.92,80428477,761104640.000
2014-04-04,8.85,9.13,8.84,9.12,89127260,845676544.000
2014-04-08,9.20,10.04,9.20,9.89,436417241,4430930432.000
2014-04-09,9.84,9.90,9.74,9.83,174643811,1794205696.000
2014-04-10,9.84,10.08,9.67,9.86,219530087,2261431552.000
2014-04-11,9.78,10.03,9.71,9.95,169345888,1755166336.000
2014-04-14,9.92,9.98,9.74,9.83,87386790,899101952.000
2014-04-15,9.77,9.79,9.51,9.52,143295181,1440213248.000
2014-04-16,9.48,9.66,9.43,9.57,91479459,914532032.000
2014-04-17,9.69,9.73,9.52,9.56,80813066,813849280.000
2014-04-18,9.49,9.63,9.40,9.62,71340498,713040192.000
2014-04-21,9.56,9.75,9.44,9.44,89519331,902960704.000
2014-04-22,9.43,9.80,9.40,9.77,136756345,1379237632.000
2014-04-23,9.72,10.00,9.68,9.80,156705694,1617679872.000
2014-04-24,9.82,9.98,9.75,9.76,77904758,803201536.000
2014-04-25,9.78,9.99,9.71,9.76,84649824,871377792.000
2014-04-28,9.74,9.82,9.47,9.51,100447943,1005642496.000
2014-04-29,9.57,9.73,9.55,9.67,76059148,767889408.000
2014-04-30,9.69,9.81,9.66,9.71,62112310,633638656.000
2014-05-05,9.69,9.70,9.45,9.56,82299238,823073984.000
2014-05-06,9.54,9.63,9.47,9.50,46358334,463431456.000
2014-05-07,9.50,9.51,9.34,9.35,66763711,659808320.000
2014-05-08,9.35,9.56,9.32,9.37,63086253,623527104.000
2014-05-09,9.40,9.46,9.36,9.41,47527838,469113760.000
2014-05-12,9.49,9.63,9.40,9.56,88635043,886139328.000
2014-05-13,9.56,9.58,9.48,9.52,42630970,425968480.000
2014-05-14,9.55,9.64,9.49,9.55,42604278,427414048.000
2014-05-15,9.54,9.60,9.50,9.51,47056329,471269920.000
2014-05-16,9.50,9.60,9.48,9.51,53629652,536205120.000
2014-05-19,9.45,9.45,9.17,9.23,108901642,1057564288.000
2014-05-20,9.28,9.31,9.15,9.21,46415071,449324736.000
2014-05-21,9.19,9.34,9.12,9.32,43261381,419811936.000
2014-05-22,9.29,9.51,9.26,9.33,61185638,603106752.000
2014-05-23,9.33,9.42,9.30,9.42,40657918,399423808.000
2014-05-26,9.51,9.52,9.36,9.43,39424155,390745152.000
2014-05-27,9.42,9.44,9.32,9.36,36066411,355256512.000
2014-05-28,9.34,9.50,9.32,9.48,51831751,511631616.000
2014-05-29,9.47,9.57,9.40,9.40,50497289,502929536.000
2014-05-30,9.42,9.44,9.35,9.37,44148763,434585984.000
2014-06-03,9.38,9.48,9.33,9.34,41737071,411059936.000
2014-06-04,9.35,9.37,9.21,9.26,44376303,430812000.000
2014-06-05,9.25,9.40,9.23,9.39,30709189,300181088.000
2014-06-06,9.40,9.40,9.22,9.27,41183192,401390144.000
2014-06-09,9.24,9.46,9.20,9.33,51377721,504388448.000
2014-06-10,9.38,9.49,9.36,9.48,64114154,634474496.000
2014-06-11,9.44,9.49,9.39,9.44,42929038,424671232.000
2014-06-12,9.45,9.50,9.42,9.42,53441079,530086784.000
2014-06-13,9.56,9.75,9.46,9.65,153630203,1548020608.000
2014-06-16,9.63,9.88,9.60,9.81,166084293,1695806592.000
2014-06-17,9.76,9.77,9.62,9.66,70997056,720208512.000
2014-06-18,9.66,9.67,9.55,9.58,49897339,501937824.000
2014-06-19,9.60,9.63,9.37,9.41,64090028,637828416.000
2014-06-20,9.41,9.52,9.39,9.51,42764100,424187968.000
2014-06-23,9.51,9.54,9.42,9.44,45831442,455301056.000
2014-06-24,9.46,9.52,9.41,9.47,39205135,389658432.000
2014-06-25,9.48,9.48,9.36,9.40,46465442,458029760.000
2014-06-26,9.41,9.49,9.41,9.47,31118619,308659008.000
2014-06-27,9.47,9.51,9.45,9.48,36957770,367120896.000
2014-06-30,9.51,9.62,9.47,9.57,43663378,437384160.000
2014-07-01,9.63,9.65,9.52,9.55,29642506,296949504.000
2014-07-02,9.55,9.62,9.52,9.60,30401068,304882592.000
2014-07-03,9.60,9.62,9.54,9.59,49805005,500240832.000
2014-07-04,9.58,9.60,9.53,9.56,37162201,372292288.000
2014-07-07,9.55,9.60,9.51,9.57,34660992,347033696.000
2014-07-08,9.55,9.56,9.46,9.52,47264188,470702784.000
2014-07-09,9.50,9.51,9.33,9.36,69143159,682160704.000
2014-07-10,9.36,9.39,9.31,9.34,42992425,421209056.000
2014-07-11,9.33,9.41,9.33,9.37,41389974,407309888.000
2014-07-14,9.40,9.41,9.34,9.39,58002326,570220736.000
2014-07-15,9.39,9.51,9.37,9.47,69888437,692407168.000
2014-07-16,9.44,9.48,9.41,9.45,73518033,727893312.000
2014-07-17,9.45,9.46,9.37,9.41,48496880,478533216.000
2014-07-18,9.43,9.56,9.43,9.51,87789264,835307392.000
2014-07-21,9.52,9.54,9.45,9.48,40228811,381305632.000
2014-07-22,9.46,9.79,9.44,9.67,129920565,1255050240.000
2014-07-23,9.69,9.82,9.66,9.71,81650491,796145280.000
2014-07-24,9.75,10.34,9.75,10.24,286461616,2896746752.000
2014-07-25,10.27,10.40,10.17,10.33,136834642,1407350784.000
2014-07-28,10.38,11.00,10.38,10.91,288438329,3107927040.000
2014-07-29,10.97,11.07,10.85,10.95,179011284,1961139072.000
2014-07-30,11.07,11.22,10.85,10.92,149717075,1649030400.000
2014-07-31,10.89,11.08,10.81,11.07,105598019,1153926144.000
2014-08-01,11.05,11.23,10.91,10.92,155797386,1725677312.000
2014-08-04,10.95,11.18,10.84,11.10,175787341,1933035392.000
2014-08-05,11.11,11.16,10.81,10.87,160637489,1755365632.000
2014-08-06,10.81,10.81,10.50,10.66,183858211,1954400000.000
2014-08-07,10.65,10.71,10.52,10.54,93196475,987337472.000
2014-08-08,10.53,10.64,10.50,10.56,85283067,901059072.000
2014-08-11,10.61,10.75,10.60,10.71,106769751,1142143616.000
2014-08-12,10.68,10.69,10.50,10.60,111180600,1174188544.000
2014-08-13,10.58,10.67,10.48,10.58,102006012,1075530240.000
2014-08-14,10.58,10.60,10.48,10.49,86563713,911691648.000
2014-08-15,10.48,10.54,10.36,10.52,121244432,1269002752.000
2014-08-18,10.52,10.60,10.46,10.52,91177801,959636544.000
2014-08-19,10.54,10.55,10.45,10.52,105220043,1104544640.000
2014-08-20,10.50,10.51,10.41,10.41,71690274,749057792.000
2014-08-21,10.42,10.44,10.23,10.31,91505317,944212544.000
2014-08-22,10.30,10.42,10.28,10.36,71209843,737915456.000
2014-08-25,10.36,10.38,10.21,10.24,63281788,649438144.000
2014-08-26,10.24,10.31,10.21,10.26,63313959,649449280.000
2014-08-27,10.26,10.32,10.20,10.27,55740945,571519872.000
2014-08-28,10.25,10.28,10.16,10.16,58756631,600462272.000
2014-08-29,10.21,10.32,10.18,10.32,50089703,513977184.000
2014-09-01,10.31,10.32,10.24,10.31,85601299,879702528.000
2014-09-02,10.34,10.48,10.26,10.46,131512797,1364128512.000
2014-09-03,10.52,10.63,10.47,10.55,116054523,1225652224.000
2014-09-04,10.57,10.64,10.49,10.59,91825815,969490752.000
2014-09-05,10.62,10.68,10.55,10.62,105601950,1120375168.000
2014-09-09,10.62,10.64,10.47,10.49,97158520,1022496000.000
2014-09-10,10.46,10.46,10.34,10.37,97669634,1014198912.000
2014-09-11,10.36,10.54,10.32,10.36,124389848,1293883264.000
2014-09-12,10.34,10.37,10.28,10.37,96793626,998255040.000
2014-09-15,10.32,10.32,10.25,10.31,86667057,891526528.000
2014-09-16,10.31,10.39,10.22,10.23,157469464,1621606656.000
2014-09-17,10.27,10.31,10.21,10.25,91644368,939232192.000
2014-09-18,10.25,10.39,10.19,10.29,132536267,1364670208.000
2014-09-19,10.29,10.40,10.28,10.34,149013792,1543490944.000
2014-09-22,10.32,10.32,10.07,10.09,127652767,1297851904.000
2014-09-23,10.09,10.16,10.07,10.12,62945681,636574528.000
2014-09-24,10.11,10.35,10.06,10.33,146917006,1501252736.000
2014-09-25,10.34,10.37,10.20,10.25,103903135,1070116992.000
2014-09-26,10.20,10.25,10.16,10.20,62060272,633152832.000
2014-09-29,10.25,10.29,10.21,10.24,84306165,864021184.000
2014-09-30,10.26,10.27,10.18,10.22,78255973,799546944.000
2014-10-08,10.27,10.35,10.20,10.34,108498309,1115448832.000
2014-10-09,10.35,10.39,10.28,10.33,94404457,975326528.000
2014-10-10,10.29,10.31,10.22,10.27,81946017,840536192.000
2014-10-13,10.22,10.25,10.09,10.15,85581202,869181504.000
2014-10-14,10.14,10.23,10.10,10.14,66737895,677666624.000
2014-10-15,10.13,10.21,10.08,10.17,69530589,706102208.000
2014-10-16,10.12,10.35,10.09,10.17,139710354,1430423936.000
2014-10-17,10.17,10.22,10.11,10.14,82546837,838310720.000
2014-10-20,10.19,10.29,10.13,10.24,86402346,881255168.000
2014-10-21,10.22,10.25,10.11,10.13,80028990,814205888.000
2014-10-22,10.14,10.29,10.13,10.17,94089838,960357440.000
2014-10-23,10.18,10.33,10.18,10.23,144009264,1479233664.000
2014-10-24,10.25,10.32,10.21,10.24,79633241,817262272.000
2014-10-27,10.15,10.18,9.99,10.01,104498109,1051699904.000
2014-10-28,10.06,10.15,10.02,10.15,73970668,745633088.000
2014-10-29,10.17,10.34,10.13,10.28,146500079,1500670208.000
2014-10-30,10.29,10.49,10.22,10.45,214601413,2223069696.000
2014-10-31,10.49,11.15,10.49,10.86,447859906,4829410304.000
2014-11-03,11.03,11.09,10.72,10.76,207461770,2249511168.000
2014-11-04,10.81,10.82,10.61,10.65,143671053,1532091520.000
2014-11-05,10.62,10.68,10.45,10.49,198023830,2083775872.000
2014-11-06,10.54,10.56,10.40,10.48,139605578,1462111360.000
2014-11-07,10.48,10.90,10.43,10.59,316085859,3364186624.000
2014-11-10,10.79,10.91,10.63,10.82,257378313,2769456640.000
2014-11-11,10.84,11.35,10.84,11.04,576247987,6389123584.000
2014-11-12,10.89,11.03,10.83,11.02,201705403,2204953856.000
2014-11-13,11.08,11.23,10.89,10.94,242835186,2678714624.000
2014-11-14,10.89,10.98,10.73,10.86,184986856,2002280192.000
2014-11-17,10.95,10.98,10.69,10.70,164310195,1778397184.000
2014-11-18,10.70,10.70,10.50,10.55,154817503,1637200384.000
2014-11-19,10.53,10.59,10.47,10.52,91650228,964287424.000
2014-11-20,10.52,10.60,10.47,10.55,100026038,1054196288.000
2014-11-21,10.53,10.72,10.45,10.70,170928164,1809775616.000
2014-11-24,10.54,10.88,10.35,10.71,407059176,4319984128.000
2014-11-25,10.68,10.86,10.65,10.83,252907657,2718600448.000
2014-11-26,10.88,11.16,10.82,11.04,385568999,4232333312.000
2014-11-27,11.09,11.30,11.01,11.18,396644527,4424940032.000
2014-11-28,11.21,12.20,11.13,12.14,837004467,9792449536.000
2014-12-01,12.21,12.63,11.90,11.92,660717841,8032628224.000
2014-12-02,11.82,12.90,11.75,12.59,668287116,8204710912.000
2014-12-03,12.62,13.00,12.22,12.38,727334139,9187549184.000
2014-12-04,12.43,13.37,12.28,13.29,726388013,9324282880.000
2014-12-05,13.43,14.05,12.87,13.60,922080376,12404157440.000
2014-12-08,13.40,14.15,13.20,13.92,698200933,9584290816.000
2014-12-09,13.74,14.27,12.65,12.80,772245349,10595530752.000
2014-12-10,13.05,13.50,12.36,13.32,566505030,7330250752.000
2014-12-11,13.06,13.79,12.90,13.25,455299282,6099904000.000
2014-12-12,13.20,13.54,13.00,13.11,351460449,4655982080.000
2014-12-15,13.00,13.00,12.58,12.84,294409624,3752158208.000
2014-12-16,12.80,13.39,12.76,13.37,369016062,4841012736.000
2014-12-17,13.47,14.57,13.30,14.28,814727604,11362135040.000
2014-12-18,14.39,14.60,13.96,14.27,564942318,8100940800.000
2014-12-19,14.27,14.60,13.91,14.49,435238418,6235831296.000
2014-12-22,14.57,15.58,14.57,14.99,657529468,9928352768.000
2014-12-23,14.79,15.20,14.31,14.35,400909950,5896056320.000
2014-12-24,14.35,14.46,13.47,13.78,418551288,5810787840.000
2014-12-25,14.01,14.63,13.80,14.49,443368559,6320759296.000
2014-12-26,14.63,15.11,14.50,15.05,520194475,7715836928.000
2014-12-29,16.10,16.56,15.21,15.55,822935049,13197895680.000
2014-12-30,15.67,16.30,15.55,16.26,696047285,11133888512.000
2014-12-31,16.30,16.61,15.90,16.50,510708325,8355868160.000
2015-01-05,16.83,17.08,16.32,16.87,528403814,8847190016.000
2015-01-06,16.60,17.49,16.49,16.99,479260997,8130182656.000
2015-01-07,16.78,17.03,16.20,16.61,379315754,6294276096.000
2015-01-08,16.61,16.66,15.84,15.91,324858295,5218959360.000
2015-01-09,15.85,17.18,15.63,16.18,496950497,8145768960.000
2015-01-12,16.16,16.47,15.65,16.03,310327141,4977831936.000
2015-01-13,15.95,16.15,15.75,15.89,203126729,3229481216.000
2015-01-14,15.95,16.40,15.94,16.17,263964812,4268179456.000
2015-01-15,16.16,16.88,16.00,16.85,311691167,5119479808.000
2015-01-16,16.60,17.10,16.51,16.79,508128794,8558651904.000
2015-01-19,15.20,15.79,15.11,15.11,417799819,6439026176.000
2015-01-20,15.01,15.29,14.50,14.87,443613505,6606519808.000
2015-01-21,14.96,15.71,14.84,15.61,389344000,5943740928.000
2015-01-22,15.56,15.60,15.23,15.42,241513643,3727422976.000
2015-01-23,15.51,15.85,15.36,15.45,264996420,4128864768.000
2015-01-26,15.41,15.58,15.10,15.28,235953637,3594619648.000
2015-01-27,15.32,15.37,14.65,14.90,296580953,4431866368.000
2015-01-28,14.77,15.02,14.60,14.77,220425358,3251768320.000
2015-01-29,14.52,14.66,14.35,14.44,234858102,3400315136.000
2015-01-30,14.59,14.72,14.32,14.47,200223848,2911409152.000
2015-02-02,14.10,14.28,14.03,14.04,187119218,2645502976.000
2015-02-03,14.25,14.45,13.99,14.40,212059905,3011732992.000
2015-02-04,14.42,14.56,14.10,14.11,177766330,2551662336.000
2015-02-05,14.86,14.86,14.11,14.13,379612800,5524626432.000
2015-02-06,14.03,14.25,13.93,14.05,200138841,2825415424.000
2015-02-09,14.05,14.31,13.77,14.12,228843813,3212522752.000
2015-02-10,14.11,14.44,14.04,14.37,199006556,2843564800.000
2015-02-11,14.28,14.49,14.23,14.31,153988723,2204282880.000
2015-02-12,14.05,14.17,13.84,14.05,355296335,4970081280.000
2015-02-13,14.13,14.34,14.03,14.12,326660522,4629041152.000
2015-02-16,14.16,14.17,13.98,14.07,220291358,3092596480.000
2015-02-17,14.08,14.22,14.08,14.11,196241693,2774583296.000
2015-02-25,14.14,14.15,13.91,13.96,188111064,2635908608.000
2015-02-26,13.94,14.29,13.86,14.27,243724567,3440838400.000
2015-02-27,14.26,14.43,14.21,14.24,220534990,3154798592.000
2015-03-02,14.31,14.36,14.13,14.27,267754778,3804422656.000
2015-03-03,14.23,14.23,13.88,13.89,262881709,3686378496.000
2015-03-04,13.90,13.97,13.76,13.81,185037123,2557832960.000
2015-03-05,13.77,13.78,13.38,13.46,271145020,3667168768.000
2015-03-06,13.46,13.62,13.46,13.53,144379200,1956779392.000
2015-03-09,13.56,14.88,13.38,14.71,825676935,11820402688.000
2015-03-10,14.51,14.56,14.21,14.25,542043018,7793615872.000
2015-03-11,14.35,14.86,14.35,14.57,505577822,7409068032.000
2015-03-12,15.50,16.03,15.20,15.97,1357222169,21407023104.000
2015-03-13,15.96,17.21,15.85,16.49,1043204331,17202737152.000
2015-03-16,16.60,17.09,16.21,17.06,655065793,10963715072.000
2015-03-17,17.10,17.30,16.68,17.05,536223185,9077621760.000
2015-03-18,17.09,17.15,16.80,17.12,459722922,7804528128.000
2015-03-19,17.28,17.61,17.02,17.15,514910477,8897887232.000
2015-03-20,17.15,17.51,16.61,17.05,582164616,9896084480.000
2015-03-23,17.20,17.88,17.20,17.63,580508526,10160348160.000
2015-03-24,17.50,17.62,17.04,17.30,421602671,7310855680.000
2015-03-25,17.14,17.49,16.64,16.72,432691636,7363719168.000
2015-03-26,16.59,17.36,16.26,17.03,418324937,7084348416.000
2015-03-27,17.00,17.28,16.66,17.00,335500441,5702163968.000
2015-03-30,17.51,18.70,17.30,18.50,636651985,11493986304.000
2015-03-31,18.94,19.48,18.03,18.36,504674806,9453716480.000
2015-04-01,18.20,18.76,18.01,18.39,312604525,5738064896.000
2015-04-02,18.46,18.47,17.73,18.12,391094020,7067408896.000
2015-04-03,18.10,18.68,18.00,18.65,387794367,7140867584.000
2015-04-07,19.18,20.15,19.09,19.79,528003286,10370100224.000
2015-04-08,19.75,20.50,19.54,20.47,499378506,9951654912.000
2015-04-09,20.43,21.29,19.62,19.83,493283114,10021728256.000
2015-04-10,19.83,20.56,19.74,20.39,368250369,7402638848.000
数据来源:通达信
