600048 保利地产 日线 前复权
      日期	    开盘	    最高	    最低	    收盘	    成交量	    成交额
2011-03-02,4.85,4.90,4.78,4.85,43111781,544635520.000
2011-03-03,4.85,4.99,4.83,4.90,48109692,617011392.000
2011-03-04,4.90,5.04,4.84,5.03,59274931,766866496.000
2011-03-07,5.08,5.15,4.98,5.08,77764352,1025260736.000
2011-03-08,5.09,5.21,5.06,5.13,59886998,799488512.000
2011-03-09,5.14,5.19,5.04,5.08,44831279,593604480.000
2011-03-10,5.06,5.15,4.98,5.05,55306914,726589312.000
2011-03-11,5.01,5.08,4.94,4.95,36500417,475414528.000
2011-03-14,4.92,4.96,4.91,4.94,23671074,304560960.000
2011-03-15,4.91,4.99,4.73,4.82,34464621,435278528.000
2011-03-16,4.84,4.89,4.81,4.85,28058890,355077088.000
2011-03-17,4.80,4.82,4.70,4.74,45278581,562840448.000
2011-03-18,4.79,4.91,4.75,4.85,30569911,385444352.000
2011-03-21,4.83,5.00,4.82,4.90,39254102,503829472.000
2011-03-23,4.90,5.23,4.87,5.12,90002435,1192349568.000
2011-03-24,5.13,5.23,5.06,5.08,45282357,604444288.000
2011-03-25,5.08,5.51,5.08,5.34,86836296,1184433024.000
2011-03-28,5.38,5.57,5.36,5.37,61817783,870760576.000
2011-03-29,5.37,5.57,5.34,5.42,66999580,947002816.000
2011-03-30,5.44,5.46,5.18,5.25,51186028,701665600.000
2011-03-31,5.25,5.31,5.12,5.18,30398572,410892096.000
2011-04-01,5.17,5.48,5.17,5.47,46999234,648301696.000
2011-04-06,5.44,5.71,5.39,5.60,91886232,1322009728.000
2011-04-07,5.60,5.76,5.57,5.57,49667946,723958272.000
2011-04-08,5.58,5.70,5.57,5.59,30660990,443944064.000
2011-04-11,5.59,5.66,5.42,5.45,38763554,547748800.000
2011-04-12,5.43,5.52,5.33,5.35,35937288,500495904.000
2011-04-13,5.36,5.51,5.23,5.49,34116049,471211072.000
2011-04-14,5.46,5.46,5.31,5.35,30449272,422227744.000
2011-04-15,5.32,5.51,5.30,5.49,27427301,383224928.000
2011-04-18,5.46,5.64,5.39,5.57,45077574,644383872.000
2011-04-20,5.44,5.49,5.29,5.32,40703034,564598336.000
2011-04-21,5.34,5.37,5.27,5.34,20560245,282889632.000
2011-04-22,5.34,5.34,5.24,5.30,19096694,260609680.000
2011-04-25,5.23,5.27,5.14,5.18,18397597,248219776.000
2011-04-26,5.18,5.24,5.12,5.23,18323840,246294784.000
2011-04-27,5.22,5.25,5.06,5.11,20698034,276686176.000
2011-04-28,5.12,5.14,4.94,4.96,34072381,446247072.000
2011-04-29,4.95,5.10,4.93,5.05,21267255,278485952.000
2011-05-03,5.02,5.07,4.99,5.03,13193756,172729264.000
2011-05-04,5.00,5.08,4.89,4.90,17166256,223234752.000
2011-05-05,4.84,5.04,4.83,4.99,13293660,171717216.000
2011-05-06,4.91,5.08,4.90,5.01,12728518,165882128.000
2011-05-09,4.99,5.05,4.95,4.99,9701282,126013464.000
2011-05-10,5.02,5.08,4.95,5.07,12145480,158403744.000
2011-05-11,5.08,5.23,5.04,5.13,21138520,281654112.000
2011-05-12,5.10,5.21,5.07,5.08,14670254,196143120.000
2011-05-13,5.10,5.20,5.07,5.19,13674907,182246704.000
2011-05-16,5.16,5.29,5.14,5.16,15692467,212457088.000
2011-05-17,5.15,5.29,5.13,5.19,21575697,220493616.000
2011-05-18,5.17,5.29,5.15,5.27,17843263,182885152.000
2011-05-19,5.28,5.29,5.14,5.15,17934114,182271808.000
2011-05-20,5.15,5.21,5.12,5.13,12706654,129103792.000
2011-05-23,5.10,5.15,4.96,5.04,21152553,209839328.000
2011-05-24,5.01,5.10,4.96,5.04,11258398,111859736.000
2011-05-25,5.03,5.07,4.98,5.00,11614339,114750672.000
2011-05-26,5.07,5.10,4.94,4.94,11975613,118038728.000
2011-05-27,4.96,5.06,4.95,4.99,14617109,144250544.000
2011-05-30,5.01,5.01,4.81,4.81,19388258,187294688.000
2011-05-31,4.82,4.87,4.59,4.75,39126816,364198400.000
2011-06-01,4.72,4.76,4.68,4.71,29625855,277155680.000
2011-06-02,4.64,4.69,4.49,4.56,35150138,318843200.000
2011-06-03,4.57,4.71,4.54,4.64,21510433,197630368.000
2011-06-07,4.62,4.70,4.61,4.65,14077947,130123784.000
2011-06-08,4.66,4.85,4.61,4.83,29863270,280408064.000
2011-06-09,4.79,4.80,4.69,4.70,15576726,146081840.000
2011-06-10,4.75,4.94,4.75,4.87,34060278,326529056.000
2011-06-13,4.84,4.92,4.79,4.82,25498508,244530688.000
2011-06-14,4.86,5.35,4.86,5.19,68817751,698507328.000
2011-06-15,5.10,5.36,5.10,5.21,48774286,502251648.000
2011-06-16,5.16,5.17,4.98,5.06,38142578,381972736.000
2011-06-17,5.07,5.34,5.07,5.16,45109568,461551424.000
2011-06-20,5.20,5.40,5.20,5.32,62604703,653553664.000
2011-06-21,5.32,5.49,5.31,5.39,60855381,643952384.000
2011-06-22,5.34,5.44,5.26,5.36,28481847,297442816.000
2011-06-23,5.36,5.45,5.31,5.41,25525031,269680160.000
2011-06-24,5.41,5.55,5.31,5.47,57516741,613911488.000
2011-06-27,5.49,5.55,5.26,5.40,32322234,342533824.000
2011-06-28,5.40,5.54,5.32,5.49,36058439,384379872.000
2011-06-29,5.47,5.56,5.41,5.41,25054235,268963200.000
2011-06-30,5.41,5.68,5.41,5.64,59307515,647834752.000
2011-07-01,5.64,5.85,5.61,5.77,46456363,521683424.000
2011-07-04,5.80,6.03,5.70,5.80,48490648,551815104.000
2011-07-05,5.80,5.95,5.78,5.82,40256853,459267840.000
2011-07-06,5.80,5.80,5.57,5.73,57572287,635637248.000
2011-07-07,5.75,5.86,5.63,5.76,84684008,944187712.000
2011-07-08,5.75,5.91,5.73,5.82,48981832,554613760.000
2011-07-11,5.79,5.82,5.66,5.79,33723335,376564832.000
2011-07-12,5.70,5.70,5.53,5.55,46440993,506657792.000
2011-07-13,5.55,5.68,5.52,5.62,36343258,397047616.000
2011-07-14,5.60,5.64,5.50,5.59,27554046,299338560.000
2011-07-15,5.42,5.44,5.31,5.42,73068590,769131328.000
2011-07-18,5.40,5.49,5.29,5.46,58882520,619929792.000
2011-07-19,5.40,5.68,5.37,5.64,66864142,727308992.000
2011-07-20,5.64,5.72,5.54,5.69,37015707,406468640.000
2011-07-21,5.67,5.71,5.54,5.55,23378952,256195840.000
2011-07-22,5.59,5.61,5.45,5.49,23333429,251315568.000
2011-07-25,5.42,5.44,5.15,5.21,41198380,427847968.000
2011-07-27,5.14,5.31,5.10,5.24,23740719,243847712.000
2011-07-28,5.19,5.29,5.12,5.26,19633354,200448752.000
2011-07-29,5.24,5.39,5.20,5.35,22001970,229576160.000
2011-08-01,5.38,5.48,5.30,5.47,22427183,238117376.000
2011-08-02,5.38,5.50,5.32,5.42,15317684,161869600.000
2011-08-03,5.36,5.50,5.34,5.49,15124732,160901584.000
2011-08-04,5.47,5.55,5.39,5.42,10764211,115094120.000
2011-08-05,5.25,5.47,5.20,5.36,16143611,169366256.000
2011-08-08,5.28,5.50,5.19,5.32,32513525,340180000.000
2011-08-09,5.20,5.71,5.15,5.55,92667154,1006302528.000
2011-08-10,5.67,5.76,5.58,5.64,80104670,887152896.000
2011-08-11,5.59,5.85,5.56,5.75,45202070,505932384.000
2011-08-12,5.76,5.78,5.59,5.63,53240191,589342464.000
2011-08-15,5.65,5.82,5.65,5.81,33775763,379150432.000
2011-08-16,5.79,5.90,5.67,5.69,30599266,343558624.000
2011-08-17,5.65,5.75,5.59,5.67,25324997,278731232.000
2011-08-18,5.64,5.64,5.36,5.40,32522974,351537472.000
2011-08-19,5.36,5.54,5.34,5.50,29497214,314734624.000
2011-08-22,5.50,5.58,5.39,5.42,16918042,180416592.000
2011-08-23,5.42,5.62,5.42,5.56,18792536,203538400.000
2011-08-24,5.59,5.67,5.46,5.47,15786242,171334528.000
2011-08-25,5.50,5.81,5.47,5.80,37730084,419284352.000
2011-08-26,5.75,5.85,5.73,5.81,22167732,250057984.000
2011-08-29,5.74,5.80,5.55,5.60,28954756,319164416.000
2011-08-30,5.66,5.78,5.53,5.59,27170551,300105472.000
2011-08-31,5.60,5.67,5.54,5.63,13104274,143593088.000
2011-09-01,5.65,5.76,5.64,5.66,19969466,221607440.000
2011-09-02,5.66,5.66,5.41,5.45,32174641,344528448.000
2011-09-05,5.37,5.42,5.23,5.26,27698317,288637440.000
2011-09-06,5.23,5.28,5.19,5.25,15242296,156599984.000
2011-09-07,5.29,5.48,5.29,5.44,20519978,216405280.000
2011-09-08,5.44,5.46,5.33,5.36,10029178,105690912.000
2011-09-09,5.46,5.54,5.37,5.41,19264063,205221696.000
2011-09-13,5.29,5.52,5.29,5.49,16338549,174064368.000
2011-09-14,5.48,5.59,5.40,5.57,14985520,161493392.000
2011-09-15,5.57,5.67,5.55,5.62,16289686,178835808.000
2011-09-16,5.65,5.70,5.42,5.55,19414815,209517088.000
2011-09-19,5.45,5.47,5.22,5.24,53723203,561232832.000
2011-09-20,5.22,5.26,5.04,5.19,26649824,269396896.000
2011-09-21,5.19,5.33,5.15,5.29,21805705,225435232.000
2011-09-22,5.26,5.27,4.88,4.89,47409780,469596896.000
2011-09-23,4.81,5.03,4.71,4.81,39813140,380758080.000
2011-09-26,4.79,4.86,4.57,4.59,40655578,377737184.000
2011-09-27,4.65,4.69,4.54,4.62,32962717,300782048.000
2011-09-28,4.64,4.66,4.52,4.53,26767842,243239792.000
2011-09-29,4.53,4.69,4.51,4.65,39769281,364576064.000
2011-09-30,4.66,4.79,4.61,4.67,28061742,260417072.000
2011-10-10,4.70,4.72,4.46,4.49,27123646,244504992.000
2011-10-11,4.60,4.62,4.31,4.41,27681510,244426880.000
2011-10-12,4.36,4.68,4.30,4.65,44574489,404621024.000
2011-10-13,4.61,4.79,4.61,4.71,30950646,289739328.000
2011-10-14,4.69,4.75,4.61,4.70,11949840,110634592.000
2011-10-17,4.71,4.77,4.63,4.70,19126263,178492480.000
2011-10-18,4.63,4.71,4.46,4.49,22761793,206624656.000
2011-10-19,4.52,4.57,4.34,4.37,24330727,214671472.000
2011-10-20,4.32,4.40,4.25,4.27,19123824,164285808.000
2011-10-21,4.30,4.36,4.21,4.26,26303330,225705136.000
2011-10-24,4.26,4.49,4.21,4.46,19171142,167191840.000
2011-10-25,4.39,4.78,4.38,4.69,35383745,324219456.000
2011-10-26,4.69,5.01,4.67,4.97,61442669,595564736.000
2011-10-27,5.00,5.00,4.89,4.94,17327119,168578432.000
2011-10-28,5.00,5.48,5.00,5.18,70141454,723871488.000
2011-10-31,5.14,5.30,4.99,5.26,43712989,442553728.000
2011-11-01,5.17,5.34,4.97,5.06,55552680,557807360.000
2011-11-02,4.92,5.17,4.92,5.17,36441132,364201312.000
2011-11-03,5.22,5.28,5.04,5.07,37053999,371907520.000
2011-11-07,5.14,5.17,4.97,5.11,37023294,369132384.000
2011-11-08,5.09,5.09,4.86,5.00,30539942,298643296.000
2011-11-09,4.97,5.03,4.87,4.99,23400618,227684912.000
2011-11-10,4.91,4.99,4.85,4.85,22968225,222137568.000
2011-11-11,4.86,4.92,4.85,4.89,15832545,152522384.000
2011-11-14,4.90,5.09,4.90,5.06,32789352,323335840.000
2011-11-15,5.04,5.07,4.96,5.01,15324165,151349312.000
2011-11-16,5.01,5.02,4.70,4.75,35183252,334159264.000
2011-11-17,4.77,4.79,4.67,4.73,15982447,149681120.000
2011-11-18,4.70,4.70,4.49,4.57,37945825,342554112.000
2011-11-21,4.57,4.62,4.51,4.61,17457991,157763424.000
2011-11-22,4.56,4.62,4.51,4.57,25846363,233790336.000
2011-11-23,4.59,4.59,4.45,4.48,12669051,113534608.000
2011-11-24,4.44,4.72,4.39,4.62,34290580,311521312.000
2011-11-25,4.59,4.64,4.48,4.55,16218987,147062576.000
2011-11-28,4.57,4.64,4.50,4.57,22225961,200635504.000
2011-11-29,4.63,4.78,4.54,4.70,38036096,352495296.000
2011-11-30,4.69,4.72,4.56,4.65,24932015,229165152.000
2011-12-01,5.00,5.16,4.84,4.94,121101527,1193946752.000
2011-12-02,4.86,4.97,4.84,4.91,22534907,218243968.000
2011-12-05,4.90,4.99,4.75,4.96,28146665,272710816.000
2011-12-06,4.94,5.12,4.93,5.02,31187366,309861632.000
2011-12-07,5.02,5.09,4.95,5.05,18129142,179764384.000
2011-12-08,5.03,5.12,4.97,5.06,21335651,212334784.000
2011-12-09,5.02,5.31,5.01,5.15,33453615,341452000.000
2011-12-12,5.10,5.10,4.91,4.96,37352622,365588928.000
2011-12-13,4.91,5.01,4.84,4.85,18062593,175876848.000
2011-12-14,4.85,4.85,4.70,4.74,16550168,156110816.000
2011-12-15,4.72,4.90,4.70,4.80,32072545,306805152.000
2011-12-16,4.78,5.15,4.76,5.07,29828535,291667264.000
2011-12-19,5.03,5.15,4.99,5.12,36633528,365833664.000
2011-12-20,5.10,5.31,5.09,5.13,41100651,422132896.000
2011-12-21,5.18,5.19,5.02,5.04,19531694,195586304.000
2011-12-22,5.02,5.24,4.98,5.12,23382636,234343904.000
2011-12-23,5.12,5.30,5.11,5.19,31709253,324368224.000
2011-12-26,5.16,5.29,5.12,5.13,18851556,192017680.000
2011-12-27,5.14,5.15,4.95,4.95,15664311,156190336.000
2011-12-28,4.95,5.04,4.75,4.90,34121313,328101760.000
2011-12-29,4.89,5.03,4.87,4.94,17120111,166913184.000
2011-12-30,4.96,5.17,4.96,5.09,25612313,256526848.000
2012-01-04,5.09,5.25,5.04,5.11,34155593,344814624.000
2012-01-05,5.10,5.15,4.89,4.97,34255598,341209760.000
2012-01-06,4.98,5.00,4.80,4.92,23819275,230547296.000
2012-01-09,4.90,5.20,4.84,5.18,46934100,460632544.000
2012-01-10,5.16,5.35,5.05,5.28,102089931,1043911680.000
2012-01-11,5.22,5.30,5.16,5.26,38881278,399253248.000
2012-01-12,5.22,5.46,5.22,5.30,44584483,467719136.000
2012-01-13,5.30,5.34,5.17,5.24,23582349,241942816.000
2012-01-16,5.21,5.27,5.01,5.05,34642061,347893248.000
2012-01-17,5.03,5.57,4.86,5.28,57936093,583400256.000
2012-01-18,5.24,5.42,5.12,5.15,50133909,518985024.000
2012-01-19,5.18,5.46,5.11,5.46,42669404,446149408.000
2012-01-20,5.43,5.64,5.43,5.61,43737586,475821152.000
2012-01-30,5.59,5.59,5.30,5.32,46838431,498384192.000
2012-01-31,5.34,5.40,5.32,5.36,18137408,190161040.000
2012-02-01,5.34,5.46,5.22,5.26,25711436,268937632.000
2012-02-02,5.29,5.44,5.20,5.40,31408216,325438208.000
2012-02-03,5.37,5.50,5.32,5.46,32858609,348221760.000
2012-02-06,5.44,5.47,5.27,5.34,27602576,289978208.000
2012-02-07,5.31,5.31,5.09,5.16,45696775,461656800.000
2012-02-08,5.15,5.40,5.10,5.32,38918909,401482784.000
2012-02-09,5.31,5.48,5.27,5.40,53272751,562051776.000
2012-02-10,5.41,5.67,5.41,5.59,87079160,953932352.000
2012-02-13,5.24,5.51,5.20,5.40,65606193,688781952.000
2012-02-14,5.37,5.44,5.28,5.43,33213749,348872320.000
2012-02-15,5.39,5.55,5.35,5.43,33253725,354240416.000
2012-02-16,5.45,5.45,5.37,5.41,27491897,291145504.000
2012-02-17,5.42,5.50,5.38,5.48,23536233,250537600.000
2012-02-20,5.59,5.62,5.49,5.51,41182518,445888544.000
2012-02-21,5.52,5.64,5.47,5.63,30068218,326524832.000
2012-02-22,5.75,5.84,5.64,5.80,61168546,686939072.000
2012-02-23,5.80,5.85,5.73,5.81,43167070,487326240.000
2012-02-24,5.80,6.13,5.75,6.03,66375526,768453632.000
2012-02-27,6.03,6.20,5.87,5.95,56987724,667355520.000
2012-02-28,5.99,6.00,5.85,5.91,34562311,397560512.000
2012-02-29,5.79,5.81,5.62,5.70,71952058,802438528.000
2012-03-01,5.66,5.79,5.66,5.72,40531616,452625376.000
2012-03-02,5.71,6.02,5.70,5.99,73371130,840009920.000
2012-03-05,6.05,6.17,5.89,5.92,47760989,555053696.000
2012-03-06,5.89,5.91,5.75,5.91,35455328,403202080.000
2012-03-07,5.82,5.92,5.78,5.80,28882633,328655584.000
2012-03-08,5.83,6.10,5.83,6.02,40515082,471271584.000
2012-03-09,6.04,6.07,5.95,6.02,23574580,274859008.000
2012-03-12,6.02,6.04,5.70,5.77,76951405,866404736.000
2012-03-13,5.78,5.85,5.72,5.83,37751835,425519296.000
2012-03-14,5.86,5.95,5.59,5.64,59828488,673315584.000
2012-03-15,5.62,5.64,5.40,5.49,52521712,564459584.000
2012-03-16,5.49,5.60,5.46,5.54,32364969,348270432.000
2012-03-19,5.54,5.55,5.40,5.49,38195843,407499360.000
2012-03-20,5.46,5.60,5.44,5.49,26891252,289671808.000
2012-03-21,5.53,5.56,5.39,5.44,30376258,324569088.000
2012-03-22,5.42,5.58,5.42,5.50,23192528,250257008.000
2012-03-23,5.47,5.49,5.37,5.42,24980546,264605152.000
2012-03-26,5.42,5.45,5.33,5.37,14765146,155748288.000
2012-03-27,5.40,5.46,5.38,5.39,18857673,199965920.000
2012-03-28,5.37,5.50,5.34,5.39,28716507,304642688.000
2012-03-29,5.38,5.62,5.34,5.53,50135090,540819072.000
2012-03-30,5.53,5.81,5.51,5.80,49255781,544564096.000
2012-04-05,5.74,5.92,5.67,5.87,37335419,422678208.000
2012-04-06,5.86,5.96,5.80,5.84,27617466,316671648.000
2012-04-09,5.84,5.89,5.74,5.80,16539839,187098560.000
2012-04-10,5.82,6.05,5.79,6.01,28396102,326162112.000
2012-04-11,5.95,6.34,5.94,6.07,50091795,596683008.000
2012-04-12,6.07,6.22,6.05,6.18,35392993,421917664.000
2012-04-13,6.17,6.29,6.11,6.11,34473530,414872192.000
2012-04-16,6.07,6.25,5.97,6.19,25882295,308062592.000
2012-04-17,6.17,6.19,5.93,6.00,17597064,206352464.000
2012-04-18,6.05,6.31,5.99,6.30,39384950,473655904.000
2012-04-19,6.27,6.36,6.20,6.31,26168809,317895616.000
2012-04-20,6.26,6.34,6.06,6.31,50385554,607394752.000
2012-04-23,6.27,6.27,6.06,6.20,26424590,314180064.000
2012-04-24,6.19,6.32,6.06,6.20,29415988,352668064.000
2012-04-25,6.16,6.43,6.11,6.37,42212434,515339552.000
2012-04-27,6.36,6.56,6.31,6.48,42610530,532396800.000
2012-05-02,6.54,6.81,6.49,6.75,38224475,491465440.000
2012-05-03,6.85,6.85,6.56,6.72,28884386,370607744.000
2012-05-04,6.70,6.78,6.57,6.76,22504725,290477696.000
2012-05-07,6.70,6.78,6.59,6.75,27704332,356588352.000
2012-05-08,6.84,6.84,6.52,6.75,36832919,472055456.000
2012-05-09,6.64,6.70,6.57,6.61,16556984,211380624.000
2012-05-10,6.60,6.70,6.56,6.64,11068866,141338784.000
2012-05-11,6.59,6.64,6.48,6.55,15765576,198689696.000
2012-05-14,6.64,6.84,6.53,6.62,42250728,544210944.000
2012-05-15,6.56,6.75,6.54,6.74,18422745,237353712.000
2012-05-16,6.70,6.73,6.56,6.56,16336560,208566672.000
2012-05-17,6.56,6.74,6.49,6.69,15263442,195224848.000
2012-05-18,6.64,6.71,6.56,6.60,9513800,121735072.000
2012-05-21,6.60,6.71,6.55,6.60,11601583,148012688.000
2012-05-22,6.61,7.00,6.60,6.98,48885712,643824192.000
2012-05-23,6.94,7.11,6.90,7.09,37408867,506211744.000
2012-05-24,7.08,7.20,6.95,7.00,21907345,297677152.000
2012-05-25,7.03,7.16,6.97,7.04,17272091,234415056.000
2012-05-28,7.02,7.29,6.98,7.29,20969902,287272320.000
2012-05-29,7.25,7.36,7.22,7.29,24915447,348407840.000
2012-05-30,7.25,7.46,7.20,7.21,31532846,443526944.000
2012-05-31,7.14,7.22,7.06,7.11,31967148,437546240.000
2012-06-01,7.11,7.22,7.06,7.12,25447361,348306048.000
2012-06-04,7.02,7.25,6.88,6.89,29227911,397484032.000
2012-06-05,6.94,7.07,6.88,7.04,17121441,229935200.000
2012-06-06,7.02,7.06,6.85,7.04,18116953,242369504.000
2012-06-07,7.09,7.38,7.07,7.11,32584247,451607616.000
2012-06-08,7.31,7.45,7.06,7.10,35001935,485632320.000
2012-06-11,7.17,7.50,7.14,7.35,36146545,506682784.000
2012-06-12,7.34,7.67,7.29,7.66,44441380,640421888.000
2012-06-13,7.65,7.70,7.59,7.64,40838060,595805760.000
2012-06-14,7.64,7.81,7.63,7.70,27639655,405990688.000
2012-06-15,7.75,7.75,7.25,7.51,55618162,794625600.000
2012-06-18,7.59,7.66,7.48,7.64,23302782,276526752.000
2012-06-19,7.59,7.61,7.46,7.47,34207903,404193120.000
2012-06-20,7.49,7.54,7.22,7.34,36424737,420596416.000
2012-06-21,7.33,7.44,7.18,7.32,43644380,502842080.000
2012-06-25,7.29,7.38,6.93,6.94,50054437,556740608.000
2012-06-26,6.92,7.16,6.90,7.14,51872677,576633152.000
2012-06-27,7.06,7.42,7.03,7.26,36074510,412940640.000
2012-06-28,7.29,7.40,7.16,7.18,19205822,219089472.000
2012-06-29,7.17,7.29,7.06,7.21,32661283,367339424.000
2012-07-02,7.32,7.44,7.16,7.38,29689785,342694624.000
2012-07-03,7.38,7.70,7.32,7.63,53044964,632654272.000
2012-07-04,7.66,7.72,7.52,7.64,20129398,240531424.000
2012-07-05,7.57,7.82,7.54,7.79,44046360,534873952.000
2012-07-06,7.93,8.24,7.92,8.20,78951465,997247552.000
2012-07-09,8.05,8.44,7.98,8.32,62614314,814923968.000
2012-07-10,8.17,8.24,7.92,8.00,54116946,680537216.000
2012-07-11,7.98,8.15,7.74,7.94,37844344,469899168.000
2012-07-12,7.92,8.27,7.72,8.22,56133820,701228736.000
2012-07-13,8.16,8.32,8.08,8.18,22559946,289453088.000
2012-07-16,8.18,8.25,7.77,7.83,29505338,366366016.000
2012-07-17,7.78,8.03,7.77,7.90,20351495,252180304.000
2012-07-18,7.90,7.98,7.16,7.50,80993002,953198976.000
2012-07-19,7.44,7.55,7.12,7.36,52728892,610432704.000
2012-07-20,7.28,7.40,7.11,7.22,52607235,597661952.000
2012-07-23,7.16,7.21,6.97,7.12,31384431,350009344.000
2012-07-24,7.12,7.42,7.10,7.28,27067272,310641632.000
2012-07-25,7.22,7.25,7.03,7.08,33580835,375350336.000
2012-07-26,7.06,7.12,6.76,6.80,68032183,738451072.000
2012-07-27,6.82,6.95,6.75,6.92,34153324,370200352.000
2012-07-30,6.92,7.08,6.88,6.98,22825979,251412256.000
2012-07-31,6.96,7.30,6.92,7.25,37974260,428691168.000
2012-08-01,7.24,7.46,7.16,7.21,49988925,575791360.000
2012-08-02,7.18,7.18,6.47,6.52,86784975,923110848.000
2012-08-03,6.63,6.68,6.48,6.64,58738732,611442816.000
2012-08-06,6.59,6.75,6.50,6.74,53019568,553697920.000
2012-08-07,6.72,6.75,6.58,6.70,42341765,444702080.000
2012-08-08,6.66,6.85,6.66,6.82,43281506,463432896.000
2012-08-09,6.86,7.05,6.86,6.93,39566632,433367648.000
2012-08-10,6.90,6.93,6.69,6.74,31023457,331873536.000
2012-08-13,6.62,6.66,6.32,6.44,67463426,691132352.000
2012-08-14,6.47,6.65,6.32,6.64,34883031,357323648.000
2012-08-15,6.56,6.66,6.52,6.62,15231369,159090288.000
2012-08-16,6.55,6.74,6.55,6.63,16444248,172968448.000
2012-08-17,6.62,6.65,6.38,6.54,23919441,245031792.000
2012-08-20,6.39,6.39,6.22,6.33,44984337,447678912.000
2012-08-21,6.34,6.51,6.17,6.20,53313498,529789760.000
2012-08-22,6.22,6.24,5.90,5.98,69922427,669816512.000
2012-08-23,5.98,6.04,5.85,5.92,63571331,598075648.000
2012-08-24,5.88,5.99,5.83,5.93,29292596,275566944.000
2012-08-27,5.90,5.98,5.84,5.93,30988957,291607232.000
2012-08-28,5.90,5.94,5.70,5.81,42432191,392143168.000
2012-08-29,5.78,5.89,5.68,5.72,26803881,246743536.000
2012-08-30,5.66,5.82,5.66,5.74,31493316,287388416.000
2012-08-31,5.73,5.94,5.72,5.92,35236864,328363808.000
2012-09-03,5.92,6.42,5.92,6.40,80789125,800570304.000
2012-09-04,6.32,6.49,6.26,6.28,34412132,347061152.000
2012-09-05,6.26,6.52,6.26,6.48,31226453,317243616.000
2012-09-06,6.48,6.60,6.35,6.45,36367126,373711040.000
2012-09-07,6.50,6.92,6.50,6.75,74467050,786452032.000
2012-09-10,6.78,6.92,6.58,6.75,54637907,580923968.000
2012-09-11,6.66,6.68,6.54,6.64,36579365,380746368.000
2012-09-12,6.69,6.82,6.50,6.62,35657099,370635296.000
2012-09-13,6.56,6.75,6.56,6.60,26947486,283201856.000
2012-09-14,6.65,6.74,6.37,6.59,45410049,468145728.000
2012-09-17,6.52,6.53,6.05,6.12,78509496,771744320.000
2012-09-18,6.06,6.27,6.06,6.20,41879975,410968768.000
2012-09-19,6.16,6.22,6.06,6.18,32469294,316327904.000
2012-09-20,6.12,6.14,5.98,6.02,37505930,360458784.000
2012-09-21,5.95,6.58,5.95,6.22,63495005,613009216.000
2012-09-24,6.13,6.45,6.10,6.40,41113015,410550400.000
2012-09-25,6.40,6.47,6.35,6.43,21162665,215061664.000
2012-09-26,6.42,6.46,6.28,6.34,18244775,182922736.000
2012-09-27,6.36,6.60,6.24,6.54,46740642,475858976.000
2012-09-28,6.48,6.83,6.45,6.82,60574137,640637760.000
2012-10-08,6.80,6.82,6.56,6.61,32414499,338930880.000
2012-10-09,6.66,6.89,6.62,6.84,41884010,450491584.000
2012-10-10,6.83,6.92,6.74,6.89,30773753,332231744.000
2012-10-11,6.86,6.91,6.72,6.78,26023211,279090208.000
2012-10-12,6.84,6.92,6.61,6.71,29479596,313084384.000
2012-10-15,6.74,6.81,6.63,6.74,17077257,181290224.000
2012-10-16,6.77,6.83,6.66,6.74,21169597,225426240.000
2012-10-17,6.76,6.82,6.55,6.72,25417702,268324944.000
2012-10-18,6.72,7.18,6.72,7.17,81340841,894777280.000
2012-10-19,7.12,7.23,7.02,7.13,39832631,447544320.000
2012-10-22,7.05,7.28,6.96,7.22,41302756,462903776.000
2012-10-23,7.22,7.30,7.07,7.11,32398753,366001472.000
2012-10-24,7.08,7.22,7.06,7.13,23781059,267241840.000
2012-10-25,7.13,7.16,6.90,6.95,27143591,299658752.000
2012-10-26,6.96,7.02,6.62,6.80,33129096,354236000.000
2012-10-29,6.72,6.80,6.59,6.79,16583654,175650480.000
2012-10-30,6.83,7.06,6.75,6.97,35149172,385145920.000
2012-10-31,7.02,7.10,6.94,7.06,24577854,272046752.000
2012-11-01,7.06,7.54,7.05,7.38,68980841,798798528.000
2012-11-02,7.38,7.55,7.36,7.51,53988491,631803776.000
2012-11-05,7.46,7.53,7.28,7.48,41481536,484150176.000
2012-11-06,7.42,7.43,7.25,7.38,34784173,401227200.000
2012-11-07,7.35,7.42,7.16,7.25,27611938,314291168.000
2012-11-08,7.18,7.34,7.04,7.12,41577640,472017472.000
2012-11-09,7.08,7.25,7.08,7.16,22993702,258991840.000
2012-11-12,7.18,7.40,7.18,7.40,42366499,487652576.000
2012-11-13,7.36,7.37,7.22,7.29,29560057,338863904.000
2012-11-14,7.28,7.36,6.97,7.14,37162274,416481696.000
2012-11-15,7.02,7.18,7.00,7.07,30192647,338251616.000
2012-11-16,7.01,7.14,6.99,7.09,29759113,330128128.000
2012-11-19,7.07,7.07,6.78,6.98,28962922,316031808.000
2012-11-20,6.98,7.18,6.92,7.12,26503006,295456608.000
2012-11-21,7.10,7.32,6.99,7.28,35563043,401529600.000
2012-11-22,7.22,7.41,7.16,7.29,27146988,312344672.000
2012-11-23,7.29,7.42,7.23,7.31,33063966,380815072.000
2012-11-26,7.31,7.34,7.15,7.27,18191019,206818448.000
2012-11-27,7.20,7.36,7.16,7.26,19055048,217206368.000
2012-11-28,7.18,7.22,6.95,6.99,30909988,345022944.000
2012-11-29,6.99,7.13,6.98,7.05,21947373,244598432.000
2012-11-30,7.04,7.50,7.04,7.30,59667871,688669632.000
2012-12-03,7.30,7.62,7.30,7.48,62164826,734775424.000
2012-12-04,7.49,7.58,7.35,7.55,36400416,427212896.000
2012-12-05,7.50,7.98,7.48,7.70,56334255,684393728.000
2012-12-06,7.76,7.89,7.68,7.83,35469740,433964352.000
2012-12-07,7.80,7.96,7.61,7.76,62286471,756057600.000
2012-12-10,7.78,7.94,7.55,7.92,71984152,877745728.000
2012-12-11,7.85,7.89,7.71,7.74,38005329,465339808.000
2012-12-12,7.77,7.91,7.69,7.84,41341171,505999232.000
2012-12-13,7.86,7.99,7.77,7.94,47698177,591299008.000
2012-12-14,7.97,8.28,7.86,8.26,101992906,1294901248.000
2012-12-17,8.18,8.36,7.92,8.04,91585433,1165569280.000
2012-12-18,7.98,8.06,7.69,7.74,115844444,1424109056.000
2012-12-19,7.69,7.78,7.50,7.74,132264644,1582554880.000
2012-12-20,7.67,7.93,7.58,7.86,72586486,884600960.000
2012-12-21,7.87,8.06,7.70,7.73,66618406,822840768.000
2012-12-24,7.71,7.86,7.65,7.82,42945171,523851136.000
2012-12-25,7.79,8.36,7.77,8.21,115202642,1473463040.000
2012-12-26,8.20,8.45,8.20,8.38,109594437,1426870912.000
2012-12-27,8.39,8.52,8.22,8.24,65074148,849482816.000
2012-12-28,8.20,8.46,8.12,8.42,63261989,821652928.000
2012-12-31,8.45,8.73,8.39,8.72,73129483,980039488.000
2013-01-04,8.85,9.15,8.74,9.11,112483693,1571652864.000
2013-01-07,9.08,9.08,8.79,8.94,61086314,849291904.000
2013-01-08,8.92,8.97,8.64,8.84,57514394,787976640.000
2013-01-09,8.85,9.00,8.70,8.98,65961779,907771072.000
2013-01-10,8.98,9.18,8.89,9.10,54202181,765453824.000
2013-01-11,9.10,9.11,8.65,8.67,63437293,871603712.000
2013-01-14,8.67,9.12,8.66,9.05,77534723,1079559936.000
2013-01-15,9.08,9.10,8.88,9.01,54609263,764429824.000
2013-01-16,8.98,8.99,8.60,8.69,96402513,1314552192.000
2013-01-17,8.69,8.86,8.60,8.68,44775580,611229632.000
2013-01-18,8.76,9.22,8.68,9.18,81385832,1138879232.000
2013-01-21,9.30,9.41,8.86,8.96,89498040,1264122112.000
2013-01-22,8.96,8.96,8.65,8.77,81502196,1117456384.000
2013-01-23,8.74,8.94,8.60,8.75,51454142,702634560.000
2013-01-24,8.66,9.02,8.53,8.64,84537375,1155861888.000
2013-01-25,8.63,8.68,8.29,8.32,81481486,1069826112.000
2013-01-28,8.34,8.69,8.31,8.68,77626807,1031644672.000
2013-01-29,8.68,9.05,8.65,8.77,100125503,1384593024.000
2013-01-30,8.78,9.08,8.74,9.04,102593144,1429616256.000
2013-01-31,8.99,8.99,8.41,8.46,132631417,1783099008.000
2013-02-01,8.49,8.53,8.21,8.50,123855721,1617684480.000
2013-02-04,8.48,8.51,8.05,8.40,139337101,1805259136.000
2013-02-05,8.27,8.70,8.24,8.60,101958116,1357782144.000
2013-02-06,8.57,8.58,8.33,8.41,67839952,892474560.000
2013-02-07,8.42,8.44,8.18,8.33,77019582,998873280.000
2013-02-08,8.28,8.42,8.26,8.34,78835088,1026062976.000
2013-02-18,8.38,8.42,8.14,8.23,65912457,847954112.000
2013-02-19,8.18,8.18,7.74,7.80,96395567,1193112064.000
2013-02-20,7.78,7.96,7.74,7.91,63512783,780830016.000
2013-02-21,7.85,8.11,7.71,7.85,86685153,1068799424.000
2013-02-22,7.84,8.05,7.81,7.92,54772455,682466496.000
2013-02-25,7.92,7.96,7.61,7.74,63153242,766255040.000
2013-02-26,7.65,7.88,7.59,7.60,49635176,602911232.000
2013-02-27,7.65,7.92,7.60,7.90,71625216,876175936.000
2013-02-28,7.95,8.26,7.95,8.20,114137402,1456014848.000
2013-03-01,8.23,8.24,7.98,8.07,55045994,696159040.000
2013-03-04,7.35,7.42,7.23,7.23,164441639,1876391680.000
2013-03-05,7.00,7.18,6.88,7.15,170838519,1891589376.000
2013-03-06,7.14,7.30,7.12,7.22,100533880,1140614656.000
2013-03-07,7.17,7.35,7.06,7.23,69038546,785265792.000
2013-03-08,7.30,7.33,7.19,7.24,51644704,588765120.000
2013-03-11,7.23,7.38,7.19,7.36,54671804,630101376.000
2013-03-12,7.32,7.52,7.27,7.37,58556995,679579392.000
2013-03-13,7.35,7.36,7.05,7.08,50699688,569881280.000
2013-03-14,7.07,7.14,6.97,7.05,43439178,483078112.000
2013-03-15,7.05,7.12,6.66,6.75,114874859,1241421440.000
2013-03-18,6.77,6.91,6.65,6.82,60583929,647613376.000
2013-03-19,6.82,7.15,6.76,7.11,71745296,790091008.000
2013-03-20,7.12,7.54,7.12,7.42,114861936,1334759424.000
2013-03-21,7.43,7.46,7.26,7.38,43479351,504097408.000
2013-03-22,7.38,7.52,7.27,7.48,38107115,442395392.000
2013-03-25,7.52,7.67,7.44,7.60,44606839,530216800.000
2013-03-26,7.53,7.92,7.53,7.60,83427302,1009168384.000
2013-03-27,7.55,7.81,7.54,7.69,51652187,622271424.000
2013-03-28,7.57,7.62,7.25,7.50,84089908,982566400.000
2013-03-29,7.50,7.51,7.24,7.30,53342854,615999104.000
2013-04-01,7.34,7.71,7.34,7.53,55563764,658349248.000
2013-04-02,7.57,7.86,7.56,7.64,63747299,772606208.000
2013-04-03,7.69,7.76,7.48,7.54,34024322,405289056.000
2013-04-08,7.18,7.45,7.10,7.38,54213997,621382144.000
2013-04-09,7.38,7.64,7.38,7.50,40840422,481071200.000
2013-04-10,7.60,7.70,7.46,7.52,38764253,460941856.000
2013-04-11,7.64,7.66,7.38,7.39,36887647,433699136.000
2013-04-12,7.38,7.48,7.28,7.32,29453054,341215296.000
2013-04-15,7.33,7.58,7.30,7.49,48366614,567706624.000
2013-04-16,7.46,7.96,7.45,7.96,93060811,1129770624.000
2013-04-17,7.96,8.14,7.82,8.00,71988759,899785792.000
2013-04-18,7.92,8.14,7.89,8.00,50162533,630902464.000
2013-04-19,8.02,8.16,7.86,8.09,66243965,834523776.000
2013-04-22,8.05,8.13,7.75,7.87,61486218,759690048.000
2013-04-23,7.84,7.84,7.44,7.48,67297548,801041088.000
2013-04-24,7.52,7.67,7.38,7.63,49972741,590310400.000
2013-04-25,7.56,7.56,7.26,7.37,61929364,716832064.000
2013-04-26,7.42,7.52,7.35,7.40,28203451,329692064.000
2013-05-02,7.35,7.58,7.28,7.56,36734159,432691456.000
2013-05-03,7.58,7.86,7.55,7.68,62524136,759467648.000
2013-05-06,7.68,7.82,7.60,7.71,38972270,471861344.000
2013-05-07,7.66,7.87,7.65,7.80,46861010,573650368.000
2013-05-08,7.88,8.02,7.78,7.80,41590974,513547840.000
2013-05-09,7.75,7.87,7.61,7.64,42987140,520501472.000
2013-05-10,7.64,7.75,7.57,7.72,39765672,478887200.000
2013-05-13,7.76,7.77,7.50,7.62,32039459,383093984.000
2013-05-14,7.56,7.59,7.31,7.38,57270262,665759616.000
2013-05-15,7.40,7.42,7.28,7.36,33745582,389090208.000
2013-05-16,7.35,7.70,7.32,7.70,62449190,741316928.000
2013-05-17,7.74,7.98,7.73,7.90,85123807,1050088896.000
2013-05-20,7.93,8.10,7.81,7.82,85481733,1067036608.000
2013-05-21,7.81,7.89,7.72,7.86,58028112,710038976.000
2013-05-22,7.83,8.08,7.82,7.92,62393186,777494144.000
2013-05-23,7.93,8.10,7.81,7.82,60918937,760108864.000
2013-05-24,7.90,7.95,7.68,7.82,40552477,493995488.000
2013-05-27,7.74,7.86,7.67,7.81,35545591,431564672.000
2013-05-28,7.80,8.08,7.73,8.08,59272486,736113216.000
2013-05-29,8.10,8.34,8.10,8.18,82981215,1068184256.000
2013-05-30,8.15,8.28,8.08,8.20,35769046,458809856.000
2013-05-31,8.20,8.27,7.86,7.96,41776910,525024416.000
2013-06-03,8.00,8.15,7.98,8.04,31402257,388494624.000
2013-06-04,8.04,8.11,7.88,7.92,55361161,680552064.000
2013-06-05,7.92,7.95,7.78,7.90,31231239,376931104.000
2013-06-06,7.89,7.89,7.60,7.64,61738815,730941632.000
2013-06-07,7.66,7.74,7.38,7.48,58642419,680995904.000
2013-06-13,7.36,7.36,7.06,7.14,65614821,726961280.000
2013-06-14,7.18,7.24,7.11,7.18,52911525,584157056.000
2013-06-17,7.19,7.21,6.90,7.12,59442425,647825600.000
2013-06-18,7.14,7.24,7.05,7.22,40244473,444240192.000
2013-06-19,7.17,7.17,6.92,7.10,47104584,510365440.000
2013-06-20,7.04,7.15,6.86,6.88,51696105,558164672.000
2013-06-21,6.80,6.96,6.72,6.86,61674173,654297088.000
2013-06-24,6.86,6.86,6.16,6.16,145760928,1443082112.000
2013-06-25,6.02,6.20,5.53,6.00,147402521,1353638144.000
2013-06-26,6.04,6.14,5.87,6.01,75636239,702294656.000
2013-06-27,6.05,6.19,5.96,6.02,86275198,813486016.000
2013-06-28,6.12,6.64,6.12,6.41,156149453,1554871040.000
2013-07-01,6.30,6.60,6.26,6.46,43514847,433271488.000
2013-07-02,6.46,6.51,6.24,6.38,52918978,519151328.000
2013-07-03,6.38,6.38,6.00,6.24,69126988,658726016.000
2013-07-04,6.17,6.54,6.15,6.43,73867584,730855360.000
2013-07-05,6.70,7.09,6.70,6.74,105270450,1117313408.000
2013-07-08,6.65,6.91,6.58,6.74,63495882,663881408.000
2013-07-09,6.74,6.80,6.50,6.55,27799109,282749312.000
2013-07-10,6.62,6.93,6.56,6.92,48713428,506494368.000
2013-07-11,6.99,7.52,6.99,7.35,160057954,1786395776.000
2013-07-12,7.36,7.49,7.04,7.08,76068713,848011456.000
2013-07-15,7.09,7.28,7.02,7.09,50547128,555072192.000
2013-07-16,7.04,7.18,6.82,7.14,61797888,666200640.000
2013-07-17,7.05,7.40,6.94,7.14,64937406,716519168.000
2013-07-18,7.12,7.20,6.98,6.99,36374294,395792672.000
2013-07-19,6.97,7.03,6.53,6.59,89574833,926035200.000
2013-07-22,6.58,6.58,6.30,6.46,76894341,762182208.000
2013-07-23,6.47,6.77,6.40,6.70,75509933,772708992.000
2013-07-24,6.60,6.66,6.41,6.48,61698323,620871360.000
2013-07-25,6.50,6.64,6.41,6.52,45593861,460178624.000
2013-07-26,6.48,6.62,6.42,6.53,36279259,367073856.000
2013-07-29,6.46,6.47,6.16,6.26,48323216,467485760.000
2013-07-30,6.32,6.59,6.23,6.38,51832478,513558304.000
2013-07-31,6.87,6.97,6.58,6.60,105219371,1098833280.000
2013-08-01,6.58,6.86,6.58,6.83,64496404,674246400.000
2013-08-02,7.05,7.30,7.04,7.09,96581445,1064203328.000
2013-08-05,7.06,7.13,6.87,7.12,46604830,503245760.000
2013-08-06,7.04,7.09,6.88,7.02,53099218,571972480.000
2013-08-07,7.16,7.40,7.16,7.18,107351415,1205183232.000
2013-08-08,7.27,7.29,7.08,7.11,34008054,375035552.000
2013-08-09,7.15,7.22,6.93,7.06,28485097,309956800.000
2013-08-12,7.04,7.43,7.03,7.42,67566021,760464064.000
2013-08-13,7.42,7.52,7.32,7.42,53930470,617538304.000
2013-08-14,7.48,7.62,7.36,7.40,37943107,437981184.000
2013-08-15,7.40,7.46,7.21,7.22,26656549,299776128.000
2013-08-16,7.17,7.96,7.03,7.16,96093325,1082139776.000
2013-08-19,7.07,7.26,7.04,7.19,38107430,419890656.000
2013-08-20,7.14,7.34,6.97,7.04,61984745,678543360.000
2013-08-21,7.10,7.10,6.80,6.84,60379597,641273088.000
2013-08-22,6.86,6.96,6.73,6.77,42663606,449149184.000
2013-08-23,6.80,6.86,6.61,6.85,41917327,436244800.000
2013-08-26,6.85,7.00,6.77,6.99,53246619,567451072.000
2013-08-27,7.04,7.04,6.86,6.94,38901846,415884480.000
2013-08-28,6.86,6.86,6.72,6.76,47439857,495936512.000
2013-08-29,6.77,6.90,6.72,6.86,40958196,429515840.000
2013-08-30,6.87,6.88,6.74,6.76,43281093,453591264.000
2013-09-02,6.79,6.79,6.52,6.60,65229858,666922048.000
2013-09-03,6.61,6.92,6.53,6.92,115787397,1203053568.000
2013-09-04,6.86,6.94,6.79,6.85,44126848,467169312.000
2013-09-05,6.89,7.01,6.80,6.86,73977085,790699712.000
2013-09-06,6.80,6.93,6.65,6.71,82868346,857246848.000
2013-09-09,6.75,7.12,6.68,7.00,121003185,1293402624.000
2013-09-10,7.09,7.19,7.00,7.12,83702189,913081600.000
2013-09-11,7.20,7.37,7.15,7.36,122398257,1372252416.000
2013-09-12,7.40,7.40,7.15,7.30,86230490,966592768.000
2013-09-13,7.25,7.38,7.17,7.29,62030484,694752960.000
2013-09-16,7.36,7.38,7.05,7.14,85834760,944026816.000
2013-09-17,7.14,7.14,6.85,6.86,65564304,703849536.000
2013-09-18,6.87,6.96,6.80,6.91,40840895,433307104.000
2013-09-23,6.94,6.99,6.84,6.97,39147888,417466688.000
2013-09-24,6.90,6.92,6.67,6.75,90297172,939778880.000
2013-09-25,6.80,6.81,6.55,6.64,88387695,905640512.000
2013-09-26,6.67,6.70,6.47,6.57,87156994,883290432.000
2013-09-27,6.58,6.60,6.40,6.44,65029233,650621440.000
2013-09-30,6.47,6.49,6.34,6.39,60030555,593038272.000
2013-10-08,6.38,6.74,6.31,6.72,96297755,976093184.000
2013-10-09,6.67,6.67,6.54,6.61,56888016,579433728.000
2013-10-10,6.60,6.62,6.52,6.56,40725207,413683296.000
2013-10-11,6.62,6.63,6.54,6.58,42092189,428280960.000
2013-10-14,6.59,6.59,6.36,6.40,77260257,765905088.000
2013-10-15,6.41,6.43,6.31,6.36,53610034,527590976.000
2013-10-16,6.34,6.38,6.16,6.21,58646294,565886336.000
2013-10-17,6.26,6.30,6.20,6.23,34062678,329402496.000
2013-10-18,6.25,6.32,6.22,6.28,27861169,270407776.000
2013-10-21,6.29,6.34,6.19,6.31,37123771,360478208.000
2013-10-22,6.29,6.31,6.17,6.20,44190613,426020896.000
2013-10-23,6.22,6.34,6.18,6.20,46541322,449401024.000
2013-10-24,6.14,6.21,6.00,6.08,42011149,397848736.000
2013-10-25,6.06,6.18,6.03,6.08,41451876,391169376.000
2013-10-28,6.08,6.11,5.92,5.93,48083625,446947968.000
2013-10-29,5.93,6.07,5.80,5.90,65396699,599342848.000
2013-10-30,5.92,6.06,5.82,6.03,48574531,448795552.000
2013-10-31,6.22,6.40,6.13,6.14,142788703,1389660416.000
2013-11-01,6.08,6.32,6.07,6.27,55336574,534796736.000
2013-11-04,6.27,6.33,6.17,6.19,33308749,321616512.000
2013-11-05,6.17,6.17,6.03,6.14,30453916,287260288.000
2013-11-06,6.09,6.13,6.00,6.01,31423731,294011392.000
2013-11-07,5.98,6.04,5.91,5.96,24575219,227244512.000
2013-11-08,5.97,6.03,5.82,5.90,40129927,368045472.000
2013-11-11,5.89,5.89,5.67,5.77,38961335,347569088.000
2013-11-12,5.74,5.85,5.74,5.84,33810454,303919488.000
2013-11-13,5.85,5.90,5.80,5.84,29253956,265089184.000
2013-11-14,5.86,5.88,5.68,5.74,36219584,322747104.000
2013-11-15,5.75,5.94,5.70,5.90,52332760,475616832.000
2013-11-18,5.92,6.05,5.81,6.04,75299063,695368192.000
2013-11-19,6.00,6.04,5.92,5.99,54923731,508553408.000
2013-11-20,6.04,6.06,5.92,5.96,31571182,291990656.000
2013-11-21,5.91,5.91,5.72,5.78,62731292,561839808.000
2013-11-22,5.79,5.80,5.68,5.70,47305728,420112992.000
2013-11-25,5.66,5.75,5.58,5.70,48014667,423543872.000
2013-11-26,5.70,5.72,5.60,5.63,37439861,328508064.000
2013-11-27,5.62,5.68,5.54,5.65,48840784,425862688.000
2013-11-28,5.64,5.83,5.64,5.76,63036586,562981248.000
2013-11-29,5.75,5.82,5.72,5.74,33580574,300079424.000
2013-12-02,5.68,5.74,5.62,5.67,46551033,409684224.000
2013-12-03,5.66,5.74,5.62,5.74,33719280,297492480.000
2013-12-04,5.72,5.88,5.69,5.80,60895035,549212224.000
2013-12-05,5.82,5.91,5.78,5.84,39402991,357738016.000
2013-12-06,5.80,5.88,5.79,5.80,25094762,226549968.000
2013-12-09,5.84,5.87,5.71,5.72,32961683,294228640.000
2013-12-10,5.75,5.78,5.70,5.77,34822216,310536224.000
2013-12-11,5.71,5.78,5.62,5.66,43700877,386260032.000
2013-12-12,5.64,5.68,5.59,5.60,28790124,251766528.000
2013-12-13,5.55,5.68,5.55,5.64,26273949,229468112.000
2013-12-16,5.68,5.69,5.60,5.61,34008269,297176768.000
2013-12-17,5.61,5.63,5.51,5.53,44056272,381874656.000
2013-12-18,5.54,5.55,5.48,5.53,36480773,312706272.000
2013-12-19,5.54,5.56,5.40,5.40,49339455,418556384.000
2013-12-20,5.40,5.42,5.17,5.19,81962956,672278592.000
2013-12-23,5.19,5.20,5.09,5.13,40154742,321523136.000
2013-12-24,5.14,5.27,5.10,5.14,50403407,406357248.000
2013-12-25,5.14,5.22,5.08,5.22,36546767,292895328.000
2013-12-26,5.21,5.22,5.10,5.12,49211775,395213344.000
2013-12-27,5.12,5.30,5.11,5.24,49110007,398993856.000
2013-12-30,5.27,5.28,5.12,5.16,51507297,415618624.000
2013-12-31,5.11,5.32,5.06,5.30,54940897,447570592.000
2014-01-02,5.26,5.31,5.22,5.26,32159157,263137008.000
2014-01-03,5.22,5.27,5.17,5.21,25517581,206922496.000
2014-01-06,5.19,5.19,4.88,4.90,76409223,590489216.000
2014-01-07,4.89,4.94,4.84,4.86,40229837,306523168.000
2014-01-08,4.87,4.94,4.77,4.81,50442084,380203264.000
2014-01-09,4.87,4.99,4.85,4.91,56261464,431666560.000
2014-01-10,4.89,4.95,4.87,4.91,32736465,250937856.000
2014-01-13,4.91,4.93,4.72,4.82,44587309,334166720.000
2014-01-14,4.79,4.86,4.74,4.86,71864486,538664832.000
2014-01-15,4.82,4.85,4.74,4.80,41128215,306878368.000
2014-01-16,4.80,4.89,4.74,4.82,32384726,243526576.000
2014-01-17,4.81,4.82,4.72,4.77,30345387,225853920.000
2014-01-20,4.75,4.79,4.70,4.76,23196874,172486560.000
2014-01-21,4.78,4.90,4.78,4.83,29716953,224615488.000
2014-01-22,4.87,5.26,4.85,5.20,112607381,893397760.000
2014-01-23,5.18,5.23,5.06,5.10,61624651,492006176.000
2014-01-24,5.07,5.42,5.05,5.26,90084256,739933760.000
2014-01-27,5.20,5.24,5.10,5.16,50544304,407022208.000
2014-01-28,5.20,5.24,5.12,5.16,29001864,233365024.000
2014-01-29,5.18,5.20,5.07,5.10,34675554,275898880.000
2014-01-30,5.08,5.09,4.94,4.98,27399609,213454272.000
2014-02-07,4.95,5.04,4.87,5.03,30517540,235193856.000
2014-02-10,5.06,5.15,5.05,5.13,45045779,358109056.000
2014-02-11,5.12,5.22,5.06,5.16,55080156,441523008.000
2014-02-12,5.16,5.20,5.12,5.14,39480644,316562336.000
2014-02-13,5.12,5.12,5.00,5.04,74596247,586100288.000
2014-02-14,5.04,5.04,4.94,5.00,51216668,397600224.000
2014-02-17,5.00,5.03,4.88,4.93,100034148,767868800.000
2014-02-18,4.93,4.93,4.82,4.82,80145202,607718592.000
2014-02-19,4.81,4.91,4.79,4.88,97278911,736371712.000
2014-02-20,4.88,4.95,4.82,4.84,64824295,492770496.000
2014-02-21,4.82,4.86,4.72,4.74,54461516,406763584.000
2014-02-24,4.64,4.64,4.30,4.32,151517869,1039221632.000
2014-02-25,4.31,4.36,4.23,4.25,77240740,519783552.000
2014-02-26,4.27,4.32,4.24,4.30,61665902,413493312.000
2014-02-27,4.34,4.36,4.24,4.26,50856767,341836224.000
2014-02-28,4.26,4.32,4.22,4.30,55486606,371974560.000
2014-03-03,4.27,4.28,4.16,4.24,88079029,581119552.000
2014-03-04,4.30,4.38,4.24,4.32,86541636,582977408.000
2014-03-05,4.31,4.31,4.23,4.24,42483451,283673952.000
2014-03-06,4.22,4.59,4.18,4.48,158523115,1094124544.000
2014-03-07,4.43,4.52,4.36,4.41,87941880,610810432.000
2014-03-10,4.36,4.36,4.17,4.19,63491038,423946176.000
2014-03-11,4.18,4.45,4.16,4.38,120398054,817968896.000
2014-03-12,4.34,4.63,4.31,4.51,138145587,978415680.000
2014-03-13,4.50,4.62,4.46,4.54,85986897,610889664.000
2014-03-14,4.50,4.60,4.44,4.46,48531734,341818848.000
2014-03-17,4.48,4.63,4.44,4.52,62722371,445907264.000
2014-03-18,4.52,4.52,4.37,4.39,73330223,507103488.000
2014-03-19,4.34,4.35,4.26,4.32,58638338,394559776.000
2014-03-20,4.34,4.50,4.29,4.30,87103749,599714176.000
2014-03-21,4.30,4.63,4.26,4.60,218048383,1534710528.000
2014-03-24,4.70,4.84,4.61,4.77,183361802,1353678976.000
2014-03-25,4.76,4.92,4.72,4.80,162210283,1226517248.000
2014-03-26,4.84,4.85,4.66,4.75,71255943,526361600.000
2014-03-27,4.71,4.90,4.67,4.74,99138577,741790784.000
2014-03-28,4.73,4.98,4.72,4.94,172536148,1321778816.000
2014-03-31,4.97,5.01,4.77,4.88,89155438,675658496.000
2014-04-01,4.98,5.00,4.89,4.94,97722844,754069504.000
2014-04-02,4.98,5.34,4.98,5.30,237405109,1933298176.000
2014-04-03,5.31,5.36,5.17,5.21,116069172,950972928.000
2014-04-04,5.23,5.25,5.18,5.24,56997859,462800864.000
2014-04-08,5.24,5.40,5.21,5.38,100992486,835137984.000
2014-04-09,5.35,5.37,5.27,5.29,66642391,550402240.000
2014-04-10,5.24,5.27,5.07,5.21,143790701,1155088640.000
2014-04-11,5.16,5.16,5.10,5.14,57374309,458502880.000
2014-04-14,5.13,5.20,5.12,5.18,42461490,340895200.000
2014-04-15,5.14,5.15,4.97,5.00,93165931,729478784.000
2014-04-16,4.98,5.07,4.97,5.04,53278233,417426720.000
2014-04-17,5.06,5.07,4.93,4.96,60397392,467744800.000
2014-04-18,4.94,4.99,4.89,4.95,40395041,311119040.000
2014-04-21,4.90,4.96,4.84,4.84,42983533,328227680.000
2014-04-22,4.84,4.93,4.78,4.92,58201466,440922784.000
2014-04-23,4.88,4.97,4.87,4.92,47033794,361389632.000
2014-04-24,4.93,5.14,4.91,5.06,99167078,783134272.000
2014-04-25,5.12,5.13,4.97,4.99,62216739,487894784.000
2014-04-28,4.98,5.04,4.82,4.84,64146941,493682208.000
2014-04-29,4.84,4.87,4.75,4.82,34466285,258031968.000
2014-04-30,4.78,4.90,4.78,4.90,28594159,217012320.000
2014-05-05,4.84,4.85,4.68,4.72,58802232,434505184.000
2014-05-06,4.70,4.78,4.63,4.66,50241932,369758560.000
2014-05-07,4.64,4.68,4.59,4.60,49277713,356268000.000
2014-05-08,4.60,4.70,4.57,4.60,47580118,344760672.000
2014-05-09,4.59,4.60,4.49,4.54,36686426,260224000.000
2014-05-12,4.56,4.65,4.49,4.60,49969283,358200192.000
2014-05-13,4.60,4.74,4.59,4.74,78653502,578435584.000
2014-05-14,4.84,4.95,4.80,4.82,85599688,651328384.000
2014-05-15,4.75,4.80,4.70,4.72,29231502,216857792.000
2014-05-16,4.74,4.88,4.74,4.80,50415583,378861696.000
2014-05-19,4.80,4.80,4.68,4.75,25874810,191296784.000
2014-05-20,4.78,4.80,4.73,4.77,22818684,169602336.000
2014-05-21,4.76,4.86,4.71,4.83,36304191,272543968.000
2014-05-22,4.83,5.07,4.83,4.86,51662626,255355056.000
2014-05-23,4.86,5.09,4.85,5.07,144688240,725177472.000
2014-05-26,5.10,5.11,5.01,5.03,60746591,306592192.000
2014-05-27,5.02,5.14,4.99,5.08,85273119,434183456.000
2014-05-28,5.07,5.19,5.04,5.17,112626761,579244032.000
2014-05-29,5.20,5.25,5.10,5.10,80618418,416765280.000
2014-05-30,5.09,5.14,4.95,5.02,87536454,440636320.000
2014-06-03,5.00,5.06,4.96,5.00,51552468,258169440.000
2014-06-04,5.00,5.00,4.83,4.86,64883138,316364000.000
2014-06-05,4.85,4.95,4.84,4.93,35002346,171148016.000
2014-06-06,4.97,4.99,4.87,4.94,33843961,166786816.000
2014-06-09,4.90,5.25,4.89,5.14,146422448,750567680.000
2014-06-10,5.11,5.34,5.11,5.27,196348137,1032807040.000
2014-06-11,5.24,5.32,5.22,5.27,72601845,382725120.000
2014-06-12,5.27,5.27,5.10,5.15,83650966,431410816.000
2014-06-13,5.14,5.22,5.09,5.15,67320156,346862848.000
2014-06-16,5.15,5.19,5.04,5.13,101819293,521149728.000
2014-06-17,5.10,5.12,4.95,4.96,94088304,473391072.000
2014-06-18,4.97,5.01,4.93,4.95,52167951,259164864.000
2014-06-19,4.96,4.97,4.89,4.91,40226147,198298048.000
2014-06-20,4.92,4.96,4.88,4.92,47132690,231709968.000
2014-06-23,4.93,5.01,4.90,4.92,54893227,271706656.000
2014-06-24,4.93,4.96,4.92,4.96,25049281,123832160.000
2014-06-25,4.95,4.95,4.84,4.89,58750228,286889760.000
2014-06-26,4.90,4.95,4.87,4.91,40363120,198569600.000
2014-06-27,4.91,4.95,4.89,4.92,32222116,158454608.000
2014-06-30,4.91,5.01,4.90,4.96,49169639,244608912.000
2014-07-01,4.98,4.99,4.91,4.95,33476172,165513440.000
2014-07-02,4.95,4.97,4.91,4.95,31054756,153469888.000
2014-07-03,4.94,4.99,4.91,4.94,48770293,241539040.000
2014-07-04,4.94,5.06,4.92,5.03,92126393,461272416.000
2014-07-07,5.04,5.24,5.03,5.15,118462682,611132288.000
2014-07-08,5.18,5.20,5.12,5.15,63543795,327506464.000
2014-07-09,5.14,5.15,5.04,5.05,53253570,271101600.000
2014-07-10,5.04,5.13,5.04,5.10,50627338,258155136.000
2014-07-11,5.11,5.32,5.10,5.23,171674346,902179840.000
2014-07-14,5.23,5.31,5.21,5.27,77837168,411082144.000
2014-07-15,5.24,5.33,5.11,5.21,130093748,678296832.000
2014-07-16,5.18,5.44,5.16,5.35,166367168,887001536.000
2014-07-17,5.33,5.40,5.28,5.34,64237425,342467584.000
2014-07-18,5.34,5.77,5.31,5.56,265628340,1491012096.000
2014-07-21,5.56,5.77,5.53,5.71,160577539,915620096.000
2014-07-22,5.71,5.90,5.66,5.79,177022129,1030511680.000
2014-07-23,5.76,5.93,5.76,5.79,176360174,1030868288.000
2014-07-24,5.85,6.25,5.85,6.23,380941632,2297214976.000
2014-07-25,6.23,6.24,6.06,6.20,138650438,852247232.000
2014-07-28,6.16,6.40,6.06,6.27,187217044,1164591232.000
2014-07-29,6.25,6.32,6.08,6.23,186450122,1149647744.000
2014-07-30,6.19,6.20,5.85,5.89,307436765,1831670272.000
2014-07-31,5.87,6.02,5.79,6.01,191300201,1129443328.000
2014-08-01,5.95,6.02,5.82,5.89,161201228,954372992.000
2014-08-04,5.94,6.09,5.81,6.06,204293737,1217625472.000
2014-08-05,6.05,6.05,5.88,5.96,120148352,716586624.000
2014-08-06,5.93,5.93,5.79,5.90,134034381,782610560.000
2014-08-07,5.87,6.01,5.83,5.88,132467496,783155520.000
2014-08-08,5.86,5.90,5.68,5.74,211946247,1217697024.000
2014-08-11,5.74,5.83,5.71,5.80,119445257,692018880.000
2014-08-12,5.80,5.85,5.75,5.81,110830580,643225408.000
2014-08-13,5.81,5.83,5.72,5.78,95811806,552663744.000
2014-08-14,5.77,5.80,5.69,5.70,84413192,484860416.000
2014-08-15,5.71,5.83,5.69,5.80,100823928,581651904.000
2014-08-18,5.78,5.82,5.72,5.76,92246826,531205856.000
2014-08-19,5.73,5.75,5.57,5.67,160794594,910155520.000
2014-08-20,5.65,5.65,5.56,5.61,129110403,722579840.000
2014-08-21,5.61,5.67,5.54,5.66,109431465,612949888.000
2014-08-22,5.62,5.68,5.61,5.66,72496922,409917216.000
2014-08-25,5.66,5.67,5.56,5.63,65228584,366048768.000
2014-08-26,5.63,5.74,5.60,5.70,96074044,546611712.000
2014-08-27,5.69,5.72,5.63,5.69,52331494,297368352.000
2014-08-28,5.70,5.71,5.58,5.64,57172024,321775776.000
2014-08-29,5.65,5.71,5.62,5.67,43399431,245939248.000
2014-09-01,5.67,5.71,5.63,5.69,56776458,322049120.000
2014-09-02,5.71,5.75,5.64,5.75,107710129,613711040.000
2014-09-03,5.75,5.88,5.74,5.85,153292286,894437888.000
2014-09-04,5.95,5.99,5.88,5.91,128678733,763369344.000
2014-09-05,5.94,5.97,5.88,5.92,78722038,465658688.000
2014-09-09,5.93,5.99,5.77,5.80,125908874,736342336.000
2014-09-10,5.77,5.77,5.65,5.71,168298972,955440832.000
2014-09-11,5.69,5.75,5.66,5.67,108219007,616188160.000
2014-09-12,5.66,5.70,5.63,5.70,69362177,392808128.000
2014-09-15,5.66,5.68,5.58,5.63,143688614,807882368.000
2014-09-16,5.64,5.68,5.56,5.58,136205991,767252544.000
2014-09-17,5.60,5.65,5.55,5.63,98457022,551331392.000
2014-09-18,5.61,5.62,5.54,5.57,99637262,555196800.000
2014-09-19,5.57,5.60,5.53,5.59,72240411,402508544.000
2014-09-22,5.57,5.60,5.48,5.52,119583507,661443456.000
2014-09-23,5.57,5.65,5.55,5.59,121830249,681717888.000
2014-09-24,5.57,5.66,5.53,5.65,145714915,816836608.000
2014-09-25,5.66,5.69,5.60,5.63,104807581,590633472.000
2014-09-26,5.60,5.60,5.52,5.56,125777211,698127104.000
2014-09-29,5.57,5.59,5.53,5.56,77528727,430726176.000
2014-09-30,5.55,5.57,5.51,5.55,61844438,342716960.000
2014-10-08,5.75,5.77,5.64,5.71,240552991,1371155712.000
2014-10-09,5.73,5.78,5.68,5.70,147857741,845269504.000
2014-10-10,5.69,5.88,5.67,5.84,276688307,1607853568.000
2014-10-13,5.85,5.98,5.82,5.90,183267541,1081900928.000
2014-10-14,5.90,5.91,5.80,5.82,112815730,658964672.000
2014-10-15,5.82,5.83,5.70,5.81,108469181,624237952.000
2014-10-16,5.73,5.80,5.68,5.69,85102859,487767072.000
2014-10-17,5.69,5.73,5.60,5.66,86057421,486586304.000
2014-10-20,5.66,5.68,5.59,5.65,82107498,462092576.000
2014-10-21,5.63,5.64,5.57,5.59,80989794,453312704.000
2014-10-22,5.60,5.63,5.57,5.58,43055216,241106928.000
2014-10-23,5.58,5.60,5.50,5.51,61351059,340030080.000
2014-10-24,5.51,5.55,5.49,5.52,38398008,212025808.000
2014-10-27,5.50,5.50,5.30,5.36,106506661,571272832.000
2014-10-28,5.40,5.56,5.39,5.55,92208756,505951680.000
2014-10-29,5.56,5.72,5.51,5.66,119357310,671591104.000
2014-10-30,5.67,5.67,5.54,5.62,92546814,518771168.000
2014-10-31,5.62,5.78,5.62,5.77,194614567,1113109376.000
2014-11-03,5.80,5.90,5.74,5.76,172452676,1003314112.000
2014-11-04,5.75,5.88,5.70,5.85,174440353,1015201344.000
2014-11-05,5.85,5.88,5.74,5.77,92434423,536117248.000
2014-11-06,5.79,5.93,5.78,5.82,128843968,753771456.000
2014-11-07,5.81,5.97,5.72,5.82,171504911,1003070912.000
2014-11-10,5.91,6.05,5.82,6.01,239673439,1428805888.000
2014-11-11,6.06,6.23,6.00,6.13,307680068,1881064832.000
2014-11-12,6.10,6.32,6.07,6.20,227508731,1408548992.000
2014-11-13,6.22,6.30,6.10,6.11,156187274,964728640.000
2014-11-14,6.08,6.15,5.99,6.12,146113249,887256832.000
2014-11-17,6.20,6.25,5.93,5.94,157268673,952640832.000
2014-11-18,5.91,5.93,5.75,5.78,181952614,1055929472.000
2014-11-19,5.79,5.82,5.72,5.77,109170749,629226176.000
2014-11-20,5.74,5.80,5.71,5.77,91689616,528092256.000
2014-11-21,5.76,5.89,5.69,5.88,157383865,910568000.000
2014-11-24,6.25,6.47,6.18,6.47,656975368,4178396672.000
2014-11-25,6.59,6.67,6.47,6.56,449801217,2953473024.000
2014-11-26,6.56,6.75,6.43,6.68,343860443,2285246720.000
2014-11-27,6.67,6.80,6.56,6.78,338374689,2265923328.000
2014-11-28,6.76,7.30,6.66,7.20,484274615,3384073216.000
2014-12-01,7.25,7.32,6.94,7.00,389523565,2779549440.000
2014-12-02,6.96,7.39,6.86,7.20,393577459,2792928256.000
2014-12-03,7.35,7.92,7.35,7.57,512709216,3932742912.000
2014-12-04,7.51,8.01,7.35,7.95,378366519,2937367808.000
2014-12-05,8.01,8.25,7.50,7.72,413221348,3251672064.000
2014-12-08,7.65,8.49,7.50,8.49,500007916,4059288064.000
2014-12-09,8.40,9.30,7.86,8.20,605061509,5242632704.000
2014-12-10,8.21,8.78,8.02,8.70,384628426,3239040000.000
2014-12-11,8.50,9.02,8.43,8.68,331469451,2911025152.000
2014-12-12,8.64,8.73,8.25,8.34,248515259,2102231808.000
2014-12-15,8.20,8.22,7.71,7.97,269588839,2133772928.000
2014-12-16,7.90,8.25,7.73,8.24,282023814,2256719872.000
2014-12-17,8.20,8.61,8.07,8.49,409299158,3420193536.000
2014-12-18,8.67,8.93,8.36,8.40,297141150,2552208128.000
2014-12-19,8.41,8.54,8.00,8.36,212975434,1758061440.000
2014-12-22,8.36,8.88,8.20,8.54,300327020,2586011136.000
2014-12-23,8.48,8.94,8.00,8.49,312366777,2706519296.000
2014-12-24,8.42,8.49,7.95,8.07,216699563,1764522880.000
2014-12-25,8.13,8.31,8.00,8.27,162445231,1326968192.000
2014-12-26,8.28,8.77,8.25,8.67,268953223,2299678976.000
2014-12-29,9.00,9.54,8.86,9.54,617361468,5774751232.000
2014-12-30,9.65,10.30,9.43,9.84,588949867,5795336704.000
2014-12-31,9.68,10.82,9.66,10.82,388404716,3973585664.000
2015-01-05,11.65,11.90,11.30,11.90,575853965,6729454592.000
2015-01-06,11.70,11.85,11.03,11.41,384752545,4414567936.000
2015-01-07,11.28,11.68,11.15,11.41,294224428,3349153280.000
2015-01-08,11.41,11.41,10.69,10.87,326304995,3567899392.000
2015-01-09,10.80,11.40,10.48,10.68,432643420,4713174528.000
2015-01-12,10.51,10.60,10.08,10.36,273050068,2820571648.000
2015-01-13,10.21,10.55,10.13,10.27,225553844,2330119168.000
2015-01-14,10.30,10.52,10.19,10.42,177863667,1842219264.000
2015-01-15,10.42,11.28,10.40,11.25,350287072,3787179520.000
2015-01-16,11.19,11.36,10.75,11.07,299567801,3327371776.000
2015-01-19,10.00,10.80,9.96,9.96,354511333,3621466368.000
2015-01-20,10.21,10.47,9.98,10.30,350672600,3598677760.000
2015-01-21,10.23,11.28,10.04,11.00,382447244,4111878400.000
2015-01-22,11.00,11.58,10.93,11.25,288700734,3252331008.000
2015-01-23,11.20,11.75,10.91,11.43,381815904,4307453440.000
2015-01-26,11.40,11.40,11.05,11.26,176688922,1982891392.000
2015-01-27,11.29,11.34,10.28,10.74,312207030,3355184384.000
2015-01-28,10.65,10.65,10.25,10.32,225041043,2336749312.000
2015-01-29,10.15,10.50,10.05,10.29,150437399,1549414656.000
2015-01-30,10.31,10.85,10.19,10.48,265125649,2788273664.000
2015-02-02,10.01,10.69,9.90,10.19,228771842,2362475520.000
2015-02-03,10.38,10.47,9.61,10.15,329844913,3278339840.000
2015-02-04,10.23,10.35,9.93,10.04,188549772,1915438080.000
2015-02-05,10.67,10.67,9.99,10.02,377919148,3916687872.000
2015-02-06,9.80,9.92,9.40,9.49,249353962,2395542528.000
2015-02-09,9.25,9.55,9.11,9.43,176677658,1646591744.000
2015-02-10,9.40,9.81,9.31,9.74,148964547,1441470592.000
2015-02-11,9.85,9.96,9.72,9.83,111070932,1093034752.000
2015-02-12,9.75,9.88,9.61,9.75,92229785,897984320.000
2015-02-13,9.78,10.35,9.71,10.11,208661981,2092652160.000
2015-02-16,9.98,10.05,9.80,9.96,147514192,1464530688.000
2015-02-17,9.99,10.24,9.98,10.09,112595276,1136699904.000
2015-02-25,10.05,10.06,9.70,9.74,132383273,1296525696.000
2015-02-26,9.72,10.25,9.66,10.23,198365716,1989244416.000
2015-02-27,10.15,10.39,10.08,10.19,137195813,1402342144.000
2015-03-02,10.48,10.62,10.05,10.21,369333879,3810129664.000
2015-03-03,10.08,10.09,9.54,9.64,386484126,3775213312.000
2015-03-04,9.60,9.81,9.43,9.58,236640240,2264374016.000
2015-03-05,9.49,9.50,9.20,9.30,220433531,2053221376.000
2015-03-06,9.33,9.46,9.20,9.24,159680494,1488641408.000
2015-03-09,9.20,9.60,8.92,9.51,290350666,2686782208.000
2015-03-10,9.40,9.40,9.19,9.24,167933315,1554183040.000
2015-03-11,9.23,9.38,9.12,9.18,143112310,1323025920.000
2015-03-12,9.28,9.56,9.19,9.47,240308315,2258929920.000
2015-03-13,9.50,9.62,9.40,9.49,178012305,1691089280.000
2015-03-16,9.60,9.78,9.55,9.72,209326748,2022623104.000
2015-03-17,9.91,10.09,9.77,9.91,333758173,3315151616.000
2015-03-18,9.99,10.42,9.98,10.41,401994511,4117433344.000
2015-03-19,10.44,10.44,10.15,10.26,254378406,2608747008.000
2015-03-20,10.35,10.80,10.20,10.56,453353635,4751722496.000
2015-03-23,10.80,11.05,10.70,10.77,401712690,4360416768.000
2015-03-24,10.77,10.77,10.21,10.43,387884492,4048040704.000
2015-03-25,10.36,10.36,10.05,10.14,311230653,3168945920.000
2015-03-26,10.05,10.39,9.94,10.37,262345917,2680984064.000
2015-03-27,10.71,10.86,10.41,10.77,475582673,5076944384.000
2015-03-30,10.91,11.85,10.71,11.85,795793305,8994374656.000
2015-03-31,12.30,12.69,11.42,11.49,943346209,11462517760.000
2015-04-01,11.49,11.61,11.19,11.40,466790931,5291112448.000
2015-04-02,11.41,11.51,11.00,11.21,412268955,4634501632.000
2015-04-03,11.03,11.24,10.99,11.20,298567276,3314822912.000
2015-04-07,11.33,11.52,11.13,11.50,460348664,5201367040.000
2015-04-08,11.54,11.85,11.16,11.84,641171808,7392005632.000
2015-04-09,11.80,13.02,11.60,13.02,890513715,10920682496.000
2015-04-10,12.52,12.97,12.38,12.73,558440139,7078158336.000
数据来源:通达信
