600089 特变电工 日线 前复权
      日期	    开盘	    最高	    最低	    收盘	    成交量	    成交额
2011-03-02,13.68,13.74,13.37,13.64,49970511,1002789376.000
2011-03-03,13.64,13.84,13.40,13.42,33815578,681044736.000
2011-03-04,13.43,13.62,13.36,13.56,23160278,462958816.000
2011-03-07,13.67,13.84,13.53,13.80,43246536,881106304.000
2011-03-08,13.78,13.87,13.62,13.80,31981781,651050304.000
2011-03-09,13.80,13.94,13.68,13.80,32696866,671208128.000
2011-03-10,13.81,14.08,13.75,13.78,48027052,992954816.000
2011-03-11,13.69,13.78,13.34,13.36,46639958,934268480.000
2011-03-14,13.24,13.56,13.18,13.48,27678340,547813504.000
2011-03-15,13.43,13.84,12.95,13.70,60539681,1205333632.000
2011-03-16,13.61,14.13,13.59,13.97,79496362,1648632704.000
2011-03-17,13.99,14.65,13.91,14.01,110796248,2360709888.000
2011-03-18,14.20,14.57,14.09,14.38,77444357,1654360448.000
2011-03-21,14.38,14.50,14.00,14.18,46510829,984377920.000
2011-03-22,14.24,14.30,13.90,14.02,39882337,831479680.000
2011-03-23,14.18,14.76,14.09,14.62,90977996,1977016064.000
2011-03-24,14.69,14.79,14.53,14.56,53593836,1170214656.000
2011-03-25,14.52,14.82,14.51,14.66,48507201,1060130880.000
2011-03-28,14.77,15.10,14.64,14.66,52660107,1168712448.000
2011-03-29,14.65,14.65,13.99,14.05,63643185,1350226176.000
2011-03-30,14.04,14.24,13.82,13.98,36659353,763533248.000
2011-03-31,14.02,14.11,13.56,13.65,41749057,851334080.000
2011-04-01,13.65,13.89,13.65,13.89,24193335,494479936.000
2011-04-06,13.81,13.96,13.68,13.89,29025448,596495104.000
2011-04-07,13.90,13.99,13.68,13.97,30053476,616144768.000
2011-04-08,13.99,14.03,13.84,13.99,29987607,621076224.000
2011-04-11,14.03,14.08,13.57,13.59,54258399,1106858368.000
2011-04-12,13.56,13.66,13.44,13.58,33281391,667644672.000
2011-04-13,13.49,13.75,13.48,13.73,23044814,465924256.000
2011-04-14,13.75,13.78,13.59,13.61,16962436,343346976.000
2011-04-15,13.56,13.68,13.39,13.53,24731120,494497760.000
2011-04-18,13.49,13.81,13.43,13.66,26758820,542482176.000
2011-04-19,13.59,13.59,13.15,13.17,46532439,916456576.000
2011-04-20,13.25,13.29,13.06,13.16,24978475,486729184.000
2011-04-21,13.18,13.29,13.05,13.10,30158490,586475136.000
2011-04-22,13.12,13.15,12.86,12.96,30895415,592744128.000
2011-04-25,12.97,12.98,12.64,12.73,29860027,561237632.000
2011-04-26,12.68,12.95,12.62,12.85,27585504,520716736.000
2011-04-27,12.89,12.99,12.41,12.54,31616541,588833792.000
2011-04-28,12.61,12.65,12.20,12.23,23053429,420078528.000
2011-04-29,12.33,12.49,12.27,12.45,16326622,297137536.000
2011-05-03,12.49,12.70,12.44,12.64,19219279,356209024.000
2011-05-04,12.59,12.59,12.24,12.28,17416674,317558592.000
2011-05-05,12.28,12.36,12.09,12.15,19577143,351107424.000
2011-05-06,12.10,12.35,11.96,12.30,14547556,261505776.000
2011-05-09,12.32,12.45,12.25,12.30,14546477,264735104.000
2011-05-10,12.31,12.36,12.18,12.35,13764574,248274208.000
2011-05-12,12.21,12.22,11.98,12.00,21957507,390695648.000
2011-05-13,12.03,12.12,11.87,12.10,18349289,323292352.000
2011-05-16,12.17,12.65,12.13,12.51,41538629,764280832.000
2011-05-17,12.52,12.59,12.35,12.50,20097790,369904256.000
2011-05-18,12.56,12.58,12.44,12.50,11538092,212775808.000
2011-05-19,12.50,12.66,12.42,12.44,14346339,265144240.000
2011-05-20,12.42,12.49,12.24,12.33,13997535,254626240.000
2011-05-23,12.33,12.34,11.90,11.91,18630371,330568896.000
2011-05-24,11.91,12.05,11.91,11.95,11734740,206058496.000
2011-05-25,12.04,12.04,11.75,11.77,11645937,203373792.000
2011-05-26,11.99,12.09,11.83,11.86,16264176,285788288.000
2011-05-27,11.94,12.17,11.83,11.87,22798444,400998752.000
2011-05-30,11.92,11.93,11.69,11.74,16548700,285754720.000
2011-05-31,11.86,12.04,11.72,12.04,20147085,351269312.000
2011-06-01,12.08,12.11,12.00,12.09,17759013,314844768.000
2011-06-02,11.92,11.98,11.80,11.89,16638782,290667520.000
2011-06-03,11.96,12.23,11.96,12.17,20608388,367436640.000
2011-06-07,12.18,12.31,12.13,12.29,13967152,192053344.000
2011-06-08,12.25,12.25,12.02,12.14,16291297,221912496.000
2011-06-09,12.10,12.11,11.73,11.78,19434798,260073456.000
2011-06-10,11.78,11.85,11.52,11.69,17790929,232405696.000
2011-06-13,11.68,11.85,11.55,11.77,14564063,191693760.000
2011-06-14,11.80,11.94,11.78,11.86,15397366,204824480.000
2011-06-15,11.81,11.93,11.59,11.62,22654160,297158688.000
2011-06-16,11.51,11.55,11.37,11.38,22385408,286564992.000
2011-06-17,11.35,11.43,11.11,11.12,25383144,318890816.000
2011-06-20,11.19,11.21,10.85,10.95,15237013,186465264.000
2011-06-21,10.97,11.09,10.83,11.09,19618685,239897104.000
2011-06-22,11.09,11.12,10.86,10.96,19546128,238539568.000
2011-06-23,10.91,11.23,10.84,11.18,27842190,343828256.000
2011-06-24,11.11,11.55,11.09,11.44,38752768,492031072.000
2011-06-27,11.48,11.85,11.48,11.68,37947787,497744672.000
2011-06-28,11.69,11.73,11.49,11.58,22993964,297897024.000
2011-06-29,11.59,11.62,11.40,11.40,17417515,224551808.000
2011-06-30,11.41,11.68,11.40,11.55,20800799,269990144.000
2011-07-01,11.62,11.67,11.50,11.55,17394250,225452848.000
2011-07-04,11.61,11.91,11.60,11.87,34984621,461562688.000
2011-07-05,11.90,12.04,11.81,11.96,31499633,421831264.000
2011-07-06,11.95,11.95,11.74,11.91,22174574,294555200.000
2011-07-07,12.09,12.29,12.00,12.02,47636986,650864960.000
2011-07-08,12.01,12.09,11.89,11.94,20940595,281919296.000
2011-07-11,11.90,11.97,11.77,11.93,22010777,293283808.000
2011-07-12,11.81,11.84,11.61,11.64,26386682,346749408.000
2011-07-13,11.64,11.99,11.64,11.98,36342947,482128032.000
2011-07-14,11.98,12.14,11.93,12.08,30365677,411108064.000
2011-07-15,12.06,12.11,11.92,12.05,27600404,372439808.000
2011-07-18,12.05,12.14,11.96,12.00,21997443,298071488.000
2011-07-19,11.91,11.96,11.78,11.84,18993946,252663936.000
2011-07-20,11.99,12.05,11.85,11.88,24063740,322681984.000
2011-07-21,11.85,11.95,11.67,11.69,21785892,287792640.000
2011-07-22,11.70,11.78,11.67,11.78,14839313,195024320.000
2011-07-25,11.67,11.69,10.87,11.04,55804252,699984832.000
2011-07-26,11.04,11.08,10.92,10.98,17684569,216303696.000
2011-07-27,10.93,11.11,10.91,11.03,25736149,315597632.000
2011-07-28,10.91,10.94,10.72,10.80,30458724,366374176.000
2011-07-29,10.82,10.89,10.65,10.69,20332699,243107312.000
2011-08-01,10.72,10.85,10.66,10.85,21826898,261794928.000
2011-08-02,10.77,10.82,10.64,10.81,19616826,233550320.000
2011-08-03,10.69,10.85,10.60,10.73,18027299,215081200.000
2011-08-04,10.73,10.85,10.72,10.81,16397444,196650400.000
2011-08-05,10.54,10.59,10.41,10.45,33151490,385975072.000
2011-08-08,10.29,10.29,9.78,9.86,42069590,465247552.000
2011-08-09,9.55,9.78,9.33,9.68,37137957,389319872.000
2011-08-10,9.92,9.97,9.69,9.74,34488934,374505280.000
2011-08-11,9.46,9.82,9.41,9.79,24519645,261414544.000
2011-08-12,9.89,10.00,9.83,9.91,25852224,283023904.000
2011-08-15,9.92,10.09,9.88,10.09,22558786,249349984.000
2011-08-16,10.09,10.13,9.91,9.96,19379639,214429408.000
2011-08-17,9.93,9.98,9.82,9.87,14941181,162816288.000
2011-08-18,9.91,9.95,9.63,9.65,22333324,239834000.000
2011-08-19,9.37,9.50,9.29,9.41,26219366,269975488.000
2011-08-22,9.41,9.65,9.35,9.44,25855410,269399072.000
2011-08-23,9.49,9.55,9.40,9.55,20979315,218208000.000
2011-08-24,9.61,9.64,9.46,9.49,23246470,243981696.000
2011-08-25,9.50,9.77,9.46,9.74,31307768,332093888.000
2011-08-26,9.69,9.76,9.60,9.70,25310252,269497024.000
2011-08-29,9.64,9.73,9.58,9.60,15419871,163654336.000
2011-08-30,9.68,9.73,9.50,9.52,18655166,197547136.000
2011-08-31,9.57,9.58,9.46,9.51,10948051,114402408.000
2011-09-01,9.56,9.59,9.43,9.46,10431397,108938992.000
2011-09-02,9.46,9.51,9.31,9.38,12623841,129893704.000
2011-09-05,9.28,9.28,9.13,9.15,16056424,161171888.000
2011-09-06,9.20,9.51,9.20,9.34,29842126,307628704.000
2011-09-07,9.39,9.47,9.23,9.45,17345820,178351552.000
2011-09-08,9.46,9.50,9.35,9.35,13284034,137081680.000
2011-09-09,9.35,9.48,9.31,9.37,12425584,128002672.000
2011-09-13,9.22,9.26,9.14,9.21,10114875,101776920.000
2011-09-14,9.26,9.30,9.14,9.29,10699263,107896608.000
2011-09-15,9.31,9.34,9.23,9.23,11774994,119764336.000
2011-09-16,9.28,9.34,9.18,9.21,10438638,105788928.000
2011-09-19,9.24,9.25,9.09,9.10,15064301,150905520.000
2011-09-20,9.10,9.16,9.02,9.13,12537021,124616712.000
2011-09-21,9.08,9.51,9.07,9.41,28061415,286841056.000
2011-09-22,9.33,9.41,9.13,9.14,19524229,198303152.000
2011-09-23,9.02,9.19,8.98,9.09,17295839,171085296.000
2011-09-26,9.05,9.16,9.00,9.01,11848392,117277368.000
2011-09-27,9.09,9.19,9.00,9.13,13448737,133764320.000
2011-09-28,9.21,9.47,9.16,9.26,37770588,384778240.000
2011-09-29,9.23,9.55,9.19,9.46,60829610,630803392.000
2011-09-30,9.49,9.50,9.28,9.37,29359447,301896992.000
2011-10-10,9.46,9.50,9.39,9.45,19830785,205554272.000
2011-10-11,9.65,9.72,9.41,9.50,28814999,301785600.000
2011-10-12,9.47,9.85,9.29,9.80,57691057,615115264.000
2011-10-13,9.81,9.87,9.65,9.76,44759440,481225408.000
2011-10-14,9.72,9.82,9.65,9.73,19272999,206428160.000
2011-10-17,9.74,9.78,9.58,9.63,19795505,210313088.000
2011-10-18,9.57,9.57,9.02,9.09,40397964,411376704.000
2011-10-19,9.12,9.24,9.10,9.11,17405190,174135504.000
2011-10-20,9.10,9.10,8.67,8.82,26330974,252693008.000
2011-10-21,8.75,8.87,8.70,8.71,11650357,111190784.000
2011-10-24,8.79,8.89,8.65,8.87,13773504,131857256.000
2011-10-25,8.88,9.06,8.77,9.03,22489202,219595248.000
2011-10-26,8.96,9.14,8.92,9.03,26000479,257052160.000
2011-10-27,9.04,9.10,8.99,9.00,18936824,186686944.000
2011-10-28,9.14,9.20,9.04,9.18,31151406,310690592.000
2011-10-31,9.14,9.25,9.11,9.19,19937926,200226784.000
2011-11-01,9.09,9.23,9.06,9.14,19955681,199519776.000
2011-11-02,9.03,9.26,8.98,9.25,30267099,301442528.000
2011-11-03,9.30,9.75,9.30,9.52,68677087,720095232.000
2011-11-04,9.65,9.76,9.48,9.67,51240428,542980352.000
2011-11-07,9.59,9.77,9.58,9.58,28381533,301248992.000
2011-11-08,9.58,9.62,9.38,9.42,29350589,305762784.000
2011-11-09,9.46,9.57,9.36,9.57,24520433,255543744.000
2011-11-11,9.46,9.53,9.29,9.37,24915983,257672592.000
2011-11-14,9.45,9.59,9.40,9.57,23637104,247233040.000
2011-11-15,9.56,9.79,9.53,9.75,36474201,389535072.000
2011-11-16,9.78,9.87,9.42,9.47,34081699,361870272.000
2011-11-17,9.46,9.54,9.40,9.41,16510104,171490320.000
2011-11-18,9.35,9.37,8.98,9.07,28179605,282166720.000
2011-11-21,9.11,9.16,8.98,9.14,10342066,102614176.000
2011-11-22,9.07,9.14,8.98,9.09,10333498,102383232.000
2011-11-23,9.12,9.17,9.06,9.09,10126921,100909104.000
2011-11-24,9.02,9.13,8.96,9.05,9704862,95759680.000
2011-11-25,9.05,9.08,8.88,8.89,9619278,94366256.000
2011-11-28,8.91,9.00,8.83,8.86,10643125,103221728.000
2011-11-29,8.96,9.01,8.87,9.00,11285671,110059376.000
2011-11-30,8.98,9.00,8.64,8.65,18193404,173259648.000
2011-12-01,8.87,8.97,8.78,8.78,18972908,183259856.000
2011-12-02,8.78,8.81,8.62,8.64,11394193,107460904.000
2011-12-05,8.72,8.72,8.54,8.59,8609114,80370704.000
2011-12-06,8.58,8.61,8.51,8.57,7909816,73450544.000
2011-12-07,8.57,8.63,8.50,8.55,7038935,65342824.000
2011-12-08,8.55,8.67,8.46,8.55,8248640,76626768.000
2011-12-09,8.50,8.60,8.48,8.51,5566773,51521752.000
2011-12-12,8.51,8.56,8.34,8.36,7663068,70166664.000
2011-12-13,8.35,8.42,8.09,8.11,14437474,127934272.000
2011-12-14,8.08,8.16,7.76,7.78,14941129,127479704.000
2011-12-15,7.78,7.78,7.46,7.50,18610428,150673872.000
2011-12-16,7.53,7.67,7.45,7.64,14184739,114452784.000
2011-12-19,7.62,7.67,7.45,7.59,16193795,130421064.000
2011-12-20,7.59,7.70,7.50,7.50,15754399,127790000.000
2011-12-21,7.61,7.64,7.29,7.32,16556115,131760288.000
2011-12-22,7.31,7.34,7.07,7.28,16852240,128579008.000
2011-12-23,7.26,7.39,7.24,7.30,11926068,92618984.000
2011-12-27,7.25,7.25,7.04,7.05,14598378,109942248.000
2011-12-28,7.05,7.16,6.95,7.11,12285718,91453952.000
2011-12-29,7.06,7.33,7.05,7.18,15422589,118021200.000
2011-12-30,7.31,7.31,7.18,7.24,13958659,106969792.000
2012-01-04,7.29,7.32,7.06,7.06,11582656,88382160.000
2012-01-05,7.03,7.09,6.96,6.98,10646462,78937368.000
2012-01-06,6.97,7.14,6.92,7.12,11643646,86214920.000
2012-01-09,7.16,7.37,7.05,7.36,18197556,139714096.000
2012-01-10,7.37,7.67,7.33,7.64,30455282,244116896.000
2012-01-11,7.64,7.71,7.59,7.64,22146436,181223184.000
2012-01-12,7.64,7.87,7.64,7.65,20740629,171596960.000
2012-01-13,7.69,7.69,7.39,7.42,15849227,126723392.000
2012-01-16,7.38,7.48,7.32,7.39,11872860,93396184.000
2012-01-17,7.37,7.78,7.37,7.73,22376141,181824048.000
2012-01-18,7.73,7.82,7.59,7.64,19919252,164725136.000
2012-01-19,7.64,7.75,7.62,7.69,14776864,121496200.000
2012-01-20,7.74,7.77,7.68,7.73,13270359,109550032.000
2012-01-30,7.75,7.78,7.58,7.58,12378535,101070656.000
2012-01-31,7.57,7.65,7.56,7.59,6673640,54074876.000
2012-02-01,7.61,7.67,7.50,7.51,10071528,81455544.000
2012-02-02,7.52,7.64,7.50,7.62,10505980,84746832.000
2012-02-03,7.61,7.73,7.55,7.72,18758040,153378496.000
2012-02-06,7.77,7.78,7.68,7.73,17074156,141335152.000
2012-02-07,7.69,7.71,7.53,7.55,13134847,106509336.000
2012-02-08,7.57,7.81,7.54,7.76,19449906,160034640.000
2012-02-09,7.75,7.99,7.73,7.86,30499959,256774896.000
2012-02-10,7.81,7.91,7.79,7.83,22118818,186281424.000
2012-02-13,7.78,7.93,7.73,7.86,21388085,179679728.000
2012-02-14,7.83,7.87,7.78,7.82,11800420,98915736.000
2012-02-15,7.79,7.96,7.79,7.95,23591612,199886464.000
2012-02-16,7.93,7.97,7.82,7.89,23647121,200740384.000
2012-02-17,7.96,8.08,7.95,7.98,39058777,336195552.000
2012-02-20,8.10,8.11,7.93,7.94,25603088,220344576.000
2012-02-21,7.95,8.05,7.88,8.01,20356909,174577872.000
2012-02-22,8.03,8.12,8.03,8.10,30162295,262393280.000
2012-02-23,8.10,8.23,8.03,8.23,43857033,382971008.000
2012-02-24,8.20,8.29,8.16,8.27,34240117,304395072.000
2012-02-27,8.28,8.42,8.27,8.27,40790560,368382624.000
2012-02-28,8.23,8.28,8.10,8.16,34350281,303007328.000
2012-02-29,8.16,8.20,8.09,8.11,17674821,155225408.000
2012-03-01,8.09,8.16,8.07,8.10,15097449,132010912.000
2012-03-02,8.09,8.22,8.09,8.20,21575721,189944000.000
2012-03-05,8.20,8.27,8.11,8.14,26551006,234505360.000
2012-03-06,8.13,8.13,7.94,7.96,29232914,251716272.000
2012-03-07,7.91,8.00,7.87,7.91,18784597,159930272.000
2012-03-08,7.91,8.00,7.91,7.99,18268326,156506768.000
2012-03-09,8.01,8.08,7.96,8.08,21369113,184384176.000
2012-03-12,8.09,8.14,8.05,8.10,21910994,191134912.000
2012-03-13,8.09,8.26,8.08,8.25,32393771,286701376.000
2012-03-14,8.27,8.30,7.86,7.93,43446521,380232480.000
2012-03-15,7.91,7.96,7.75,7.78,23587665,198024320.000
2012-03-16,7.80,7.86,7.72,7.85,16686764,139572496.000
2012-03-19,7.86,7.91,7.78,7.90,17051600,143662480.000
2012-03-20,7.90,7.90,7.73,7.75,15948414,133184304.000
2012-03-21,7.80,7.85,7.73,7.79,12567526,104870368.000
2012-03-22,7.81,7.82,7.76,7.77,8981975,74918040.000
2012-03-23,7.77,7.77,7.57,7.60,15964992,130514184.000
2012-03-26,7.63,7.69,7.58,7.62,8913496,72755592.000
2012-03-27,7.65,7.70,7.59,7.60,7925237,64661040.000
2012-03-28,7.59,7.60,7.26,7.28,19327678,152692080.000
2012-03-29,7.26,7.28,7.08,7.14,15895278,120325632.000
2012-03-30,7.16,7.29,7.11,7.27,14383809,109787296.000
2012-04-05,7.24,7.37,7.19,7.35,15412148,119364504.000
2012-04-06,7.34,7.36,7.28,7.32,10397305,80705976.000
2012-04-09,7.32,7.32,7.15,7.17,11577809,88509168.000
2012-04-10,7.14,7.23,7.04,7.23,11041288,83340024.000
2012-04-11,7.16,7.23,7.10,7.19,9892532,75103552.000
2012-04-12,7.21,7.32,7.17,7.31,15154730,116569200.000
2012-04-13,7.36,7.45,7.35,7.41,17166781,135047104.000
2012-04-16,7.34,7.41,7.32,7.39,9598239,75337600.000
2012-04-18,7.36,7.50,7.31,7.50,20799127,164447776.000
2012-04-19,7.50,7.55,7.43,7.47,11576233,92195584.000
2012-04-20,7.46,7.50,7.42,7.49,13377858,106452184.000
2012-04-23,7.49,7.50,7.35,7.37,14464198,114124880.000
2012-04-24,7.35,7.45,7.18,7.28,17447796,134974816.000
2012-04-25,7.29,7.37,7.25,7.35,13384559,103945832.000
2012-04-26,7.37,7.64,7.37,7.55,33879912,273012416.000
2012-04-27,7.55,7.61,7.50,7.54,16915152,136037360.000
2012-05-02,7.71,7.76,7.61,7.67,26748028,219868560.000
2012-05-03,7.63,7.69,7.62,7.63,13398711,109474480.000
2012-05-04,7.64,7.82,7.64,7.73,23040553,190903920.000
2012-05-07,7.72,7.73,7.64,7.68,19761372,162100320.000
2012-05-08,7.71,7.78,7.68,7.70,20850708,172312960.000
2012-05-09,7.67,7.67,7.50,7.50,21545522,173972992.000
2012-05-10,7.50,7.57,7.50,7.55,11320103,90941720.000
2012-05-11,7.55,7.56,7.46,7.46,12169980,97252904.000
2012-05-14,7.56,7.58,7.44,7.45,15746556,126273000.000
2012-05-15,7.41,7.42,7.33,7.39,13584338,106413456.000
2012-05-16,7.37,7.38,7.26,7.27,12109423,94055904.000
2012-05-17,7.27,7.37,7.27,7.36,8273656,64370688.000
2012-05-18,7.30,7.33,7.23,7.24,10464824,80877336.000
2012-05-21,7.25,7.32,7.23,7.28,7493509,57850584.000
2012-05-22,7.31,7.37,7.29,7.35,11179358,87078024.000
2012-05-23,7.34,7.37,7.28,7.29,8703247,67668472.000
2012-05-24,7.32,7.48,7.30,7.37,17612960,138516688.000
2012-05-25,7.36,7.39,7.27,7.29,11850029,92098208.000
2012-05-28,7.28,7.40,7.14,7.37,15667253,120632032.000
2012-05-29,7.37,7.47,7.36,7.46,20193250,159724816.000
2012-05-30,7.47,7.48,7.39,7.43,12588426,99648680.000
2012-05-31,7.41,7.46,7.38,7.41,8998256,70505992.000
2012-06-04,7.28,7.32,7.19,7.19,16358590,124466632.000
2012-06-05,7.19,7.26,7.16,7.19,12093355,91319152.000
2012-06-06,7.22,7.23,7.12,7.14,7821774,58820560.000
2012-06-07,7.21,7.23,7.08,7.09,10103816,75573744.000
2012-06-08,7.15,7.15,7.05,7.05,11236540,83375888.000
2012-06-11,7.09,7.17,7.06,7.16,9322601,69422144.000
2012-06-12,7.10,7.12,7.05,7.06,7181941,53103824.000
2012-06-13,7.06,7.16,7.06,7.14,9343580,69506192.000
2012-06-14,7.14,7.14,7.08,7.09,9631596,71581256.000
2012-06-15,7.11,7.17,7.09,7.14,9372256,69943816.000
2012-06-18,7.16,7.23,7.11,7.14,11816844,88703328.000
2012-06-19,7.14,7.19,7.08,7.10,10657182,79339672.000
2012-06-20,7.12,7.14,7.05,7.06,8797819,65251640.000
2012-06-21,7.06,7.08,6.99,7.00,9872250,72354912.000
2012-06-25,7.00,7.04,6.73,6.79,14552611,105015712.000
2012-06-26,6.78,6.79,6.72,6.78,11665054,81723312.000
2012-06-27,6.78,6.85,6.74,6.76,10649836,75112680.000
2012-06-28,6.78,6.79,6.54,6.55,16257726,112242520.000
2012-06-29,6.54,6.63,6.50,6.56,22733410,154225856.000
2012-07-02,6.63,6.64,6.46,6.53,21407054,144789536.000
2012-07-03,6.52,6.58,6.49,6.53,12433600,83769080.000
2012-07-04,6.54,6.58,6.45,6.50,12750827,85543536.000
2012-07-05,6.48,6.48,6.22,6.30,19511212,126222832.000
2012-07-06,6.32,6.34,6.10,6.31,20450958,130388352.000
2012-07-09,6.29,6.29,6.11,6.12,11947899,75417216.000
2012-07-10,6.09,6.14,6.05,6.09,11320530,70147912.000
2012-07-11,6.09,6.17,6.09,6.15,9990857,62471188.000
2012-07-12,6.14,6.21,6.09,6.19,17477150,109635920.000
2012-07-13,6.18,6.25,6.17,6.19,10416874,65980832.000
2012-07-16,6.19,6.22,6.04,6.05,13019719,80517536.000
2012-07-17,6.05,6.11,6.04,6.09,6266455,38755432.000
2012-07-18,6.09,6.18,6.07,6.18,8974288,55770664.000
2012-07-19,6.18,6.32,6.16,6.25,16346436,104653304.000
2012-07-20,6.23,6.27,6.18,6.20,7924438,50312872.000
2012-07-23,6.17,6.17,6.08,6.12,7665298,47734968.000
2012-07-24,6.08,6.20,6.07,6.14,7406936,46367440.000
2012-07-25,6.12,6.16,6.08,6.10,6251380,38882856.000
2012-07-26,6.11,6.16,6.09,6.12,6766108,42170500.000
2012-07-27,6.14,6.17,6.10,6.16,8221880,51467944.000
2012-07-30,6.19,6.63,6.19,6.41,40486636,266586976.000
2012-07-31,6.34,6.41,6.30,6.30,17470474,114095920.000
2012-08-01,6.31,6.53,6.30,6.43,18259385,120548312.000
2012-08-02,6.45,6.45,6.36,6.40,11522744,75639376.000
2012-08-03,6.42,6.45,6.32,6.42,12966645,84877528.000
2012-08-06,6.42,6.50,6.37,6.50,24226176,160472528.000
2012-08-07,6.53,6.62,6.47,6.50,22175770,149134080.000
2012-08-08,6.48,6.54,6.39,6.43,15241803,101279792.000
2012-08-09,6.44,6.46,6.37,6.46,14842550,97861672.000
2012-08-10,6.45,6.46,6.36,6.39,14608757,96007736.000
2012-08-13,6.37,6.41,6.32,6.32,16111656,105095096.000
2012-08-14,6.31,6.35,6.24,6.34,11693662,75508896.000
2012-08-15,6.32,6.33,6.20,6.21,11254026,71981296.000
2012-08-16,6.20,6.24,6.16,6.20,7488270,47371528.000
2012-08-17,6.19,6.24,6.19,6.23,7823584,49700236.000
2012-08-20,6.22,6.22,6.14,6.20,7879043,49548488.000
2012-08-21,6.20,6.27,6.15,6.24,9972208,63536352.000
2012-08-22,6.24,6.25,6.19,6.19,9369432,59469320.000
2012-08-23,6.21,6.24,6.18,6.23,7942610,50342368.000
2012-08-24,6.20,6.21,6.09,6.12,9723963,60957424.000
2012-08-27,6.10,6.11,5.91,5.93,22650434,137902864.000
2012-08-28,5.93,6.00,5.91,5.96,11543338,69473320.000
2012-08-29,5.94,5.95,5.87,5.87,7736312,46173512.000
2012-08-30,5.84,5.91,5.82,5.86,8868789,52460572.000
2012-08-31,5.86,5.87,5.81,5.85,6638015,39089888.000
2012-09-03,5.85,5.89,5.83,5.88,8842302,52363492.000
2012-09-04,5.89,6.03,5.87,5.95,17303094,104396640.000
2012-09-05,5.98,6.01,5.91,5.98,14178203,85711720.000
2012-09-06,6.00,6.01,5.95,5.99,8118059,49131080.000
2012-09-07,6.00,6.30,5.99,6.23,37832235,237477536.000
2012-09-10,6.26,6.27,6.16,6.22,22055588,139917776.000
2012-09-11,6.19,6.21,6.13,6.19,15759354,99046288.000
2012-09-12,6.19,6.24,6.14,6.19,16413856,103482096.000
2012-09-13,6.18,6.23,6.08,6.09,18584163,116512160.000
2012-09-14,6.14,6.15,6.08,6.10,16754496,104315744.000
2012-09-17,6.11,6.13,5.93,5.94,14178474,86665736.000
2012-09-18,5.92,5.96,5.89,5.92,8116626,48638112.000
2012-09-19,5.92,5.97,5.90,5.95,7354637,44195048.000
2012-09-20,5.95,5.96,5.78,5.78,11650798,68742344.000
2012-09-21,5.77,5.82,5.76,5.78,7893799,45957728.000
2012-09-24,5.73,5.78,5.68,5.73,11867606,68272872.000
2012-09-25,5.73,5.73,5.64,5.64,9366075,53309672.000
2012-09-26,5.64,5.68,5.53,5.54,9570123,53476124.000
2012-09-27,5.55,5.91,5.54,5.79,22497713,129381000.000
2012-09-28,5.93,6.27,5.87,6.27,82582710,519832864.000
2012-10-08,6.41,6.63,6.34,6.47,129317521,860776448.000
2012-10-09,6.49,6.61,6.41,6.58,86137641,575178880.000
2012-10-10,6.50,6.58,6.43,6.50,56158403,375124576.000
2012-10-11,6.46,6.48,6.33,6.35,47710646,313571456.000
2012-10-12,6.37,6.46,6.30,6.38,32705976,214050144.000
2012-10-15,6.35,6.37,6.22,6.31,26319161,169179376.000
2012-10-16,6.32,6.46,6.31,6.33,40726213,267812400.000
2012-10-17,6.37,6.40,6.23,6.31,21463511,138616720.000
2012-10-18,6.31,6.41,6.30,6.40,28524746,186833088.000
2012-10-19,6.41,6.41,6.33,6.35,15982053,104365792.000
2012-10-22,6.32,6.34,6.24,6.29,17130916,110117552.000
2012-10-23,6.28,6.38,6.27,6.28,17283104,112008376.000
2012-10-24,6.26,6.33,6.22,6.28,19729619,126567008.000
2012-10-25,6.31,6.32,6.20,6.22,20435613,130674064.000
2012-10-26,6.23,6.23,5.93,5.95,33302004,204439232.000
2012-10-29,5.95,6.04,5.95,5.98,12045811,73044448.000
2012-10-30,6.00,6.01,5.91,5.94,12052383,72609584.000
2012-10-31,5.95,6.00,5.92,6.00,11503877,69644632.000
2012-11-01,6.00,6.11,6.00,6.08,18396790,113508680.000
2012-11-02,6.10,6.14,6.05,6.11,12978863,80434736.000
2012-11-05,6.08,6.14,6.08,6.09,12070595,74946520.000
2012-11-06,6.11,6.11,5.96,6.02,13770085,83966936.000
2012-11-07,6.05,6.08,5.98,6.05,10529304,64463332.000
2012-11-08,6.00,6.01,5.87,5.88,15127738,91088008.000
2012-11-09,5.88,5.92,5.84,5.89,9694177,57612752.000
2012-11-12,5.95,6.04,5.95,6.00,16524525,100382672.000
2012-11-13,6.00,6.00,5.90,5.91,11949200,71809048.000
2012-11-14,5.93,5.98,5.89,5.97,9670223,58115216.000
2012-11-15,5.93,6.00,5.89,5.90,9339980,56051496.000
2012-11-16,5.88,5.89,5.82,5.87,10640179,62892176.000
2012-11-19,5.85,5.90,5.82,5.89,5540010,32738208.000
2012-11-20,5.91,5.91,5.87,5.87,5962457,35425208.000
2012-11-21,5.83,5.97,5.83,5.96,9748456,58266784.000
2012-11-22,5.94,5.99,5.91,5.98,8870429,53474624.000
2012-11-23,6.00,6.00,5.95,5.96,8129274,49257996.000
2012-11-26,5.95,5.97,5.87,5.88,7064428,42168096.000
2012-11-27,5.85,5.88,5.78,5.78,11188675,65764564.000
2012-11-28,5.77,5.78,5.72,5.74,7057438,40714368.000
2012-11-29,5.75,5.78,5.73,5.73,6015400,34785272.000
2012-11-30,5.71,5.78,5.70,5.77,6262024,36290344.000
2012-12-03,5.78,5.79,5.73,5.73,6356288,36785340.000
2012-12-04,5.76,5.78,5.62,5.77,9951706,57062876.000
2012-12-05,5.75,5.97,5.73,5.93,20651292,122874408.000
2012-12-06,5.96,5.96,5.89,5.91,10543453,63130992.000
2012-12-07,5.91,6.00,5.89,5.99,21460294,129493360.000
2012-12-10,5.99,6.07,5.97,6.06,25620717,156671200.000
2012-12-11,6.09,6.13,6.03,6.04,26040205,160817056.000
2012-12-12,6.04,6.06,5.98,6.05,15739457,96140032.000
2012-12-13,6.04,6.04,5.94,5.96,13229522,80200192.000
2012-12-14,5.97,6.24,5.96,6.19,45304753,282347584.000
2012-12-17,6.18,6.23,6.15,6.19,32497377,205200512.000
2012-12-18,6.20,6.27,6.16,6.17,24909719,157950800.000
2012-12-19,6.19,6.27,6.18,6.19,22601589,143466144.000
2012-12-20,6.24,6.37,6.24,6.30,41539725,268329616.000
2012-12-21,6.30,6.32,6.21,6.22,21679630,138505408.000
2012-12-24,6.22,6.27,6.18,6.19,15745247,99797616.000
2012-12-25,6.19,6.38,6.18,6.32,34556775,222823840.000
2012-12-26,6.32,6.33,6.28,6.32,21766266,140573664.000
2012-12-27,6.32,6.35,6.27,6.28,27446921,177224160.000
2012-12-28,6.28,6.32,6.25,6.30,22392374,143969472.000
2012-12-31,6.32,6.34,6.28,6.31,25133809,162280928.000
2013-01-04,6.35,6.37,6.29,6.35,33595239,218468736.000
2013-01-07,6.38,6.54,6.37,6.44,50813703,337500224.000
2013-01-08,6.44,6.52,6.36,6.46,35279968,233220544.000
2013-01-09,6.46,6.55,6.40,6.44,30353255,202397392.000
2013-01-10,6.48,6.62,6.47,6.56,46708373,316475904.000
2013-01-11,6.55,6.59,6.34,6.36,32359005,215562912.000
2013-01-14,6.34,6.59,6.33,6.57,42644486,285501696.000
2013-01-15,6.64,7.13,6.64,7.13,115044326,835575232.000
2013-01-16,7.32,7.45,7.17,7.28,153141399,1176314880.000
2013-01-17,7.30,7.40,7.10,7.16,78372380,597824320.000
2013-01-18,7.20,7.61,7.15,7.47,119543285,930024576.000
2013-01-21,7.56,7.56,7.31,7.44,60061239,470023776.000
2013-01-22,7.42,7.72,7.34,7.49,80778289,643382016.000
2013-01-23,7.48,7.60,7.32,7.46,58452962,459265760.000
2013-01-24,7.49,7.59,7.14,7.23,60602517,469170144.000
2013-01-25,7.28,7.37,7.14,7.28,32428630,247416896.000
2013-01-28,7.31,7.44,7.28,7.35,35866517,276676800.000
2013-01-29,7.38,7.40,7.21,7.27,37822700,289984864.000
2013-01-30,7.28,7.60,7.16,7.45,71876732,561865856.000
2013-01-31,7.48,7.64,7.37,7.49,57846940,459231040.000
2013-02-01,7.49,7.62,7.41,7.49,43383557,343962944.000
2013-02-04,7.50,7.86,7.44,7.82,92534902,752365632.000
2013-02-05,7.74,7.77,7.66,7.74,46169217,377378304.000
2013-02-06,7.73,7.76,7.54,7.59,46032220,371365952.000
2013-02-07,7.58,7.66,7.50,7.62,29583587,236783952.000
2013-02-08,7.62,7.66,7.57,7.60,27732766,223968832.000
2013-02-18,7.65,7.69,7.53,7.56,27227937,219040736.000
2013-02-19,7.56,7.73,7.50,7.56,40574440,325899840.000
2013-02-20,7.53,7.56,7.37,7.50,47003250,369710208.000
2013-02-21,7.43,7.46,7.24,7.28,51084626,395419584.000
2013-02-22,7.27,7.41,7.25,7.28,24585697,189542656.000
2013-02-25,7.32,7.37,7.25,7.28,19930694,152879184.000
2013-02-26,7.28,7.37,7.09,7.11,27269228,207418240.000
2013-02-27,7.14,7.20,6.96,7.05,28522535,210730320.000
2013-02-28,7.09,7.33,7.09,7.32,38998338,298066080.000
2013-03-01,7.32,7.41,7.20,7.39,32257009,247895200.000
2013-03-04,7.34,7.44,7.17,7.22,30328799,232252800.000
2013-03-05,7.28,7.33,7.23,7.31,26959886,206166736.000
2013-03-06,7.35,7.64,7.24,7.54,54777406,432138656.000
2013-03-07,7.49,7.56,7.32,7.39,29828678,234487152.000
2013-03-08,7.39,7.46,7.29,7.32,17354131,134227216.000
2013-03-11,7.28,7.28,7.18,7.19,17039626,128915288.000
2013-03-12,7.19,7.24,7.00,7.08,23248414,172980016.000
2013-03-13,7.06,7.09,6.89,6.92,19321680,140296912.000
2013-03-14,6.91,7.05,6.91,6.99,12656590,92360824.000
2013-03-15,7.01,7.12,6.91,7.01,18659621,136365680.000
2013-03-18,7.02,7.04,6.73,6.76,28198672,200132464.000
2013-03-19,6.76,6.82,6.62,6.71,27875672,193421376.000
2013-03-20,6.72,6.93,6.67,6.90,42636886,301556672.000
2013-03-21,6.91,6.95,6.82,6.88,24226226,173526320.000
2013-03-22,6.86,6.90,6.76,6.80,25348575,179368384.000
2013-03-25,6.82,6.86,6.76,6.81,15594457,110105632.000
2013-03-26,6.82,6.84,6.69,6.74,22223545,155150832.000
2013-03-27,6.69,6.78,6.64,6.69,18866494,131019968.000
2013-03-28,6.66,6.66,6.48,6.48,31128557,209999552.000
2013-03-29,6.53,6.55,6.42,6.46,17642695,117556560.000
2013-04-01,6.46,6.49,6.41,6.48,14582066,96759144.000
2013-04-02,6.50,6.59,6.47,6.53,15193132,102051008.000
2013-04-03,6.53,6.58,6.50,6.52,9501967,63919880.000
2013-04-08,6.46,6.53,6.31,6.52,17393527,114852048.000
2013-04-09,6.54,6.59,6.53,6.57,14882014,100834400.000
2013-04-10,6.64,6.67,6.56,6.61,13297924,90801696.000
2013-04-11,6.65,6.67,6.53,6.53,11313720,76956320.000
2013-04-12,6.56,6.57,6.44,6.51,13798891,92322520.000
2013-04-15,6.49,6.50,6.37,6.40,10568672,69748464.000
2013-04-16,6.37,6.49,6.33,6.48,10183759,67322928.000
2013-04-17,6.48,6.62,6.46,6.55,18288300,123688320.000
2013-04-18,6.51,6.62,6.50,6.50,13769226,92863408.000
2013-04-19,6.50,6.67,6.50,6.67,22503265,153796496.000
2013-04-22,6.64,6.73,6.63,6.69,17545982,121408400.000
2013-04-23,6.69,6.69,6.42,6.44,20143278,135259136.000
2013-04-24,6.46,6.59,6.44,6.53,12444980,83454360.000
2013-04-25,6.54,6.57,6.45,6.47,14100267,94364952.000
2013-04-26,6.51,6.55,6.42,6.46,7907207,52591696.000
2013-05-02,6.47,6.57,6.43,6.48,16220033,108774240.000
2013-05-03,6.50,6.81,6.48,6.74,42964527,297625088.000
2013-05-06,6.78,6.92,6.74,6.82,32097122,228172144.000
2013-05-07,6.86,6.87,6.76,6.80,19728905,139442528.000
2013-05-08,6.84,6.87,6.78,6.82,16894935,119665472.000
2013-05-09,6.83,6.84,6.73,6.77,19334078,136100912.000
2013-05-10,6.74,6.87,6.71,6.87,25782854,183211840.000
2013-05-13,6.90,6.91,6.81,6.85,15133743,107654528.000
2013-05-14,6.90,6.98,6.80,6.87,33620734,241031136.000
2013-05-15,6.91,7.06,6.90,7.05,45188747,328702016.000
2013-05-16,7.08,7.55,7.07,7.32,83438895,643163840.000
2013-05-17,7.28,7.55,7.21,7.43,65889059,513804192.000
2013-05-20,7.44,7.62,7.39,7.41,57413462,453603680.000
2013-05-21,7.92,8.05,7.70,7.76,124942625,1036311424.000
2013-05-22,7.82,8.34,7.70,8.16,155809138,1322794752.000
2013-05-23,7.98,8.35,7.92,8.14,116602664,1018441856.000
2013-05-24,8.14,8.28,8.02,8.21,68397631,596476288.000
2013-05-27,8.19,8.81,8.15,8.71,141433432,1303150336.000
2013-05-28,8.71,8.84,8.53,8.66,86401971,806334976.000
2013-05-29,8.67,8.72,8.49,8.61,56769687,524852160.000
2013-05-30,8.56,8.67,8.50,8.63,50122129,462510848.000
2013-05-31,8.69,8.73,8.09,8.10,90991981,802825664.000
2013-06-03,8.05,8.23,8.00,8.05,57742159,494090816.000
2013-06-04,8.05,8.09,7.84,8.08,55032928,459504224.000
2013-06-05,8.04,8.06,7.88,7.96,37980673,316524352.000
2013-06-06,7.95,7.95,7.76,7.80,32301216,265005200.000
2013-06-07,7.82,7.86,7.57,7.59,41760013,335237888.000
2013-06-13,7.50,7.73,7.27,7.69,45344617,352222304.000
2013-06-14,7.67,7.84,7.64,7.79,42134068,341855616.000
2013-06-17,7.99,8.19,7.84,8.17,73301720,618499968.000
2013-06-18,8.23,8.32,8.10,8.17,47988570,414947488.000
2013-06-19,8.09,8.28,7.98,8.20,42862981,367433344.000
2013-06-20,8.14,8.21,7.59,7.61,47868134,394407264.000
2013-06-21,7.48,7.82,7.31,7.75,34410655,272227872.000
2013-06-24,7.72,7.72,7.24,7.30,47667938,369791424.000
2013-06-25,7.26,7.55,6.87,7.52,66178223,498800192.000
2013-06-26,7.50,7.74,7.42,7.63,45763671,363212448.000
2013-06-27,7.67,7.90,7.63,7.67,54155726,439463296.000
2013-06-28,7.67,7.90,7.52,7.71,34677654,280462016.000
2013-07-01,7.63,7.87,7.63,7.81,26262914,213655872.000
2013-07-02,7.82,7.86,7.69,7.82,30826131,250360496.000
2013-07-03,7.78,7.99,7.70,7.98,44040716,363972736.000
2013-07-04,7.97,8.15,7.87,8.05,42972602,362270880.000
2013-07-05,8.08,8.10,7.75,7.78,48156693,397103040.000
2013-07-08,7.59,7.71,7.34,7.41,38396952,301273184.000
2013-07-09,7.38,7.48,7.37,7.41,16130150,124128072.000
2013-07-10,7.43,7.65,7.42,7.64,25434326,199557008.000
2013-07-11,7.71,7.95,7.71,7.89,42769236,352129248.000
2013-07-12,7.90,8.46,7.87,8.12,81706612,706870208.000
2013-07-15,8.16,8.30,8.12,8.20,44574893,385737376.000
2013-07-16,8.45,8.69,8.31,8.36,71114210,639787968.000
2013-07-17,8.24,8.40,8.06,8.06,47923440,416035744.000
2013-07-18,8.00,8.34,7.97,8.17,44938489,385701056.000
2013-07-19,8.41,8.53,8.09,8.12,65558744,577120512.000
2013-07-22,8.07,8.24,8.00,8.18,35579173,304470112.000
2013-07-23,8.18,8.49,8.18,8.47,65863692,582744256.000
2013-07-24,8.47,8.50,8.27,8.45,47134484,417871552.000
2013-07-25,8.41,8.49,8.22,8.27,41159892,362814560.000
2013-07-26,8.28,8.32,7.90,8.01,49994263,423829856.000
2013-07-29,8.16,8.19,7.89,7.98,38969860,330440128.000
2013-07-30,7.83,7.97,7.49,7.64,67475787,539872512.000
2013-07-31,7.64,7.73,7.58,7.66,34153901,272891456.000
2013-08-01,7.71,7.82,7.67,7.81,34564674,279866880.000
2013-08-02,7.93,7.98,7.84,7.87,38302194,317134304.000
2013-08-05,7.89,7.91,7.71,7.81,31036379,252801200.000
2013-08-06,7.83,7.87,7.72,7.82,33410491,272674336.000
2013-08-07,7.84,8.02,7.72,7.92,55699351,460788032.000
2013-08-08,7.91,7.91,7.76,7.78,31147100,255017312.000
2013-08-09,7.77,7.86,7.69,7.75,28244651,229177120.000
2013-08-12,7.76,7.96,7.75,7.96,46110086,381996096.000
2013-08-13,7.98,8.21,7.94,8.19,69097844,590846016.000
2013-08-14,8.20,8.27,8.05,8.08,50136026,428955648.000
2013-08-15,8.12,8.20,7.96,7.97,32921123,279271232.000
2013-08-16,7.97,8.66,7.90,7.91,72486515,622685248.000
2013-08-19,7.75,7.99,7.71,7.95,32631872,269445152.000
2013-08-20,7.95,8.01,7.82,7.86,28222355,234194848.000
2013-08-21,7.88,7.91,7.77,7.84,18835596,154038016.000
2013-08-22,8.00,8.29,8.00,8.25,89224976,770327168.000
2013-08-23,8.29,8.47,8.14,8.41,103386606,915737472.000
2013-08-26,8.41,8.53,8.28,8.48,58309628,519365696.000
2013-08-27,8.43,8.49,8.34,8.40,41491151,369614688.000
2013-08-28,8.36,8.36,8.17,8.22,43243137,376887200.000
2013-08-29,8.22,8.38,8.19,8.25,26954232,235532224.000
2013-08-30,8.23,8.55,8.18,8.35,54508219,483640160.000
2013-09-02,8.53,8.56,8.35,8.40,44356413,397315968.000
2013-09-03,8.40,9.13,8.37,9.13,163131018,1543998592.000
2013-09-04,9.14,9.27,8.96,9.25,120053982,1173799168.000
2013-09-05,9.25,9.53,9.06,9.09,109723891,1098249984.000
2013-09-06,9.06,9.41,9.00,9.10,67383509,662285888.000
2013-09-09,9.10,9.38,9.10,9.14,68045246,675154432.000
2013-09-10,9.09,9.35,8.97,9.30,53487106,526779616.000
2013-09-11,9.35,9.37,9.04,9.12,48749657,479510112.000
2013-09-12,9.06,9.31,9.05,9.16,40750054,401068256.000
2013-09-13,9.21,9.50,9.13,9.41,63774258,640011520.000
2013-09-16,9.47,9.91,9.39,9.67,89154112,933405376.000
2013-09-17,9.64,9.96,9.47,9.49,67106135,708216640.000
2013-09-18,9.47,9.63,9.31,9.52,40165856,409597888.000
2013-09-23,9.53,10.29,9.52,10.17,84057544,909201152.000
2013-09-24,10.25,10.25,9.84,10.09,52088724,567626560.000
2013-09-25,10.29,10.69,10.23,10.25,81484678,932682880.000
2013-09-26,10.19,10.46,10.06,10.24,59457517,663291712.000
2013-09-27,10.21,10.69,10.21,10.64,73140943,846212800.000
2013-09-30,10.87,11.36,10.87,11.00,66323516,806110464.000
2013-10-08,10.95,11.81,10.87,11.66,71986350,907619392.000
2013-10-09,11.60,11.75,11.35,11.66,61035734,776590528.000
2013-10-10,11.60,12.09,11.41,11.55,63485512,825311872.000
2013-10-11,11.59,12.06,11.19,11.36,81491677,1045964800.000
2013-10-14,11.41,11.60,11.25,11.36,56305169,705227072.000
2013-10-15,11.31,11.60,11.09,11.28,49270568,611185088.000
2013-10-16,11.28,11.42,10.74,10.94,55887614,673071296.000
2013-10-17,11.07,11.28,10.96,11.16,50441398,617372288.000
2013-10-18,11.14,11.16,10.69,10.82,51457472,610051328.000
2013-10-21,10.91,11.80,10.91,11.80,99374485,1264671744.000
2013-10-22,12.03,12.22,11.77,11.86,96529574,1281979776.000
2013-10-23,11.90,11.93,11.01,11.28,64706003,810323008.000
2013-10-24,11.19,11.69,11.05,11.34,31854126,399606912.000
2013-10-25,11.34,11.82,11.19,11.37,61674269,784761344.000
2013-10-28,11.45,12.09,11.40,11.79,66410189,866490112.000
2013-10-29,11.79,11.98,10.75,11.49,59972485,756631104.000
2013-10-30,11.56,11.58,10.73,10.98,60624424,734211840.000
2013-10-31,11.01,11.04,10.00,10.06,94119074,1049147904.000
2013-11-01,10.05,10.36,10.03,10.15,41703105,462193344.000
2013-11-04,10.25,10.58,10.25,10.46,31663402,361555392.000
2013-11-05,10.37,10.73,10.37,10.63,33241599,384734400.000
2013-11-06,10.59,10.85,10.34,10.55,56751008,657213248.000
2013-11-07,10.54,10.55,10.09,10.24,42059855,467219008.000
2013-11-08,10.13,10.19,9.90,10.02,22472525,244636864.000
2013-11-11,10.08,10.44,10.08,10.37,27976963,312826688.000
2013-11-12,10.43,10.71,10.41,10.61,27039543,311831936.000
2013-11-13,10.58,10.58,10.11,10.18,27517502,306987904.000
2013-11-14,10.22,10.52,10.22,10.45,34374282,389959360.000
2013-11-15,10.44,11.10,10.41,10.78,45650403,540682816.000
2013-11-18,10.96,11.17,10.87,11.09,35631578,432068992.000
2013-11-19,11.06,11.32,10.90,11.12,28135375,343394496.000
2013-11-20,11.17,11.25,10.96,11.11,18987361,230332176.000
2013-11-21,11.11,11.12,10.87,10.93,21125625,253927632.000
2013-11-22,10.95,11.09,10.74,10.81,22485522,268193552.000
2013-11-25,10.74,10.91,10.60,10.70,22800926,267733872.000
2013-11-26,10.70,10.74,10.46,10.54,21854136,253171280.000
2013-11-27,10.53,11.00,10.52,10.91,31703053,377084768.000
2013-11-28,10.92,11.09,10.91,10.93,24803873,299348416.000
2013-11-29,10.93,11.00,10.78,10.82,20513515,243456624.000
2013-12-02,10.76,10.76,10.20,10.31,34681375,395587456.000
2013-12-03,10.34,10.50,10.14,10.43,20987431,237065024.000
2013-12-04,10.51,10.77,10.38,10.67,26443843,307100416.000
2013-12-05,10.67,10.78,10.54,10.61,16590228,193099920.000
2013-12-06,10.60,10.61,10.32,10.46,18337616,208469104.000
2013-12-09,10.43,10.59,10.27,10.32,21118596,238432032.000
2013-12-10,10.32,10.41,10.06,10.13,34115742,377526432.000
2013-12-11,10.09,10.09,9.61,9.71,62936217,664938304.000
2013-12-12,9.73,9.85,9.62,9.73,31225647,328089440.000
2013-12-13,9.74,9.83,9.68,9.70,22004254,231637360.000
2013-12-16,9.78,10.02,9.70,9.97,34149135,363878272.000
2013-12-17,9.97,10.02,9.77,9.87,16756177,179258368.000
2013-12-18,9.95,9.95,9.73,9.74,11515879,121916024.000
2013-12-19,9.80,9.84,9.43,9.46,22846954,237240496.000
2013-12-20,9.47,9.57,9.07,9.22,41686827,414445600.000
2013-12-23,9.23,9.29,9.09,9.26,18399591,181573920.000
2013-12-24,9.30,9.47,9.14,9.31,23746161,238973952.000
2013-12-25,9.36,9.58,9.28,9.57,25520417,261455856.000
2013-12-26,9.64,10.01,9.62,9.67,39338528,417768352.000
2013-12-27,9.72,9.97,9.72,9.87,28636886,306673792.000
2013-12-30,9.91,10.05,9.78,9.81,20139232,216624560.000
2013-12-31,9.80,10.00,9.76,9.90,23006508,246566496.000
2014-01-02,9.85,9.95,9.80,9.91,13112078,139933888.000
2014-01-03,10.00,10.32,10.00,10.05,30812101,339970048.000
2014-01-06,10.05,10.05,9.72,9.78,15897341,168556288.000
2014-01-07,9.73,10.23,9.73,10.14,34833357,382609696.000
2014-01-08,10.14,10.18,9.84,10.11,23943420,260735712.000
2014-01-09,10.07,10.30,10.07,10.09,32560477,361641248.000
2014-01-10,10.05,10.06,9.62,9.68,28575784,302527264.000
2014-01-13,9.69,9.84,9.30,9.46,21088062,216009152.000
2014-01-14,9.40,9.41,8.78,9.34,41033301,401932224.000
2014-01-15,9.30,9.44,9.18,9.42,30381030,305048640.000
2014-01-16,9.46,9.88,9.42,9.50,52057560,541488000.000
2014-01-27,10.07,10.09,9.53,9.69,45693829,450800256.000
2014-01-28,9.69,9.73,9.33,9.42,19795111,190947168.000
2014-01-29,9.43,9.46,9.12,9.25,31348388,293538080.000
2014-01-30,9.37,9.64,9.29,9.34,33760530,322773728.000
2014-02-07,9.32,9.33,9.11,9.33,28790825,268778656.000
2014-02-10,9.42,10.28,9.42,10.28,85470606,873455488.000
2014-02-11,10.27,10.32,10.06,10.17,53999536,557489344.000
2014-02-12,10.09,10.09,9.87,10.01,61843773,624463296.000
2014-02-13,10.05,10.44,9.96,10.02,78768703,812795392.000
2014-02-14,10.01,10.12,9.87,10.11,45119306,458274592.000
2014-02-17,10.19,10.23,9.96,10.20,64167368,655798592.000
2014-02-18,10.20,10.94,10.13,10.66,139101521,1491529344.000
2014-02-19,10.67,10.69,10.42,10.58,50556552,540690432.000
2014-02-20,10.68,10.93,10.43,10.48,63570183,686886144.000
2014-02-21,10.48,10.73,10.27,10.39,45979162,488173888.000
2014-02-24,10.35,10.59,10.17,10.56,39256079,413803616.000
2014-02-25,10.56,10.58,9.74,9.91,67609357,693555840.000
2014-02-26,9.79,9.80,9.19,9.52,67430039,649987264.000
2014-02-27,9.77,9.96,9.47,9.51,73430861,724962240.000
2014-02-28,9.57,9.85,9.42,9.77,36708925,358563936.000
2014-03-03,9.77,9.97,9.61,9.96,43728349,435146144.000
2014-03-04,9.82,9.92,9.63,9.73,34254787,339129632.000
2014-03-05,9.85,9.90,9.50,9.56,40893360,399647040.000
2014-03-06,9.55,9.62,9.33,9.62,28968333,277532832.000
2014-03-07,9.57,9.90,9.53,9.66,39289662,387293920.000
2014-03-10,9.52,9.56,8.88,9.13,43091952,404071616.000
2014-03-11,9.13,9.13,8.79,8.88,36319072,329530560.000
2014-03-12,8.89,8.96,8.64,8.96,25840468,230950432.000
2014-03-13,8.93,9.14,8.92,9.02,28453028,260857376.000
2014-03-14,8.95,9.05,8.84,8.89,18131880,163998048.000
2014-03-17,8.93,9.02,8.83,9.01,26074182,236260464.000
2014-03-18,9.02,9.15,8.97,9.02,31526626,289354496.000
2014-03-19,9.02,9.02,8.56,8.68,54483512,481589632.000
2014-03-20,8.63,8.63,8.23,8.24,70305095,599734784.000
2014-03-21,8.21,8.53,8.15,8.44,46754452,394661536.000
2014-03-24,8.55,8.59,8.47,8.53,35231766,304981440.000
2014-03-25,8.53,8.93,8.47,8.82,55571649,494049568.000
2014-03-26,8.87,8.94,8.72,8.86,25964805,232747504.000
2014-03-27,8.82,8.96,8.69,8.75,23819791,213382880.000
2014-03-28,8.73,9.08,8.70,8.78,39285619,354717632.000
2014-03-31,8.78,9.01,8.78,8.88,23309223,210754464.000
2014-04-01,8.90,9.02,8.78,8.93,24610800,221508096.000
2014-04-02,8.96,9.01,8.89,8.96,29567409,268798112.000
2014-04-03,9.04,9.19,8.97,9.04,33754400,311072384.000
2014-04-04,9.04,9.10,8.96,9.04,21693308,198725696.000
2014-04-08,9.02,9.21,8.96,9.18,37645393,347808960.000
2014-04-09,9.22,9.31,9.13,9.24,33592398,314719552.000
2014-04-10,9.27,9.29,9.12,9.25,34411087,320842144.000
2014-04-11,9.21,9.21,8.95,8.98,42468467,389723616.000
2014-04-14,8.97,9.41,8.97,9.40,57616029,538082816.000
2014-04-15,9.43,9.84,9.33,9.45,92244764,897575360.000
2014-04-16,9.38,9.70,9.34,9.52,48842205,471438016.000
2014-04-17,9.58,9.59,9.38,9.43,24004053,229839728.000
2014-04-18,9.37,9.41,9.28,9.34,19580134,185001616.000
2014-04-21,9.55,9.77,9.41,9.46,73320341,714788992.000
2014-04-22,9.47,9.52,8.93,9.24,48210592,449236992.000
2014-04-23,9.21,9.21,8.96,9.04,36266418,332076800.000
2014-04-24,9.02,9.02,8.87,8.93,29750144,269328736.000
2014-04-25,8.93,8.98,8.72,8.74,22541108,202072464.000
2014-04-30,8.89,9.05,8.72,8.81,38396225,345885952.000
2014-05-05,8.81,8.82,8.09,8.52,64596353,550230400.000
2014-05-06,8.47,8.72,8.40,8.66,39363638,341798048.000
2014-05-07,8.57,8.60,8.41,8.43,25333836,218086400.000
2014-05-08,8.42,8.55,8.33,8.35,30056480,257756768.000
2014-05-09,8.36,8.40,8.19,8.24,28377290,237951648.000
2014-05-12,8.34,8.53,8.23,8.50,41104067,350318336.000
2014-05-13,8.54,8.72,8.52,8.57,36517644,318887040.000
2014-05-14,8.62,8.65,8.50,8.53,21506215,186570624.000
2014-05-15,8.53,8.59,8.28,8.31,30077886,257259664.000
2014-05-16,8.27,8.36,8.22,8.33,19524343,164356304.000
2014-05-19,8.33,8.38,8.19,8.25,18323191,153797152.000
2014-05-20,8.32,8.40,8.27,8.32,16613016,140719584.000
2014-05-21,8.27,8.50,8.21,8.49,22997998,196146512.000
2014-05-22,8.53,8.65,8.43,8.44,31755252,275309408.000
2014-05-23,8.43,8.51,8.29,8.44,24663045,209569088.000
2014-05-26,8.47,8.61,8.45,8.60,28346837,245680400.000
2014-05-27,8.70,8.84,8.55,8.72,57218540,505422240.000
2014-05-28,8.71,8.80,8.61,8.74,37861201,334788768.000
2014-05-29,8.75,8.82,8.63,8.64,36611380,324821856.000
2014-05-30,8.70,8.94,8.67,8.75,53206390,475697184.000
2014-06-03,8.77,8.82,8.50,8.52,46964652,410973664.000
2014-06-04,8.52,8.53,8.26,8.36,35457159,299804160.000
2014-06-05,8.42,8.51,8.37,8.46,34939513,299514688.000
2014-06-06,8.46,8.52,8.32,8.38,22578227,192761968.000
2014-06-09,8.35,8.44,8.29,8.34,19451529,165199552.000
2014-06-10,8.37,8.49,8.33,8.47,25630949,219042576.000
2014-06-11,8.48,8.61,8.43,8.57,31123645,269259264.000
2014-06-12,8.57,8.64,8.49,8.62,30262152,263480448.000
2014-06-13,8.57,8.77,8.53,8.75,46595987,410143360.000
2014-06-16,8.84,8.84,8.73,8.75,31763967,278528000.000
2014-06-17,8.74,8.74,8.55,8.58,28991151,250377856.000
2014-06-18,8.58,8.64,8.55,8.60,18759768,161309600.000
2014-06-19,8.62,8.65,8.30,8.36,34213205,288478400.000
2014-06-20,8.37,8.42,8.28,8.40,21651908,181013600.000
2014-06-23,8.41,8.51,8.39,8.45,20830720,175972224.000
2014-06-24,8.44,8.48,8.35,8.42,23485861,197550960.000
2014-06-25,8.42,8.43,8.31,8.38,18119118,151217264.000
2014-06-26,8.42,8.48,8.39,8.43,21713034,183226416.000
2014-06-27,8.45,8.48,8.38,8.45,20895979,176312416.000
2014-06-30,8.45,8.52,8.43,8.49,23493626,199457152.000
2014-07-01,8.53,8.67,8.50,8.65,39242532,338039264.000
2014-07-02,8.66,8.70,8.55,8.65,26817175,231089968.000
2014-07-03,8.65,8.75,8.57,8.68,34408577,298119872.000
2014-07-04,8.68,8.69,8.55,8.59,30226489,260197296.000
2014-07-07,8.54,8.63,8.50,8.56,25331198,216448720.000
2014-07-08,8.56,8.57,8.45,8.51,25662491,218037728.000
2014-07-09,8.50,8.52,8.35,8.36,36272011,305586720.000
2014-07-10,8.40,8.48,8.35,8.44,28209974,237411600.000
2014-07-11,8.46,8.73,8.45,8.70,69399609,600636416.000
2014-07-14,8.71,8.95,8.70,8.86,59786556,528930944.000
2014-07-15,8.89,8.89,8.70,8.81,35039978,307850272.000
2014-07-16,8.81,8.82,8.72,8.77,27125009,237760432.000
2014-07-17,8.77,8.78,8.62,8.69,25049751,217330960.000
2014-07-18,8.63,8.84,8.61,8.75,30481944,267438160.000
2014-07-21,8.77,8.84,8.67,8.71,21807060,190905072.000
2014-07-22,8.70,8.95,8.64,8.91,63267382,560922432.000
2014-07-23,8.96,9.05,8.83,8.90,46793780,418347040.000
2014-07-24,8.94,9.08,8.89,9.07,55276564,496838816.000
2014-07-25,9.10,9.14,9.02,9.11,45276086,411164736.000
2014-07-28,9.11,9.30,9.06,9.28,74875898,687963584.000
2014-07-29,9.27,9.32,9.19,9.32,54847469,508511616.000
2014-07-30,9.29,9.33,9.12,9.14,51069466,469384352.000
2014-07-31,9.14,9.21,9.08,9.19,42302935,386371936.000
2014-08-01,9.15,9.26,9.03,9.04,49355488,451541408.000
2014-08-04,9.06,9.19,9.06,9.18,38985061,355580608.000
2014-08-05,9.20,9.24,9.08,9.15,37171795,339548384.000
2014-08-06,9.11,9.13,9.02,9.08,44955209,407877920.000
2014-08-07,9.08,9.32,9.03,9.29,88448436,814820224.000
2014-08-08,9.29,9.35,9.20,9.26,54696043,508049984.000
2014-08-11,9.29,9.48,9.27,9.43,61938825,582684800.000
2014-08-12,9.41,9.49,9.35,9.42,43790160,412198816.000
2014-08-13,9.44,9.46,9.13,9.26,48233925,446966176.000
2014-08-14,9.24,9.29,9.15,9.19,36485410,336301184.000
2014-08-15,9.21,9.29,9.18,9.26,34951342,322914464.000
2014-08-18,9.32,9.37,9.21,9.28,42296342,392219552.000
2014-08-19,9.30,9.32,9.17,9.24,44463487,410976704.000
2014-08-20,9.24,9.37,9.19,9.27,45983784,427260672.000
2014-08-21,9.25,9.30,9.11,9.17,35376036,325105504.000
2014-08-22,9.17,9.27,9.14,9.22,34297188,315746624.000
2014-08-25,9.22,9.25,9.11,9.12,30889592,282617600.000
2014-08-26,9.12,9.18,8.90,8.93,40164226,362397248.000
2014-08-27,8.93,8.98,8.85,8.91,30529287,272040768.000
2014-08-28,8.98,9.16,8.93,9.00,42576559,385040032.000
2014-08-29,9.02,9.10,8.98,9.09,20660891,186756656.000
2014-09-01,9.10,9.18,9.06,9.15,36418419,331954784.000
2014-09-02,9.28,9.45,9.26,9.36,84648641,791941184.000
2014-09-03,9.37,9.95,9.36,9.92,173664840,1683230976.000
2014-09-04,9.88,9.96,9.74,9.88,93869911,925219264.000
2014-09-05,9.99,10.11,9.80,9.94,85895811,854614272.000
2014-09-09,10.00,10.27,9.86,10.07,95882781,964747904.000
2014-09-10,10.06,10.25,9.97,10.07,72507904,733157952.000
2014-09-11,10.14,10.42,10.10,10.32,117642824,1207792128.000
2014-09-12,10.26,10.35,10.13,10.28,55771015,570316608.000
2014-09-15,10.48,10.55,10.17,10.21,89950761,928834368.000
2014-09-16,10.19,10.20,9.73,9.75,102437494,1019153152.000
2014-09-17,9.76,9.87,9.64,9.82,54643777,534389312.000
2014-09-18,9.83,9.85,9.72,9.84,39856561,390156224.000
2014-09-19,9.83,9.85,9.68,9.81,54598146,533412384.000
2014-09-22,9.78,9.95,9.69,9.77,55237666,542149824.000
2014-09-23,9.73,9.95,9.73,9.90,46025740,453505600.000
2014-09-24,9.88,10.08,9.82,10.03,57875313,577891520.000
2014-09-25,10.04,10.24,9.97,9.99,66252663,670349376.000
2014-09-26,9.98,10.20,9.95,10.05,46225288,465776160.000
2014-09-29,10.09,10.18,9.97,10.03,51752837,519644800.000
2014-09-30,10.04,10.07,9.93,9.97,43192624,430962944.000
2014-10-08,9.99,10.08,9.99,10.05,45661564,458121184.000
2014-10-09,10.07,10.16,9.98,10.07,53937029,542896512.000
2014-10-10,10.06,10.07,9.83,9.87,61834592,615028288.000
2014-10-13,9.83,9.83,9.61,9.72,51340266,498347552.000
2014-10-14,9.69,9.76,9.56,9.64,51816739,501354368.000
2014-10-15,9.63,9.70,9.57,9.70,37527483,361815648.000
2014-10-16,9.65,9.71,9.53,9.56,40431252,388950624.000
2014-10-17,9.54,9.67,9.51,9.64,37259082,357651904.000
2014-10-20,9.67,9.75,9.61,9.71,36292707,352351104.000
2014-10-21,9.74,9.76,9.59,9.60,30729796,296924800.000
2014-10-22,9.60,9.65,9.55,9.56,23798874,228379184.000
2014-10-23,9.56,9.58,9.22,9.24,50437129,471431264.000
2014-10-24,9.25,9.31,9.19,9.28,28163631,260471264.000
2014-10-27,9.31,9.37,9.21,9.34,23894202,222607536.000
2014-10-28,9.39,9.56,9.37,9.55,36582801,346826432.000
2014-10-29,9.61,9.65,9.53,9.63,48559959,466230848.000
2014-10-30,9.64,9.74,9.58,9.68,56256320,544537088.000
2014-10-31,9.71,9.76,9.62,9.71,48745698,472099936.000
2014-11-03,9.73,9.83,9.65,9.70,48926250,477025888.000
2014-11-04,9.81,10.25,9.81,10.16,188356282,1898103808.000
2014-11-05,10.29,10.37,9.98,10.00,116610778,1178882944.000
2014-11-06,10.00,10.16,9.97,10.09,76247974,767057024.000
2014-11-07,10.20,10.38,9.96,10.00,118786751,1213463936.000
2014-11-10,10.05,10.37,10.05,10.31,122717558,1259044352.000
2014-11-11,10.55,10.72,10.22,10.35,180677549,1885710848.000
2014-11-12,10.34,10.47,10.12,10.32,86420830,888435072.000
2014-11-13,10.38,10.47,10.06,10.09,94005016,959589056.000
2014-11-14,10.01,10.02,9.86,9.96,57614850,572076544.000
2014-11-17,10.04,10.10,9.93,9.99,52349900,524625504.000
2014-11-18,9.99,10.07,9.90,9.93,45346409,451111520.000
2014-11-19,9.93,10.03,9.83,10.00,43510104,432783616.000
2014-11-20,10.08,10.33,10.08,10.20,94632820,967608960.000
2014-11-21,10.18,10.22,10.05,10.18,62472961,632694336.000
2014-11-24,10.30,10.52,10.18,10.37,122932021,1271723904.000
2014-11-25,10.45,10.52,10.32,10.42,94439310,981886016.000
2014-11-26,10.41,10.52,10.21,10.31,102801242,1064089216.000
2014-11-27,10.35,10.43,10.18,10.28,89101029,914638784.000
2014-11-28,10.28,10.35,10.14,10.35,97342828,995518848.000
2014-12-01,10.32,10.51,10.20,10.30,103221629,1071102592.000
2014-12-02,10.30,10.44,10.25,10.38,104357851,1079844864.000
2014-12-03,10.46,10.95,10.40,10.83,213552642,2285416192.000
2014-12-04,10.83,11.19,10.75,11.05,169341255,1847629568.000
2014-12-05,11.07,11.20,10.30,10.65,171087361,1841447552.000
2014-12-08,10.65,11.36,10.53,11.33,205663681,2276973312.000
2014-12-09,11.35,12.18,10.89,11.10,312585762,3640670720.000
2014-12-10,11.30,11.95,11.14,11.88,189339154,2197125120.000
2014-12-11,11.97,12.32,11.63,11.79,171259277,2043117440.000
2014-12-12,11.85,12.01,11.58,11.74,101872568,1197781120.000
2014-12-15,11.62,12.20,11.43,12.10,148537365,1750722304.000
2014-12-16,12.17,12.48,11.89,12.09,132545290,1608842752.000
2014-12-17,12.20,12.35,11.75,11.93,147480115,1782359296.000
2014-12-18,11.85,12.27,11.76,12.04,123885751,1488155904.000
2014-12-19,11.91,12.35,11.60,12.34,172229362,2067479680.000
2014-12-22,12.68,13.50,12.35,12.73,236807992,3054002432.000
2014-12-23,12.80,12.93,12.20,12.30,118750220,1490826880.000
2014-12-24,12.35,12.43,11.80,11.97,129226277,1550119936.000
2014-12-25,12.05,12.66,11.84,12.65,130851267,1609765760.000
2014-12-26,12.60,12.95,12.49,12.72,140433283,1791341312.000
2014-12-29,12.77,12.98,12.40,12.67,132441076,1688597760.000
2014-12-30,12.58,12.60,12.10,12.17,106669800,1310470144.000
2014-12-31,12.15,12.57,12.15,12.38,86564364,1072581760.000
2015-01-05,12.43,12.95,12.43,12.80,138736516,1768615040.000
2015-01-06,12.81,13.80,12.80,13.44,235977204,3166411520.000
2015-01-07,13.20,13.59,13.09,13.43,135739336,1810289664.000
2015-01-08,13.62,13.80,13.18,13.24,128786866,1741030656.000
2015-01-09,13.14,13.40,12.86,12.89,117044917,1537747584.000
2015-01-12,12.90,13.12,12.62,12.74,80769700,1035405568.000
2015-01-13,12.86,13.09,12.75,12.90,57282785,739746176.000
2015-01-14,12.91,13.15,12.49,12.58,78964622,1010035072.000
2015-01-15,12.65,12.87,12.37,12.86,75310982,948404480.000
2015-01-16,12.98,13.40,12.81,13.20,114992091,1505999104.000
2015-01-19,12.75,13.54,12.28,12.65,183733815,2380845824.000
2015-01-20,12.65,12.93,12.52,12.87,122081412,1560959104.000
2015-01-21,12.95,13.41,12.87,13.29,137930362,1811701120.000
2015-01-22,13.35,13.42,13.07,13.24,95040841,1257120512.000
2015-01-23,13.41,13.45,12.96,13.05,104254125,1374418688.000
2015-01-26,13.05,13.32,12.95,13.30,108149145,1421485312.000
2015-01-27,13.30,13.35,12.80,13.06,104848907,1369593344.000
2015-01-28,12.95,13.10,12.80,12.90,75818406,979348160.000
2015-01-29,12.85,13.04,12.76,12.80,65709226,846379456.000
2015-01-30,12.85,12.92,12.26,12.28,110465180,1382935808.000
2015-02-02,12.13,12.14,11.85,11.89,84515879,1012347840.000
2015-02-03,11.96,12.17,11.91,12.10,61862282,743759744.000
2015-02-04,12.16,12.18,11.79,11.82,78350505,936152128.000
2015-02-05,11.99,12.03,11.40,11.41,115584008,1340941952.000
2015-02-06,11.35,11.54,11.28,11.38,63816064,727908736.000
2015-02-09,11.42,11.52,11.37,11.45,39505278,452162432.000
2015-02-10,11.45,11.50,11.26,11.49,55781955,636659712.000
2015-02-11,11.52,11.73,11.50,11.64,45116543,524513056.000
2015-02-12,11.63,11.77,11.52,11.69,37162571,432607040.000
2015-02-13,11.74,12.09,11.74,11.89,75962407,908916672.000
2015-02-16,11.90,12.14,11.90,12.09,53124736,641231616.000
2015-02-17,12.16,12.21,11.96,12.00,43665919,526427616.000
2015-02-25,12.05,12.11,11.85,11.88,44509634,532501664.000
2015-02-26,11.88,12.25,11.76,12.24,81865280,986283456.000
2015-02-27,12.23,12.32,12.16,12.19,60405617,739047296.000
2015-03-02,12.32,12.60,12.23,12.56,94232952,1171741440.000
2015-03-03,12.50,12.57,12.21,12.24,77437821,960088064.000
2015-03-04,12.33,12.37,12.15,12.28,49082793,601236224.000
2015-03-05,12.28,12.28,11.98,12.07,57654206,696205184.000
2015-03-06,12.07,12.40,12.00,12.21,62798482,765841856.000
2015-03-09,12.18,12.28,11.97,12.24,50877719,616281408.000
2015-03-10,12.31,12.60,12.26,12.43,86631426,1080131584.000
2015-03-11,12.45,12.58,12.28,12.35,52827265,655437440.000
2015-03-12,12.38,12.68,12.38,12.53,82264590,1031375104.000
2015-03-13,12.65,12.76,12.37,12.47,67307125,842600064.000
2015-03-16,12.50,12.66,12.45,12.64,98451845,1238733312.000
2015-03-17,12.68,12.86,12.63,12.79,108921975,1389270656.000
2015-03-18,12.91,13.18,12.80,13.17,145770559,1900359808.000
2015-03-19,13.15,13.31,13.02,13.28,139221716,1835063040.000
2015-03-20,13.35,13.48,13.02,13.17,119227576,1577014144.000
2015-03-23,13.19,13.44,13.13,13.43,160342092,2124825216.000
2015-03-24,13.50,13.55,12.92,13.18,147221184,1943477888.000
2015-03-25,13.22,13.45,13.13,13.37,142231376,1890934016.000
2015-03-26,13.38,13.77,13.22,13.46,155909304,2111304960.000
2015-03-27,13.51,14.05,13.25,13.99,208638165,2864045056.000
2015-03-30,14.49,15.19,14.48,14.82,273036561,4059494656.000
2015-03-31,14.94,14.94,14.34,14.41,190393780,2783176192.000
2015-04-01,14.43,15.85,14.43,15.85,207279251,3182488832.000
2015-04-02,16.20,16.60,15.80,16.25,357161347,5777282560.000
2015-04-03,15.98,16.09,15.72,16.06,186937102,2979057920.000
2015-04-07,16.22,16.66,16.02,16.20,210610668,3431877632.000
2015-04-08,16.22,16.40,15.54,16.01,190328766,3041172736.000
2015-04-09,15.96,16.00,15.30,15.95,171258332,2680742656.000
2015-04-10,15.98,17.16,15.90,16.83,272938088,4541664768.000
数据来源:通达信
