601901 方正证券 日线 前复权
      日期	    开盘	    最高	    最低	    收盘	    成交量	    成交额
2011-08-10,5.40,5.93,5.40,5.49,737648756,4221571584.000
2011-08-11,5.54,6.05,5.30,6.05,410080287,2409697280.000
2011-08-12,6.17,6.42,5.94,5.96,498309762,3120371968.000
2011-08-15,5.90,6.02,5.75,5.95,259724510,1557870464.000
2011-08-16,5.90,6.02,5.75,5.76,200175730,1198467072.000
2011-08-17,5.84,6.26,5.79,6.02,270148483,1647032576.000
2011-08-18,5.92,6.00,5.85,5.92,149350889,901125184.000
2011-08-19,5.79,5.99,5.74,5.85,133842755,797249344.000
2011-08-22,5.97,5.98,5.42,5.55,183903315,1066422848.000
2011-08-23,5.58,5.73,5.45,5.71,136741173,779687104.000
2011-08-24,5.68,5.71,5.53,5.58,113919181,652264704.000
2011-08-25,5.61,6.15,5.57,6.15,314450804,1917670144.000
2011-08-26,6.19,6.29,6.03,6.12,285183087,1787318528.000
2011-08-29,6.01,6.06,5.89,5.95,143615934,871849216.000
2011-08-30,6.00,6.26,5.96,5.98,197802969,1224146944.000
2011-08-31,5.96,6.02,5.80,5.93,104083841,626129856.000
2011-09-01,5.95,6.13,5.89,5.96,114713221,700225472.000
2011-09-02,5.90,6.12,5.86,6.06,144191265,885003072.000
2011-09-05,5.94,6.08,5.91,5.94,104857963,639072256.000
2011-09-06,5.83,5.90,5.63,5.74,113692178,667975488.000
2011-09-07,5.84,6.28,5.75,6.11,204246939,1260810880.000
2011-09-08,6.15,6.24,6.07,6.12,151441733,947771776.000
2011-09-09,6.09,6.74,6.09,6.36,296359546,1965115776.000
2011-09-13,6.25,6.61,6.20,6.59,194950192,1271821952.000
2011-09-14,6.53,7.02,6.43,6.90,239710218,1616932608.000
2011-09-15,6.88,7.34,6.82,7.04,228686348,1634572928.000
2011-09-16,7.03,7.09,6.84,6.87,162232578,1145799296.000
2011-09-19,6.76,6.91,6.56,6.75,140787053,962195648.000
2011-09-20,6.70,7.17,6.68,7.14,188123930,1331093504.000
2011-09-21,7.08,7.34,7.01,7.16,189587778,1381793792.000
2011-09-22,7.04,7.11,6.77,6.82,145150449,1027165120.000
2011-09-23,6.61,6.86,6.48,6.72,124206436,841292736.000
2011-09-26,6.64,6.79,6.52,6.59,75175387,507791104.000
2011-09-27,6.66,6.99,6.55,6.87,146146704,1006443520.000
2011-09-28,6.86,6.93,6.52,6.59,101356327,693378624.000
2011-09-30,6.60,6.70,6.27,6.40,82807951,545249280.000
2011-10-10,6.45,6.52,6.25,6.48,59092289,384665376.000
2011-10-11,6.82,6.96,6.39,6.59,134793861,915220992.000
2011-10-12,6.45,7.26,6.40,7.25,299121587,2138019072.000
2011-10-13,7.09,7.24,7.02,7.09,207458801,1499391616.000
2011-10-14,6.97,7.12,6.91,7.06,121509780,865952512.000
2011-10-17,7.05,7.17,6.98,7.07,89080509,638522880.000
2011-10-18,6.99,7.01,6.49,6.53,161641596,1101433088.000
2011-10-19,6.56,6.72,6.44,6.58,85375285,573422336.000
2011-10-20,6.49,6.70,6.42,6.60,88183963,589110784.000
2011-10-21,6.55,6.63,6.39,6.40,58780949,388729664.000
2011-10-24,6.41,6.70,6.30,6.62,94813906,630705600.000
2011-10-25,6.59,6.88,6.44,6.72,121122325,819755264.000
2011-10-26,6.65,6.78,6.59,6.60,90853532,615685888.000
2011-10-27,6.62,6.67,6.49,6.53,74830891,498606688.000
2011-10-28,6.65,6.78,6.54,6.69,111229393,753186368.000
2011-10-31,6.73,6.78,6.57,6.63,75106374,508282528.000
2011-11-01,6.50,6.62,6.45,6.54,90873476,604033344.000
2011-11-02,6.39,6.64,6.25,6.52,125710341,818207232.000
2011-11-03,6.53,6.59,6.39,6.41,132359927,872665344.000
2011-11-04,6.44,6.47,6.30,6.34,81268493,526242432.000
2011-11-07,6.28,6.28,6.07,6.12,90071270,562901760.000
2011-11-08,6.08,6.23,6.06,6.16,62743514,393882688.000
2011-11-09,6.18,6.20,6.00,6.12,72247408,447297312.000
2011-11-10,5.77,5.85,5.63,5.70,418018023,2442719488.000
2011-11-11,5.65,5.72,5.56,5.61,150603087,865464640.000
2011-11-14,5.66,5.83,5.61,5.81,183088901,1066663360.000
2011-11-15,5.76,5.85,5.72,5.76,109910234,645995648.000
2011-11-16,5.76,5.77,5.49,5.53,138593108,792215296.000
2011-11-17,5.53,5.56,5.39,5.45,91850122,512369952.000
2011-11-18,5.41,5.61,5.37,5.53,140729324,793527040.000
2011-11-21,5.54,5.56,5.41,5.55,68530972,383220320.000
2011-11-22,5.49,5.56,5.44,5.55,70317069,395268352.000
2011-11-23,5.55,5.55,5.39,5.41,68969977,383942880.000
2011-11-24,5.35,5.48,5.34,5.42,74424617,410876352.000
2011-11-25,5.39,5.46,5.36,5.38,54916824,303438912.000
2011-11-28,5.42,5.58,5.37,5.50,90063588,503001056.000
2011-11-29,5.55,5.61,5.49,5.54,96621322,546157504.000
2011-11-30,5.51,5.55,5.01,5.08,135859778,727669184.000
2011-12-01,5.30,5.42,5.17,5.24,140198787,758828288.000
2011-12-02,5.16,5.19,4.99,5.03,85348753,441551456.000
2011-12-05,5.05,5.07,4.84,4.86,66784555,336035264.000
2011-12-06,4.82,4.91,4.80,4.87,46603936,231051744.000
2011-12-07,4.85,4.91,4.82,4.85,40875276,203184464.000
2011-12-08,4.84,4.85,4.61,4.74,86570438,418399712.000
2011-12-09,4.67,4.73,4.62,4.62,65002829,310504416.000
2011-12-12,4.63,4.66,4.45,4.46,60084940,280462016.000
2011-12-13,4.44,4.54,4.41,4.44,79997106,366603264.000
2011-12-14,4.43,4.45,4.23,4.33,64655585,287785152.000
2011-12-15,4.30,4.43,4.24,4.25,96938128,431782848.000
2011-12-16,4.27,4.32,4.05,4.32,107297451,463163264.000
2011-12-19,4.23,4.31,4.06,4.28,93914028,403641952.000
2011-12-20,4.24,4.31,4.17,4.18,64359589,280275456.000
2011-12-21,4.24,4.25,4.02,4.03,62069253,265139904.000
2011-12-22,3.93,4.01,3.80,3.91,73416670,294093504.000
2011-12-23,3.90,4.04,3.87,3.95,64986448,264161536.000
2011-12-26,3.92,3.98,3.86,3.86,42940059,172753520.000
2011-12-27,3.84,4.08,3.80,3.96,124577900,508281824.000
2011-12-28,3.89,4.14,3.87,4.12,139517055,576292736.000
2011-12-29,4.04,4.09,3.99,4.00,82932496,343728704.000
2011-12-30,4.04,4.12,4.02,4.06,59579089,248754752.000
2012-01-04,4.09,4.09,3.88,3.89,60694288,248671984.000
2012-01-05,3.86,3.95,3.81,3.83,53331712,212840832.000
2012-01-06,3.80,3.99,3.74,3.94,86763466,345077920.000
2012-01-09,3.92,4.12,3.86,4.09,107762729,446283072.000
2012-01-10,4.04,4.30,4.01,4.29,158085749,675908992.000
2012-01-11,4.24,4.27,4.14,4.20,107382550,464899552.000
2012-01-12,4.15,4.25,4.12,4.15,62512907,268036336.000
2012-01-13,4.13,4.21,3.94,3.97,82348690,342044064.000
2012-01-16,3.92,3.99,3.85,3.86,39546243,159566992.000
2012-01-17,3.84,4.19,3.84,4.16,102908775,427846304.000
2012-01-18,4.15,4.59,4.12,4.31,254076471,1153244416.000
2012-01-19,4.30,4.47,4.27,4.44,164209321,739440320.000
2012-01-20,4.42,4.45,4.31,4.38,99781308,447035200.000
2012-01-30,4.35,4.37,4.22,4.24,67369099,295431040.000
2012-01-31,4.23,4.33,4.20,4.32,51912420,226960448.000
2012-02-01,4.27,4.32,4.17,4.20,52942052,230532512.000
2012-02-02,4.22,4.34,4.16,4.33,80307920,351967264.000
2012-02-03,4.30,4.35,4.25,4.33,70801544,313101184.000
2012-02-06,4.34,4.40,4.26,4.31,85455698,377761184.000
2012-02-07,4.27,4.28,4.10,4.15,79339439,339527968.000
2012-02-08,4.14,4.39,4.11,4.32,99948485,436404512.000
2012-02-09,4.29,4.35,4.24,4.29,97266881,427909952.000
2012-02-10,4.27,4.41,4.26,4.31,109241757,486918112.000
2012-02-13,4.24,4.34,4.22,4.29,78309904,344493920.000
2012-02-14,4.29,4.40,4.25,4.32,99942493,443324032.000
2012-02-15,4.31,4.47,4.28,4.41,166540890,749226752.000
2012-02-16,4.38,4.43,4.32,4.38,102124722,457265664.000
2012-02-17,4.40,4.44,4.36,4.40,97027707,438241120.000
2012-02-20,4.47,4.51,4.37,4.38,104535640,475543936.000
2012-02-21,4.37,4.41,4.30,4.40,77219908,344959648.000
2012-02-22,4.39,4.81,4.38,4.71,288833769,1360346752.000
2012-02-23,4.65,4.74,4.62,4.66,157897328,753524736.000
2012-02-24,4.65,4.95,4.64,4.82,232178877,1138881152.000
2012-02-27,4.83,5.07,4.81,4.88,242767885,1225282048.000
2012-02-28,4.84,4.92,4.75,4.82,130213636,643692416.000
2012-02-29,4.80,4.80,4.67,4.70,101501323,490148288.000
2012-03-01,4.66,4.84,4.66,4.74,92546998,449912992.000
2012-03-02,4.77,4.92,4.75,4.89,120038461,594300416.000
2012-03-05,4.92,4.99,4.84,4.85,112273579,564258176.000
2012-03-06,4.82,4.87,4.77,4.80,77385580,381215936.000
2012-03-07,4.73,4.86,4.69,4.75,76596122,374060320.000
2012-03-08,4.79,5.07,4.78,4.94,181193057,915567616.000
2012-03-09,4.96,5.02,4.92,4.99,111597051,565654336.000
2012-03-12,4.99,5.02,4.88,4.94,81800868,413412576.000
2012-03-13,4.95,4.98,4.90,4.98,70465627,356752736.000
2012-03-14,5.01,5.11,4.69,4.75,175096178,882160064.000
2012-03-15,4.74,4.79,4.59,4.64,90109738,431628480.000
2012-03-16,4.67,4.75,4.60,4.74,76652671,367900224.000
2012-03-19,4.70,4.78,4.65,4.77,62468217,301540800.000
2012-03-20,4.74,4.74,4.56,4.57,85654897,406152480.000
2012-03-21,4.62,4.65,4.50,4.55,78820299,368872224.000
2012-03-22,4.53,4.63,4.49,4.57,52893949,246880848.000
2012-03-23,4.53,4.56,4.39,4.43,68302596,312806496.000
2012-03-26,4.41,4.46,4.33,4.39,41267595,185533888.000
2012-03-27,4.43,4.45,4.34,4.35,38168575,171536032.000
2012-03-28,4.31,4.36,4.11,4.13,69493061,301731680.000
2012-03-29,4.09,4.12,3.98,4.04,59919801,249210032.000
2012-03-30,4.06,4.12,4.02,4.07,58280188,243593424.000
2012-04-05,4.09,4.35,4.04,4.26,96096644,415847648.000
2012-04-06,4.22,4.30,4.19,4.25,58197384,253283488.000
2012-04-09,4.20,4.27,4.15,4.16,43304125,186556672.000
2012-04-10,4.14,4.29,4.04,4.27,58838026,250517680.000
2012-04-11,4.19,4.31,4.17,4.25,53011369,230573744.000
2012-04-12,4.25,4.47,4.21,4.40,113273532,505635008.000
2012-04-13,4.40,4.60,4.39,4.44,114408083,525170656.000
2012-04-16,4.39,4.63,4.36,4.55,119935566,552912896.000
2012-04-17,4.52,4.57,4.38,4.40,92778570,424595200.000
2012-04-18,4.42,4.85,4.37,4.77,244259553,1167101312.000
2012-04-19,4.72,4.91,4.70,4.81,222905232,1096184192.000
2012-04-20,4.80,5.30,4.79,5.30,468810830,2475832832.000
2012-04-23,5.34,5.58,5.27,5.32,515298613,2845283328.000
2012-04-24,5.27,5.38,4.97,5.22,320176257,1699100672.000
2012-04-25,5.17,5.34,5.08,5.12,263049344,1400175232.000
2012-04-27,5.19,5.34,5.11,5.16,220429376,1177112320.000
2012-05-02,5.38,5.46,5.19,5.22,215857721,1168961280.000
2012-05-03,5.17,5.48,5.12,5.39,230342632,1254287616.000
2012-05-04,5.37,5.44,5.19,5.30,162384430,876344384.000
2012-05-07,5.24,5.35,5.10,5.21,127434765,678703232.000
2012-05-08,5.25,5.28,5.04,5.06,110217277,573409600.000
2012-05-09,4.99,5.18,4.98,5.05,91669497,475644384.000
2012-05-10,5.02,5.17,4.99,5.10,89994146,467339232.000
2012-05-11,5.06,5.14,4.98,5.00,74407813,383810560.000
2012-05-14,5.08,5.15,4.99,5.05,107472240,557713856.000
2012-05-15,4.98,5.12,4.94,5.10,93758249,481710688.000
2012-05-16,5.07,5.20,5.02,5.04,97910713,511713600.000
2012-05-17,5.03,5.43,5.03,5.32,212858705,1137328512.000
2012-05-18,5.23,5.31,5.12,5.15,141206999,750208128.000
2012-05-21,5.09,5.12,4.91,4.98,105594309,539495360.000
2012-05-22,5.01,5.09,4.99,5.06,70734924,363919296.000
2012-05-23,5.03,5.19,5.00,5.18,122057379,637970240.000
2012-05-24,5.15,5.21,5.02,5.05,83370981,435580032.000
2012-05-25,5.06,5.12,4.97,5.00,70542496,363038048.000
2012-05-28,4.94,5.00,4.77,4.99,86348998,432086816.000
2012-05-29,4.97,5.23,4.96,5.14,132161484,691100480.000
2012-05-30,5.11,5.17,5.09,5.11,67933129,355779008.000
2012-05-31,5.07,5.18,5.04,5.11,81188419,425053312.000
2012-06-01,5.12,5.37,5.12,5.21,172426838,923515904.000
2012-06-04,5.13,5.52,5.12,5.26,251482225,1368403584.000
2012-06-05,5.32,5.32,5.02,5.10,125090670,656128960.000
2012-06-06,5.09,5.24,5.06,5.13,91576974,481350016.000
2012-06-07,5.21,5.26,5.05,5.08,104727161,552700480.000
2012-06-08,5.14,5.24,5.06,5.14,114037286,600579904.000
2012-06-11,5.16,5.22,5.07,5.21,104936521,553002368.000
2012-06-12,5.15,5.22,5.11,5.13,76006092,399649472.000
2012-06-13,5.16,5.41,5.15,5.32,201147669,1086438656.000
2012-06-14,5.27,5.36,5.23,5.25,108683158,587241472.000
2012-06-15,5.28,5.38,5.17,5.29,120387816,649368512.000
2012-06-18,5.36,5.42,5.31,5.39,112591639,617157312.000
2012-06-19,5.39,5.39,5.29,5.31,70980916,381441888.000
2012-06-20,5.33,5.36,5.22,5.22,66402886,353455072.000
2012-06-21,5.19,5.20,5.02,5.06,85141000,436896576.000
2012-06-25,5.04,5.10,4.93,5.02,65978341,332378592.000
2012-06-26,4.96,5.07,4.94,5.04,55214180,279278080.000
2012-06-27,5.03,5.05,4.94,4.94,57319637,288494304.000
2012-06-28,4.97,5.01,4.79,4.81,53633532,266811824.000
2012-06-29,4.77,5.04,4.75,5.04,79781302,396137152.000
2012-07-02,5.03,5.08,4.97,5.00,55857536,282258976.000
2012-07-03,5.00,5.05,4.92,4.98,44071483,221584304.000
2012-07-04,4.98,5.00,4.92,4.94,26282180,131407952.000
2012-07-05,4.92,4.92,4.74,4.75,46519382,225273792.000
2012-07-06,4.82,4.95,4.66,4.91,57083674,277118400.000
2012-07-09,4.86,4.92,4.73,4.76,45915422,223531808.000
2012-07-10,4.73,4.79,4.66,4.67,41591750,197510816.000
2012-07-11,4.67,4.69,4.54,4.63,45636526,212853600.000
2012-07-12,4.61,4.74,4.41,4.67,83407485,384199136.000
2012-07-13,4.61,4.70,4.57,4.58,43836563,204429152.000
2012-07-16,4.61,4.61,4.40,4.41,39098521,176246704.000
2012-07-17,4.39,4.59,4.37,4.50,37576144,169970064.000
2012-07-18,4.46,4.57,4.40,4.56,41028693,185901232.000
2012-07-19,4.52,4.82,4.49,4.69,101359821,479046176.000
2012-07-20,4.64,4.73,4.63,4.68,52025080,245042080.000
2012-07-23,4.62,4.73,4.56,4.67,41104310,193358384.000
2012-07-24,4.62,4.87,4.62,4.78,79167580,383194880.000
2012-07-25,4.71,4.77,4.60,4.62,55376885,261040592.000
2012-07-26,4.64,4.73,4.60,4.63,37210176,175143024.000
2012-07-27,4.66,4.70,4.55,4.61,37001874,172678464.000
2012-07-30,4.61,4.66,4.49,4.50,37509284,172998576.000
2012-07-31,4.49,4.53,4.36,4.43,30233088,135618832.000
2012-08-01,4.41,4.55,4.40,4.49,33003764,149509680.000
2012-08-02,4.47,4.49,4.38,4.40,25620742,114284328.000
2012-08-03,4.45,4.51,4.41,4.50,35958946,161763152.000
2012-08-06,4.47,4.61,4.46,4.59,49607775,227240080.000
2012-08-07,4.54,4.58,4.51,4.54,44056223,201695440.000
2012-08-08,4.57,4.66,4.54,4.56,46591877,215411952.000
2012-08-09,4.54,4.55,4.44,4.53,48798185,221610160.000
2012-08-10,4.51,4.55,4.47,4.51,29514455,134085984.000
2012-08-13,4.48,4.49,4.16,4.27,66924651,292681248.000
2012-08-14,4.27,4.29,4.14,4.24,39293257,166694800.000
2012-08-15,4.21,4.24,4.18,4.19,18093202,76797056.000
2012-08-16,4.17,4.23,4.15,4.17,21867644,92594104.000
2012-08-17,4.15,4.19,4.13,4.17,17449346,73173008.000
2012-08-20,4.14,4.20,4.12,4.17,17587506,73664016.000
2012-08-21,4.17,4.25,4.17,4.21,25022080,106631384.000
2012-08-22,4.22,4.24,4.15,4.17,17031077,72022560.000
2012-08-23,4.21,4.26,4.19,4.22,21669941,92267344.000
2012-08-24,4.21,4.22,4.13,4.14,16856249,70979312.000
2012-08-27,4.13,4.16,3.95,3.97,28911829,117788000.000
2012-08-28,3.97,4.12,3.97,4.05,32041054,130561624.000
2012-08-29,4.03,4.04,3.96,3.98,26129456,105430296.000
2012-08-30,3.97,4.14,3.95,4.08,56189605,229963856.000
2012-08-31,4.05,4.07,4.01,4.03,25904879,105604584.000
2012-09-03,4.03,4.14,4.02,4.10,40185313,166059552.000
2012-09-04,4.11,4.12,4.03,4.04,31715219,130405936.000
2012-09-05,4.05,4.10,4.02,4.04,24323956,99610000.000
2012-09-06,4.03,4.09,4.03,4.08,25369134,104099080.000
2012-09-07,4.11,4.48,4.10,4.40,141327922,616968640.000
2012-09-10,4.36,4.53,4.34,4.43,84914938,379897984.000
2012-09-11,4.39,4.39,4.28,4.37,56563676,247191312.000
2012-09-12,4.40,4.44,4.32,4.41,43611607,192781216.000
2012-09-13,4.40,4.43,4.35,4.37,49464660,219286672.000
2012-09-14,4.43,4.47,4.35,4.39,83574183,371762912.000
2012-09-17,4.37,4.38,4.19,4.19,47465130,204150512.000
2012-09-18,4.17,4.24,4.10,4.13,32983696,138930960.000
2012-09-19,4.16,4.21,4.13,4.18,28715110,121013000.000
2012-09-20,4.16,4.16,4.03,4.04,36604298,150910336.000
2012-09-21,4.03,4.11,4.01,4.05,27425223,112466448.000
2012-09-24,4.01,4.13,3.96,4.09,45154984,185084080.000
2012-09-25,4.07,4.15,4.05,4.06,29475969,122018240.000
2012-09-26,4.06,4.13,4.01,4.03,29888569,122429280.000
2012-09-27,4.03,4.34,4.01,4.25,98561804,418188256.000
2012-09-28,4.19,4.30,4.17,4.28,70980911,303492064.000
2012-10-08,4.25,4.31,4.18,4.21,39746282,169433504.000
2012-10-09,4.23,4.56,4.22,4.43,112624570,502226816.000
2012-10-10,4.41,4.46,4.37,4.43,54865780,244490976.000
2012-10-11,4.41,4.49,4.36,4.38,59798214,267002224.000
2012-10-12,4.39,4.48,4.30,4.40,46736758,207087984.000
2012-10-15,4.42,4.45,4.34,4.44,42124411,187007456.000
2012-10-16,4.43,4.49,4.38,4.39,57003613,255290064.000
2012-10-17,4.44,4.46,4.35,4.42,46688373,207959808.000
2012-10-18,4.42,4.50,4.40,4.48,71835004,323595744.000
2012-10-19,4.46,4.49,4.43,4.45,34841105,156763072.000
2012-10-22,4.44,4.48,4.38,4.46,40463577,180793584.000
2012-10-23,4.45,4.47,4.32,4.36,49540095,219371472.000
2012-10-24,4.34,4.38,4.32,4.33,27277224,119608728.000
2012-10-25,4.32,4.37,4.30,4.31,29189787,127602672.000
2012-10-26,4.30,4.33,4.16,4.20,35576420,152101408.000
2012-10-29,4.19,4.22,4.13,4.17,21396761,90231592.000
2012-10-30,4.16,4.25,4.16,4.19,26528295,112509120.000
2012-10-31,4.19,4.22,4.15,4.21,31575645,133521360.000
2012-11-01,4.22,4.37,4.21,4.30,56371554,244340768.000
2012-11-02,4.30,4.34,4.27,4.33,33683317,146512624.000
2012-11-05,4.31,4.34,4.24,4.28,31158532,134496016.000
2012-11-06,4.29,4.34,4.17,4.31,47082301,202385712.000
2012-11-07,4.27,4.29,4.20,4.21,28933377,123704648.000
2012-11-08,4.16,4.20,4.07,4.08,34724909,145084496.000
2012-11-09,4.06,4.08,4.02,4.04,31365005,128194112.000
2012-11-12,4.07,4.10,4.03,4.08,24495563,100573168.000
2012-11-13,4.06,4.08,3.98,3.99,29101549,117988096.000
2012-11-14,3.99,4.04,3.99,4.04,20594543,83496064.000
2012-11-15,4.00,4.05,3.97,3.98,21929743,88767608.000
2012-11-16,3.98,4.03,3.97,4.01,21126727,85348952.000
2012-11-19,4.01,4.07,4.00,4.06,26511266,108067824.000
2012-11-20,4.08,4.09,3.99,4.01,19188406,78135208.000
2012-11-21,4.00,4.11,4.00,4.09,37949536,155720176.000
2012-11-22,4.05,4.07,4.01,4.03,23462384,95735472.000
2012-11-23,4.04,4.08,4.02,4.04,23295853,95282752.000
2012-11-26,4.04,4.05,4.00,4.01,14107538,57280968.000
2012-11-27,4.00,4.02,3.97,3.97,24286497,97963648.000
2012-11-28,3.96,3.97,3.85,3.86,26613165,104914696.000
2012-11-29,3.87,3.91,3.64,3.70,42665555,162535168.000
2012-11-30,3.69,3.73,3.60,3.70,27341398,101730496.000
2012-12-03,3.69,3.73,3.61,3.62,21104360,78175128.000
2012-12-04,3.61,3.72,3.56,3.69,25737905,94728744.000
2012-12-05,3.66,3.98,3.65,3.86,86334897,337803680.000
2012-12-06,3.85,3.88,3.80,3.81,37668310,145850896.000
2012-12-07,3.84,3.92,3.81,3.89,53845134,211239456.000
2012-12-10,3.92,3.97,3.89,3.93,51842750,205620480.000
2012-12-11,3.94,3.94,3.86,3.87,31850077,125229080.000
2012-12-12,3.86,3.92,3.82,3.88,31177400,121801072.000
2012-12-13,3.85,3.85,3.78,3.78,25667988,99012160.000
2012-12-14,3.79,4.11,3.78,4.06,135064890,543753536.000
2012-12-17,4.08,4.15,4.03,4.09,101368858,417845152.000
2012-12-18,4.07,4.29,4.03,4.16,120228714,507641440.000
2012-12-19,4.13,4.17,4.09,4.12,46671009,194400896.000
2012-12-20,4.10,4.22,4.05,4.18,71833654,300224800.000
2012-12-21,4.16,4.21,4.06,4.10,64319468,268125920.000
2012-12-24,4.08,4.21,4.07,4.13,57912537,242667872.000
2012-12-25,4.10,4.33,4.08,4.23,115479276,493214144.000
2012-12-26,4.21,4.28,4.19,4.26,73556583,314704672.000
2012-12-27,4.26,4.33,4.20,4.21,61752694,265234352.000
2012-12-28,4.25,4.39,4.21,4.34,101244902,439150656.000
2012-12-31,4.37,4.39,4.29,4.37,76136429,333753632.000
2013-01-04,4.41,4.43,4.28,4.33,68808908,302077856.000
2013-01-07,4.27,4.70,4.27,4.57,167119378,755543552.000
2013-01-15,4.71,5.03,4.71,5.03,197581255,988392448.000
2013-01-16,5.17,5.39,4.97,5.28,224227047,1165370368.000
2013-01-17,5.24,5.36,5.09,5.18,135816422,713707392.000
2013-01-18,5.16,5.36,5.16,5.19,84332383,444942240.000
2013-01-21,5.19,5.25,5.14,5.19,52902423,276553440.000
2013-01-22,5.17,5.26,5.08,5.11,66667467,346656000.000
2013-01-23,5.06,5.14,4.94,5.04,50777912,258180496.000
2013-01-24,5.07,5.45,5.05,5.12,156129597,825938624.000
2013-01-25,5.07,5.23,5.03,5.12,84614458,438280608.000
2013-01-28,5.09,5.45,5.09,5.39,126025642,674389440.000
2013-01-29,5.37,5.78,5.29,5.71,147136145,831343616.000
2013-01-30,5.73,5.90,5.57,5.67,84808902,490182848.000
2013-01-31,5.66,5.86,5.60,5.75,77922598,450754880.000
2013-02-01,5.69,6.33,5.66,6.33,160923382,984547520.000
2013-02-04,6.64,6.64,6.13,6.21,222390091,1436142208.000
2013-02-05,6.08,6.36,6.04,6.32,139501261,875591744.000
2013-02-06,6.32,6.60,6.27,6.41,120236766,781338176.000
2013-02-07,6.41,6.56,6.04,6.35,143673941,911510144.000
2013-02-08,6.25,6.38,6.19,6.22,84487151,531808352.000
2013-02-18,6.24,6.27,6.02,6.03,84908497,520584864.000
2013-02-19,6.01,6.09,5.81,5.89,102175036,607349824.000
2013-02-20,5.88,5.99,5.84,5.96,81480236,485412000.000
2013-02-21,5.86,5.88,5.51,5.63,128360510,733801280.000
2013-02-22,5.60,5.68,5.54,5.58,68032603,384894368.000
2013-02-25,5.61,6.02,5.61,5.91,127683992,752778496.000
2013-02-26,5.79,6.01,5.72,5.79,107546202,637400000.000
2013-02-27,5.84,6.24,5.84,6.11,137115949,835861888.000
2013-02-28,6.17,6.73,6.06,6.73,287348675,1882957056.000
2013-03-01,6.73,7.02,6.67,6.88,285537176,1966626304.000
2013-03-04,6.66,6.96,6.39,6.80,265726351,1788401280.000
2013-03-05,6.76,7.48,6.62,7.48,336223025,2383312896.000
2013-03-06,7.46,7.89,7.32,7.49,297029279,2268088576.000
2013-03-07,7.49,7.61,7.13,7.30,216118154,1607253248.000
2013-03-08,7.32,7.34,6.85,6.93,210030765,1486063360.000
2013-03-11,6.85,7.30,6.82,7.08,173336862,1234042112.000
2013-03-12,7.07,7.31,6.84,7.14,169796639,1206471168.000
2013-03-13,7.05,7.13,6.82,6.94,120281528,844652928.000
2013-03-14,6.86,7.23,6.86,7.05,153163938,1091557888.000
2013-03-15,7.06,7.59,6.77,7.17,313332659,2273058816.000
2013-03-18,7.10,7.37,6.99,7.09,164899078,1187669632.000
2013-03-19,7.03,7.33,6.87,7.20,161564644,1156758016.000
2013-03-20,7.16,7.92,7.16,7.92,344444403,2655205120.000
2013-03-21,7.86,7.98,7.76,7.93,221141457,1751127552.000
2013-03-22,7.88,7.95,7.77,7.86,126891370,1003892864.000
2013-03-25,7.95,8.21,7.69,7.75,202238184,1609885952.000
2013-03-26,7.61,7.67,7.38,7.52,190062298,1435455872.000
2013-03-27,7.56,7.87,7.51,7.75,180159017,1393788928.000
2013-03-28,7.54,7.61,7.33,7.39,174188292,1305216896.000
2013-03-29,7.48,7.51,7.06,7.08,148054933,1079616768.000
2013-04-01,7.12,7.28,7.05,7.16,89589790,645075840.000
2013-04-02,7.20,7.49,7.17,7.45,181191958,1342172800.000
2013-04-03,7.37,7.50,7.21,7.29,101589249,750120000.000
2013-04-08,7.07,7.19,6.91,7.14,107421068,761027456.000
2013-04-09,7.22,7.56,7.18,7.37,140748881,1046291520.000
2013-04-10,7.34,7.38,7.01,7.18,112922074,815073280.000
2013-04-11,7.28,7.34,7.02,7.03,95078044,680245952.000
2013-04-12,6.99,7.01,6.49,6.55,227649184,1532253440.000
2013-04-15,6.46,6.55,6.24,6.48,146635259,945019264.000
2013-04-16,6.37,6.71,6.35,6.64,147916273,971237568.000
2013-04-17,6.65,6.70,6.42,6.50,112135448,739090496.000
2013-04-18,6.42,6.68,6.41,6.61,127255798,843122368.000
2013-04-19,6.64,7.28,6.62,7.20,341998849,2430618880.000
2013-04-22,7.12,7.27,7.10,7.26,186835616,1350088576.000
2013-04-23,7.26,7.26,6.76,6.81,201577123,1412075904.000
2013-04-24,6.81,7.38,6.80,7.24,244648923,1748169344.000
2013-04-25,7.11,7.57,7.04,7.34,292388272,2156688896.000
2013-04-26,7.39,7.46,7.06,7.15,161804398,1184693120.000
2013-05-02,7.16,7.46,7.12,7.40,155748788,1148693632.000
2013-05-03,7.49,7.89,7.43,7.64,231710960,1793095552.000
2013-05-06,7.70,7.77,7.57,7.73,198797050,1536358912.000
2013-05-07,7.64,7.68,7.42,7.55,167367964,1266171008.000
2013-05-08,7.46,7.59,7.16,7.36,225259227,1663275776.000
2013-05-09,7.33,7.33,7.00,7.27,231514620,1666751488.000
2013-05-10,7.14,7.34,7.12,7.21,117363031,852864704.000
2013-05-13,7.17,7.24,7.04,7.18,98410656,706409472.000
2013-05-14,7.12,7.32,7.10,7.25,132333630,962753920.000
2013-05-15,7.30,7.33,7.12,7.17,108348330,783610752.000
2013-05-16,7.14,7.51,7.03,7.42,222792942,1644059392.000
2013-05-17,7.38,7.49,7.31,7.42,166924448,1242649600.000
2013-05-20,7.48,7.63,7.36,7.45,178843318,1347006336.000
2013-05-21,7.37,7.42,7.28,7.39,132498359,978702656.000
2013-05-22,7.41,7.54,7.35,7.41,121526834,909747264.000
2013-05-23,7.36,7.43,7.20,7.25,126655834,928568832.000
2013-05-24,7.28,7.34,7.20,7.26,73202290,534045376.000
2013-05-27,7.25,7.39,7.18,7.31,93967355,692168832.000
2013-05-28,7.30,7.85,7.27,7.83,375271995,2872379648.000
2013-05-29,7.86,7.89,7.64,7.70,274097140,2132338688.000
2013-05-30,7.72,7.84,7.60,7.67,191531515,1487330304.000
2013-05-31,7.69,7.73,7.50,7.52,130056189,993017792.000
2013-06-03,7.57,7.79,7.51,7.63,143995100,1108111616.000
2013-06-04,7.56,7.56,7.34,7.41,128204598,957476928.000
2013-06-05,7.47,7.53,7.35,7.42,79106541,591141120.000
2013-06-06,7.42,7.47,7.31,7.35,77462098,576350976.000
2013-06-07,7.40,7.50,6.82,7.00,167530416,1206308736.000
2013-06-13,6.86,6.86,6.47,6.60,112206115,751581184.000
2013-06-14,6.63,6.69,6.52,6.65,84897616,565591040.000
2013-06-17,6.64,6.74,6.53,6.59,76841326,513102560.000
2013-06-18,6.69,6.79,6.63,6.68,77106527,520382144.000
2013-06-19,6.61,6.71,6.37,6.69,108036053,712061888.000
2013-06-20,6.61,6.65,6.46,6.51,70890853,466643456.000
2013-06-21,6.42,6.60,6.31,6.50,91568679,598080064.000
2013-06-24,6.46,6.46,5.85,5.85,141146569,857816128.000
2013-06-25,5.61,5.79,5.26,5.68,204523000,1126366336.000
2013-06-26,5.58,5.77,5.39,5.61,128524463,722955776.000
2013-06-27,5.66,5.73,5.29,5.31,117345816,654617984.000
2013-06-28,5.30,5.67,5.16,5.49,144939496,799470720.000
2013-07-01,5.36,5.48,5.26,5.44,93687389,507667648.000
2013-07-02,5.45,5.72,5.36,5.64,156005248,873297728.000
2013-07-03,5.55,5.64,5.42,5.56,111888161,622376832.000
2013-07-04,5.45,5.76,5.36,5.61,143936820,811055936.000
2013-07-05,5.59,5.74,5.58,5.59,117819874,669838080.000
2013-07-08,5.44,5.53,5.29,5.30,106266478,578106304.000
2013-07-09,5.24,5.34,5.07,5.08,108252612,563997120.000
2013-07-10,5.09,5.54,5.09,5.52,189395315,1018699712.000
2013-07-11,5.52,6.08,5.43,6.01,357505774,2106821248.000
2013-07-12,5.90,6.05,5.73,5.74,256547879,1521458560.000
2013-07-15,5.90,6.30,5.79,6.11,280635793,1710896640.000
2013-07-16,6.04,6.22,6.00,6.17,126540304,775879552.000
2013-07-17,6.14,6.27,6.01,6.05,125501761,768603776.000
2013-07-18,6.00,6.05,5.87,5.89,99203889,588141952.000
2013-07-19,5.88,6.00,5.66,5.67,106260725,620476544.000
2013-07-22,5.67,5.86,5.55,5.85,96116396,551711552.000
2013-07-23,5.85,6.27,5.81,6.19,196291080,1201837312.000
2013-07-24,6.09,6.23,6.02,6.18,143824288,880274432.000
2013-07-25,6.19,6.36,6.03,6.12,129070418,801398144.000
2013-07-26,6.03,6.13,6.00,6.05,81152428,491167520.000
2013-07-29,6.00,6.02,5.86,5.88,68020971,402891520.000
2013-07-30,5.94,6.18,5.84,6.02,139761852,843093056.000
2013-07-31,6.10,6.19,5.92,5.96,109065529,660326016.000
2013-08-01,6.00,6.18,5.96,6.15,125989512,769646592.000
2013-08-02,6.20,6.24,6.07,6.10,90647627,555528640.000
2013-08-05,6.08,6.17,6.06,6.15,75294767,460981536.000
2013-08-06,6.14,6.18,6.06,6.14,95929563,587171200.000
2013-08-07,6.16,6.28,6.10,6.12,117604907,726956096.000
2013-08-08,6.08,6.16,6.02,6.07,84261984,512376768.000
2013-08-09,6.11,6.16,6.02,6.10,71926853,438054432.000
2013-08-12,6.14,6.33,6.09,6.32,205402254,1280921984.000
2013-08-13,6.28,6.35,6.22,6.27,112023936,702711424.000
2013-08-14,6.27,6.34,6.14,6.17,119297100,745172928.000
2013-08-15,6.14,6.21,6.08,6.09,73412992,450506432.000
2013-08-16,6.03,6.70,5.90,6.00,279041227,1728831872.000
2013-08-19,5.70,5.90,5.56,5.83,142518036,824919232.000
2013-08-20,5.79,5.95,5.76,5.84,92554409,542801088.000
2013-08-21,5.85,5.91,5.81,5.90,61186912,359257344.000
2013-08-22,5.89,6.02,5.87,5.95,75170100,447790880.000
2013-08-23,5.98,6.04,5.77,5.91,66637195,394988000.000
2014-01-13,6.24,6.39,5.91,6.01,213312200,1305990400.000
2014-01-14,6.03,6.07,5.64,5.73,109784567,637456320.000
2014-01-15,5.70,5.79,5.49,5.60,80046596,451924960.000
2014-01-16,5.58,5.73,5.58,5.63,59732809,338216096.000
2014-01-17,5.58,5.60,5.45,5.45,71926799,395236192.000
2014-01-20,5.48,5.49,5.32,5.33,54730939,294419296.000
2014-01-21,5.33,5.65,5.33,5.58,95786764,530032480.000
2014-01-22,5.55,5.75,5.55,5.70,83158010,471595616.000
2014-01-23,5.68,5.73,5.63,5.67,56198263,318896064.000
2014-01-24,5.64,5.93,5.64,5.87,105570264,616559744.000
2014-01-27,5.81,5.91,5.79,5.81,72486204,422958912.000
2014-01-28,5.88,5.95,5.75,5.81,49603421,289306496.000
2014-01-29,5.81,5.87,5.74,5.80,49266617,286137856.000
2014-01-30,5.79,5.81,5.61,5.63,49078322,279754912.000
2014-02-07,5.58,5.71,5.48,5.67,48160196,269293120.000
2014-02-10,5.67,5.83,5.67,5.79,71599697,413689408.000
2014-02-11,5.80,5.96,5.75,5.89,104900806,615311872.000
2014-02-12,5.90,5.97,5.82,5.90,83736665,493885824.000
2014-02-13,5.88,5.92,5.80,5.80,77163486,451237440.000
2014-02-14,5.81,5.87,5.78,5.84,46859347,272833344.000
2014-02-17,5.88,5.92,5.83,5.87,65161274,381525440.000
2014-02-18,5.88,5.88,5.65,5.67,83601830,478559104.000
2014-02-19,5.67,5.78,5.60,5.71,71241473,405849728.000
2014-02-20,5.72,5.79,5.54,5.55,76700016,432478144.000
2014-02-21,5.51,5.56,5.38,5.43,59111919,322973696.000
2014-02-24,5.39,5.40,5.21,5.32,65328421,345808992.000
2014-02-25,5.33,5.35,5.08,5.14,60593272,316390336.000
2014-02-26,5.13,5.13,5.01,5.09,47769086,242385840.000
2014-02-27,5.34,5.39,5.17,5.19,81437849,429292800.000
2014-02-28,5.16,5.71,5.15,5.71,151158708,842717120.000
2014-03-03,5.73,5.90,5.68,5.83,215066665,1246422656.000
2014-03-04,5.87,5.95,5.73,5.86,154136511,901449664.000
2014-03-05,5.84,5.87,5.68,5.69,114298328,657531008.000
2014-03-06,5.69,5.85,5.52,5.73,139941849,800552896.000
2014-03-07,5.65,5.83,5.56,5.63,98039941,557865728.000
2014-03-10,5.53,5.70,5.50,5.56,93158955,521515584.000
2014-03-11,5.52,5.65,5.44,5.55,61916698,342377600.000
2014-03-12,5.50,5.58,5.28,5.40,76544424,415731712.000
2014-03-13,5.46,5.74,5.38,5.60,98553614,550096384.000
2014-03-14,5.53,5.65,5.45,5.50,59062902,326849824.000
2014-03-17,5.50,5.53,5.40,5.53,51087964,278992096.000
2014-03-18,5.53,5.53,5.44,5.46,48041303,262965328.000
2014-03-19,5.42,5.43,5.35,5.40,40832055,219900048.000
2014-03-20,5.40,5.48,5.24,5.25,47111233,253324256.000
2014-03-21,5.22,5.67,5.19,5.60,127821199,699557120.000
2014-03-24,5.59,5.86,5.47,5.72,189219972,1067833152.000
2014-03-25,5.64,5.79,5.61,5.68,98439063,561723776.000
2014-03-26,5.79,5.85,5.59,5.62,84966502,482972928.000
2014-03-27,5.59,5.69,5.48,5.53,87943459,490055360.000
2014-03-28,5.52,5.58,5.43,5.46,61957228,341369536.000
2014-03-31,5.50,5.52,5.36,5.40,38600467,209822192.000
2014-04-01,5.44,5.52,5.42,5.47,39611820,216658496.000
2014-04-02,5.48,5.57,5.44,5.50,43595486,239834400.000
2014-04-03,5.56,5.67,5.49,5.51,75860269,423452192.000
2014-04-04,5.48,5.61,5.46,5.59,48359215,268072240.000
2014-04-08,5.56,5.82,5.54,5.78,142510192,815024192.000
2014-04-09,5.78,5.80,5.70,5.74,74231230,425568128.000
2014-04-10,5.79,6.08,5.73,5.96,246450322,1455323136.000
2014-04-11,5.92,6.01,5.85,5.88,128268102,758868480.000
2014-04-14,5.88,5.94,5.83,5.91,63015135,370796928.000
2014-04-15,5.89,5.89,5.74,5.75,74436441,430713376.000
2014-04-16,5.76,6.14,5.75,5.92,177925342,1062363584.000
2014-04-17,5.91,6.04,5.83,5.95,115700912,687699392.000
2014-04-18,5.90,6.10,5.86,6.04,119329639,717889408.000
2014-04-21,6.02,6.13,5.93,5.93,122939672,742557440.000
2014-04-22,5.85,5.96,5.78,5.95,106023243,622491520.000
2014-04-23,5.92,5.95,5.82,5.86,55946806,328936448.000
2014-04-24,5.84,5.97,5.81,5.87,64682870,381629184.000
2014-04-25,5.90,5.94,5.82,5.83,63575430,373685632.000
2014-04-28,5.81,5.86,5.56,5.58,71281047,406673408.000
2014-04-29,5.59,5.70,5.49,5.69,68831878,386054304.000
2014-04-30,5.63,5.73,5.63,5.70,43004265,244551888.000
2014-05-05,5.66,5.76,5.59,5.75,45539253,258091536.000
2014-05-06,5.71,5.81,5.70,5.74,45818723,263347520.000
2014-05-07,5.69,5.83,5.69,5.73,47349094,272443200.000
2014-05-08,5.70,5.92,5.69,5.77,74964708,435491328.000
2014-05-09,5.78,5.85,5.67,5.82,71380573,411482816.000
2014-05-12,5.92,6.09,5.82,6.01,148056348,883078592.000
2014-05-13,5.99,6.02,5.93,5.97,59552797,355573920.000
2014-05-14,6.01,6.03,5.94,5.99,52089837,312052672.000
2014-05-15,6.00,6.00,5.78,5.79,74573890,437881408.000
2014-05-16,5.79,5.86,5.71,5.75,44800827,258988736.000
2014-05-19,5.76,5.76,5.66,5.68,39579367,224983904.000
2014-05-20,5.72,5.76,5.66,5.68,33255447,189755792.000
2014-05-21,5.67,5.77,5.62,5.77,41043163,234667792.000
2014-05-22,5.77,5.87,5.73,5.74,53167264,308489408.000
2014-05-23,5.73,5.83,5.72,5.82,46647850,269488128.000
2014-05-26,5.83,5.84,5.75,5.79,39577180,228967536.000
2014-05-27,5.78,5.79,5.70,5.70,30986635,177922800.000
2014-05-28,5.70,5.81,5.66,5.79,64302374,369662720.000
2014-05-29,5.78,5.80,5.63,5.64,53307886,304146400.000
2014-05-30,5.63,5.71,5.61,5.63,35891052,203057296.000
2014-06-03,5.66,5.70,5.57,5.58,35331017,199007888.000
2014-06-04,5.57,5.59,5.51,5.54,30727219,170055936.000
2014-06-05,5.54,5.62,5.51,5.61,30603430,170110816.000
2014-06-06,5.60,5.61,5.50,5.54,31741625,175993040.000
2014-06-09,5.51,5.59,5.49,5.51,29655863,163934976.000
2014-06-10,5.53,5.63,5.51,5.62,49347526,275455776.000
2014-06-11,5.60,5.63,5.55,5.58,24562090,137186160.000
2014-06-12,5.56,5.59,5.52,5.53,27742906,153931040.000
2014-06-13,5.52,5.65,5.52,5.59,46346260,259240320.000
2014-06-16,5.59,5.65,5.57,5.63,36736698,206515632.000
2014-06-17,5.63,5.63,5.53,5.55,32180843,178997728.000
2014-06-18,5.56,5.58,5.46,5.47,36788687,202672224.000
2014-06-19,5.46,5.51,5.26,5.29,41898668,225622048.000
2014-06-20,5.31,5.37,5.26,5.34,26724823,142136064.000
2014-06-23,5.35,5.38,5.32,5.33,18944162,101269904.000
2014-06-24,5.33,5.37,5.33,5.35,20482456,109600976.000
2014-06-25,5.35,5.35,5.30,5.32,16394900,87257192.000
2014-06-26,5.33,5.41,5.32,5.36,27678859,148814400.000
2014-06-27,5.37,5.40,5.33,5.37,26792383,143640096.000
2014-06-30,5.39,5.45,5.36,5.43,42635962,230635328.000
2014-07-01,5.44,5.45,5.38,5.42,24685563,133460104.000
2014-07-02,5.41,5.46,5.39,5.45,38267876,207590960.000
2014-07-03,5.44,5.48,5.40,5.44,36005005,195949616.000
2014-07-04,5.43,5.45,5.39,5.40,29627731,160332272.000
2014-07-07,5.40,5.43,5.36,5.38,24822200,133732024.000
2014-07-08,5.36,5.39,5.34,5.38,24081786,129240976.000
2014-07-09,5.38,5.42,5.32,5.33,35862093,192623568.000
2014-07-10,5.35,5.38,5.33,5.37,25634271,137359616.000
2014-07-21,5.50,5.56,5.42,5.44,83899559,460069664.000
2014-07-22,5.41,5.53,5.39,5.52,71120371,389700512.000
2014-07-23,5.51,5.58,5.47,5.49,70118937,387359296.000
2014-07-24,5.49,5.75,5.49,5.64,118990436,670524992.000
2014-07-25,5.64,5.71,5.60,5.68,84680739,479109472.000
2014-07-28,5.85,6.25,5.79,6.09,332089802,2013536640.000
2014-07-29,6.07,6.15,6.01,6.08,151179666,917916992.000
2014-07-30,6.07,6.18,6.04,6.10,158567229,967657088.000
2014-07-31,6.08,6.16,6.05,6.13,119451011,729414528.000
2014-08-01,6.09,6.18,5.98,6.00,156451387,953593728.000
2014-08-04,6.17,6.35,6.09,6.28,251030710,1561860736.000
2014-08-05,6.25,6.28,6.16,6.22,120366472,746345600.000
2014-08-06,6.17,6.21,6.07,6.16,113797578,698698432.000
2014-08-07,6.17,6.18,5.99,6.00,104616321,636349888.000
2014-08-08,6.00,6.07,5.96,6.00,71413068,429747936.000
2014-08-11,6.01,6.15,6.01,6.09,81262688,495587808.000
2014-08-12,6.10,6.12,6.02,6.07,62953949,381959968.000
2014-08-13,6.09,6.16,6.03,6.08,79140566,481360768.000
2014-08-14,6.08,6.10,5.95,5.96,75923892,457895776.000
2014-08-15,5.97,6.10,5.93,6.07,84381418,509840576.000
2014-08-18,6.09,6.13,6.02,6.07,80637336,489421216.000
2014-08-19,6.09,6.11,6.01,6.07,61171575,369842432.000
2014-08-20,6.06,6.09,6.03,6.05,58954409,356997792.000
2014-08-21,6.04,6.06,5.88,5.95,82375062,490287392.000
2014-08-22,5.94,5.99,5.92,5.97,55188683,328403456.000
2014-08-25,5.98,6.00,5.88,5.89,44348625,262471376.000
2014-08-26,5.87,5.92,5.76,5.78,50653051,295166400.000
2014-08-27,5.80,5.88,5.78,5.80,39917582,232429520.000
2014-08-28,5.80,5.87,5.77,5.81,37349557,217308032.000
2014-08-29,5.81,5.91,5.81,5.90,44267303,259407664.000
2014-09-01,5.92,5.95,5.88,5.93,37637446,222736224.000
2014-09-02,5.92,6.03,5.89,6.02,99441702,593516480.000
2014-09-03,6.01,6.07,6.00,6.02,78103241,471006496.000
2014-09-04,6.02,6.09,6.01,6.08,81090157,491361888.000
2014-09-05,6.14,6.19,6.07,6.11,112287951,687270144.000
2014-09-09,6.11,6.12,6.02,6.05,64616576,391033024.000
2014-09-10,6.02,6.04,5.98,6.03,50463229,303209280.000
2014-09-11,6.01,6.14,6.00,6.03,96250347,583558720.000
2014-09-12,6.01,6.04,5.96,6.04,57921878,347701120.000
2014-09-15,6.03,6.04,5.98,6.02,64898417,390283008.000
2014-09-16,6.01,6.05,5.87,5.88,100552413,602380224.000
2014-09-17,5.91,5.93,5.82,5.89,58490979,344000608.000
2014-09-18,5.88,6.02,5.85,5.95,77309836,460027072.000
2014-09-19,5.97,5.99,5.91,5.95,45413421,270274464.000
2014-09-22,5.96,5.96,5.84,5.84,46962490,276799040.000
2014-09-23,5.85,5.97,5.85,5.92,54889203,324573600.000
2014-09-24,5.90,6.21,5.89,6.14,198803826,1211156608.000
2014-09-25,6.16,6.18,6.04,6.06,134106348,821085568.000
2014-09-26,6.06,6.14,6.04,6.10,79126214,482802048.000
2014-09-29,6.16,6.22,6.12,6.15,116247591,717025024.000
2014-09-30,6.17,6.20,6.12,6.14,83386182,513280896.000
2014-10-08,6.17,6.25,6.11,6.21,98465354,608668224.000
2014-10-09,6.24,6.28,6.12,6.16,89990333,556183552.000
2014-10-10,6.13,6.23,6.10,6.15,81804564,503799296.000
2014-10-13,6.11,6.12,6.03,6.08,65059206,394594304.000
2014-10-14,6.06,6.14,6.03,6.06,62409600,379744000.000
2014-10-15,6.07,6.38,6.05,6.30,232589030,1458754432.000
2014-10-16,6.23,6.36,6.20,6.22,166509823,1046491520.000
2014-10-17,6.23,6.37,6.10,6.32,185012716,1160595072.000
2014-10-20,6.33,6.51,6.27,6.45,179060521,1144526336.000
2014-10-21,6.45,6.55,6.33,6.35,139979629,900488832.000
2014-10-22,6.34,6.42,6.19,6.22,97325554,613002176.000
2014-10-23,6.20,6.26,6.14,6.18,69834025,432584448.000
2014-10-24,6.20,6.23,6.07,6.09,77905857,479327680.000
2014-10-27,5.95,5.99,5.85,5.87,109872831,649622144.000
2014-10-28,5.89,6.05,5.89,6.03,90313990,538782976.000
2014-10-29,6.05,6.29,6.01,6.16,139516220,857058176.000
2014-10-30,6.16,6.23,6.12,6.19,103398278,638580096.000
2014-10-31,6.27,6.45,6.21,6.37,204479440,1293332224.000
2014-11-03,6.41,6.58,6.33,6.36,252809764,1630311680.000
2014-11-04,6.27,6.31,6.17,6.23,230218947,1433442560.000
2014-11-05,6.25,6.55,6.19,6.39,248746680,1586847616.000
2014-11-06,6.37,6.65,6.34,6.58,291748532,1900773632.000
2014-11-07,6.57,7.10,6.51,6.77,424350575,2885941760.000
2014-11-11,7.12,7.45,7.04,7.24,607280483,4429776384.000
2014-11-12,7.07,7.47,7.05,7.45,356596539,2581884416.000
2014-11-13,7.40,7.58,7.16,7.21,365982547,2703856384.000
2014-11-14,7.10,7.21,6.96,7.11,208920638,1480132352.000
2014-11-17,7.15,7.21,6.87,6.95,212019957,1490672256.000
2014-11-18,6.91,7.02,6.89,6.93,125315254,870591616.000
2014-11-19,6.93,6.99,6.86,6.88,111009721,770385664.000
2014-11-20,6.84,7.04,6.81,6.95,133234121,926209728.000
2014-11-21,6.95,7.47,6.90,7.39,335999654,2423581440.000
2014-11-24,7.59,8.13,7.52,8.13,601592942,4793592832.000
2014-11-25,8.12,8.65,8.01,8.40,483783663,4016774656.000
2014-11-26,8.38,9.12,8.33,8.85,457480423,4003144192.000
2014-11-27,8.88,9.74,8.70,9.74,517516475,4748111360.000
2014-11-28,9.70,10.46,9.54,9.89,579686048,5767355392.000
2014-12-01,9.95,10.26,9.52,9.89,407357288,4052098304.000
2014-12-02,9.70,10.88,9.61,10.88,503797416,5302259200.000
2014-12-03,10.90,11.97,10.80,11.71,688391510,7888616448.000
2014-12-04,11.45,12.88,11.35,12.88,495950110,6108909056.000
2014-12-05,13.41,14.17,12.66,14.17,615894816,8505327104.000
2014-12-08,13.90,15.59,13.50,15.59,519041841,7732096000.000
2014-12-09,15.68,17.15,14.03,15.12,708183569,11588882432.000
2014-12-10,14.90,15.78,13.63,15.16,637672282,9269443584.000
2014-12-11,14.42,14.86,13.64,13.64,417909193,5966516224.000
2014-12-12,13.15,14.65,13.15,13.79,442671438,6178729984.000
2014-12-15,13.68,14.05,13.30,13.94,286789403,3916188160.000
2014-12-16,14.01,15.33,13.82,15.33,542122169,7975898624.000
2014-12-17,15.91,16.38,14.50,15.49,622464866,9746078720.000
2014-12-18,14.90,15.09,14.15,14.18,347513441,5061462528.000
2014-12-19,14.06,14.45,13.26,13.88,271359979,3784488960.000
2014-12-22,13.71,14.11,13.10,13.65,255215814,3480884224.000
2014-12-23,13.70,14.13,13.55,13.82,207390330,2880374272.000
2014-12-24,13.98,14.12,12.44,12.64,257602291,3387620608.000
2014-12-25,12.55,13.44,12.22,13.19,261244900,3370151424.000
2014-12-26,13.15,14.50,13.03,14.49,402224813,5621429760.000
2014-12-29,14.85,14.95,13.55,13.83,328217683,4645592064.000
2014-12-30,13.65,14.33,13.33,13.87,238545765,3314073600.000
2014-12-31,13.86,14.64,13.56,14.09,272672889,3868366080.000
2015-01-05,13.59,13.77,12.91,13.52,401514288,5397569536.000
2015-01-06,13.00,13.35,12.71,13.10,296298964,3863446016.000
2015-01-07,12.86,13.80,12.72,13.18,343508271,4575872000.000
2015-01-08,13.10,13.10,12.38,12.47,280871210,3546553600.000
2015-01-09,12.50,13.44,12.45,12.86,367061436,4775837696.000
2015-01-12,12.78,13.04,12.50,12.92,223322558,2863397888.000
2015-01-13,12.90,12.90,12.58,12.71,122933339,1564882304.000
2015-01-14,12.80,13.01,12.70,12.91,134959185,1735877376.000
2015-01-15,12.96,13.52,12.86,13.49,271085971,3595265280.000
2015-01-16,13.69,13.88,13.29,13.66,276511299,3774962176.000
2015-01-19,12.30,12.70,12.29,12.29,192933342,2390698496.000
2015-01-20,11.91,12.20,11.42,11.77,247259336,2922163712.000
2015-01-21,11.95,12.80,11.93,12.64,269845858,3326434304.000
2015-01-22,12.70,12.78,12.45,12.65,147418228,1860215296.000
2015-01-23,12.54,13.30,12.54,12.68,231217424,2979866112.000
2015-01-26,12.62,12.65,12.20,12.58,139354963,1730278528.000
2015-01-27,12.68,12.96,12.50,12.84,190716422,2433974784.000
2015-01-28,12.70,13.04,12.59,12.72,160436114,2056089088.000
2015-01-29,12.33,12.60,12.22,12.33,112741871,1395763840.000
2015-01-30,12.36,12.54,12.05,12.06,85637449,1049903168.000
2015-02-02,11.66,11.98,11.55,11.59,99448324,1165698944.000
2015-02-03,11.82,11.99,11.54,11.90,136013074,1601881728.000
2015-02-04,11.88,12.12,11.58,11.60,133986411,1591129216.000
2015-02-05,12.00,12.08,11.48,11.49,151461782,1786268160.000
2015-02-06,11.48,11.88,11.45,11.63,113354772,1321681408.000
2015-02-09,11.67,12.50,11.67,12.31,227260475,2751263744.000
2015-02-10,12.31,13.28,12.18,13.11,351950570,4540909056.000
2015-02-11,13.15,13.22,12.85,13.11,160959028,2097697920.000
2015-02-12,13.15,13.15,12.84,13.04,103002757,1338354688.000
2015-02-13,13.10,13.25,12.90,12.94,172557255,2258775296.000
2015-02-16,12.94,13.05,12.85,12.96,104727506,1355651584.000
2015-02-17,13.05,13.55,13.04,13.16,175821975,2333270016.000
2015-02-25,13.18,13.18,12.85,12.91,92163640,1194884224.000
2015-02-26,12.88,13.55,12.67,13.42,238883157,3155468288.000
2015-02-27,13.37,13.43,13.16,13.21,150651226,2002405120.000
2015-03-02,13.55,13.69,13.30,13.39,189089649,2549451776.000
2015-03-03,13.30,13.30,12.80,12.83,162145468,2109401088.000
2015-03-04,12.82,13.01,12.75,12.87,90841363,1169438848.000
2015-03-05,12.80,13.18,12.75,12.99,128500032,1671105920.000
2015-03-06,13.00,13.17,12.83,12.86,89974328,1169632128.000
2015-03-09,12.40,12.66,12.05,12.52,139206738,1710648192.000
2015-03-10,12.47,12.82,12.38,12.56,92329327,1160096384.000
2015-03-11,12.50,12.88,12.50,12.60,82604014,1049309504.000
2015-03-12,12.70,13.00,12.52,12.82,116744101,1494378240.000
2015-03-13,12.90,13.19,12.75,12.85,117609248,1526049792.000
2015-03-16,12.89,13.18,12.71,13.05,143492521,1862266752.000
2015-03-17,13.25,13.47,13.03,13.38,240850343,3191443200.000
2015-03-18,13.45,13.60,13.34,13.54,229358178,3091926784.000
2015-03-19,13.55,13.59,13.31,13.44,168154081,2259536128.000
2015-03-20,13.44,14.70,13.30,14.16,432565957,6026140672.000
2015-03-23,14.20,14.38,13.98,14.26,294101903,4168201472.000
2015-03-24,14.29,14.32,13.61,13.93,243455277,3412597760.000
2015-03-25,13.94,14.21,13.67,13.70,232766277,3239073536.000
2015-03-26,13.63,13.98,13.49,13.79,152388993,2095881600.000
2015-03-27,13.81,14.06,13.72,13.87,147142081,2048909952.000
2015-03-30,13.87,14.25,13.74,14.16,228077298,3201761024.000
2015-03-31,14.31,14.97,14.05,14.09,296724967,4301159936.000
2015-04-01,14.19,14.49,14.06,14.42,225642882,3228395008.000
2015-04-02,14.62,14.70,14.10,14.30,192433435,2757638400.000
2015-04-03,14.13,14.69,14.11,14.61,283862578,4116635392.000
2015-04-07,14.74,14.94,14.49,14.77,252970598,3706998784.000
2015-04-08,14.85,15.65,14.60,15.48,420390458,6384672256.000
2015-04-09,15.70,16.98,15.21,16.07,462713705,7478020608.000
2015-04-10,16.18,16.22,15.70,16.06,275374114,4401038848.000
数据来源:通达信
