600010 包钢股份 日线 前复权
      日期	    开盘	    最高	    最低	    收盘	    成交量	    成交额
2011-03-14,2.60,2.60,2.60,2.60,55185773,290829024.000
2011-03-15,2.86,2.86,2.67,2.86,485349495,2729754624.000
2011-03-16,2.86,3.15,2.82,3.14,363675731,2260683008.000
2011-03-17,3.08,3.29,3.00,3.07,425171781,2705677824.000
2011-03-18,3.09,3.17,2.94,3.02,278157319,1698620800.000
2011-03-21,3.01,3.07,2.96,2.98,171762179,1041150336.000
2011-03-22,2.97,3.03,2.95,2.98,164983622,996287808.000
2011-03-23,2.99,3.11,2.96,3.08,257010347,1578334336.000
2011-03-24,3.08,3.13,2.97,3.02,208044932,1277496064.000
2011-03-25,3.04,3.32,3.00,3.32,371014107,2370580736.000
2011-03-28,3.32,3.66,3.32,3.66,397952597,2847664896.000
2011-03-29,3.71,4.03,3.70,3.84,502639741,3962737152.000
2011-03-30,3.84,4.20,3.71,4.08,331736160,2647719168.000
2011-03-31,4.06,4.06,3.67,3.70,371458729,2869174784.000
2011-04-01,3.65,4.03,3.54,3.91,397222101,3042465280.000
2011-04-06,3.84,4.03,3.79,3.92,274121021,2167441664.000
2011-04-07,3.92,3.92,3.71,3.87,206619026,1591173248.000
2011-04-08,3.82,4.26,3.81,4.26,416935701,3454321664.000
2011-04-11,4.35,4.69,4.32,4.52,469364784,4245515776.000
2011-04-12,4.46,4.67,4.29,4.41,375424410,3393443840.000
2011-04-13,4.33,4.59,4.27,4.51,237729031,2123508480.000
2011-04-14,4.46,4.80,4.45,4.56,268511766,2509777152.000
2011-04-15,4.47,4.71,4.40,4.51,198937914,1825150720.000
2011-04-18,4.49,4.66,4.39,4.58,242424846,2209974784.000
2011-04-19,4.51,4.65,4.29,4.30,271005802,2439857152.000
2011-04-20,4.25,4.34,4.00,4.11,286079454,2390668800.000
2011-04-21,4.08,4.20,4.01,4.14,212725704,1768368256.000
2011-04-22,4.14,4.14,3.87,3.91,240049513,1934262272.000
2011-04-25,3.86,3.99,3.82,3.91,166325255,1317184128.000
2011-04-26,3.87,3.99,3.84,3.90,141628569,1122593920.000
2011-04-27,3.91,3.92,3.58,3.68,206962808,1560720896.000
2011-04-28,3.68,3.71,3.32,3.42,238537775,1676384768.000
2011-05-03,3.50,3.77,3.43,3.77,241841201,1759195392.000
2011-05-04,3.77,4.06,3.73,3.92,350338893,2766873600.000
2011-05-05,3.82,4.21,3.74,4.07,258684451,2082202240.000
2011-05-06,3.94,4.16,3.91,3.95,193237492,1556812160.000
2011-05-09,3.95,4.03,3.87,3.95,110126635,877100160.000
2011-05-10,3.95,4.08,3.91,4.02,153203561,1238821120.000
2011-05-11,3.99,4.00,3.79,3.82,178657239,1395384576.000
2011-05-12,3.74,3.83,3.59,3.62,155587801,1164826240.000
2011-05-13,3.60,3.79,3.60,3.70,111775419,836820736.000
2011-05-16,3.68,3.68,3.51,3.57,117980773,852886144.000
2011-05-17,3.56,3.62,3.49,3.55,87429622,629837312.000
2011-05-18,3.56,3.66,3.51,3.58,87179282,629416000.000
2011-05-19,3.56,3.70,3.53,3.58,111254627,811944896.000
2011-05-20,3.64,3.74,3.59,3.68,145697338,1080285184.000
2011-05-23,3.64,3.64,3.38,3.41,123971420,875554688.000
2011-05-24,3.37,3.65,3.29,3.58,129477438,910395840.000
2011-05-25,3.55,3.61,3.49,3.51,92539008,662767168.000
2011-05-26,3.56,3.63,3.46,3.47,80652532,578770880.000
2011-05-27,3.43,3.43,3.28,3.29,85148947,574626944.000
2011-05-30,3.25,3.35,3.20,3.26,56876868,377198816.000
2011-05-31,3.27,3.38,3.26,3.38,71062353,478313920.000
2011-06-01,3.36,3.38,3.31,3.34,55087934,372489440.000
2011-06-02,3.27,3.68,3.25,3.68,327338137,2389155840.000
2011-06-03,3.75,3.82,3.66,3.76,256383157,1939934720.000
2011-06-07,3.73,4.14,3.70,4.14,319681997,2566003712.000
2011-06-09,4.14,4.48,4.03,4.16,464452535,3996130048.000
2011-06-10,4.14,4.24,3.97,4.15,281523748,2342042368.000
2011-06-13,4.08,4.46,4.04,4.31,304848882,2607479296.000
2011-06-14,4.30,4.38,4.17,4.24,219452353,1887101824.000
2011-06-15,4.19,4.36,4.13,4.18,196282768,1680870656.000
2011-06-16,4.13,4.41,4.11,4.33,272358318,2345538560.000
2011-06-17,4.30,4.35,3.89,3.89,287013914,2377992960.000
2011-06-20,3.76,3.92,3.71,3.81,156268425,1199564288.000
2011-06-21,3.83,3.84,3.52,3.67,195314948,1440367872.000
2011-06-22,3.65,3.85,3.61,3.74,185965089,1409056896.000
2011-06-23,3.70,3.81,3.61,3.75,142029330,1065864000.000
2011-06-24,3.71,4.13,3.70,4.09,377667888,3044197120.000
2011-06-27,4.01,4.15,4.00,4.11,212535341,1748856576.000
2011-06-28,4.08,4.24,4.06,4.13,225407947,1884428672.000
2011-06-29,4.09,4.12,3.91,3.94,168444512,1364530176.000
2011-06-30,3.96,4.29,3.96,4.14,246135120,2054026496.000
2011-07-01,4.11,4.17,4.05,4.09,135556357,1121411456.000
2011-07-04,4.14,4.30,4.10,4.19,200563128,1697725440.000
2011-07-05,4.18,4.30,4.12,4.25,207699995,1763285376.000
2011-07-06,4.24,4.33,4.19,4.22,192762918,1649100416.000
2011-07-07,4.20,4.23,4.02,4.09,205826617,1703309184.000
2011-07-08,4.10,4.11,4.02,4.07,96428252,790146432.000
2011-07-11,4.02,4.13,4.02,4.08,83276634,684870272.000
2011-07-12,4.04,4.08,3.97,3.98,110931227,897008640.000
2011-07-13,3.98,4.15,3.98,4.10,117481395,968314944.000
2011-07-14,4.11,4.13,4.01,4.08,96202855,789929792.000
2011-07-15,4.09,4.21,4.02,4.14,167049893,1388578432.000
2011-07-18,4.14,4.14,4.07,4.08,93763978,773526784.000
2011-07-19,4.04,4.05,3.99,4.01,80974361,655114496.000
2011-07-20,4.03,4.06,3.94,4.00,63679082,513629056.000
2011-07-21,4.01,4.01,3.86,3.88,78991945,623418688.000
2011-07-22,3.90,3.96,3.88,3.90,51230491,404527680.000
2011-07-25,3.91,3.91,3.67,3.70,84562779,642372800.000
2011-07-26,3.72,3.78,3.71,3.75,47005865,355612608.000
2011-07-27,3.75,3.80,3.71,3.78,46025093,349660896.000
2011-07-28,3.72,3.99,3.70,3.88,117429403,924770176.000
2011-07-29,3.82,3.90,3.74,3.77,58720011,451229856.000
2011-08-01,3.76,3.90,3.73,3.84,44220297,342561696.000
2011-08-02,3.79,3.84,3.68,3.77,57241326,431194368.000
2011-08-03,3.71,3.83,3.66,3.74,43224623,327343776.000
2011-08-04,3.73,3.79,3.72,3.73,35978027,272284800.000
2011-08-05,3.56,3.63,3.54,3.57,60821166,440229024.000
2011-08-08,3.50,3.53,3.21,3.30,157337200,1051098752.000
2011-08-09,3.12,3.41,3.05,3.31,119913621,792688256.000
2011-08-10,3.39,3.42,3.33,3.34,82096143,558652608.000
2011-08-11,3.20,3.36,3.20,3.34,60005948,400732000.000
2011-08-12,3.40,3.42,3.34,3.34,50830122,345561440.000
2011-08-15,3.37,3.49,3.35,3.44,71733411,497458880.000
2011-08-16,3.45,3.46,3.37,3.39,50806476,350217120.000
2011-08-17,3.37,3.40,3.32,3.35,32886092,222155040.000
2011-08-18,3.35,3.42,3.29,3.30,47046586,318698592.000
2011-08-19,3.20,3.28,3.17,3.23,42364277,275318368.000
2011-08-22,3.24,3.28,3.16,3.17,38962909,252963664.000
2011-08-23,3.20,3.41,3.17,3.40,64159703,424356160.000
2011-08-24,3.39,3.43,3.31,3.32,56631489,384608832.000
2011-08-25,3.40,3.47,3.33,3.41,92045997,634371136.000
2011-08-26,3.37,3.45,3.36,3.41,63532152,437025568.000
2011-08-29,3.37,3.39,3.32,3.33,39593370,267603712.000
2011-08-30,3.37,3.42,3.29,3.30,46154757,313750464.000
2011-08-31,3.29,3.33,3.20,3.26,41407329,272775872.000
2011-09-01,3.26,3.29,3.21,3.22,29136972,190957664.000
2011-09-02,3.23,3.25,3.19,3.22,24529386,159303472.000
2011-09-05,3.18,3.19,3.13,3.13,29178928,185876576.000
2011-09-06,3.10,3.15,3.08,3.10,21041090,132254568.000
2011-09-07,3.13,3.27,3.12,3.23,42387546,274469952.000
2011-09-08,3.25,3.25,3.15,3.16,32327577,209407280.000
2011-09-13,3.11,3.13,3.04,3.11,26844510,166915952.000
2011-09-14,3.12,3.19,3.05,3.18,33903095,213758272.000
2011-09-15,3.17,3.21,3.14,3.15,31234287,200021200.000
2011-09-16,3.17,3.20,3.11,3.12,27613392,175952880.000
2011-09-19,3.12,3.12,3.02,3.02,32046853,197068880.000
2011-09-20,3.01,3.13,3.00,3.12,32822897,203057312.000
2011-09-21,3.10,3.34,3.06,3.25,92343739,601371584.000
2011-09-22,3.18,3.20,3.07,3.08,68952127,436964512.000
2011-09-23,3.01,3.11,2.99,3.06,33270733,205034336.000
2011-09-26,3.04,3.10,2.99,3.01,29668356,182267088.000
2011-09-27,3.05,3.08,3.02,3.05,27609020,170000576.000
2011-09-28,3.07,3.08,2.97,2.97,35953412,219218944.000
2011-09-29,2.95,2.96,2.75,2.78,46840889,270517216.000
2011-09-30,2.79,2.82,2.67,2.75,35172106,194605120.000
2011-10-10,2.78,2.79,2.67,2.69,21409663,118122160.000
2011-10-11,2.77,2.79,2.60,2.68,35591502,194942992.000
2011-10-12,2.65,2.79,2.61,2.77,53706477,297799008.000
2011-10-13,2.76,2.87,2.74,2.81,66491835,377522304.000
2011-10-14,2.77,2.80,2.74,2.76,34263231,191809664.000
2011-10-17,2.77,2.79,2.71,2.72,30975838,171845776.000
2011-10-18,2.69,2.71,2.56,2.56,42698094,226875296.000
2011-10-19,2.56,2.61,2.51,2.53,30095178,155180640.000
2011-10-20,2.54,2.57,2.44,2.49,38399615,194933712.000
2011-10-21,2.49,2.49,2.37,2.39,38883214,190149456.000
2011-10-24,2.39,2.42,2.28,2.40,43636439,209162112.000
2011-10-25,2.39,2.55,2.34,2.48,72931495,362623904.000
2011-10-26,2.46,2.59,2.45,2.51,80330603,411322144.000
2011-10-27,2.53,2.57,2.49,2.52,51142426,261314256.000
2011-10-28,2.55,2.61,2.53,2.58,73997485,385601600.000
2011-10-31,2.56,2.58,2.52,2.53,47114465,241986928.000
2011-11-01,2.50,2.54,2.49,2.51,36620790,186689408.000
2011-11-02,2.47,2.51,2.40,2.50,50123424,248747456.000
2011-11-03,2.51,2.64,2.51,2.55,100363128,522947520.000
2011-11-04,2.56,2.61,2.55,2.58,63409868,330506944.000
2011-11-07,2.58,2.70,2.58,2.66,94083260,503289760.000
2011-11-08,2.67,2.69,2.58,2.59,57279478,303040960.000
2011-11-09,2.59,2.62,2.53,2.59,48396160,251636016.000
2011-11-10,2.56,2.68,2.54,2.58,81387472,432098656.000
2011-11-11,2.60,2.62,2.53,2.56,42472237,220476768.000
2011-11-14,2.59,2.61,2.55,2.59,45812827,239959600.000
2011-11-15,2.59,2.69,2.56,2.65,92409714,494302464.000
2011-11-16,2.63,2.64,2.53,2.55,61176973,320135648.000
2011-11-17,2.55,2.57,2.52,2.53,28146087,144972560.000
2011-11-18,2.52,2.52,2.41,2.42,49903160,247555904.000
2011-11-21,2.42,2.44,2.37,2.41,25131628,122352592.000
2011-11-22,2.38,2.40,2.35,2.40,22804331,110286464.000
2011-11-23,2.41,2.42,2.36,2.37,16556262,80062832.000
2011-11-24,2.35,2.38,2.31,2.37,22569295,107608432.000
2011-11-25,2.37,2.40,2.33,2.35,15991826,76543248.000
2011-11-28,2.35,2.38,2.31,2.32,19308666,91263712.000
2011-11-29,2.34,2.36,2.32,2.35,23906304,113246872.000
2011-11-30,2.33,2.34,2.13,2.18,44358741,200777728.000
2011-12-02,2.21,2.23,2.16,2.16,32612338,145499088.000
2011-12-05,2.16,2.17,2.10,2.10,21611447,93056992.000
2011-12-06,2.10,2.13,2.07,2.11,21671574,91979816.000
2011-12-07,2.12,2.12,2.09,2.10,18238912,78135520.000
2011-12-08,2.12,2.30,2.11,2.19,78790830,351619168.000
2011-12-09,2.14,2.16,2.11,2.13,34622888,150197616.000
2011-12-12,2.13,2.13,2.08,2.11,19704932,83845784.000
2011-12-13,2.08,2.09,1.97,2.00,33429309,137792576.000
2011-12-14,1.97,2.01,1.94,1.95,25591749,102761960.000
2011-12-15,1.94,1.94,1.85,1.86,32539897,124537872.000
2011-12-16,1.87,1.91,1.84,1.90,26916383,102726360.000
2011-12-19,1.90,1.91,1.82,1.90,28138936,106562280.000
2011-12-20,1.89,1.94,1.88,1.90,33554539,130440976.000
2011-12-21,1.92,1.92,1.81,1.82,31254687,118996480.000
2011-12-22,1.80,1.87,1.73,1.83,42371971,154382624.000
2011-12-23,1.81,1.88,1.80,1.84,25137730,94114720.000
2011-12-26,1.82,2.02,1.81,2.02,73308433,297684864.000
2011-12-27,2.04,2.06,2.00,2.01,104011848,428071680.000
2011-12-28,2.00,2.05,1.95,2.05,73692047,301209984.000
2011-12-29,2.02,2.04,1.98,1.99,50925019,207822544.000
2011-12-30,1.99,2.06,1.97,2.03,44608120,183238224.000
2012-01-04,2.04,2.11,2.01,2.04,67255953,281269376.000
2012-01-05,2.01,2.09,1.97,2.02,52652482,217733808.000
2012-01-06,2.02,2.18,2.00,2.14,78109216,330535936.000
2012-01-09,2.12,2.21,2.08,2.21,78740646,345722976.000
2012-01-10,2.19,2.28,2.18,2.24,86590815,390380064.000
2012-01-11,2.24,2.46,2.19,2.36,135094519,644093376.000
2012-01-12,2.31,2.43,2.30,2.35,88075879,418826368.000
2012-01-13,2.35,2.41,2.26,2.31,67798897,320906912.000
2012-01-16,2.30,2.30,2.12,2.13,47893536,215000032.000
2012-01-17,2.12,2.34,2.12,2.34,88839599,410674560.000
2012-01-18,2.44,2.52,2.31,2.33,107557455,525013856.000
2012-01-19,2.32,2.40,2.31,2.36,50339072,240272336.000
2012-01-20,2.36,2.39,2.29,2.35,37270776,177205232.000
2012-01-30,2.35,2.40,2.31,2.34,34805857,166299488.000
2012-01-31,2.34,2.41,2.32,2.40,50176643,242252576.000
2012-02-01,2.39,2.40,2.32,2.33,44889620,214526240.000
2012-02-02,2.33,2.39,2.32,2.38,39608414,188610816.000
2012-02-03,2.37,2.39,2.33,2.38,44379840,213249904.000
2012-02-06,2.38,2.41,2.34,2.38,38063649,183745616.000
2012-02-07,2.38,2.38,2.28,2.31,42076412,198050416.000
2012-02-08,2.31,2.44,2.29,2.42,88088154,427292320.000
2012-02-09,2.41,2.45,2.38,2.41,79224880,387559424.000
2012-02-10,2.41,2.65,2.39,2.51,123971668,632003008.000
2012-02-13,2.46,2.52,2.44,2.49,59015691,296212736.000
2012-02-14,2.49,2.50,2.45,2.47,34194478,171384480.000
2012-02-15,2.47,2.53,2.46,2.51,55851792,283982976.000
2012-02-16,2.50,2.54,2.46,2.49,47511864,239944528.000
2012-02-17,2.51,2.52,2.46,2.46,35171509,176178784.000
2012-02-20,2.51,2.53,2.44,2.45,38612251,193701760.000
2012-02-21,2.45,2.47,2.38,2.46,41216320,202836160.000
2012-02-22,2.46,2.50,2.44,2.48,45804934,229128320.000
2012-02-23,2.48,2.56,2.48,2.51,86567601,442619168.000
2012-02-24,2.52,2.53,2.48,2.52,66559746,338114656.000
2012-02-27,2.54,2.63,2.52,2.55,127972457,666565760.000
2012-02-28,2.54,2.61,2.51,2.58,88340800,456791680.000
2012-02-29,2.57,2.67,2.53,2.60,117606369,621876160.000
2012-03-01,2.57,2.62,2.55,2.57,59099142,308348864.000
2012-03-02,2.56,2.60,2.55,2.59,61277064,319151040.000
2012-03-05,2.59,2.60,2.55,2.56,54814243,284575008.000
2012-03-06,2.55,2.55,2.48,2.49,58737131,298115072.000
2012-03-07,2.46,2.52,2.42,2.47,48773043,243665664.000
2012-03-08,2.46,2.58,2.46,2.53,90539022,463521152.000
2012-03-09,2.53,2.56,2.50,2.54,55220109,282878176.000
2012-03-12,2.53,2.60,2.53,2.58,77055225,400370112.000
2012-03-13,2.57,2.57,2.53,2.56,45918728,236689840.000
2012-03-14,2.57,2.82,2.56,2.82,423901606,2383247872.000
2012-03-15,2.79,2.88,2.68,2.73,281515068,1592300416.000
2012-03-16,2.72,2.85,2.67,2.82,176597527,993126336.000
2012-03-19,2.79,3.11,2.78,3.11,309455647,1871849088.000
2012-03-20,3.12,3.42,3.09,3.39,450355931,3014702080.000
2012-03-21,3.43,3.50,3.22,3.35,262999923,1786242048.000
2012-03-22,3.31,3.36,3.23,3.31,153175399,1017936512.000
2012-03-23,3.26,3.54,3.24,3.36,257675381,1768143488.000
2012-03-26,3.31,3.35,3.09,3.27,175614431,1141945344.000
2012-03-27,3.24,3.33,3.22,3.22,138153732,913809856.000
2012-03-28,3.17,3.18,2.97,2.99,162691597,1006717760.000
2012-03-29,2.96,3.16,2.93,3.07,193195545,1186628992.000
2012-03-30,3.08,3.09,2.82,2.94,134498148,809530368.000
2012-04-05,2.91,3.11,2.87,3.10,141114340,860119936.000
2012-04-06,3.12,3.34,3.10,3.16,186235885,1208212992.000
2012-04-09,3.12,3.29,3.11,3.20,131890138,858136512.000
2012-04-10,3.17,3.22,3.01,3.21,123982505,780960384.000
2012-04-11,3.14,3.21,3.09,3.17,79579286,507239936.000
2012-04-12,3.18,3.21,3.10,3.18,102272996,653110912.000
2012-04-16,3.13,3.19,3.05,3.08,99613171,623570624.000
2012-04-17,3.06,3.09,2.99,3.00,89532014,548035584.000
2012-04-18,3.01,3.18,3.01,3.13,118928290,744409152.000
2012-04-19,3.11,3.13,3.02,3.04,92090370,569777600.000
2012-04-20,3.03,3.07,3.02,3.05,62267675,383129344.000
2012-04-23,3.03,3.09,3.00,3.02,66596641,409149376.000
2012-04-24,3.00,3.01,2.87,2.93,98828719,585763648.000
2012-04-25,2.88,3.09,2.86,3.05,116712358,703230784.000
2012-04-26,3.03,3.06,2.96,2.98,76443052,463238560.000
2012-04-27,2.97,3.03,2.96,2.98,54763868,331979680.000
2012-05-02,3.01,3.18,2.99,3.09,165008504,1031113024.000
2012-05-03,3.09,3.15,3.07,3.09,89389186,560581888.000
2012-05-04,3.09,3.24,3.07,3.22,178111586,1144284416.000
2012-05-07,3.19,3.26,3.14,3.21,116141787,747784320.000
2012-05-08,3.21,3.37,3.11,3.26,132552218,859969280.000
2012-05-09,3.21,3.25,3.12,3.12,99838825,642060736.000
2012-05-10,3.11,3.44,3.09,3.44,334058050,2283766784.000
2012-05-11,3.47,3.57,3.32,3.40,250268384,1751275648.000
2012-05-14,3.39,3.42,3.22,3.26,221257306,1465144704.000
2012-05-15,3.20,3.20,3.13,3.19,92502106,591010368.000
2012-05-16,3.18,3.28,3.15,3.19,111769134,729179136.000
2012-05-17,3.19,3.27,3.02,3.18,115475489,728076480.000
2012-05-18,3.13,3.23,3.09,3.11,69232691,439354112.000
2012-05-21,3.13,3.23,3.10,3.16,74687876,475691648.000
2012-05-22,3.19,3.21,3.14,3.18,50742370,322955488.000
2012-05-23,3.18,3.19,3.06,3.10,79137083,495511136.000
2012-05-24,3.09,3.12,3.05,3.07,50722191,313904096.000
2012-05-25,3.07,3.15,3.05,3.07,69150844,430882976.000
2012-05-28,3.07,3.10,2.99,3.08,68204850,418749568.000
2012-05-29,3.10,3.27,3.08,3.21,162094358,1045283264.000
2012-05-30,3.18,3.22,3.14,3.16,76806104,489154880.000
2012-05-31,3.13,3.19,3.11,3.15,48980211,310315904.000
2012-06-01,3.18,3.27,3.17,3.20,99346640,643860672.000
2012-06-04,3.16,3.23,3.12,3.12,73341575,467072544.000
2012-06-05,3.12,3.15,3.06,3.09,60891741,379658432.000
2012-06-06,3.11,3.13,3.04,3.07,48601484,301035360.000
2012-06-07,3.12,3.16,3.06,3.08,47270126,295094336.000
2012-06-08,3.12,3.12,3.05,3.06,35564579,220033920.000
2012-06-11,3.03,3.10,3.01,3.07,41368405,254106864.000
2012-06-12,3.06,3.08,3.02,3.03,31070188,190773952.000
2012-06-13,3.08,3.08,3.02,3.08,37962539,233005392.000
2012-06-14,3.07,3.13,3.05,3.05,45322888,281467584.000
2012-06-15,3.06,3.08,2.93,3.00,65572055,395461120.000
2012-06-18,3.01,3.03,2.97,2.98,50595520,305197984.000
2012-06-19,2.99,3.00,2.88,2.89,63352054,370551872.000
2012-06-20,2.90,2.94,2.81,2.83,59719542,345661408.000
2012-06-21,2.83,2.85,2.73,2.75,57030729,316582528.000
2012-06-25,2.72,2.72,2.48,2.53,100861450,523685408.000
2012-06-26,2.50,2.55,2.46,2.54,70183838,353969024.000
2012-06-27,2.54,2.56,2.47,2.49,45928094,232390672.000
2012-06-28,2.49,2.51,2.38,2.38,64930795,317400192.000
2012-06-29,2.36,2.44,2.30,2.42,61194190,292987712.000
2012-07-02,2.44,2.49,2.42,2.47,51981071,258126672.000
2012-07-03,2.47,2.48,2.40,2.42,44246649,217262224.000
2012-07-04,2.43,2.44,2.36,2.39,31696735,153001936.000
2012-07-05,2.38,2.38,2.29,2.30,35181234,164077744.000
2012-07-06,2.36,2.45,2.30,2.43,52892963,252696656.000
2012-07-09,2.42,2.45,2.37,2.39,40869073,198723888.000
2012-07-10,2.38,2.41,2.35,2.39,29812102,143755632.000
2012-07-11,2.38,2.57,2.37,2.52,62223692,310974400.000
2012-07-12,2.48,2.56,2.48,2.54,56963918,289534496.000
2012-07-13,2.53,2.65,2.52,2.56,63303076,330351232.000
2012-07-16,2.55,2.57,2.45,2.46,40631874,204598336.000
2012-07-17,2.44,2.50,2.44,2.49,25203398,125404408.000
2012-07-18,2.49,2.53,2.44,2.50,34240053,171425584.000
2012-07-19,2.50,2.55,2.47,2.51,37941776,192414672.000
2012-07-20,2.52,2.54,2.45,2.45,32934438,164600880.000
2012-07-23,2.42,2.44,2.36,2.39,25959120,125218296.000
2012-07-24,2.37,2.47,2.36,2.42,19389594,94757264.000
2012-07-25,2.41,2.43,2.39,2.39,14816831,71720960.000
2012-07-26,2.40,2.63,2.40,2.55,103007830,524441312.000
2012-07-27,2.53,2.57,2.49,2.54,47265853,241551056.000
2012-07-30,2.53,2.56,2.41,2.44,50088774,250071168.000
2012-07-31,2.42,2.51,2.37,2.48,41240387,203061872.000
2012-08-01,2.47,2.56,2.45,2.52,41080574,208180032.000
2012-08-02,2.52,2.60,2.49,2.53,42501767,217748480.000
2012-08-03,2.63,2.73,2.56,2.59,66836092,351446112.000
2012-08-06,2.58,2.85,2.56,2.85,173729356,975389952.000
2012-08-07,2.90,2.98,2.87,2.97,182087593,1070429056.000
2012-08-08,2.98,2.98,2.87,2.88,93277012,546383936.000
2012-08-09,2.87,3.06,2.86,3.01,143966835,858069376.000
2012-08-10,3.03,3.32,2.97,3.14,251878378,1610183168.000
2012-08-13,3.10,3.15,2.98,3.00,134810053,831175168.000
2012-08-14,3.07,3.09,2.89,3.00,114424161,683120448.000
2012-08-15,2.97,3.14,2.94,3.03,138300062,853755072.000
2012-08-16,3.00,3.03,2.88,2.90,86944862,514259392.000
2012-08-17,2.88,3.04,2.88,3.00,93426817,560689344.000
2012-08-20,2.99,3.03,2.92,3.01,72224556,432395008.000
2012-08-21,3.01,3.04,2.92,2.98,95948038,572896256.000
2012-08-22,2.96,2.96,2.87,2.90,79436110,464204768.000
2012-08-23,2.92,3.01,2.90,2.95,89953807,536607104.000
2012-08-24,2.93,2.97,2.85,2.87,75028097,436094208.000
2012-08-27,2.81,2.83,2.58,2.63,108186456,590896320.000
2012-08-28,2.62,2.72,2.61,2.66,61691916,331120480.000
2012-08-29,2.67,2.67,2.52,2.60,81521689,422949088.000
2012-08-30,2.65,2.66,2.50,2.54,64289808,333699712.000
2012-08-31,2.56,2.57,2.52,2.54,35922627,183886880.000
2012-09-03,2.53,2.57,2.48,2.54,48678487,248292128.000
2012-09-04,2.56,2.57,2.46,2.48,63028617,320041952.000
2012-09-05,2.46,2.48,2.37,2.41,81821441,398581984.000
2012-09-06,2.40,2.44,2.39,2.43,42236680,205811200.000
2012-09-07,2.46,2.63,2.44,2.60,133878837,689095744.000
2012-09-10,2.60,2.65,2.56,2.64,95631998,502634784.000
2012-09-11,2.61,2.71,2.60,2.68,82592634,440767744.000
2012-09-12,2.70,2.72,2.63,2.67,80762795,435652224.000
2012-09-13,2.67,2.68,2.61,2.61,51102002,272246720.000
2012-09-14,2.68,2.71,2.64,2.66,62359986,335412768.000
2012-09-17,2.65,2.65,2.54,2.54,49371610,256500400.000
2012-09-18,2.52,2.55,2.49,2.53,34548375,175184832.000
2012-09-19,2.53,2.56,2.51,2.54,26794550,136481776.000
2012-09-20,2.54,2.54,2.44,2.45,35652091,178077888.000
2012-09-21,2.44,2.50,2.42,2.45,26193911,129820200.000
2012-09-24,2.43,2.48,2.38,2.44,33877430,166049168.000
2012-09-25,2.43,2.52,2.43,2.47,37455398,186851040.000
2012-09-26,2.46,2.48,2.41,2.43,24029758,118170408.000
2012-09-27,2.43,2.51,2.41,2.48,42058927,209304096.000
2012-09-28,2.46,2.54,2.46,2.53,50009085,252835296.000
2012-10-08,2.54,2.56,2.47,2.50,34427957,173865488.000
2012-10-09,2.49,2.59,2.48,2.58,58118294,299335520.000
2012-10-10,2.58,2.63,2.54,2.59,56507457,293569696.000
2012-10-11,2.57,2.61,2.54,2.54,38978657,201588208.000
2012-10-12,2.55,2.57,2.49,2.51,31592422,160521952.000
2012-10-15,2.52,2.53,2.45,2.48,29585395,147318512.000
2012-10-16,2.48,2.50,2.46,2.48,19788366,99029856.000
2012-10-17,2.49,2.50,2.45,2.49,29094111,145195920.000
2012-10-18,2.49,2.62,2.48,2.59,92717370,478294208.000
2012-10-19,2.58,2.63,2.57,2.60,62072512,325526176.000
2012-10-22,2.58,2.64,2.57,2.63,51673360,271272960.000
2012-10-23,2.62,2.89,2.61,2.89,207588450,1155352448.000
2012-10-24,2.86,2.93,2.81,2.89,236589283,1366123648.000
2012-10-25,2.86,2.93,2.71,2.83,200205155,1142770688.000
2012-10-26,2.81,2.86,2.73,2.74,128186594,716140480.000
2012-10-29,2.74,2.82,2.69,2.78,132117709,736173824.000
2012-10-30,2.77,2.99,2.73,2.98,235704124,1354146816.000
2012-10-31,2.92,2.98,2.86,2.93,208327082,1216167424.000
2012-11-01,2.90,2.97,2.82,2.86,178586353,1039302272.000
2012-11-02,2.85,2.89,2.73,2.76,137738423,775176256.000
2012-11-05,2.76,2.78,2.70,2.76,61438292,340249664.000
2012-11-06,2.76,2.76,2.68,2.71,57409392,313369344.000
2012-11-07,2.72,2.81,2.71,2.75,75197106,419379680.000
2012-11-08,2.70,2.72,2.56,2.58,76749738,407910272.000
2012-11-09,2.57,2.61,2.55,2.57,36919137,191918384.000
2012-11-12,2.59,2.62,2.54,2.59,37173818,193215408.000
2012-11-13,2.59,2.67,2.57,2.62,64160609,339201440.000
2012-11-14,2.62,2.62,2.55,2.62,40251874,210009312.000
2012-11-15,2.60,2.65,2.56,2.56,42178101,221773968.000
2012-11-16,2.55,2.57,2.51,2.56,30514570,156214048.000
2012-11-19,2.55,2.59,2.54,2.58,24346355,126049488.000
2012-11-20,2.60,2.62,2.56,2.56,30222583,157636272.000
2012-11-21,2.56,2.61,2.51,2.60,38806480,200193472.000
2012-11-22,2.58,2.60,2.55,2.56,21046391,109001472.000
2012-11-23,2.57,2.62,2.56,2.59,30704348,160506704.000
2012-11-26,2.65,2.65,2.59,2.60,33158732,174284304.000
2012-11-27,2.59,2.61,2.51,2.52,36443587,187964352.000
2012-11-28,2.51,2.51,2.30,2.37,72354705,347151296.000
2012-11-29,2.36,2.42,2.34,2.37,39215414,187597680.000
2012-11-30,2.37,2.43,2.35,2.39,29287032,141370640.000
2012-12-03,2.39,2.41,2.25,2.26,46045473,214714112.000
2012-12-04,2.26,2.30,2.17,2.28,52282734,235142368.000
2012-12-05,2.28,2.44,2.25,2.39,68562924,326355840.000
2012-12-06,2.39,2.43,2.35,2.38,36318752,174692848.000
2012-12-07,2.38,2.44,2.36,2.43,56299766,274300992.000
2012-12-10,2.45,2.51,2.43,2.48,57492515,286148544.000
2012-12-11,2.47,2.50,2.44,2.46,45967640,228230688.000
2012-12-12,2.46,2.49,2.42,2.45,39150944,193249824.000
2012-12-13,2.45,2.45,2.37,2.38,39698421,192335440.000
2012-12-14,2.37,2.52,2.37,2.50,80431232,401706240.000
2012-12-17,2.51,2.66,2.50,2.57,106613576,553900288.000
2012-12-18,2.56,2.70,2.52,2.62,115690923,610593600.000
2012-12-19,2.63,2.65,2.58,2.60,69099772,363292768.000
2012-12-20,2.57,2.81,2.57,2.75,172167643,932324544.000
2012-12-21,2.73,2.75,2.62,2.63,129895935,701217536.000
2012-12-24,2.62,2.66,2.59,2.63,57619147,304651744.000
2012-12-25,2.61,2.69,2.59,2.67,81445284,436261600.000
2012-12-26,2.66,2.74,2.64,2.68,69949490,377496224.000
2012-12-27,2.68,2.75,2.63,2.66,96510739,521610656.000
2012-12-28,2.66,2.69,2.64,2.66,58084540,311051264.000
2012-12-31,2.67,2.70,2.65,2.68,55419449,298711360.000
2013-01-04,2.75,2.76,2.68,2.70,76571721,418976928.000
2013-01-07,2.72,2.72,2.62,2.66,70273155,375593824.000
2013-01-08,2.65,2.69,2.61,2.68,66075774,352493184.000
2013-01-09,2.66,2.68,2.62,2.64,58597313,311521568.000
2013-01-10,2.63,2.82,2.63,2.72,153048724,842489472.000
2013-01-11,2.71,2.73,2.62,2.63,97921129,523951968.000
2013-01-14,2.62,2.70,2.60,2.68,74824051,400055680.000
2013-01-15,2.68,2.77,2.66,2.73,121163552,664385600.000
2013-01-16,2.72,2.80,2.68,2.75,112581012,621292480.000
2013-01-17,2.74,2.87,2.73,2.76,118757432,667236992.000
2013-01-18,2.77,2.80,2.71,2.76,72116971,399144064.000
2013-01-21,2.74,2.76,2.70,2.74,68988257,378327456.000
2013-01-22,2.74,2.74,2.64,2.66,66757614,360757632.000
2013-01-23,2.66,2.72,2.64,2.68,44890617,242273040.000
2013-01-24,2.69,2.74,2.62,2.63,67364763,364140736.000
2013-01-25,2.64,2.65,2.60,2.61,35111031,185598912.000
2013-01-28,2.62,2.68,2.61,2.67,49956733,265704272.000
2013-01-29,2.67,2.69,2.63,2.67,60982325,325515936.000
2013-01-30,2.66,2.67,2.60,2.61,68395734,362587552.000
2013-01-31,2.62,2.69,2.62,2.64,55531261,296799520.000
2013-02-01,2.66,2.67,2.53,2.56,126246458,651963712.000
2013-02-04,2.54,2.62,2.49,2.58,93971709,482794528.000
2013-02-05,2.57,2.62,2.55,2.60,46917175,244899200.000
2013-02-06,2.60,2.64,2.58,2.60,49474713,260208192.000
2013-02-07,2.60,2.61,2.57,2.57,42347659,219727280.000
2013-02-08,2.57,2.60,2.57,2.59,30579946,159565728.000
2013-02-18,2.60,2.60,2.56,2.57,40893666,211911152.000
2013-02-19,2.57,2.58,2.52,2.53,35651373,182447184.000
2013-02-20,2.54,2.57,2.53,2.57,28329717,145591232.000
2013-02-21,2.55,2.55,2.47,2.49,52667841,265688560.000
2013-02-22,2.49,2.56,2.46,2.51,43505391,219606432.000
2013-02-25,2.51,2.53,2.49,2.50,26228345,132432200.000
2013-02-26,2.49,2.50,2.45,2.45,35212290,175402240.000
2013-02-27,2.46,2.48,2.43,2.44,29965390,147724800.000
2013-02-28,2.46,2.50,2.44,2.49,37304165,185884096.000
2013-03-01,2.49,2.51,2.45,2.48,31948171,159575344.000
2013-03-04,2.47,2.47,2.37,2.38,48919489,237346608.000
2013-03-05,2.38,2.42,2.38,2.40,31193375,150654256.000
2013-03-06,2.41,2.42,2.39,2.41,35114002,169688448.000
2013-03-07,2.40,2.44,2.37,2.42,40357514,195684832.000
2013-03-08,2.42,2.64,2.40,2.53,109166525,558897856.000
2013-03-11,2.51,2.55,2.50,2.50,47818626,242788736.000
2013-03-12,2.50,2.59,2.46,2.55,84921396,433198688.000
2013-03-13,2.54,2.57,2.52,2.53,51219132,262098288.000
2013-03-14,2.53,2.54,2.46,2.47,38674925,193856432.000
2013-03-15,2.47,2.53,2.46,2.47,34568405,173547232.000
2013-03-18,2.45,2.45,2.38,2.39,40853225,198082624.000
2013-03-19,2.40,2.41,2.31,2.38,34054509,162237904.000
2013-03-20,2.38,2.45,2.38,2.43,37937747,184216816.000
2013-03-21,2.43,2.44,2.41,2.43,29812105,145896352.000
2013-03-22,2.43,2.43,2.39,2.40,26259728,127306056.000
2013-03-25,2.40,2.64,2.40,2.64,253487607,1324200320.000
2013-03-26,2.61,2.67,2.60,2.65,230390004,1221977088.000
2013-03-27,2.64,2.69,2.59,2.66,221575395,1179644800.000
2013-03-28,2.61,2.68,2.60,2.65,207668974,1102043392.000
2013-03-29,2.65,2.74,2.53,2.54,258753596,1384721792.000
2013-04-01,2.48,2.62,2.43,2.60,114967105,584194816.000
2013-04-02,2.57,2.63,2.53,2.60,148062627,771220800.000
2013-04-03,2.58,2.63,2.53,2.58,142233487,739349184.000
2013-04-08,2.53,2.58,2.49,2.57,73700983,376298912.000
2013-04-09,2.56,2.60,2.54,2.57,87920499,454875424.000
2013-04-10,2.56,2.58,2.50,2.52,84578490,430736128.000
2013-04-11,2.53,2.53,2.44,2.44,69996188,348003168.000
2013-04-12,2.43,2.46,2.41,2.42,34688851,169967968.000
2013-04-15,2.39,2.41,2.36,2.37,42827455,205761776.000
2013-04-16,2.35,2.41,2.33,2.41,31068124,149326416.000
2013-04-17,2.40,2.45,2.40,2.43,26605792,129820536.000
2013-04-18,2.42,2.45,2.38,2.39,27807104,135397952.000
2013-04-19,2.40,2.46,2.39,2.44,37991811,186413952.000
2013-04-22,2.43,2.48,2.42,2.44,35120713,173542272.000
2013-04-23,2.45,2.46,2.36,2.38,40492570,195206736.000
2013-04-24,2.37,2.42,2.37,2.40,27018112,130274064.000
2013-04-25,2.41,2.41,2.36,2.36,29811424,142723920.000
2013-04-26,2.38,2.39,2.33,2.34,23635522,112258344.000
2013-05-02,2.33,2.35,2.31,2.32,21120644,99144896.000
2013-05-03,2.33,2.38,2.33,2.34,21389076,101560936.000
2013-05-06,2.35,2.41,2.35,2.40,33299316,160301536.000
2013-05-07,2.39,2.48,2.39,2.43,47921336,235230016.000
2013-05-08,2.43,2.45,2.40,2.42,31907540,155078528.000
2013-05-09,2.42,2.42,2.36,2.38,34859911,167587776.000
2013-05-10,2.38,2.40,2.36,2.38,23726454,113668952.000
2013-05-13,2.38,2.40,2.37,2.38,20826746,99907512.000
2013-05-14,2.38,2.38,2.33,2.35,24114835,114232344.000
2013-05-15,2.36,2.36,2.34,2.36,13156537,62380312.000
2013-05-16,2.36,2.38,2.34,2.38,29761704,141661744.000
2013-05-17,2.38,2.42,2.37,2.41,42337083,204587744.000
2013-05-20,2.40,2.46,2.40,2.43,47587311,232909408.000
2013-05-21,2.42,2.45,2.40,2.42,40961685,199440288.000
2013-05-22,2.42,2.46,2.40,2.43,47227515,230889504.000
2013-05-23,2.42,2.43,2.39,2.39,37307079,180711200.000
2013-05-24,2.39,2.42,2.38,2.40,35470790,171464192.000
2013-05-27,2.40,2.40,2.37,2.38,34472555,165414912.000
2013-05-28,2.38,2.41,2.35,2.40,46639984,223519648.000
2013-05-29,2.40,2.49,2.39,2.45,102066259,501884480.000
2013-05-30,2.43,2.46,2.41,2.41,54891014,269092960.000
2013-05-31,2.42,2.42,2.38,2.39,34819475,168394496.000
2013-06-03,2.39,2.40,2.37,2.38,25873194,124229728.000
2013-06-04,2.38,2.38,2.34,2.35,30724462,145690688.000
2013-06-05,2.35,2.38,2.34,2.37,20019410,95248048.000
2013-06-06,2.37,2.37,2.33,2.33,21974451,103657968.000
2013-06-07,2.33,2.34,2.25,2.26,33555104,155242624.000
2013-06-13,2.25,2.25,2.11,2.13,43947666,190809408.000
2013-06-14,2.14,2.25,2.12,2.23,39388387,173446432.000
2013-06-17,2.23,2.31,2.17,2.29,47027326,214325680.000
2013-06-18,2.27,2.34,2.24,2.28,43663560,200928448.000
2013-06-19,2.26,2.31,2.22,2.26,49691663,226999792.000
2013-06-20,2.23,2.24,2.15,2.15,24411121,107922368.000
2013-06-21,2.13,2.20,2.13,2.17,28036718,122517192.000
2013-06-24,2.17,2.17,1.95,2.01,38077277,158547280.000
2013-06-25,1.98,2.02,1.82,1.96,46596267,181456960.000
2013-06-26,1.98,2.01,1.91,1.95,31520550,123710760.000
2013-06-27,1.95,2.12,1.93,2.10,94792691,388605792.000
2013-06-28,2.05,2.09,2.02,2.03,86323191,356351392.000
2013-07-01,2.02,2.02,1.93,2.00,37977700,151866512.000
2013-07-02,1.99,2.01,1.94,1.98,30951018,123089816.000
2013-07-03,1.97,2.00,1.94,1.95,46082248,182514432.000
2013-07-04,1.95,2.00,1.89,1.97,73948701,291964288.000
2013-07-05,1.96,2.11,1.94,2.01,94329261,385273920.000
2013-07-08,1.97,1.97,1.92,1.92,48519957,189595488.000
2013-07-09,1.91,1.95,1.91,1.91,22715023,88218576.000
2013-07-10,1.91,2.02,1.91,2.01,70022877,279005088.000
2013-07-11,2.02,2.16,1.99,2.08,134926013,566958656.000
2013-07-12,2.05,2.09,1.99,2.01,89066296,366096672.000
2013-07-15,2.01,2.05,1.99,2.02,48551545,197461696.000
2013-07-16,2.02,2.04,1.99,2.03,36078412,146765200.000
2013-07-17,2.02,2.05,2.00,2.01,42542452,173372800.000
2013-07-18,2.01,2.02,1.96,1.96,37763640,151086768.000
2013-07-19,1.96,1.98,1.88,1.89,45575680,177545920.000
2013-07-22,1.88,1.93,1.86,1.92,25513204,98106584.000
2013-07-23,1.93,2.01,1.92,1.96,38193389,151598160.000
2013-07-24,1.95,1.96,1.92,1.94,29882393,116578520.000
2013-07-25,1.96,2.03,1.94,1.96,47152681,188484096.000
2013-07-26,1.94,1.94,1.91,1.92,32212363,124631144.000
2013-07-29,1.92,1.92,1.88,1.88,26839568,102227296.000
2013-07-30,1.88,1.94,1.88,1.91,22639362,87377544.000
2013-07-31,1.91,1.95,1.91,1.91,18195866,70458456.000
2013-08-01,1.93,1.94,1.91,1.94,34003272,131882240.000
2013-08-02,1.94,1.95,1.92,1.93,23287078,90587120.000
2013-08-05,1.93,1.95,1.92,1.95,20211298,78723312.000
2013-08-06,1.93,1.97,1.93,1.96,35103289,137776320.000
2013-08-07,1.95,1.99,1.94,1.95,36607587,144608032.000
2013-08-08,1.97,2.00,1.95,1.96,34091030,135555648.000
2013-08-09,1.97,2.07,1.97,2.03,104933314,428534432.000
2013-08-12,2.03,2.08,2.01,2.06,81605049,336116704.000
2013-08-13,2.05,2.11,2.04,2.07,59806830,249992208.000
2013-08-14,2.05,2.07,2.01,2.02,48201610,198101056.000
2013-08-15,2.02,2.05,2.01,2.02,29474338,120468784.000
2013-08-16,2.01,2.22,1.97,1.99,75356053,309285120.000
2013-08-19,1.97,2.02,1.96,2.00,37355637,149449632.000
2013-08-20,2.00,2.01,1.96,1.97,27605655,110217120.000
2013-08-21,2.00,2.00,1.96,1.99,17604252,70202096.000
2013-08-22,1.98,1.99,1.96,1.96,23209010,92140856.000
2013-08-23,1.98,1.98,1.92,1.94,24470644,95795712.000
2013-08-26,1.95,1.97,1.93,1.96,21875620,86037936.000
2013-08-27,1.96,2.00,1.95,1.98,28437297,113435352.000
2013-08-28,1.97,2.00,1.95,1.97,45210126,179919136.000
2013-08-29,1.98,1.99,1.95,1.96,29349251,116089440.000
2013-08-30,1.96,1.96,1.93,1.94,40229956,157495456.000
2013-09-02,1.94,1.95,1.92,1.94,29112569,113379440.000
2013-09-03,1.95,1.96,1.93,1.95,27027377,105907232.000
2013-09-04,1.95,2.04,1.94,2.01,91322152,366740608.000
2013-09-05,1.99,1.99,1.95,1.96,43858134,173320544.000
2013-09-06,1.94,1.98,1.94,1.95,30548121,119995032.000
2013-09-09,1.96,1.99,1.95,1.98,47167374,187315200.000
2013-09-10,1.98,2.05,1.96,2.03,103599702,420801088.000
2013-09-11,2.03,2.16,2.02,2.08,150178238,633476480.000
2013-09-12,2.05,2.06,2.02,2.05,71511051,293103360.000
2013-09-13,2.04,2.08,2.02,2.03,56292473,231477840.000
2013-09-16,2.04,2.05,2.00,2.00,39823155,161446880.000
2013-09-17,1.99,2.02,1.97,1.98,33208168,133321664.000
2013-09-18,1.98,1.99,1.97,1.98,16883334,67270568.000
2013-09-23,1.98,2.00,1.98,2.00,26075067,104544872.000
2013-09-24,1.99,2.00,1.94,1.96,39455999,155860928.000
2013-09-25,1.96,1.96,1.94,1.94,33896050,132849256.000
2013-09-26,1.94,1.97,1.93,1.93,33876015,132469368.000
2013-09-27,1.93,1.95,1.92,1.93,20633334,80336832.000
2013-09-30,1.94,1.97,1.94,1.95,25993206,102396376.000
2013-10-08,1.94,2.03,1.94,2.03,85268331,344882752.000
2013-10-09,2.01,2.03,1.99,2.01,38183993,154153984.000
2013-10-10,2.01,2.02,1.99,2.00,35684565,144099648.000
2013-10-11,2.01,2.05,2.00,2.03,60905134,249141872.000
2013-10-14,2.04,2.08,2.02,2.04,51807075,214024832.000
2013-10-15,2.04,2.06,2.01,2.02,28748115,117248776.000
2013-10-16,2.02,2.05,1.99,2.00,35330367,142910640.000
2013-10-17,2.00,2.05,1.99,2.03,39235430,159329056.000
2013-10-18,2.02,2.05,2.01,2.03,35403501,144637904.000
2013-10-21,2.03,2.03,2.00,2.02,41985305,170199840.000
2013-10-22,2.01,2.02,1.97,1.99,43579674,174422384.000
2013-10-23,1.99,2.02,1.97,1.97,37214552,148789664.000
2013-10-24,1.96,1.97,1.94,1.95,21775849,85606584.000
2013-10-25,1.95,1.96,1.91,1.92,31308474,121813736.000
2013-10-28,1.92,1.94,1.92,1.94,18384638,71286512.000
2013-10-29,1.94,1.95,1.87,1.89,29816545,114181272.000
2013-10-30,1.89,1.92,1.87,1.91,33736028,128615360.000
2013-10-31,1.91,1.95,1.88,1.95,46548951,179885936.000
2013-12-31,2.14,2.14,2.14,2.14,16771001,72283016.000
2014-01-02,2.36,2.36,2.36,2.36,24833249,117709600.000
2014-01-03,2.59,2.59,2.50,2.59,429567934,2207682048.000
2014-01-06,2.66,2.66,2.42,2.44,241165015,1220565504.000
2014-01-07,2.43,2.46,2.30,2.38,155801934,742832192.000
2014-01-08,2.35,2.41,2.27,2.29,112977465,529849376.000
2014-01-09,2.27,2.33,2.21,2.23,94424131,430561280.000
2014-01-10,2.21,2.23,2.13,2.14,98972115,432097120.000
2014-01-13,2.14,2.19,2.13,2.15,70920463,307805824.000
2014-01-14,2.14,2.18,2.07,2.17,94398461,402110976.000
2014-01-15,2.14,2.15,2.10,2.11,52577272,223664592.000
2014-01-16,2.14,2.24,2.12,2.18,111857353,492740384.000
2014-01-17,2.14,2.29,2.14,2.21,99921438,448457664.000
2014-01-20,2.20,2.22,2.16,2.19,42802911,188410064.000
2014-01-21,2.18,2.22,2.15,2.17,48080380,211185536.000
2014-01-22,2.15,2.22,2.15,2.22,58102913,256082864.000
2014-01-23,2.21,2.21,2.15,2.16,57633498,251854640.000
2014-01-24,2.14,2.15,2.11,2.13,56265470,241418000.000
2014-01-27,2.08,2.11,2.07,2.08,47845181,200849136.000
2014-01-28,2.09,2.10,2.07,2.08,24147932,101101032.000
2014-01-29,2.08,2.09,2.05,2.06,28157506,117123672.000
2014-01-30,1.99,2.06,1.93,1.98,92619015,369807616.000
2014-02-07,1.97,2.00,1.96,1.99,44059847,176201936.000
2014-02-10,1.99,2.07,1.99,2.06,77312397,318511264.000
2014-02-11,2.05,2.07,2.03,2.05,60178334,247471008.000
2014-02-12,2.05,2.09,2.04,2.07,48526342,201957136.000
2014-02-13,2.06,2.08,2.03,2.03,49096786,203276576.000
2014-02-14,2.03,2.12,2.03,2.09,78627471,329660032.000
2014-02-17,2.09,2.11,2.07,2.10,55784214,234705168.000
2014-02-18,2.10,2.10,2.05,2.06,46984004,195773312.000
2014-02-19,2.06,2.15,2.01,2.14,141920454,599431040.000
2014-02-20,2.15,2.26,2.12,2.13,222938625,982933504.000
2014-02-21,2.11,2.14,2.08,2.08,58996689,249384432.000
2014-02-24,2.09,2.21,2.04,2.16,114075868,491673248.000
2014-02-25,2.16,2.18,2.09,2.11,89650161,386460928.000
2014-02-26,2.10,2.18,2.09,2.17,71411503,307689312.000
2014-02-27,2.16,2.22,2.15,2.17,106511808,467097792.000
2014-02-28,2.16,2.19,2.13,2.17,59703513,259411760.000
2014-03-03,2.16,2.19,2.13,2.15,57125493,247579504.000
2014-03-04,2.13,2.17,2.10,2.12,60930169,261060736.000
2014-03-05,2.13,2.16,2.10,2.13,66882000,286855104.000
2014-03-06,2.12,2.14,2.10,2.13,59554992,253285120.000
2014-03-07,2.12,2.17,2.11,2.13,54221796,232870800.000
2014-03-10,2.11,2.12,2.02,2.02,66119625,276362592.000
2014-03-11,2.02,2.05,1.98,2.00,55338091,224542160.000
2014-03-12,1.99,2.03,1.98,2.01,37449331,150975088.000
2014-03-13,2.01,2.07,2.01,2.07,70732254,290372320.000
2014-03-14,2.05,2.08,2.02,2.04,41529501,171352512.000
2014-03-17,2.06,2.06,2.00,2.04,40827326,166443024.000
2014-03-18,2.04,2.04,2.01,2.02,37437057,152237792.000
2014-03-19,2.01,2.01,1.99,2.00,47569205,191287424.000
2014-03-20,2.00,2.01,1.97,1.97,37145496,148708544.000
2014-03-21,1.97,2.02,1.94,2.01,47602251,189796432.000
2014-03-24,2.01,2.06,2.00,2.03,68823834,280899520.000
2014-03-25,2.02,2.04,2.01,2.02,32934802,134182384.000
2014-03-26,2.02,2.08,2.02,2.05,62406460,257062112.000
2014-03-27,2.04,2.06,2.02,2.03,44665539,183461072.000
2014-03-28,2.03,2.06,2.02,2.03,33896088,138928224.000
2014-03-31,2.04,2.04,1.98,2.00,34670627,139868272.000
2014-04-01,2.00,2.02,1.99,2.01,21911235,88502984.000
2014-04-02,2.01,2.04,1.99,2.02,38851785,158060368.000
2014-04-03,2.02,2.03,1.98,1.99,50166927,201767040.000
2014-04-04,1.99,2.04,1.98,2.02,57013579,231992512.000
2014-04-08,2.01,2.04,2.01,2.03,39961916,162943824.000
2014-04-09,2.03,2.05,2.02,2.04,36876047,151083408.000
2014-04-10,2.04,2.05,2.02,2.05,79122363,324320256.000
2014-04-11,2.04,2.05,2.02,2.03,45053292,184570432.000
2014-04-14,2.02,2.03,2.00,2.02,50961948,206556720.000
2014-04-15,2.01,2.01,1.99,2.00,44359472,178210976.000
2014-04-16,2.00,2.00,1.98,2.00,34997786,140085200.000
2014-04-17,2.00,2.00,1.98,1.98,23744224,94963152.000
2014-04-18,1.98,2.00,1.97,2.00,28482640,113882496.000
2014-04-21,1.99,2.00,1.95,1.95,24342905,96748816.000
2014-04-22,1.94,1.95,1.93,1.94,27164937,106016288.000
2014-04-23,1.94,1.96,1.93,1.94,20239870,79010760.000
2014-04-24,1.93,1.94,1.92,1.92,20582150,80067208.000
2014-04-25,1.92,1.93,1.87,1.88,32516707,124079496.000
2014-04-28,1.89,1.90,1.82,1.84,31246327,117221744.000
2014-04-29,1.84,1.84,1.81,1.83,30851364,113135088.000
2014-04-30,1.83,1.83,1.79,1.81,40237774,145869376.000
2014-05-05,1.80,1.81,1.79,1.81,31954154,116025296.000
2014-05-06,1.82,1.99,1.81,1.94,262332926,1026813184.000
2014-05-07,1.89,1.90,1.83,1.85,116846348,439631776.000
2014-05-08,1.85,1.87,1.82,1.83,53314004,197472752.000
2014-05-09,1.83,1.87,1.82,1.84,48953536,182044368.000
2014-05-12,1.85,1.98,1.84,1.94,132542859,511909728.000
2014-05-13,1.92,1.93,1.89,1.89,68528611,262674976.000
2014-05-14,1.90,1.94,1.89,1.92,50788698,195871120.000
2014-05-15,1.90,1.91,1.87,1.90,47025750,179207008.000
2014-05-16,1.89,1.90,1.86,1.86,31147905,117365920.000
2014-05-19,1.86,1.86,1.84,1.85,21212565,78708880.000
2014-05-20,1.86,1.87,1.83,1.84,18028793,66782612.000
2014-05-21,1.83,1.88,1.82,1.87,32460691,120626912.000
2014-05-22,1.86,1.88,1.84,1.84,33634612,125250584.000
2014-05-23,1.84,1.85,1.83,1.84,20451378,75581096.000
2014-05-26,1.86,1.86,1.84,1.86,28767871,106984360.000
2014-05-27,1.86,1.86,1.84,1.85,17604063,65342440.000
2014-05-28,1.85,1.86,1.83,1.85,36530338,135336016.000
2014-05-29,1.85,1.86,1.82,1.83,24193990,89293728.000
2014-05-30,1.83,1.85,1.82,1.84,26046281,96110760.000
2014-06-03,1.84,1.85,1.83,1.84,14993495,55449428.000
2014-06-04,1.84,1.84,1.82,1.82,17030354,62358912.000
2014-06-05,1.83,1.86,1.82,1.85,32321115,119841040.000
2014-06-06,1.84,1.85,1.81,1.83,30917257,113376688.000
2014-06-09,1.83,1.86,1.82,1.83,25755768,95187824.000
2014-06-10,1.83,1.84,1.81,1.83,34635140,126813568.000
2014-06-11,1.83,1.85,1.81,1.84,28195723,103677920.000
2014-06-12,1.83,1.85,1.82,1.84,48736249,179486928.000
2014-06-13,1.83,1.85,1.83,1.85,43311397,160015376.000
2014-06-16,1.84,1.85,1.83,1.84,35068625,129353096.000
2014-06-17,1.83,1.84,1.82,1.82,38691663,141799104.000
2014-06-18,1.82,1.83,1.80,1.82,46664974,170143376.000
2014-06-19,1.81,1.82,1.74,1.75,61978544,222122688.000
2014-06-20,1.74,1.79,1.73,1.73,49074186,171812768.000
2014-06-23,1.74,1.75,1.69,1.74,37161288,128798128.000
2014-06-24,1.74,1.80,1.73,1.79,59584409,212062112.000
2014-06-25,1.77,1.77,1.74,1.76,34363692,120992592.000
2014-06-26,1.76,1.78,1.75,1.76,27080055,95879288.000
2014-06-27,1.75,1.83,1.75,1.80,79863089,289072768.000
2014-06-30,1.79,1.82,1.79,1.80,40972497,148669040.000
2014-07-01,1.80,1.82,1.79,1.79,34936476,126156400.000
2014-07-02,1.79,1.80,1.78,1.79,34562573,124111016.000
2014-07-03,1.79,1.80,1.78,1.79,41594105,149513360.000
2014-07-04,1.80,1.81,1.77,1.79,45303823,162833648.000
2014-07-07,1.78,1.79,1.76,1.77,29634385,105497992.000
2014-07-08,1.77,1.77,1.74,1.76,21580422,76135376.000
2014-07-09,1.76,1.80,1.75,1.76,49077635,174922416.000
2014-07-10,1.75,1.79,1.75,1.76,45696791,162240736.000
2014-07-11,1.77,1.79,1.76,1.78,42903315,153219632.000
2014-07-14,1.79,1.80,1.77,1.79,46845751,167913056.000
2014-07-15,1.79,1.97,1.78,1.88,217497712,829606400.000
2014-07-16,1.84,1.89,1.82,1.85,112696350,419032512.000
2014-07-17,1.85,1.85,1.82,1.83,57995731,213466304.000
2014-07-18,1.83,1.84,1.82,1.82,36748291,135120416.000
2014-07-21,1.83,1.85,1.82,1.84,44872052,165576960.000
2014-07-22,1.83,1.88,1.83,1.86,75562125,282010400.000
2014-07-23,1.85,1.91,1.85,1.88,92260168,349123968.000
2014-07-24,1.87,1.94,1.87,1.92,105528958,403936928.000
2014-07-25,1.91,2.00,1.91,1.95,190924107,753571200.000
2014-07-28,1.95,2.02,1.94,1.98,154964475,616541440.000
2014-07-29,1.97,1.99,1.93,1.96,116848650,458237056.000
2014-07-30,1.95,1.97,1.93,1.95,74593178,292280128.000
2014-07-31,1.95,1.99,1.94,1.98,103212073,408748288.000
2014-08-01,1.98,2.12,1.97,2.05,234447928,969782912.000
2014-08-04,2.07,2.14,2.05,2.12,178399935,748179328.000
2014-08-05,2.14,2.22,2.09,2.13,167102814,721055680.000
2014-08-06,2.12,2.34,2.09,2.29,274844089,1230668800.000
2014-08-07,2.46,2.52,2.40,2.52,596896086,2981782016.000
2014-08-08,2.44,2.48,2.39,2.43,383774636,1869968000.000
2014-08-11,2.43,2.47,2.38,2.44,273558569,1335004032.000
2014-08-12,2.45,2.57,2.43,2.47,306816525,1536771968.000
2014-08-13,2.45,2.64,2.40,2.62,370613788,1864876416.000
2014-08-14,2.59,2.66,2.50,2.52,324962018,1689512448.000
2014-08-15,2.54,2.64,2.50,2.55,234028070,1207360000.000
2014-08-18,2.57,2.63,2.53,2.60,208857231,1082183296.000
2014-08-19,2.58,2.63,2.56,2.62,195029715,1013688512.000
2014-08-20,2.60,2.62,2.53,2.60,206117043,1068608128.000
2014-08-21,2.60,2.63,2.52,2.54,271206722,1399876480.000
2014-08-22,2.52,2.57,2.43,2.56,276696549,1391750912.000
2014-08-25,2.52,2.56,2.47,2.47,292533463,1474710400.000
2014-08-26,2.48,2.50,2.44,2.48,191153262,952296320.000
2014-08-27,2.49,2.50,2.46,2.49,111016393,553308288.000
2014-08-28,2.46,2.48,2.41,2.45,109904601,538795712.000
2014-08-29,2.43,2.46,2.38,2.39,223590814,1084339328.000
2014-09-01,2.38,2.42,2.36,2.39,110886009,531817504.000
2014-09-02,2.42,2.47,2.39,2.46,153908994,749170560.000
2014-09-03,2.46,2.49,2.44,2.49,155463766,768373824.000
2014-09-04,2.48,2.52,2.46,2.50,121677526,607728064.000
2014-09-05,2.50,2.53,2.49,2.52,150766249,758109184.000
2014-09-09,2.50,2.58,2.50,2.54,192783322,984711744.000
2014-09-10,2.53,2.57,2.52,2.53,154434926,787182272.000
2014-09-11,2.53,2.55,2.48,2.49,146465916,738030912.000
2014-09-12,2.48,2.57,2.47,2.56,210183113,1068754624.000
2014-09-15,2.55,2.76,2.53,2.71,330790418,1759257344.000
2014-09-16,2.69,2.79,2.65,2.66,286167814,1563205504.000
2014-09-17,2.67,2.76,2.65,2.72,156328106,849014528.000
2014-09-18,2.72,2.74,2.57,2.59,220877733,1170646784.000
2014-09-19,2.60,2.63,2.54,2.58,134203411,693521536.000
2014-09-22,2.54,2.59,2.53,2.55,94332625,483728128.000
2014-09-23,2.63,2.66,2.56,2.59,137241036,715389056.000
2014-09-24,2.59,2.85,2.57,2.77,356985884,1966169216.000
2014-09-25,2.78,2.92,2.76,2.81,278738854,1580813184.000
2014-09-26,2.82,2.86,2.76,2.84,254032191,1436068864.000
2014-09-29,2.88,2.91,2.83,2.88,381998831,1094514304.000
2014-09-30,2.82,2.83,2.75,2.79,438030748,1222888960.000
2014-10-08,2.81,2.85,2.77,2.83,320707511,900907264.000
2014-10-09,2.82,2.95,2.79,2.93,606469136,1738167040.000
2014-10-10,2.90,2.91,2.83,2.88,399505367,1148305664.000
2014-10-13,2.88,2.91,2.84,2.87,274038458,786093696.000
2014-10-14,2.88,2.90,2.83,2.86,288221705,826725632.000
2014-10-15,2.85,2.92,2.80,2.88,383833016,1097851776.000
2014-10-16,2.83,2.88,2.79,2.79,355512979,1007327488.000
2014-10-17,2.78,2.83,2.75,2.80,282688533,786359872.000
2014-10-20,2.80,2.82,2.76,2.79,205614149,572813440.000
2014-10-21,2.78,2.79,2.70,2.71,268017727,736230848.000
2014-10-22,2.71,2.73,2.60,2.62,278165456,737501248.000
2014-10-23,2.60,2.60,2.52,2.54,221886555,567865600.000
2014-10-24,2.54,2.62,2.54,2.58,178608926,462194656.000
2014-10-27,2.56,2.57,2.53,2.56,102829040,261931040.000
2014-10-28,2.56,2.65,2.55,2.64,189453533,494836192.000
2014-10-29,2.63,2.74,2.61,2.72,309942085,831652352.000
2014-10-30,2.69,2.78,2.68,2.77,388072135,1066943808.000
2014-10-31,2.77,2.88,2.77,2.81,539406821,1524439168.000
2014-11-03,2.82,2.86,2.77,2.84,464785589,1315412992.000
2014-11-04,2.82,2.84,2.78,2.80,343086293,961719552.000
2014-11-05,2.79,2.84,2.75,2.77,302335499,844881024.000
2014-11-06,2.78,2.78,2.69,2.74,268937472,733567744.000
2014-11-07,2.73,2.74,2.68,2.70,204964484,556102656.000
2014-11-10,2.70,2.82,2.69,2.82,394885540,1096320000.000
2014-11-11,2.82,2.86,2.71,2.75,356886029,993139072.000
2014-11-12,2.74,2.81,2.71,2.80,220140665,609016064.000
2014-11-13,2.80,3.08,2.73,3.08,987669279,2924814336.000
2014-11-14,3.08,3.25,3.04,3.07,1216549642,3804880128.000
2014-11-17,3.09,3.09,2.92,2.93,574985268,1706053120.000
2014-11-18,2.91,2.98,2.86,2.95,423865659,1239968896.000
2014-11-19,2.92,3.06,2.90,2.99,379243980,1128769664.000
2014-11-20,2.96,3.04,2.93,2.95,296137734,880653952.000
2014-11-21,2.94,2.99,2.92,2.98,274014787,809416192.000
2014-11-24,3.02,3.15,2.97,3.08,600542166,1837077120.000
2014-11-25,3.07,3.16,3.04,3.10,511428015,1588481408.000
2014-11-26,3.09,3.11,3.03,3.08,421630694,1291000448.000
2014-11-27,3.08,3.19,3.03,3.13,534904217,1661305984.000
2014-11-28,3.15,3.20,3.08,3.16,587602375,1842051456.000
2014-12-01,3.14,3.31,3.13,3.26,791421961,2540765952.000
2014-12-02,3.24,3.34,3.22,3.29,564684783,1851945344.000
2014-12-03,3.29,3.62,3.27,3.51,1188165436,4144587264.000
2014-12-04,3.54,3.78,3.49,3.74,1014170460,3661627904.000
2014-12-05,3.72,3.87,3.49,3.59,974591052,3555984896.000
2014-12-08,3.56,3.95,3.43,3.95,1141111482,4305300480.000
2014-12-09,3.97,4.35,3.80,3.88,1414379284,5804557824.000
2014-12-10,3.90,4.27,3.71,4.20,1009046751,4060672000.000
2014-12-11,4.19,4.50,4.11,4.45,1102226101,4747116032.000
2014-12-12,4.48,4.53,4.31,4.35,691485081,3028491520.000
2014-12-15,4.30,4.34,4.11,4.21,705705828,2967715328.000
2014-12-16,4.18,4.39,4.15,4.30,601470127,2562236416.000
2014-12-17,4.26,4.30,4.12,4.20,472834661,1990937088.000
2014-12-18,4.22,4.54,4.18,4.40,909706023,3996069120.000
2014-12-19,4.37,4.60,4.31,4.54,807420832,3617811968.000
2014-12-22,4.58,4.83,4.38,4.41,797903697,3645832448.000
2014-12-23,4.34,4.39,4.02,4.15,511883468,2160652288.000
2014-12-24,4.15,4.23,3.95,4.05,485138991,1967003776.000
2014-12-25,4.03,4.20,4.03,4.20,340793590,1407163520.000
2014-12-26,4.30,4.37,4.20,4.26,442378263,1888919552.000
2014-12-29,4.25,4.35,4.15,4.20,452169270,1926089728.000
2014-12-30,4.18,4.20,4.00,4.05,434186455,1764381952.000
2014-12-31,4.06,4.10,4.04,4.08,276183948,1124220032.000
2015-01-05,4.09,4.34,4.04,4.33,630493203,2671583488.000
2015-01-06,4.30,4.32,4.12,4.22,378271403,1598859136.000
2015-01-07,4.20,4.39,4.16,4.29,421052247,1810982912.000
2015-01-08,4.29,4.33,4.18,4.22,286052806,1209181056.000
2015-01-09,4.20,4.28,4.14,4.18,315758918,1329508480.000
2015-01-12,4.15,4.25,4.13,4.17,254052074,1064213184.000
2015-01-13,4.16,4.20,4.10,4.13,192847098,799099200.000
2015-01-14,4.12,4.12,3.96,4.01,289213568,1167702272.000
2015-01-15,4.04,4.13,4.00,4.13,212967673,863461952.000
2015-01-16,4.15,4.29,4.12,4.27,394081045,1662371968.000
2015-01-19,4.06,4.21,3.84,3.89,458245643,1846179072.000
2015-01-20,3.94,4.08,3.94,4.04,260865298,1049516672.000
2015-01-21,4.06,4.17,4.05,4.16,297738746,1225430784.000
2015-01-22,4.16,4.53,4.13,4.41,650032388,2850181632.000
2015-01-23,4.55,4.82,4.51,4.62,823649395,3803941120.000
2015-01-26,4.70,5.08,4.63,5.08,1109592829,5505352704.000
2015-01-27,5.19,5.24,4.92,5.07,999605188,5063196160.000
2015-01-28,4.99,5.18,4.90,5.08,579024862,2933598976.000
2015-01-29,5.09,5.17,4.96,5.03,469044030,2373588480.000
2015-01-30,5.04,5.12,4.98,5.00,382721028,1926336384.000
2015-02-02,4.89,5.47,4.86,5.33,778374617,4059310080.000
2015-02-03,5.32,5.45,5.25,5.31,400091125,2134483712.000
2015-02-04,5.34,5.55,5.32,5.33,485601633,2633744640.000
2015-02-05,5.37,5.41,4.90,4.98,521587058,2712807680.000
2015-02-06,4.94,5.04,4.59,4.74,614978567,2910769664.000
2015-02-09,4.70,4.79,4.61,4.72,275520079,1296077568.000
2015-02-10,4.71,4.89,4.69,4.84,243654379,1172203264.000
2015-02-11,4.85,5.04,4.83,5.02,276425570,1374077568.000
2015-02-12,5.01,5.01,4.77,4.87,299828770,1466243328.000
2015-02-13,4.87,5.00,4.87,4.89,277977871,1373040512.000
2015-02-16,4.92,4.96,4.77,4.90,273848670,1332870528.000
2015-02-17,4.91,4.94,4.86,4.89,191658501,938946432.000
2015-02-25,4.90,4.95,4.84,4.90,175581797,858587392.000
2015-02-26,4.91,5.11,4.85,5.09,340706182,1702648064.000
2015-02-27,5.09,5.24,5.05,5.14,376790703,1945163904.000
2015-03-02,5.20,5.32,5.14,5.21,372693635,1945481856.000
2015-03-03,5.20,5.20,5.01,5.06,350732960,1789820928.000
2015-03-04,5.06,5.09,4.96,5.04,220343852,1107396480.000
2015-03-05,5.00,5.00,4.91,4.94,231524516,1141979648.000
2015-03-06,4.93,5.29,4.88,5.16,519731496,2666054912.000
2015-03-09,5.12,5.18,5.01,5.15,251961668,1287489536.000
2015-03-10,5.18,5.36,5.15,5.19,273585234,1430501248.000
2015-03-11,5.23,5.28,5.11,5.18,215406724,1116657792.000
2015-03-12,5.20,5.34,5.14,5.31,365124187,1917532416.000
2015-03-13,5.36,5.84,5.31,5.82,688623870,3804807680.000
2015-03-16,5.92,6.16,5.70,6.03,658167474,3908857856.000
2015-03-17,6.04,6.16,5.93,5.99,519275433,3134780672.000
2015-03-18,5.98,6.34,5.95,6.15,542628944,3341837312.000
2015-03-19,6.15,6.30,6.02,6.26,536001435,3301132544.000
2015-03-20,6.26,6.41,6.10,6.17,486166417,3022917888.000
2015-03-23,6.09,6.24,6.00,6.15,499853453,3055819520.000
2015-03-24,6.18,6.46,6.08,6.27,715178711,4467332096.000
2015-03-25,6.20,6.26,6.07,6.11,413327085,2536514560.000
2015-03-26,6.09,6.27,5.92,6.20,482610219,2958612224.000
2015-03-27,6.18,6.42,6.15,6.29,476898967,2999892224.000
2015-03-30,6.60,6.67,6.03,6.13,1042959770,6530056192.000
2015-03-31,6.06,6.07,5.88,5.92,781779340,4662593024.000
2015-04-01,5.89,6.06,5.86,5.97,512277590,3048800256.000
2015-04-02,5.99,6.02,5.84,5.90,465933404,2756610304.000
2015-04-03,5.87,6.00,5.82,5.97,456712382,2708545024.000
2015-04-07,5.95,6.06,5.93,6.01,557928518,3346736896.000
2015-04-08,6.03,6.09,5.90,6.07,656535918,3948546560.000
2015-04-09,6.13,6.18,5.91,6.01,534139467,3214454016.000
2015-04-10,6.01,6.09,5.94,6.04,484329322,2920539136.000
数据来源:通达信
