600372 中航电子 日线 前复权
      日期	    开盘	    最高	    最低	    收盘	    成交量	    成交额
2011-03-02,16.59,16.86,16.43,16.82,2927380,102270888.000
2011-03-03,16.86,17.61,16.69,17.25,3877455,140254256.000
2011-03-04,17.31,17.84,17.04,17.70,3920192,142623136.000
2011-03-07,17.75,18.11,17.44,17.61,2353603,87210264.000
2011-03-08,17.51,18.26,17.51,18.22,3849820,145105920.000
2011-03-09,18.33,18.46,18.06,18.38,2298852,87893344.000
2011-03-10,18.33,18.49,18.12,18.32,2766808,105890944.000
2011-03-11,18.28,18.45,18.08,18.20,2316043,88298024.000
2011-03-14,18.00,18.36,17.94,18.27,2617658,99524928.000
2011-03-15,18.18,18.32,17.87,18.23,3397231,128312952.000
2011-03-17,18.42,18.42,17.65,17.70,2869879,108558008.000
2011-03-18,17.79,18.08,17.75,17.93,2362624,88526360.000
2011-03-21,17.94,18.79,17.94,18.67,3915258,151707968.000
2011-03-22,18.71,18.88,18.47,18.76,2350101,91824176.000
2011-03-23,18.89,19.42,18.47,19.23,4450908,176251760.000
2011-03-24,19.22,20.20,19.14,20.20,3548003,148114224.000
2011-03-25,20.63,21.21,20.21,21.21,3360440,147720288.000
2011-03-28,21.92,22.28,21.25,21.65,8170301,372197504.000
2011-03-29,21.67,22.51,20.83,21.95,4261803,196662224.000
2011-03-30,21.79,21.98,20.85,20.85,3250653,142974576.000
2011-03-31,19.80,20.06,19.80,19.80,1831000,75759032.000
2011-04-01,18.81,20.80,18.81,20.80,7709493,320773696.000
2011-04-06,21.53,21.84,20.52,21.84,4754805,213370976.000
2011-04-07,22.36,22.36,21.55,22.19,3875289,177941872.000
2011-04-08,22.17,22.70,21.08,21.08,6532496,296846208.000
2011-04-11,21.04,21.83,20.20,21.53,4521480,199231248.000
2011-04-12,21.53,22.00,21.01,21.06,2648119,118248128.000
2011-04-13,20.87,21.23,20.69,21.08,1378276,60566132.000
2011-04-14,21.11,21.46,20.94,21.18,1114380,49561696.000
2011-04-15,21.19,21.54,20.97,21.29,1719242,76162920.000
2011-04-18,21.27,21.45,20.95,21.20,1462202,64605024.000
2011-04-19,21.26,21.31,20.58,20.87,2720824,119318480.000
2011-04-20,20.77,20.87,20.39,20.55,2062330,88609856.000
2011-04-21,20.45,21.14,20.45,21.00,1749585,76111480.000
2011-04-22,21.04,21.99,20.83,21.70,1959361,88347272.000
2011-04-25,21.72,22.27,21.23,21.47,1498079,67676712.000
2011-04-26,21.31,21.67,21.07,21.24,799748,35566024.000
2011-04-27,21.22,21.49,20.61,20.97,1080503,47569688.000
2011-04-28,20.91,21.31,20.32,20.49,1768184,77092112.000
2011-04-29,20.49,20.63,19.49,20.50,1947858,82406424.000
2011-05-03,20.63,20.81,20.24,20.43,1136123,48602832.000
2011-05-04,20.34,20.49,19.86,20.01,2241294,93898104.000
2011-05-05,20.15,20.34,19.89,20.20,1250465,52701656.000
2011-05-06,20.06,21.21,19.72,21.21,2977000,130505192.000
2011-05-09,21.52,21.69,21.21,21.38,1808555,81118584.000
2011-05-10,21.49,21.90,21.16,21.79,1278535,57718796.000
2011-05-11,21.79,21.92,21.56,21.71,1036838,47119392.000
2011-05-12,21.71,22.09,21.45,21.46,1340940,60920568.000
2011-05-13,21.35,21.54,21.00,21.42,1005000,44687896.000
2011-05-16,21.15,21.64,21.15,21.39,569661,25388116.000
2011-05-17,21.63,21.63,21.21,21.42,798195,35735148.000
2011-05-18,21.40,21.67,21.26,21.49,545421,24468584.000
2011-05-19,21.58,21.81,21.50,21.75,937853,42369432.000
2011-05-23,21.76,21.79,20.93,20.95,1842003,81916608.000
2011-05-24,20.97,21.07,20.20,20.53,1690824,72525032.000
2011-05-25,20.53,21.21,20.40,20.98,1720109,75207112.000
2011-05-26,20.97,21.18,20.68,20.81,740244,32349558.000
2011-05-27,20.67,20.93,19.77,19.77,2321491,96447832.000
2011-05-30,20.10,20.73,19.72,20.07,2677772,114118288.000
2011-05-31,20.28,20.29,19.53,20.09,1022002,42466920.000
2011-06-03,20.92,22.08,20.49,21.74,7994857,360889088.000
2011-06-07,21.34,21.73,21.34,21.54,1664138,74858720.000
2011-06-08,21.54,22.18,21.35,21.90,1836850,84025968.000
2011-06-09,21.90,22.74,21.69,22.27,3361524,157176368.000
2011-06-10,22.12,22.48,21.83,22.18,1690701,78134080.000
2011-06-13,21.93,22.33,20.88,21.45,1756461,79076592.000
2011-06-14,21.44,21.88,21.27,21.71,1415253,63900976.000
2011-06-15,21.71,21.96,21.09,21.18,1019180,45672688.000
2011-06-16,21.02,21.03,20.18,20.34,2139335,91885648.000
2011-06-17,20.29,20.63,20.00,20.10,1140950,48357372.000
2011-06-20,20.10,20.20,19.55,20.10,1394997,58299136.000
2011-06-21,20.27,20.27,19.81,20.20,835947,35219716.000
2011-06-22,20.30,20.30,19.96,20.02,511600,21468846.000
2011-06-23,20.02,20.28,19.63,20.16,903081,37849300.000
2011-06-24,20.20,21.17,19.88,20.91,2256199,97215952.000
2011-06-27,20.97,20.97,20.53,20.92,1841534,80060088.000
2011-06-28,20.92,21.02,20.49,20.67,1126200,48560024.000
2011-06-29,20.58,20.70,20.01,20.05,1352610,57301672.000
2011-06-30,20.01,20.41,19.96,20.09,935163,39465124.000
2011-07-01,20.10,20.34,19.86,19.96,901254,37758828.000
2011-07-04,19.94,20.48,19.94,20.34,1654152,69953496.000
2011-07-05,20.44,20.44,19.84,19.98,1994722,83598304.000
2011-07-06,20.03,20.15,19.58,19.62,2783850,115383712.000
2011-07-07,19.60,20.17,19.55,19.65,3082872,127403776.000
2011-07-08,19.70,19.73,18.83,19.07,4280156,171388672.000
2011-07-11,19.04,19.19,18.85,19.18,2056251,81572576.000
2011-07-12,19.18,19.72,19.06,19.33,1911020,77502432.000
2011-07-13,19.61,19.61,19.24,19.43,1081510,43911568.000
2011-07-14,19.36,19.43,19.05,19.14,1822895,73116040.000
2011-07-15,19.14,19.38,18.95,19.20,1797338,71923576.000
2011-07-18,19.30,20.22,18.22,20.09,3648683,147860272.000
2011-07-19,19.90,20.37,19.90,20.18,2113351,88978408.000
2011-07-20,20.25,20.66,20.13,20.28,2700603,115283360.000
2011-07-21,20.13,20.67,20.10,20.16,2464126,105095776.000
2011-07-22,20.20,20.79,20.20,20.59,2369676,102021336.000
2011-07-25,20.44,20.68,19.95,19.95,1912929,80893064.000
2011-07-26,19.95,20.33,19.86,20.16,942443,39680768.000
2011-07-27,20.14,20.33,19.94,20.20,1149454,48475004.000
2011-07-28,20.18,20.23,19.92,20.01,889466,37202704.000
2011-07-29,19.97,20.06,19.48,19.72,1466956,60299144.000
2011-08-01,19.62,19.83,19.29,19.60,662090,27145234.000
2011-08-02,19.67,19.67,19.19,19.23,685739,27613644.000
2011-08-03,19.23,19.52,18.95,19.50,835067,33735812.000
2011-08-04,19.67,19.91,19.53,19.62,478180,19688982.000
2011-08-05,19.55,19.74,18.52,19.59,1043283,42264088.000
2011-08-08,19.19,19.70,18.66,19.59,2509238,101011040.000
2011-08-09,19.08,19.65,18.61,19.58,1635411,65834408.000
2011-08-10,19.73,20.32,19.73,19.97,2245980,94189768.000
2011-08-11,19.86,20.08,19.65,20.06,691707,28903360.000
2011-08-12,20.33,20.33,19.86,20.01,869175,36439604.000
2011-08-15,20.03,20.10,19.76,19.96,600260,25047496.000
2011-08-16,19.92,20.08,19.77,19.83,535009,22218244.000
2011-08-17,19.76,19.90,19.62,19.77,708627,29193166.000
2011-08-18,19.77,21.28,19.77,20.45,2379592,101901024.000
2011-08-19,20.20,20.73,20.10,20.48,1482027,63418844.000
2011-08-22,20.49,20.77,20.30,20.49,721650,30984172.000
2011-08-23,20.39,20.83,20.34,20.35,1935301,83073576.000
2011-08-24,20.52,20.73,20.35,20.49,823954,35427564.000
2011-08-25,20.46,20.66,20.43,20.59,1010818,43370692.000
2011-08-26,20.58,20.67,20.40,20.61,783277,33629448.000
2011-08-29,20.44,20.83,20.40,20.46,691800,29670188.000
2011-08-30,20.13,20.13,18.41,18.41,7986845,312015104.000
2011-08-31,17.89,18.23,17.22,18.06,4125646,153479968.000
2011-09-01,17.88,18.01,17.55,17.68,1846840,68439296.000
2011-09-02,17.66,17.69,16.38,16.46,3167984,111944536.000
2011-09-05,16.35,16.59,16.12,16.49,2225758,76299120.000
2011-09-06,16.47,16.47,16.21,16.26,1262402,43010080.000
2011-09-07,16.26,16.47,16.15,16.29,1068904,36443392.000
2011-09-08,16.46,16.46,15.67,15.76,1197092,40304968.000
2011-09-09,15.81,16.02,15.35,15.70,1195614,39177368.000
2011-09-13,15.58,15.58,14.96,14.97,1469921,46938272.000
2011-09-14,15.08,15.20,14.14,15.01,2240446,68670936.000
2011-09-15,14.95,15.09,14.77,14.90,996067,31118608.000
2011-09-16,14.95,15.21,14.86,15.20,1193170,37750544.000
2011-09-19,15.19,16.60,14.89,16.34,2681899,89159584.000
2011-09-20,16.23,16.54,15.83,16.29,1738721,59147728.000
2011-09-21,16.34,16.49,16.14,16.43,1190378,40857040.000
2011-09-22,16.35,17.02,16.21,16.43,1582862,55108528.000
2011-09-23,16.06,16.35,15.78,16.03,780810,26315288.000
2011-09-26,15.78,16.25,15.16,15.20,1176078,38219752.000
2011-09-27,15.08,15.49,15.06,15.19,804318,25579312.000
2011-09-28,15.31,15.32,14.76,14.82,867614,27256430.000
2011-09-29,14.58,14.99,14.33,14.54,1030894,31247752.000
2011-09-30,14.55,14.58,14.09,14.34,920016,27579660.000
2011-10-10,14.43,14.95,13.87,13.98,1300629,38836460.000
2011-10-11,14.14,14.33,12.84,13.09,1786844,50691468.000
2011-10-12,13.08,14.09,12.90,13.83,1278931,36378436.000
2011-10-13,13.95,14.04,13.68,13.76,992750,28807120.000
2011-10-14,13.53,14.17,13.53,14.06,1099841,31906452.000
2011-10-17,14.06,14.58,14.06,14.52,1602624,48031600.000
2011-10-18,14.40,15.50,14.40,14.96,4276810,134291376.000
2011-10-19,15.04,15.04,14.09,14.34,1815648,55260576.000
2011-10-20,14.33,14.50,13.40,13.71,1127105,32724614.000
2011-10-21,13.76,14.09,13.54,13.79,1149796,33236104.000
2011-10-24,14.01,14.38,13.85,14.17,2504011,74193104.000
2011-10-25,14.33,14.66,14.08,14.54,1325590,39950504.000
2011-10-26,14.39,14.82,14.38,14.58,921439,28293326.000
2011-11-10,15.77,16.05,15.33,16.05,2331863,77388768.000
2011-11-11,16.44,17.22,16.06,16.20,3117816,107875264.000
2011-11-14,16.50,16.58,15.95,16.06,1898016,63928356.000
2011-11-15,16.18,16.18,15.49,15.65,3091761,101337984.000
2011-11-16,15.71,15.76,15.09,15.24,1750379,56441348.000
2011-11-17,15.48,15.58,15.01,15.06,2576403,82257080.000
2011-11-18,14.94,15.20,14.92,15.04,2819379,88818368.000
2011-11-21,15.09,15.09,14.88,14.95,1187735,37081512.000
2011-11-22,14.74,14.98,14.56,14.76,1443260,44563304.000
2011-11-23,14.76,14.90,14.48,14.50,684538,20905954.000
2011-11-24,14.41,14.58,14.29,14.41,808068,24369376.000
2011-11-25,14.37,14.52,14.33,14.38,380034,11472241.000
2011-11-28,14.38,14.45,14.17,14.29,421597,12632900.000
2011-11-29,14.39,14.57,14.27,14.44,1459206,43909872.000
2011-11-30,14.38,14.47,12.98,13.41,3587031,100914648.000
2011-12-01,13.71,13.99,13.33,13.35,1988801,56691308.000
2011-12-02,13.37,13.56,12.78,12.87,2417632,65341664.000
2011-12-05,12.89,12.89,11.83,12.02,2743421,70435520.000
2011-12-06,12.01,12.62,12.01,12.45,1741538,45015808.000
2011-12-07,12.41,13.02,12.33,12.70,1150196,30665000.000
2011-12-08,12.56,12.94,12.56,12.75,816715,21806588.000
2011-12-09,12.65,12.83,12.32,12.41,808893,21346840.000
2011-12-12,12.60,12.60,11.74,11.78,1549333,39044544.000
2011-12-13,11.73,11.73,10.91,11.08,1703239,40207696.000
2011-12-14,11.00,11.26,10.96,11.11,1786604,41706672.000
2011-12-16,10.97,11.39,10.39,11.33,1784292,41243136.000
2011-12-19,11.30,11.64,10.97,11.59,1301088,30936426.000
2011-12-20,11.45,11.73,11.45,11.59,1089515,26505640.000
2011-12-21,11.69,12.21,11.56,11.58,1432237,35789280.000
2011-12-22,11.50,11.65,10.87,10.93,2014524,46843904.000
2011-12-23,10.73,11.00,10.68,10.69,1249608,28293758.000
2011-12-26,10.69,10.99,10.49,10.87,1102045,25084984.000
2011-12-27,10.96,10.96,10.75,10.87,489635,11152192.000
2011-12-28,10.59,11.09,10.59,11.05,1001259,22645964.000
2011-12-29,10.92,11.35,10.92,11.29,745799,17533476.000
2011-12-30,11.20,11.82,11.20,11.57,2037548,49700172.000
2012-01-04,11.60,11.78,11.27,11.29,712617,17197488.000
2012-01-05,11.16,11.21,10.87,10.98,836831,19366694.000
2012-01-06,11.19,11.49,10.92,11.40,1018982,23795510.000
2012-01-09,11.43,11.72,11.30,11.58,1726026,41622956.000
2012-01-10,11.68,11.94,11.45,11.84,2581864,63355152.000
2012-01-11,11.69,12.11,11.69,12.08,2851934,71776640.000
2012-01-12,12.17,12.22,11.89,12.00,1659719,42004920.000
2012-01-13,12.11,12.11,11.69,11.76,1181775,29432960.000
2012-01-16,11.95,11.95,11.50,11.69,525070,12913138.000
2012-01-17,11.79,12.11,11.58,12.00,1982370,49383228.000
2012-01-18,12.03,12.14,11.79,11.82,1685133,42287812.000
2012-01-19,11.92,12.05,11.41,11.58,839158,20734816.000
2012-01-20,11.60,11.78,11.44,11.48,1519305,36594860.000
2012-01-30,11.45,11.76,11.35,11.62,907178,22052318.000
2012-01-31,11.61,11.77,11.55,11.74,407459,9952975.000
2012-02-01,11.69,11.73,11.40,11.45,897213,21676848.000
2012-02-02,11.57,11.57,11.35,11.53,827353,19821936.000
2012-02-03,11.45,11.93,11.40,11.85,2264589,55400756.000
2012-02-06,11.95,11.97,11.82,11.88,1146880,28536948.000
2012-02-07,11.77,11.87,11.62,11.73,872608,21467824.000
2012-02-08,11.72,12.20,11.62,12.19,4046378,101919056.000
2012-02-09,12.21,12.51,12.10,12.34,2229566,57492488.000
2012-02-10,12.20,12.44,11.98,12.23,1441321,36977648.000
2012-02-13,11.88,12.58,11.88,12.28,1363944,35146208.000
2012-02-14,12.24,12.86,12.24,12.79,2583052,68399584.000
2012-02-15,12.76,13.25,12.71,13.18,2211061,60458356.000
2012-02-16,13.23,13.52,12.94,13.16,1575557,43603216.000
2012-02-17,13.18,13.34,13.08,13.29,1122903,31128002.000
2012-02-20,13.53,14.08,13.40,13.60,2171074,62283984.000
2012-02-21,13.58,13.84,13.48,13.72,1411551,40435344.000
2012-02-22,13.78,13.91,13.54,13.88,1497840,43169792.000
2012-02-23,13.84,13.90,13.66,13.84,1360140,39211352.000
2012-02-24,13.81,13.83,13.45,13.62,2145841,60975928.000
2012-02-27,13.60,13.89,13.27,13.76,5325283,150080432.000
2012-02-28,13.59,13.68,13.35,13.48,1942720,55029780.000
2012-02-29,13.45,13.74,13.33,13.65,2598302,73939936.000
2012-03-01,13.79,13.90,13.54,13.69,2122386,61004264.000
2012-03-02,13.79,14.14,13.57,13.95,2468444,71387952.000
2012-03-05,14.09,14.29,13.97,14.02,1828729,53953832.000
2012-03-06,14.00,14.10,13.59,13.75,1819461,52555376.000
2012-03-07,13.75,14.03,13.51,13.75,1100518,31716120.000
2012-03-08,13.76,13.95,13.65,13.79,1605627,46387032.000
2012-03-09,13.76,14.19,13.76,14.13,2505190,73689376.000
2012-03-12,14.18,14.27,14.00,14.22,1021270,30264448.000
2012-03-13,14.25,14.28,13.85,13.95,1664787,48896112.000
2012-03-14,13.95,14.09,12.99,13.07,2556916,72884664.000
2012-03-15,13.02,13.22,13.01,13.14,2190623,60171944.000
2012-03-16,13.13,13.33,12.98,13.14,1829194,50255888.000
2012-03-19,12.99,13.20,12.94,13.15,1909932,52266988.000
2012-03-20,13.13,13.13,12.41,12.83,915874,24762190.000
2012-03-21,13.01,13.18,12.70,12.84,1103829,29849676.000
2012-03-22,12.84,13.08,12.42,12.56,686120,18339500.000
2012-03-23,12.60,12.77,12.33,12.35,903231,23515256.000
2012-03-26,12.35,12.45,12.24,12.38,506365,13087164.000
2012-03-27,12.41,12.64,12.41,12.53,664413,17441822.000
2012-03-28,12.44,12.59,11.80,11.87,1040954,26409804.000
2012-03-29,11.69,11.98,11.39,11.48,1027041,24898320.000
2012-04-05,11.45,11.88,11.41,11.81,1769043,42889920.000
2012-04-06,11.79,11.91,11.63,11.73,1246140,30674008.000
2012-04-09,11.82,12.05,11.73,11.88,931706,23260956.000
2012-04-10,11.93,12.04,11.62,11.88,899519,22272828.000
2012-04-11,11.79,12.06,11.74,11.89,1264722,31597196.000
2012-04-12,11.93,13.09,11.93,12.91,2932060,78337216.000
2012-04-13,12.86,13.20,12.74,12.91,1970545,53523964.000
2012-04-16,12.92,13.12,12.85,12.98,1044597,28356530.000
2012-04-17,12.99,13.12,12.85,12.94,834579,22662126.000
2012-04-18,13.00,13.27,12.88,13.20,1564055,42784036.000
2012-04-19,13.53,13.53,13.09,13.11,874436,15129476.000
2012-04-20,12.98,13.11,12.85,12.90,1883322,31907686.000
2012-04-23,12.90,13.51,12.80,13.37,3293925,57010584.000
2012-04-24,13.30,13.30,12.81,12.98,3313345,56477520.000
2012-04-25,12.89,13.26,12.89,12.97,1305087,22198012.000
2012-04-26,12.97,13.20,12.91,13.10,1484322,25371408.000
2012-04-27,13.10,13.17,12.92,13.05,989122,16895494.000
2012-05-02,13.23,13.37,13.07,13.35,2676469,46283084.000
2012-05-03,13.23,14.14,13.22,13.95,5732760,104209152.000
2012-05-04,13.92,15.36,13.76,15.13,9852142,190488832.000
2012-05-07,15.27,15.43,14.84,15.21,5156372,102320704.000
2012-05-08,15.08,15.29,14.66,15.07,4563878,89454760.000
2012-05-09,15.07,15.28,14.83,14.90,3944056,77740720.000
2012-05-10,15.07,15.16,14.80,14.84,2388352,46656528.000
2012-05-11,14.69,15.05,14.69,15.00,2251558,43918300.000
2012-05-14,15.30,16.30,14.95,15.57,9421704,192045824.000
2012-05-15,15.38,15.74,14.99,15.40,4123458,82446816.000
2012-05-16,15.46,15.46,14.83,14.88,2161845,42525928.000
2012-05-17,14.88,15.05,14.26,14.64,3374149,64466072.000
2012-05-18,14.60,14.60,13.87,14.08,3102660,57560944.000
2012-05-21,14.09,14.53,13.70,14.52,2295359,42192760.000
2012-05-22,14.45,14.72,14.45,14.67,1508744,28742552.000
2012-05-23,14.67,14.67,14.30,14.43,1286744,24361360.000
2012-05-24,14.43,14.65,14.22,14.32,705770,13306971.000
2012-05-25,14.30,14.55,14.03,14.06,874727,16253238.000
2012-05-28,14.07,14.14,13.83,14.03,1890169,34645720.000
2012-05-29,14.05,14.52,14.03,14.30,1645819,30776268.000
2012-05-30,14.28,14.45,14.22,14.35,1124654,21061728.000
2012-05-31,14.35,14.60,14.14,14.47,1253135,23779982.000
2012-06-01,14.60,14.63,14.07,14.20,1465118,27491196.000
2012-06-04,13.91,14.07,13.50,13.56,1887517,34149536.000
2012-06-05,13.64,13.83,13.46,13.54,1567654,27931612.000
2012-06-06,13.67,13.91,13.51,13.57,1002258,17805404.000
2012-06-07,13.73,13.77,13.37,13.37,858650,15176733.000
2012-06-08,13.38,13.73,13.33,13.55,1014362,17931452.000
2012-06-11,13.63,13.92,13.63,13.91,1038491,18785720.000
2012-06-12,14.10,14.10,13.67,13.76,770790,13927783.000
2012-06-13,13.75,14.05,13.53,14.02,1121081,20203834.000
2012-06-14,13.93,14.26,13.87,14.00,1485927,27268140.000
2012-06-15,13.93,14.14,13.90,14.10,1441213,26477362.000
2012-06-18,14.14,14.24,13.92,14.07,1911931,35303264.000
2012-06-19,13.99,14.10,13.70,13.95,1159806,21082286.000
2012-06-20,14.13,14.17,13.85,13.96,630243,11527287.000
2012-06-21,13.90,13.90,13.61,13.61,834918,15003115.000
2012-06-25,13.60,13.76,13.37,13.39,722290,12885651.000
2012-06-26,13.58,13.58,13.33,13.38,824207,14491062.000
2012-06-27,13.36,13.50,13.23,13.41,1165008,20373836.000
2012-06-28,13.45,13.76,13.30,13.75,1271738,22287898.000
2012-07-02,13.77,13.91,13.45,13.70,1002565,17959764.000
2012-07-03,13.70,13.83,13.51,13.67,683805,12285387.000
2012-07-04,13.67,13.83,13.60,13.80,959820,17225624.000
2012-07-05,13.65,13.99,13.53,13.87,1867324,33736816.000
2012-07-06,13.99,14.10,13.77,13.91,1193311,21798836.000
2012-07-09,13.91,13.95,13.55,13.58,1047224,18922318.000
2012-07-10,13.47,13.70,13.38,13.43,834355,14728893.000
2012-07-11,13.43,13.73,13.38,13.51,537784,9488545.000
2012-07-12,13.59,13.59,12.95,13.08,1986837,34182936.000
2012-07-13,12.98,13.24,12.43,12.44,1613144,26985840.000
2012-07-16,12.55,12.55,12.08,12.38,1573355,25161012.000
2012-07-17,12.40,12.68,12.31,12.56,924363,15114602.000
2012-07-18,12.67,12.68,12.49,12.67,581566,9599247.000
2012-07-19,12.68,13.24,12.68,13.23,2074401,35517380.000
2012-07-20,13.33,13.43,13.10,13.21,1417618,24641908.000
2012-07-23,13.15,13.98,12.95,13.71,3417308,61117248.000
2012-07-24,13.73,13.81,13.52,13.57,809406,14440202.000
2012-07-25,13.52,13.80,13.33,13.37,1207851,21495864.000
2012-07-26,13.58,13.58,13.10,13.17,991482,17240584.000
2012-07-27,13.14,13.37,13.14,13.35,746774,12915727.000
2012-07-30,13.35,13.57,13.22,13.29,753659,13170794.000
2012-07-31,13.13,13.34,12.83,12.94,1011250,17260340.000
2012-08-01,12.91,13.30,12.91,13.07,633957,10855406.000
2012-08-02,12.88,13.27,12.53,12.96,1164221,19825860.000
2012-08-03,12.96,13.16,12.84,13.13,512633,8748218.000
2012-08-06,13.18,13.34,13.13,13.30,1836940,31864540.000
2012-08-07,13.30,13.76,13.24,13.70,3040733,53898132.000
2012-08-08,13.62,13.83,13.59,13.66,1736705,31138172.000
2012-08-09,13.72,14.20,13.60,14.08,3159160,57818404.000
2012-08-10,14.14,14.45,13.99,14.31,2984123,55850484.000
2012-08-13,14.23,14.45,13.76,13.99,2086277,38846184.000
2012-08-14,14.07,14.29,13.64,13.96,3861904,70445848.000
2012-08-15,13.97,14.87,13.70,14.78,6575537,124017760.000
2012-08-16,14.69,15.45,14.68,15.30,7038160,140107184.000
2012-08-17,15.22,15.32,14.85,15.23,5137537,102104704.000
2012-08-20,14.97,15.28,14.90,15.10,2431479,47973864.000
2012-08-21,15.20,15.64,15.16,15.46,4265258,86391544.000
2012-08-22,15.30,15.61,15.20,15.23,1729130,34826448.000
2012-08-23,15.22,15.45,15.10,15.44,2269036,45488892.000
2012-08-24,15.44,15.53,15.18,15.23,2128304,42805184.000
2012-08-27,15.26,15.33,14.19,14.68,1899786,36738012.000
2012-08-28,14.82,15.21,14.67,14.90,2826050,55111144.000
2012-08-29,14.60,15.22,14.59,14.92,2941162,57679428.000
2012-08-30,14.91,15.03,14.42,14.48,1643947,31494888.000
2012-08-31,14.41,14.79,14.41,14.60,1265329,24220726.000
2012-09-03,14.53,14.76,14.31,14.69,1168868,22319992.000
2012-09-04,14.60,15.18,14.60,15.03,2494420,48803232.000
2012-09-05,15.03,15.46,14.88,15.27,2628162,52529084.000
2012-09-06,15.26,15.33,14.99,15.20,1000378,19779832.000
2012-09-07,15.33,15.68,15.22,15.53,4608099,93148216.000
2012-09-10,15.46,15.71,15.27,15.49,3023395,60981824.000
2012-09-11,15.67,16.03,15.45,15.51,4163575,85419568.000
2012-09-12,15.50,15.64,14.76,15.32,5498316,108831776.000
2012-09-13,15.20,15.93,14.97,15.46,7681104,155048832.000
2012-09-14,15.45,15.45,14.91,15.03,4061478,80387624.000
2012-09-17,15.18,15.28,14.76,14.83,2951292,58296808.000
2012-09-18,14.77,14.79,14.35,14.37,2325864,44339672.000
2012-09-19,14.45,14.60,14.23,14.37,1489771,28145080.000
2012-09-20,14.40,14.71,14.10,14.40,1646108,30939668.000
2012-09-21,14.37,14.78,13.71,14.50,2483439,45824916.000
2012-09-24,14.80,14.80,13.76,13.83,2874691,53315720.000
2012-09-25,13.83,14.44,13.80,14.12,2691892,49593444.000
2012-09-26,14.08,14.08,13.22,13.67,2996732,53292672.000
2012-09-27,13.67,13.90,13.34,13.77,3941134,70374192.000
2012-09-28,13.50,13.89,13.50,13.78,1871466,33416960.000
2012-10-08,13.78,13.90,13.37,13.51,2039368,36158192.000
2012-10-09,13.51,13.76,13.46,13.72,2669834,47644568.000
2012-10-10,13.72,13.98,13.57,13.97,2295967,41425516.000
2012-10-11,13.99,14.12,13.72,13.77,1812691,32767620.000
2012-10-12,13.83,13.90,13.60,13.63,1249069,22454712.000
2012-10-15,13.73,13.87,13.57,13.76,1297443,23319460.000
2012-10-16,13.77,13.87,13.60,13.67,937546,16818306.000
2012-10-17,13.80,13.80,13.57,13.67,609287,10892626.000
2012-10-18,13.82,13.82,13.61,13.76,1397550,25144180.000
2012-10-19,13.76,13.82,13.67,13.77,1153686,20734126.000
2012-10-22,13.87,13.90,13.42,13.64,2020912,35987168.000
2012-10-23,13.63,13.64,12.84,13.10,4164159,72454272.000
2012-10-24,13.03,13.20,12.51,12.63,3142818,52344088.000
2012-10-25,12.67,12.90,12.49,12.63,2377930,39400368.000
2012-10-26,12.63,12.73,12.19,12.38,2489072,40133884.000
2012-10-29,12.22,12.46,12.18,12.27,1097008,17662290.000
2012-10-30,12.37,12.44,12.16,12.23,1010852,16203573.000
2012-10-31,12.19,12.26,11.45,11.72,2662921,41144200.000
2012-11-01,11.73,11.90,11.66,11.80,2402484,37065768.000
2012-11-02,11.83,11.83,11.67,11.73,2639405,40495496.000
2012-11-05,11.68,11.79,11.40,11.48,3542769,53675976.000
2012-11-06,11.45,11.52,11.11,11.37,2753077,40600432.000
2012-11-07,11.13,11.62,11.13,11.58,2583441,38942772.000
2012-11-08,11.57,11.57,11.28,11.37,1351519,20213928.000
2012-11-09,11.36,11.50,11.30,11.37,746913,11151094.000
2012-11-12,11.56,11.91,11.38,11.90,4683693,71983992.000
2012-11-13,11.93,11.99,11.63,11.67,2273655,34985460.000
2012-11-14,11.78,11.78,11.28,11.37,1600851,24067832.000
2012-11-15,11.30,11.31,11.02,11.09,1625876,23745138.000
2012-11-16,11.07,11.07,10.37,10.80,2366516,33022852.000
2012-11-19,10.80,10.80,10.43,10.62,1644159,22838060.000
2012-11-20,10.60,10.72,10.50,10.53,838521,11615223.000
2012-11-21,10.53,10.67,10.28,10.64,1202344,16574564.000
2012-11-22,10.57,10.63,10.27,10.30,1042756,14199999.000
2012-11-23,10.37,10.67,10.27,10.28,2540515,34856736.000
2012-11-26,10.37,10.57,10.37,10.47,1386599,19030474.000
2012-11-27,10.30,10.45,10.06,10.13,1432664,19106920.000
2012-11-28,10.06,10.06,9.23,9.57,1851965,23410432.000
2012-11-29,9.45,9.63,8.97,8.97,2399420,29034420.000
2012-11-30,9.07,9.18,8.93,9.13,2852490,33855956.000
2012-12-10,10.05,10.05,10.05,10.05,847553,11170749.000
2012-12-11,10.68,11.07,10.47,11.07,14345257,204281600.000
2012-12-12,10.95,10.95,10.60,10.81,6350236,89398152.000
2012-12-13,10.76,10.76,10.30,10.39,4619397,63346876.000
2012-12-14,10.39,10.95,10.30,10.88,7866383,110529984.000
2012-12-17,10.89,11.05,10.68,10.82,4563381,64825824.000
2012-12-18,10.76,11.07,10.69,10.87,4300043,61507532.000
2012-12-19,10.86,11.06,10.76,10.96,3755225,53720144.000
2012-12-20,10.94,10.94,10.63,10.79,3395035,47850080.000
2012-12-21,10.78,11.03,10.71,10.90,3066635,43670788.000
2012-12-24,10.90,11.72,10.87,11.55,6890312,102572472.000
2012-12-25,11.51,11.67,11.27,11.61,4331210,65358100.000
2012-12-26,11.65,11.74,11.47,11.73,3572759,54276824.000
2012-12-27,11.80,12.13,11.49,11.72,5979003,92292888.000
2012-12-28,11.80,12.05,11.68,11.88,3355528,52064992.000
2012-12-31,11.95,12.15,11.83,12.10,3327097,52399180.000
2013-01-04,12.21,12.23,11.79,11.83,4551223,71198096.000
2013-01-07,11.80,11.98,11.27,11.38,16751586,253838480.000
2013-01-08,11.40,12.53,11.40,12.47,17671502,280948896.000
2013-01-09,12.42,12.74,12.15,12.45,9056352,148196416.000
2013-01-10,12.38,12.90,12.30,12.70,6921004,114954040.000
2013-01-11,12.80,13.57,12.76,12.93,10258782,176603680.000
2013-01-14,12.76,14.23,12.68,14.23,13319273,241775120.000
2013-01-15,14.53,15.53,14.26,14.48,25226224,486227616.000
2013-01-16,14.53,14.83,13.93,14.82,16480362,310681248.000
2013-01-17,14.82,14.82,13.80,13.97,10682552,198306624.000
2013-01-18,13.59,14.53,13.59,14.16,5780834,107336904.000
2013-01-21,14.37,14.37,13.60,13.93,5881756,106825088.000
2013-01-22,14.07,14.59,13.80,14.28,11045164,206440816.000
2013-01-23,14.22,15.72,14.22,15.72,24788569,503120896.000
2013-01-24,15.86,16.06,15.14,15.69,19211439,394868352.000
2013-01-25,15.53,15.57,14.90,15.30,9290425,185425232.000
2013-01-28,15.40,16.20,15.40,16.00,15570698,324322656.000
2013-01-29,15.89,17.05,15.59,16.66,15746801,337899936.000
2013-01-30,16.76,17.03,16.29,16.76,11956899,262031376.000
2013-01-31,16.73,18.37,16.53,17.67,12641971,286574976.000
2013-02-01,17.60,19.10,17.30,18.68,14350285,342610304.000
2013-02-04,18.39,19.15,18.12,18.39,9610449,232818864.000
2013-02-05,18.21,18.43,17.12,17.46,9614860,221412096.000
2013-02-06,17.51,17.95,17.22,17.88,9610734,221516912.000
2013-02-07,17.59,19.14,17.41,18.58,10795666,255531776.000
2013-02-08,18.56,19.06,18.23,18.35,5389584,130220824.000
2013-02-18,18.43,18.87,18.12,18.77,6720916,162930064.000
2013-02-19,18.80,18.97,18.13,18.44,6706048,162122448.000
2013-02-20,18.51,18.51,17.35,17.82,9971393,231640432.000
2013-02-21,17.61,17.72,16.92,17.04,7287320,164264048.000
2013-02-22,17.22,17.60,16.97,17.22,4347623,98367784.000
2013-02-25,17.22,17.33,16.52,16.83,7159358,156606944.000
2013-02-26,16.83,17.51,16.60,17.11,5806774,129443136.000
2013-02-27,17.20,17.76,16.55,17.57,9694102,218057408.000
2013-02-28,17.59,17.73,17.18,17.57,5627943,127810608.000
2013-03-01,17.60,18.37,17.60,18.05,7202034,169481840.000
2013-03-04,17.99,17.99,16.99,17.24,8573392,195303904.000
2013-03-05,17.24,17.44,16.92,17.40,4238186,95359336.000
2013-03-06,17.60,18.02,17.47,17.70,6295867,145506336.000
2013-03-07,17.68,17.68,16.45,16.76,8318484,184474992.000
2013-03-08,16.75,16.94,15.43,15.72,9583811,201301904.000
2013-03-11,15.75,16.39,15.60,16.15,4584622,96275968.000
2013-03-12,16.23,16.41,15.68,16.12,4950906,103926816.000
2013-03-13,16.13,16.14,15.63,16.04,2746766,57149448.000
2013-03-14,15.72,16.24,15.72,15.98,2371050,49753988.000
2013-03-15,15.84,16.57,15.84,16.25,4771196,101351904.000
2013-03-18,16.25,16.25,15.76,16.03,2418081,50564240.000
2013-03-19,16.03,16.14,15.74,16.04,2456872,51270760.000
2013-03-20,16.03,16.70,16.01,16.67,4577070,98251504.000
2013-03-21,16.70,17.26,16.63,17.02,3796732,84589648.000
2013-03-22,17.10,17.95,17.07,17.81,7541307,173077312.000
2013-03-25,17.99,18.14,17.37,17.41,5219146,119838736.000
2013-03-26,17.37,17.68,16.83,17.56,5294926,119533624.000
2013-03-27,17.53,18.12,17.47,17.80,6192786,144505856.000
2013-03-28,17.60,17.97,17.05,17.78,4692419,107175776.000
2013-03-29,17.96,17.97,17.27,17.56,2977746,68371288.000
2013-04-01,17.30,18.17,17.30,17.99,6051132,141779568.000
2013-04-02,17.96,18.30,17.20,17.45,4986144,114767664.000
2013-04-03,17.57,17.57,16.83,17.32,3247511,73046904.000
2013-04-08,17.00,17.56,16.85,17.35,3105025,70364960.000
2013-04-09,17.50,17.59,17.26,17.53,3068824,69979512.000
2013-04-10,17.59,17.80,17.33,17.67,3666079,84430128.000
2013-04-11,17.67,17.80,17.45,17.54,2151434,49543720.000
2013-04-12,17.64,17.64,17.14,17.21,1751247,39764312.000
2013-04-15,17.22,17.22,16.57,16.60,2780015,61364424.000
2013-04-16,16.29,16.83,16.29,16.80,2174798,47235784.000
2013-04-17,16.74,17.06,16.73,16.95,1993009,43909892.000
2013-04-18,16.96,17.13,16.80,16.97,1460279,32364188.000
2013-04-19,16.83,17.46,16.82,17.44,3647071,82127784.000
2013-04-22,17.41,17.76,17.26,17.71,3286901,75674488.000
2013-04-23,17.73,18.00,17.39,17.46,3242841,74892696.000
2013-04-24,17.53,17.91,17.22,17.77,2935228,67885568.000
2013-04-25,17.75,17.94,17.27,17.30,3195938,73569800.000
2013-04-26,17.45,17.57,16.67,16.68,3057671,67973056.000
2013-05-02,16.67,16.67,16.07,16.27,2558444,54800452.000
2013-05-03,16.30,16.67,16.30,16.43,3163399,68005232.000
2013-05-06,16.43,16.69,16.36,16.67,2890212,62256412.000
2013-05-07,16.67,16.92,16.50,16.76,2972659,64997416.000
2013-05-08,17.07,17.21,16.79,16.84,1898794,41843700.000
2013-05-09,16.83,17.03,16.67,16.85,3128758,68801112.000
2013-05-10,16.76,17.20,16.76,17.15,3521325,78354488.000
2013-05-13,17.34,18.40,17.19,18.37,11497602,268597440.000
2013-05-14,18.37,18.62,18.07,18.45,8500825,204008272.000
2013-05-15,18.45,19.69,18.23,19.40,13427295,336473248.000
2013-05-16,19.58,19.70,19.15,19.44,7915117,201209344.000
2013-05-17,19.32,20.52,19.32,20.22,10623743,278739520.000
2013-05-20,20.37,21.73,20.00,21.24,13896143,378707680.000
2013-05-21,21.03,21.87,20.67,21.37,14461965,403678720.000
2013-05-22,21.37,21.45,19.91,20.14,9425364,254853952.000
2013-05-23,20.05,20.92,19.78,20.40,7938060,212048336.000
2013-05-24,20.67,21.76,20.60,21.26,9116218,253090096.000
2013-05-27,21.18,21.73,20.85,20.87,7646150,212673280.000
2013-05-28,20.87,21.43,20.50,20.90,6435153,175847952.000
2013-05-29,21.14,21.40,20.65,21.30,7516745,207041712.000
2013-05-30,21.30,21.45,20.75,21.00,6281293,173027552.000
2013-05-31,20.81,21.02,19.74,19.77,10556061,277555552.000
2013-06-03,19.77,20.39,19.70,19.96,7375442,192798896.000
2013-06-04,20.00,20.33,19.41,19.53,8209245,212356912.000
2013-06-05,19.53,19.87,18.91,19.07,4778481,119418312.000
2013-06-06,19.07,19.20,18.76,19.00,3482575,86240792.000
2013-06-07,19.07,19.27,17.68,18.29,5860003,141686048.000
2013-06-13,18.28,18.31,16.80,17.31,7085968,160280688.000
2013-06-14,17.27,18.30,17.16,18.20,4866719,113071240.000
2013-06-17,18.80,19.50,18.41,19.03,8172653,202026288.000
2013-06-18,19.30,19.89,18.68,18.76,8237530,207458464.000
2013-06-19,18.82,19.76,18.39,19.65,9151691,228858752.000
2013-06-20,19.26,19.42,18.65,18.70,5668553,141199680.000
2013-06-21,18.37,18.74,17.63,18.70,4707912,111717880.000
2013-06-24,18.64,18.74,16.82,16.82,9558214,218789920.000
2013-06-25,16.60,16.83,15.13,16.35,16978212,349405216.000
2013-06-26,16.68,16.68,15.68,16.44,7434327,158012640.000
2013-06-27,16.37,16.75,15.93,16.07,6982091,149188528.000
2013-06-28,15.90,16.83,15.30,16.03,8808261,183776784.000
2013-07-01,15.80,16.47,15.74,16.35,7508525,158910384.000
2013-07-02,16.36,17.74,16.24,17.69,10620752,238982544.000
2013-07-03,17.72,18.92,17.43,18.67,13992719,329969600.000
2013-07-04,18.71,19.49,18.15,18.58,10597779,261184432.000
2013-07-05,18.60,18.93,18.22,18.28,4944891,119505120.000
2013-07-08,17.83,18.20,16.95,17.83,7822486,180284080.000
2013-07-09,17.76,18.57,17.51,18.36,6485030,154631312.000
2013-07-10,18.36,18.59,18.16,18.50,3077008,73855064.000
2013-07-11,18.39,18.91,17.97,18.53,8455449,203900576.000
2013-07-12,18.53,18.91,18.23,18.23,4689863,113809984.000
2013-07-15,18.23,18.57,18.18,18.52,4425282,106422256.000
2013-07-16,18.50,19.33,18.37,19.31,9463955,234130016.000
2013-07-17,19.33,19.68,18.55,18.57,6715331,167518128.000
2013-07-18,18.37,18.38,17.83,18.27,6180934,146157920.000
2013-07-19,18.13,18.29,17.15,17.24,5444716,126550200.000
2013-07-22,17.15,17.96,16.95,17.80,3964778,92149200.000
2013-07-23,17.91,18.18,17.70,17.97,4304646,100886680.000
2013-07-24,17.97,18.38,17.75,18.20,5778979,137267760.000
2013-07-25,18.35,18.49,17.98,18.07,3530791,83945944.000
2013-07-26,17.60,17.98,17.34,17.56,2519913,58064668.000
2013-07-29,17.28,17.37,16.83,16.92,3598500,80258128.000
2013-07-30,16.90,17.16,16.25,16.41,4615341,100504032.000
2013-07-31,16.43,16.86,16.43,16.53,2344063,51142864.000
2013-08-01,16.75,17.27,16.45,17.24,3677159,81038096.000
2013-08-02,17.30,17.45,17.03,17.08,2570241,57720460.000
2013-08-05,17.22,17.60,17.09,17.36,2497493,56708204.000
2013-08-06,17.37,17.61,17.30,17.47,3052393,69596784.000
2013-08-07,17.55,17.95,17.47,17.60,3566735,82355864.000
2013-08-08,17.46,17.78,17.11,17.27,3529412,80513536.000
2013-08-09,17.41,17.51,16.87,17.50,2354310,53138604.000
2013-08-12,17.60,17.83,17.45,17.69,3161413,72709472.000
2013-08-13,18.03,18.15,17.66,17.78,2385678,42796808.000
2013-08-14,17.65,17.79,17.45,17.62,4052191,71621880.000
2013-08-15,17.57,17.75,17.24,17.25,2224170,38972560.000
2013-08-16,17.30,18.98,16.90,16.93,4238712,74149672.000
2013-08-19,16.82,17.25,16.80,17.20,2628214,45134784.000
2013-08-20,17.23,17.45,16.85,16.95,3586052,61424748.000
2013-08-21,16.85,17.05,16.74,16.91,2018123,34115472.000
2013-08-22,16.96,17.22,16.96,17.22,2737989,46919756.000
2013-08-23,17.25,17.31,16.51,16.81,3661817,62057044.000
2013-08-26,16.84,17.10,16.61,17.05,3460705,58497776.000
2013-08-27,17.05,17.95,16.84,17.85,7443820,131015248.000
2013-08-28,17.90,19.16,17.90,18.57,19388872,362437376.000
2013-08-29,18.64,18.70,18.10,18.61,8885877,163608912.000
2013-08-30,18.41,18.63,17.96,18.13,5778971,105254904.000
2013-09-02,18.16,18.60,18.16,18.28,5328766,98282880.000
2013-09-03,18.25,18.67,18.10,18.59,6580801,121794432.000
2013-09-04,18.75,19.75,18.75,19.22,11306923,219128240.000
2013-09-05,19.48,19.48,18.92,19.22,6403381,123091400.000
2013-09-06,19.07,19.51,18.97,19.43,6930865,134631664.000
2013-09-09,19.63,20.66,19.35,20.20,13479678,270361920.000
2013-09-10,20.15,20.38,19.76,20.05,9471579,190309808.000
2013-09-11,20.50,21.05,18.80,18.94,17271284,339223488.000
2013-09-12,18.98,19.12,18.37,18.74,7390000,137840240.000
2013-09-13,18.73,18.73,18.40,18.64,4550286,84619856.000
2013-09-16,18.73,18.89,18.55,18.79,5586754,104841040.000
2013-09-17,18.64,18.85,18.29,18.45,4859772,90403160.000
2013-09-18,18.35,18.45,17.66,17.94,6261320,112875328.000
2013-09-23,17.96,18.20,17.61,18.11,8335232,149298720.000
2013-09-24,18.02,18.25,17.85,18.17,3913800,71030896.000
2013-09-25,18.23,18.50,17.95,18.00,5538719,101239088.000
2013-09-26,17.95,17.95,17.52,17.56,4415559,78464280.000
2013-09-27,17.49,17.88,17.45,17.57,3362043,59520312.000
2013-09-30,17.55,17.73,17.28,17.37,3356881,58729468.000
2013-10-08,17.27,17.78,17.08,17.75,3723352,65122116.000
2013-10-09,17.75,18.25,17.65,17.92,8706222,156848112.000
2013-10-10,18.30,19.72,18.27,18.85,15557068,296593184.000
2013-10-11,18.90,19.15,18.60,18.86,9236171,175257280.000
2013-10-14,18.85,19.60,18.77,19.23,11084722,213873984.000
2013-10-15,19.26,19.48,18.79,18.95,6397441,122059344.000
2013-10-16,18.75,18.82,18.45,18.47,4937601,92009744.000
2013-10-17,18.51,18.80,18.24,18.27,4639815,86294584.000
2013-10-18,18.35,19.13,18.27,18.99,6278540,118784624.000
2013-10-21,18.85,19.08,18.48,19.06,4971913,94310264.000
2013-10-22,18.95,19.25,18.76,18.87,4106474,78283328.000
2013-10-23,18.66,19.05,17.95,17.97,6100775,111719776.000
2013-10-24,18.00,18.50,17.84,17.92,7546075,137162960.000
2013-10-25,17.93,18.05,17.45,17.76,5416647,96027184.000
2013-10-28,17.70,18.27,17.65,18.09,4146681,74920880.000
2013-10-29,18.27,18.34,17.38,17.60,4470352,79440128.000
2013-10-30,17.58,17.87,17.22,17.79,4259841,74595712.000
2013-10-31,17.70,17.76,17.47,17.56,2451065,43166724.000
2013-11-01,17.80,17.83,17.33,17.43,3507956,61606944.000
2013-11-04,17.50,17.74,17.45,17.58,2244624,39530708.000
2013-11-05,17.45,17.75,17.37,17.75,1851411,32645172.000
2013-11-06,17.65,18.65,17.65,18.14,4803124,87611696.000
2013-11-07,18.15,18.34,17.83,17.93,1923038,34734860.000
2013-11-08,17.85,17.95,17.61,17.86,1553442,27665844.000
2013-11-11,17.84,17.85,17.22,17.60,2368695,41432592.000
2013-11-12,17.60,18.28,17.40,18.24,2731367,48672708.000
2013-11-13,19.45,20.07,18.23,18.31,14997316,284522208.000
2013-11-14,18.15,20.12,18.04,19.82,21367599,416542240.000
2013-11-15,19.55,21.72,19.55,20.78,25313226,528820032.000
2013-11-18,21.25,22.86,21.25,22.76,40800305,925524096.000
2013-11-19,22.35,23.23,21.98,22.29,26347230,591912384.000
2013-11-20,22.40,24.44,22.35,24.12,25086399,592288704.000
2013-11-21,23.48,24.03,22.88,23.16,17559504,412386848.000
2013-11-22,23.95,24.81,23.25,23.39,20472538,489854464.000
2013-11-25,24.25,25.46,23.95,24.89,24946855,622048512.000
2013-11-26,24.45,25.45,24.01,24.22,17173530,421886048.000
2013-11-27,24.35,24.95,23.95,24.81,13714476,337838560.000
2013-11-28,24.94,25.63,24.14,24.15,14556928,361665536.000
2013-11-29,24.17,25.15,23.98,24.85,12811703,317516160.000
2013-12-02,24.85,25.61,22.45,23.23,24940944,594262720.000
2013-12-03,23.35,23.91,22.70,23.72,10102630,237167952.000
2013-12-04,23.48,23.98,23.45,23.74,10147666,241617344.000
2013-12-05,23.83,24.72,23.25,23.61,8008932,192936016.000
2013-12-06,23.37,23.53,22.73,23.02,8745361,201750432.000
2013-12-09,23.21,23.43,22.93,23.19,6987821,161894592.000
2013-12-10,23.08,23.37,22.64,23.23,6427551,147954688.000
2013-12-11,23.21,23.40,22.76,22.91,5286040,121929232.000
2013-12-12,22.90,23.27,22.73,22.92,4587156,105878008.000
2013-12-13,22.79,23.13,22.76,22.96,3499536,80510008.000
2013-12-16,22.97,23.15,21.86,22.51,6811754,153483264.000
2013-12-17,22.39,23.45,22.16,23.02,12998017,298121056.000
2013-12-18,23.05,23.15,22.26,22.45,6708416,151516912.000
2013-12-19,22.46,23.00,22.06,22.21,3856955,86611688.000
2013-12-20,22.01,22.40,21.25,21.41,6972932,151654064.000
2013-12-23,21.55,22.75,20.91,22.43,10056560,222390144.000
2013-12-24,22.85,23.27,22.35,22.65,11639343,266999648.000
2013-12-25,22.55,23.25,22.46,22.96,5369509,123364696.000
2013-12-26,22.64,23.02,22.55,22.74,3469004,79449176.000
2013-12-27,22.85,23.36,22.75,23.29,6710699,156176880.000
2013-12-30,23.39,24.13,23.26,23.85,8178499,194949008.000
2013-12-31,23.61,24.01,23.50,23.81,4172757,99206896.000
2014-01-02,23.83,23.91,22.87,23.58,5960046,139446736.000
2014-01-03,23.30,23.54,22.94,23.08,6156429,142687888.000
2014-01-06,23.01,23.01,22.10,22.47,5726138,129260408.000
2014-01-07,22.34,22.73,22.26,22.61,2585501,58272464.000
2014-01-08,23.26,24.35,22.45,23.98,11439654,271213536.000
2014-01-09,23.53,24.05,22.76,22.93,10156940,237748000.000
2014-01-10,22.76,23.95,22.76,23.45,6289252,148473472.000
2014-01-13,23.74,23.84,22.50,22.98,5543005,127608680.000
2014-01-14,22.84,23.15,22.65,23.04,2698772,61989288.000
2014-01-15,23.04,24.25,22.83,23.79,11699885,279656544.000
2014-01-16,23.67,24.20,23.51,23.97,5730891,137169568.000
2014-01-17,23.97,24.20,23.74,23.84,5715505,137647824.000
2014-01-20,23.84,23.94,22.85,23.10,5045286,117973624.000
2014-01-21,23.39,23.61,23.01,23.27,3831118,89505592.000
2014-01-22,23.25,23.96,23.15,23.78,6048245,144015312.000
2014-01-23,23.65,24.95,23.65,24.40,11023448,270233952.000
2014-01-24,23.96,24.75,23.96,24.34,5245507,128373000.000
2014-01-27,25.20,25.20,24.15,24.25,7306459,181243104.000
2014-01-28,24.10,24.90,23.76,24.78,6763783,165022688.000
2014-01-29,24.69,25.15,24.65,24.79,6635402,165826912.000
2014-01-30,24.59,26.46,24.57,25.86,14013574,359468544.000
2014-02-07,25.80,26.62,25.27,26.41,12034037,316336384.000
2014-02-10,26.40,27.06,26.20,26.26,16381381,437201472.000
2014-02-11,26.17,26.35,24.83,25.55,21343519,544681536.000
2014-02-12,25.60,26.00,25.28,25.65,17423859,446700480.000
2014-02-13,25.62,25.62,24.61,24.87,12948290,323292320.000
2014-02-14,24.94,25.23,24.70,24.99,5831357,145794608.000
2014-02-17,25.21,25.96,25.21,25.70,25284278,648783168.000
2014-02-18,25.85,26.01,25.43,25.70,10526618,271904192.000
2014-02-19,25.46,25.80,24.84,25.25,11680494,293703232.000
2014-02-20,25.20,25.70,24.42,24.46,11397470,284935008.000
2014-02-21,24.45,24.93,24.12,24.44,8624420,211717616.000
2014-02-24,24.45,24.85,24.03,24.57,10217183,250188592.000
2014-02-25,24.65,24.67,22.76,23.59,10789811,256924800.000
2014-02-26,23.40,23.79,22.75,23.47,7282316,169544064.000
2014-02-27,23.45,23.66,22.36,22.49,12102167,279942432.000
2014-02-28,22.33,22.95,22.18,22.70,7229219,163760720.000
2014-03-03,23.54,23.65,22.72,23.23,18451680,427787008.000
2014-03-04,23.11,23.40,22.75,23.25,8698107,200698224.000
2014-03-05,23.24,23.94,22.81,22.84,14167168,328920800.000
2014-03-06,22.84,23.40,22.55,23.29,8408035,193312336.000
2014-03-07,23.26,23.74,22.78,23.04,5273169,121764832.000
2014-03-10,22.65,22.80,21.06,21.23,12278503,269220672.000
2014-03-11,21.22,21.36,20.15,20.90,15492676,319784480.000
2014-03-12,20.83,21.15,20.25,20.83,11048771,228402032.000
2014-03-13,20.83,21.27,20.35,20.97,14860816,313105472.000
2014-03-14,21.05,21.43,20.85,20.96,13346035,283217408.000
2014-03-17,21.23,21.25,20.51,21.19,11602612,244226848.000
2014-03-18,21.18,21.38,20.77,20.88,7287729,154149264.000
2014-03-19,20.85,21.00,20.43,20.94,9027811,188134176.000
2014-03-20,20.82,21.03,20.35,20.67,8812623,183392784.000
2014-03-21,20.46,20.70,19.76,20.65,10389834,210409584.000
2014-03-24,20.46,20.83,20.23,20.46,10493752,215715872.000
2014-03-25,20.65,21.36,20.47,20.88,17700276,370952960.000
2014-03-26,20.76,20.76,19.90,20.28,11831798,240172000.000
2014-03-27,20.26,20.26,19.54,19.55,6772388,135261920.000
2014-03-28,19.56,19.74,18.41,18.43,11120415,210722976.000
2014-03-31,18.45,19.00,18.07,18.72,12074820,224886112.000
2014-04-01,18.66,19.05,18.60,18.76,8747931,165201872.000
2014-04-02,18.75,18.83,18.25,18.44,7873996,146185568.000
2014-04-03,18.52,18.81,18.33,18.59,6391680,119241640.000
2014-04-04,18.60,18.97,18.49,18.93,7560713,142690528.000
2014-04-08,18.90,20.32,18.83,20.16,19699464,392683968.000
2014-04-09,20.17,20.41,20.02,20.19,10173623,206238640.000
2014-04-10,20.25,21.07,20.10,20.59,11324700,234448512.000
2014-04-11,20.60,20.74,20.23,20.62,7460898,153570240.000
2014-04-14,20.63,21.35,20.63,20.94,8470143,178426560.000
2014-04-15,21.45,21.63,20.66,20.75,8095093,169960400.000
2014-04-16,20.63,20.85,20.21,20.54,4437839,91246624.000
2014-04-17,20.48,20.63,20.30,20.36,3313203,67737856.000
2014-04-18,20.20,20.21,19.85,20.13,6284028,126018616.000
2014-04-21,20.03,20.04,19.62,19.64,5737104,114036640.000
2014-04-22,19.50,19.70,18.82,19.39,7624480,146645408.000
2014-04-23,19.24,21.33,19.17,21.19,17836460,366096480.000
2014-04-24,21.25,21.94,20.75,21.38,23952567,516481728.000
2014-04-25,20.96,21.74,20.55,21.20,13572914,287964672.000
2014-04-28,21.11,21.40,20.15,20.58,9189188,190975808.000
2014-04-29,20.44,21.07,20.20,21.00,10865756,227525520.000
2014-04-30,20.76,21.31,20.76,21.19,7445670,157649488.000
2014-05-05,21.19,21.43,20.90,21.20,6904304,146258944.000
2014-05-06,21.34,21.40,20.55,20.70,8167229,172196944.000
2014-05-07,20.44,20.44,19.85,19.91,6900373,138916752.000
2014-05-08,20.04,20.80,20.04,20.13,6468579,132464472.000
2014-05-09,20.17,20.26,19.23,19.34,7027256,137949344.000
2014-05-12,19.76,20.85,19.32,20.27,9508135,191178496.000
2014-05-13,20.27,20.73,20.27,20.57,9646025,198571408.000
2014-05-14,20.66,20.74,20.07,20.36,7854011,160858240.000
2014-05-15,20.37,20.93,20.17,20.20,7456360,153917600.000
2014-05-16,20.26,20.70,20.16,20.63,7455774,153041376.000
2014-05-19,21.94,22.15,20.38,20.62,19494144,411666112.000
2014-05-20,20.78,20.93,19.78,20.09,14317487,290061568.000
2014-05-21,19.95,20.35,19.82,20.18,9255897,186760608.000
2014-05-22,20.18,20.46,20.01,20.04,9876607,200154000.000
2014-05-23,19.95,20.22,19.86,20.06,5351105,107430112.000
2014-05-26,20.41,20.55,20.11,20.19,9581289,195463936.000
2014-05-27,20.06,20.23,19.86,19.92,6186668,124509016.000
2014-05-28,19.90,20.10,19.79,20.08,6923105,138605232.000
2014-05-29,20.09,20.09,19.70,19.73,9674688,192388672.000
2014-05-30,19.68,19.93,19.32,19.69,8260451,161940544.000
2014-06-03,19.75,19.90,19.44,19.51,4758264,94142792.000
2014-06-04,19.45,19.51,18.65,19.43,8715405,165804480.000
2014-06-05,19.31,19.84,19.15,19.76,5318995,104505040.000
2014-06-06,19.77,20.11,19.58,19.71,6480054,128792352.000
2014-06-09,19.55,19.83,19.55,19.61,3276515,64533216.000
2014-06-10,19.60,19.92,19.45,19.82,6408543,126971624.000
2014-06-11,19.83,19.89,19.67,19.76,3942825,78241856.000
2014-06-12,19.81,20.11,19.75,19.89,6266930,125412112.000
2014-06-13,19.85,20.49,19.85,20.43,9297041,188512112.000
2014-06-16,20.48,20.95,20.26,20.72,9265728,192246256.000
2014-06-17,20.63,20.84,20.15,20.26,5257352,108223536.000
2014-06-18,20.26,20.93,20.26,20.41,6759394,139564448.000
2014-06-19,20.51,21.09,20.15,20.42,10375381,215134608.000
2014-06-20,20.60,20.84,20.45,20.75,4772352,99110464.000
2014-06-23,20.75,21.18,20.70,21.01,7408987,155963424.000
2014-06-24,21.00,21.64,20.78,21.47,9075487,194208112.000
2014-06-25,21.55,21.79,21.26,21.49,6802476,146744480.000
2014-06-26,21.53,21.53,21.20,21.40,5957981,127566264.000
2014-06-27,21.38,22.01,20.92,21.68,10936631,234498400.000
2014-06-30,21.74,23.15,21.74,22.62,19477576,441490368.000
2014-07-01,22.87,23.62,22.21,22.43,16862932,383930560.000
2014-07-02,22.45,23.55,22.45,23.05,16021761,370557696.000
2014-07-03,23.15,23.24,22.50,22.74,11132423,254818176.000
2014-07-04,22.57,22.60,22.15,22.22,7720866,172502128.000
2014-07-07,22.43,22.89,22.30,22.56,11512269,261179600.000
2014-07-08,22.50,22.76,21.80,22.08,9363040,207378080.000
2014-07-09,22.05,23.25,21.86,22.29,17148684,390446112.000
2014-07-10,22.21,22.79,21.94,22.26,10731087,241207648.000
2014-07-11,22.11,22.76,22.03,22.41,8288151,186058928.000
2014-07-14,22.42,22.82,22.12,22.33,10711478,240634272.000
2014-07-15,22.13,22.69,22.04,22.44,8105776,182090608.000
2014-07-16,22.45,22.45,20.97,20.99,14148108,304889632.000
2014-07-17,20.95,21.22,20.49,20.81,6521607,136449392.000
2014-07-18,20.78,21.13,20.70,20.71,5158559,108014368.000
2014-07-21,20.73,21.12,20.42,21.10,6446362,133768704.000
2014-07-22,21.17,21.22,20.77,21.10,6162316,129598608.000
2014-07-23,21.10,21.35,20.76,20.87,5216355,110248016.000
2014-07-24,20.72,20.96,20.15,20.71,6179126,128213256.000
2014-07-25,20.92,21.01,20.60,20.86,4129725,85881768.000
2014-07-28,20.95,21.78,20.95,21.56,8933686,191709536.000
2014-07-29,21.57,22.03,21.51,21.75,8899515,194525488.000
2014-07-30,21.80,22.19,21.54,21.80,8272269,180863536.000
2014-07-31,21.75,22.18,21.54,22.10,7712305,169154528.000
2014-08-01,22.12,22.58,21.81,21.82,12082004,269685024.000
2014-08-04,21.90,22.48,21.86,22.29,9914929,220534912.000
2014-08-05,22.33,22.45,22.04,22.23,8319962,184936240.000
2014-08-06,22.11,23.08,22.05,22.62,13982684,315725344.000
2014-08-07,22.67,22.93,22.22,22.24,9820530,221855472.000
2014-08-08,22.18,22.69,22.11,22.38,7923032,177924608.000
2014-08-11,22.50,22.65,22.37,22.43,7735838,173788208.000
2014-08-12,22.32,22.92,22.32,22.71,10821419,245118704.000
2014-08-13,22.70,22.70,22.05,22.27,7684100,171257296.000
2014-08-14,22.15,22.47,21.91,21.94,9261817,205730576.000
2014-08-15,22.08,22.35,21.81,22.01,7444951,164307728.000
2014-08-18,22.00,22.25,21.98,22.21,7365909,162953216.000
2014-08-19,22.25,22.36,22.04,22.18,10802493,240074336.000
2014-08-20,22.24,22.50,22.11,22.50,12547617,280437600.000
2014-08-21,22.60,22.87,22.31,22.86,16518221,373802464.000
2014-08-22,22.86,22.87,22.40,22.54,10756999,242797504.000
2014-08-25,22.48,22.52,22.00,22.06,9061471,201101024.000
2014-08-26,22.06,22.25,21.84,21.87,8253714,181706736.000
2014-08-27,21.82,22.78,21.80,22.36,15687724,352473696.000
2014-08-28,22.48,22.56,21.75,21.96,11906076,263792912.000
2014-08-29,22.92,24.16,22.92,24.16,39373034,933688704.000
2014-09-01,25.40,26.55,24.88,25.34,44449600,1129978240.000
2014-09-02,25.47,27.50,25.03,26.75,50928578,1332973824.000
2014-09-03,26.40,26.78,25.91,26.51,32275846,848447488.000
2014-09-04,26.40,27.43,26.16,26.31,30524208,815611200.000
2014-09-05,26.28,26.28,25.65,26.00,19882766,515176320.000
2014-09-09,26.03,26.53,25.81,26.20,15865469,415555040.000
2014-09-10,26.08,26.43,25.68,26.22,16426479,429262944.000
2014-09-11,26.18,26.50,25.71,25.99,20532973,535969888.000
2014-09-12,26.02,27.27,25.85,27.05,24666421,655193472.000
2014-09-15,27.20,27.58,26.80,27.07,21067082,571990528.000
2014-09-16,26.90,27.00,24.93,25.20,26082721,677191424.000
2014-09-17,25.20,25.30,24.31,24.84,17807309,440619264.000
2014-09-18,24.78,24.90,24.52,24.69,8342649,205989152.000
2014-09-19,24.71,25.77,24.68,25.47,11202790,282493280.000
2014-09-22,25.39,25.39,24.32,24.67,14172891,349473504.000
2014-09-23,25.10,25.59,24.89,25.38,13391433,339558560.000
2014-09-24,25.32,26.92,25.20,26.64,24227202,638545280.000
2014-09-25,26.85,27.98,26.79,26.95,30917280,845929216.000
2014-09-26,27.03,27.28,26.15,26.61,13444175,357810144.000
2014-09-29,26.99,27.66,26.80,27.07,17522912,476809408.000
2014-09-30,27.24,27.35,26.52,26.76,11184307,299751616.000
2014-10-08,26.89,29.35,26.74,29.23,32953686,925666048.000
2014-10-09,29.10,29.46,28.52,28.92,25287705,734059776.000
2014-10-10,28.99,31.50,28.33,31.21,43026510,1308800768.000
2014-10-13,31.21,31.35,30.21,31.17,23443538,722303680.000
2014-10-14,30.81,31.62,29.34,29.81,31964021,972122112.000
2014-10-15,29.60,30.02,28.50,29.39,20425211,595654208.000
2014-10-16,29.25,29.93,28.50,28.57,14581366,425103904.000
2014-10-17,28.40,29.38,27.70,29.12,18743122,533235136.000
2014-10-20,28.97,29.20,28.40,28.86,12446530,358346944.000
2014-10-21,28.84,29.20,28.40,28.89,10505061,303207552.000
2014-10-22,28.76,29.80,28.76,28.80,14067447,411787392.000
2014-10-23,28.59,28.88,28.00,28.11,10701946,303418944.000
2014-10-24,28.10,28.43,27.30,27.36,10585667,294539936.000
2014-10-27,27.16,27.79,27.00,27.57,7688899,210949120.000
2014-10-28,27.78,29.00,27.58,28.97,14515502,412911008.000
2014-10-29,29.11,29.28,28.60,28.99,16034856,463883488.000
2014-10-30,28.91,29.19,27.88,27.93,17311672,491428608.000
2014-10-31,28.01,28.25,27.20,27.54,13395630,368218880.000
2014-11-03,27.57,28.10,27.45,27.78,11211681,312220224.000
2014-11-04,27.82,27.90,26.80,26.98,14328663,389185536.000
2014-11-05,26.95,27.78,26.90,27.23,11009946,301742080.000
2014-11-06,27.48,27.55,26.79,27.13,11358141,307385792.000
2014-11-07,27.25,27.70,26.90,27.08,12922750,353245024.000
2014-11-10,27.20,27.24,26.40,26.99,15326757,408801952.000
2014-11-11,26.99,27.23,25.66,25.80,17602204,461848576.000
2014-11-12,25.60,26.32,25.60,26.04,9468116,246483392.000
2014-11-13,26.04,26.07,24.50,24.93,17175738,428891648.000
2014-11-14,24.88,25.34,24.50,25.10,9119154,227857120.000
2014-11-17,25.35,25.95,25.00,25.61,10369106,265931648.000
2014-11-18,25.65,26.18,25.65,25.86,7100822,183576304.000
2014-11-19,25.86,25.95,25.00,25.78,9627361,245650944.000
2014-11-20,25.77,25.77,25.27,25.28,6030751,153341056.000
2014-11-21,25.35,25.80,25.25,25.76,6717435,171972096.000
2014-11-24,25.99,26.45,25.58,26.18,14824385,386143008.000
2014-11-25,26.25,26.49,26.10,26.42,12405299,326903808.000
2014-11-26,26.50,27.41,26.16,26.93,15367661,411508288.000
2014-11-27,27.00,27.38,26.55,26.93,17725034,478938112.000
2014-11-28,26.74,26.90,25.93,26.23,15188205,400397248.000
2014-12-01,26.18,26.18,25.25,25.29,14325160,365748192.000
2014-12-02,25.30,25.81,25.13,25.68,11817843,302617440.000
2014-12-03,25.45,28.25,25.45,28.17,28787049,761962624.000
2014-12-04,27.98,28.49,27.61,28.12,25566785,718536256.000
2014-12-05,28.66,30.51,26.38,30.14,53493624,1564120448.000
2014-12-08,30.60,32.80,29.95,31.70,54873760,1728189824.000
2014-12-09,31.62,32.22,28.53,28.53,44048926,1326466176.000
2014-12-10,27.57,29.39,26.62,28.41,24579802,691151040.000
2014-12-11,28.15,29.17,27.60,28.48,18829060,533654656.000
2014-12-12,28.50,30.59,28.10,30.25,25387912,746629568.000
2014-12-15,28.79,30.05,28.00,29.51,32313553,944569728.000
2014-12-16,29.31,30.55,28.88,30.16,30622793,913356416.000
2014-12-17,30.07,30.49,28.98,29.57,29895751,881592704.000
2014-12-18,29.32,30.88,29.20,29.98,40467991,1219208064.000
2014-12-19,29.50,29.80,28.27,29.32,25424807,732808064.000
2014-12-22,29.80,29.85,28.00,28.32,22857910,657993664.000
2014-12-23,28.51,29.15,27.86,28.11,19185821,547727744.000
2014-12-24,28.21,28.85,27.96,28.70,14319306,407186080.000
2014-12-25,28.77,29.00,28.20,28.81,18663514,535219840.000
2014-12-26,28.72,29.90,28.55,29.12,19808802,577419712.000
2014-12-29,28.79,28.80,27.96,28.22,19032258,537380224.000
2014-12-30,28.32,28.53,27.26,27.66,12685630,352893632.000
2014-12-31,27.70,28.06,27.14,27.69,16634356,461177024.000
2015-01-05,27.68,27.88,26.69,27.71,15496165,422844864.000
2015-01-06,27.71,29.05,27.68,28.61,25249650,719764864.000
2015-01-07,28.62,28.73,28.01,28.12,14386401,407334208.000
2015-01-08,28.12,28.98,27.43,28.43,22184544,624000960.000
2015-01-09,28.30,28.90,28.15,28.18,22754440,651394176.000
2015-01-12,28.00,28.20,27.40,27.94,13486041,376454976.000
2015-01-13,27.72,28.16,27.72,27.83,20681005,578472000.000
2015-01-14,28.00,28.01,27.21,27.31,18585136,513615648.000
2015-01-15,27.28,27.48,26.80,27.45,13910928,377162528.000
2015-01-16,27.51,28.65,27.10,28.43,24590291,686940096.000
2015-01-19,27.90,29.05,26.90,27.49,29583852,842198656.000
2015-01-20,27.60,28.50,27.55,28.43,22732044,637627328.000
2015-01-21,28.40,29.00,28.22,28.98,42799057,1229666048.000
2015-01-22,29.11,30.59,28.55,29.90,47510786,1402059520.000
2015-01-23,29.80,29.80,28.77,28.94,34814631,1018733440.000
2015-01-26,29.21,29.62,28.93,29.27,17928421,524455296.000
2015-01-27,29.30,29.76,29.01,29.49,30949156,910412160.000
2015-01-28,29.50,29.53,28.71,28.72,18361896,532198592.000
2015-01-29,28.59,28.59,27.87,27.92,15909272,447592896.000
2015-01-30,28.05,28.28,27.66,27.76,13092942,366160064.000
2015-02-02,27.67,27.98,27.31,27.64,8226059,227921232.000
2015-02-03,28.00,28.22,27.70,28.16,9920830,277807808.000
2015-02-04,28.15,28.60,27.85,27.88,16164815,456693984.000
2015-02-05,28.00,28.14,27.01,27.03,14539364,399708032.000
2015-02-06,26.91,27.42,26.41,26.55,11010924,297075520.000
2015-02-09,26.73,27.00,26.41,26.60,7177112,192147728.000
2015-02-10,26.60,26.97,26.50,26.91,7186354,191912256.000
2015-02-11,26.93,28.25,26.78,27.93,16150719,443794208.000
2015-02-12,27.90,28.30,27.61,27.69,15252824,425762880.000
2015-02-13,27.88,28.15,27.70,27.77,14186293,396269152.000
2015-02-16,27.78,27.95,27.59,27.81,15684284,435153920.000
2015-02-17,27.82,27.98,27.48,27.56,8878181,245368064.000
2015-02-25,27.60,28.13,27.41,27.76,11557211,321109632.000
2015-02-26,27.76,28.09,27.60,28.02,15505226,432662336.000
2015-02-27,28.19,29.42,28.19,28.69,28795023,833545024.000
2015-03-02,28.89,29.27,28.28,29.12,24647413,710081600.000
2015-03-03,29.10,29.48,28.70,28.81,21540765,625850432.000
2015-03-04,28.96,29.50,28.82,29.49,37203396,1089075584.000
2015-03-05,29.50,29.50,28.71,28.81,20959009,607791808.000
2015-03-06,28.74,29.14,28.20,28.26,12546111,359547776.000
2015-03-09,28.00,28.73,27.81,28.65,10109640,285502528.000
2015-03-10,28.62,28.94,28.49,28.73,12582812,361415552.000
2015-03-11,28.83,29.13,28.20,28.48,12362561,352634176.000
2015-03-12,28.33,28.73,28.30,28.50,9933350,283224576.000
2015-03-13,28.66,28.84,28.35,28.48,11361238,323744544.000
2015-03-16,28.62,29.38,28.44,29.22,25361597,732875904.000
2015-03-17,29.23,29.96,29.06,29.39,34112475,1005005248.000
2015-03-18,29.38,30.11,29.15,29.94,34222056,1015787200.000
2015-03-19,29.98,30.12,29.37,29.66,25756536,765466048.000
2015-03-20,29.66,30.15,29.49,29.85,25959835,773487488.000
2015-03-23,29.93,30.43,29.71,30.19,29073059,874940608.000
2015-03-24,30.32,31.24,29.55,30.66,39138750,1194640000.000
2015-03-25,30.70,30.75,29.73,29.99,26464380,799025408.000
2015-03-26,30.12,30.85,29.77,30.33,29887407,907595008.000
2015-03-27,30.65,30.68,29.91,30.04,16962205,510948704.000
2015-03-30,30.40,31.08,30.04,30.93,30960849,949392256.000
2015-03-31,30.91,31.34,30.42,30.60,32565950,1007281728.000
2015-04-01,31.32,31.88,30.83,31.22,35028709,1095976320.000
2015-04-02,31.47,31.55,30.50,30.90,29265897,904770048.000
2015-04-03,30.80,31.86,30.58,31.51,36774787,1145768320.000
2015-04-07,31.50,31.83,31.20,31.52,28928784,908995968.000
2015-04-08,31.59,31.75,30.30,30.66,32170334,994960192.000
2015-04-09,30.65,30.78,28.92,29.39,30758181,910409472.000
2015-04-10,29.39,31.19,29.36,30.98,34470037,1048458752.000
数据来源:通达信
