600332 白云山 日线 前复权
      日期	    开盘	    最高	    最低	    收盘	    成交量	    成交额
2011-03-02,21.36,23.86,21.17,23.71,48694423,1142657024.000
2011-03-03,23.22,23.37,22.36,22.57,25884614,602966144.000
2011-03-04,22.84,23.02,21.58,22.34,18992099,428290688.000
2011-03-07,22.26,22.55,22.14,22.29,16052594,365199328.000
2011-03-08,22.26,23.16,21.79,23.03,24121930,556310336.000
2011-03-09,23.11,23.16,22.26,22.53,14700970,338222272.000
2011-03-10,22.46,22.94,22.21,22.40,9928311,228018992.000
2011-03-11,22.21,22.51,21.61,21.74,17322233,386517824.000
2011-03-14,21.61,22.41,21.44,22.10,14715787,330522560.000
2011-03-15,22.05,22.05,21.06,21.43,12164450,265283440.000
2011-03-16,21.28,21.66,21.21,21.53,8889062,194550288.000
2011-03-17,21.54,22.17,21.46,21.58,12494734,278934240.000
2011-03-18,21.56,22.11,21.31,21.44,8142856,180056288.000
2011-03-21,21.36,21.41,20.56,20.79,11006075,234115216.000
2011-03-22,20.91,20.99,20.04,20.32,10960370,226474304.000
2011-03-23,20.39,20.80,20.02,20.76,9939289,207047136.000
2011-03-24,20.63,21.22,20.51,20.96,8945894,191063504.000
2011-03-25,20.86,21.04,20.64,20.82,8154807,173128480.000
2011-03-28,20.81,20.81,20.08,20.21,10686928,221489232.000
2011-03-29,20.07,20.46,19.56,19.66,9707493,196254656.000
2011-03-30,19.65,19.96,19.39,19.48,6172951,124190800.000
2011-03-31,19.32,19.36,18.42,18.75,9209007,177218944.000
2011-04-01,18.80,19.04,18.36,18.97,5839644,111887104.000
2011-04-06,18.91,18.91,18.36,18.58,5593437,106328840.000
2011-04-07,18.71,19.21,18.57,19.09,6709785,130588504.000
2011-04-08,19.14,19.44,18.80,19.38,6285781,123856520.000
2011-04-11,19.34,19.38,18.97,18.99,5587227,109404008.000
2011-04-12,19.01,19.43,19.00,19.12,5151929,101300280.000
2011-04-13,19.13,19.84,18.86,19.80,8292072,164757952.000
2011-04-14,19.64,19.73,19.41,19.60,5243407,104783968.000
2011-04-15,19.46,19.52,18.77,19.05,6755810,131643632.000
2011-04-18,18.91,18.91,18.56,18.76,4839309,92712584.000
2011-04-19,18.57,18.84,18.31,18.64,5859937,111162200.000
2011-04-20,18.69,19.57,18.46,19.34,8402536,163764960.000
2011-04-21,19.31,19.66,18.96,19.21,7041511,139306848.000
2011-04-22,19.16,19.51,19.06,19.13,4481569,88155160.000
2011-04-25,18.96,19.00,18.14,18.15,6672149,126033096.000
2011-04-26,18.17,18.41,17.56,17.68,4136598,75363688.000
2011-04-27,17.65,17.94,17.22,17.35,3632804,65512220.000
2011-04-28,17.35,17.56,16.56,16.61,4063483,70887736.000
2011-04-29,16.56,16.90,16.56,16.85,2704536,46575488.000
2011-05-03,16.86,17.33,16.85,17.25,2506908,44114600.000
2011-05-04,17.26,17.84,17.08,17.35,5714738,102470464.000
2011-05-05,17.62,17.82,17.37,17.53,4100485,74167080.000
2011-05-06,17.36,17.55,16.56,17.43,3327142,58802016.000
2011-05-09,17.54,18.01,17.45,17.74,3895090,70956176.000
2011-05-10,17.72,17.74,17.31,17.50,3014752,53974116.000
2011-05-11,17.50,17.55,17.00,17.39,3210909,56989436.000
2011-05-12,17.33,17.33,16.76,16.83,3367842,58965664.000
2011-05-13,16.71,17.05,15.97,16.41,5461870,91931880.000
2011-05-16,16.36,16.54,16.16,16.18,2521225,42281452.000
2011-05-17,16.06,16.33,15.68,16.16,5703308,93503600.000
2011-05-18,16.06,16.66,15.96,16.61,5334897,89829968.000
2011-05-19,16.73,16.84,16.47,16.55,5139752,87807672.000
2011-05-20,16.26,16.70,16.26,16.65,2851274,48319416.000
2011-05-23,16.65,16.67,15.87,16.09,3569207,59500800.000
2011-05-24,16.21,16.55,16.08,16.14,3362544,56051572.000
2011-05-25,16.26,16.34,15.72,15.74,2655240,43734812.000
2011-05-26,15.82,16.02,15.14,15.16,4893226,77801080.000
2011-05-27,15.16,15.33,14.56,14.65,4349045,66115272.000
2011-05-30,14.64,14.72,14.16,14.27,3157112,46863156.000
2011-05-31,14.32,14.76,14.25,14.71,3811067,56759456.000
2011-06-01,14.84,15.11,14.58,14.98,4112923,62955316.000
2011-06-02,14.67,14.86,14.36,14.65,3669539,55094620.000
2011-06-03,14.66,15.13,14.61,15.04,4687666,72259032.000
2011-06-07,15.07,15.96,15.07,15.55,7775438,124388376.000
2011-06-08,15.50,15.53,15.06,15.40,4418345,69281440.000
2011-06-09,15.16,15.46,14.81,14.84,3908266,60975124.000
2011-06-10,14.78,15.16,14.55,15.02,2929671,44656664.000
2011-06-13,14.99,15.04,14.62,14.93,2017945,30874108.000
2011-06-14,14.96,15.41,14.95,15.39,5069749,79784520.000
2011-06-15,15.32,15.46,14.94,15.03,3197391,49964556.000
2011-06-16,14.94,14.94,14.46,14.47,4366521,65783800.000
2011-06-17,14.66,14.81,14.36,14.49,2462995,36890516.000
2011-06-20,14.66,14.79,14.09,14.18,3076742,45569980.000
2011-06-22,14.36,14.63,14.23,14.32,2572721,38060640.000
2011-06-23,14.34,14.63,14.08,14.48,2972050,44051440.000
2011-06-24,14.37,15.20,14.37,15.19,7469775,114937560.000
2011-06-27,15.15,15.33,15.06,15.18,7528130,117613952.000
2011-06-28,15.21,15.54,15.08,15.54,6957734,110186104.000
2011-06-29,15.49,15.66,15.06,15.17,5690717,89864920.000
2011-06-30,15.09,15.41,15.09,15.29,3862425,60747508.000
2011-07-01,15.33,15.54,15.29,15.35,4407344,69886608.000
2011-07-04,15.48,15.86,15.39,15.80,7936534,127958376.000
2011-07-05,15.81,15.84,15.50,15.75,6095048,98074064.000
2011-07-06,15.66,16.43,15.47,16.15,10809829,177881216.000
2011-07-07,16.06,16.36,15.83,16.03,8900520,147228144.000
2011-07-08,16.08,16.18,15.89,16.02,3810914,62839364.000
2011-07-11,15.91,16.14,15.75,16.06,3999614,65496472.000
2011-07-12,15.82,15.94,15.41,15.45,5899195,94775992.000
2011-07-13,15.46,15.74,15.46,15.70,4219607,67872912.000
2011-07-14,15.76,16.42,15.71,16.36,11940822,198267056.000
2011-07-15,16.41,17.02,16.29,16.88,13266805,226657568.000
2011-07-18,16.88,17.35,16.51,16.57,12224753,212560352.000
2011-07-19,16.42,16.86,16.10,16.32,5982385,100157744.000
2011-07-20,16.39,16.84,16.36,16.74,7878137,134076296.000
2011-07-21,16.74,16.83,16.36,16.39,3577807,60327356.000
2011-07-22,16.41,16.83,16.41,16.53,3966959,67502592.000
2011-07-25,16.43,16.51,15.46,15.53,5368699,87196992.000
2011-07-26,15.53,15.65,15.24,15.54,2455927,38868260.000
2011-07-27,15.50,16.59,15.21,16.24,7519468,123851024.000
2011-07-28,15.97,17.46,15.91,17.03,20293990,350739584.000
2011-07-29,17.11,17.50,16.77,16.94,14218062,249405856.000
2011-08-01,16.79,17.29,16.71,17.20,8657764,151589632.000
2011-08-02,17.02,17.26,16.26,16.78,9667157,164642528.000
2011-08-03,16.56,16.98,16.40,16.65,5681671,97029640.000
2011-08-04,16.80,16.80,16.40,16.57,6295104,106817400.000
2011-08-05,15.81,16.31,15.56,15.98,5275554,86391336.000
2011-08-08,15.71,15.71,14.48,14.59,10082382,154280288.000
2011-08-09,13.81,14.56,13.49,14.22,8274208,119685424.000
2011-08-10,14.59,14.89,14.34,14.45,6924561,103585416.000
2011-08-11,13.71,14.82,13.71,14.79,6141013,91448104.000
2011-08-12,14.96,15.39,14.81,15.10,6718077,103908608.000
2011-08-15,15.12,15.21,14.86,15.16,5146575,79579528.000
2011-08-16,15.18,15.19,14.85,14.91,3485967,53538300.000
2011-08-17,14.80,15.01,14.67,14.74,2501185,37908888.000
2011-08-18,14.81,14.93,14.51,14.53,2411464,36451864.000
2011-08-19,14.21,14.37,14.01,14.36,2420163,35383052.000
2011-08-22,14.36,14.56,14.19,14.19,1611193,23775072.000
2011-08-23,14.25,14.44,14.13,14.44,1683686,24796738.000
2011-08-24,14.54,14.79,14.51,14.60,3247589,48957816.000
2011-08-25,14.71,14.89,14.56,14.82,4034611,61034152.000
2011-08-26,14.80,14.93,14.69,14.92,2720403,41458208.000
2011-08-29,14.74,14.90,14.63,14.66,2725662,41220420.000
2011-08-30,14.73,14.88,14.47,14.50,3782988,57268096.000
2011-08-31,14.53,14.60,14.32,14.51,2053181,30471548.000
2011-09-01,14.60,14.60,14.31,14.47,2558973,37994112.000
2011-09-02,14.41,14.53,14.19,14.47,2323254,34229112.000
2011-09-05,14.40,14.41,13.89,14.02,1860748,26896998.000
2011-09-06,13.85,14.01,13.73,13.81,1445400,20555556.000
2011-09-07,13.81,14.06,13.81,14.01,2025910,29072896.000
2011-09-08,14.01,14.80,13.82,14.42,4622558,68405272.000
2011-09-09,14.22,14.49,14.07,14.12,1912907,27959908.000
2011-09-13,13.91,13.91,13.55,13.77,1663180,23458852.000
2011-09-14,13.79,13.89,13.55,13.84,1189986,16778526.000
2011-09-15,13.85,13.96,13.81,13.85,1322113,18855118.000
2011-09-16,13.84,14.11,13.81,13.82,844744,12071024.000
2011-09-19,13.80,13.80,13.36,13.38,2217314,30908064.000
2011-09-20,13.31,13.49,13.28,13.39,1827386,25112904.000
2011-09-21,13.43,13.96,13.26,13.95,3715082,52317756.000
2011-09-22,13.81,13.81,13.44,13.48,1857940,26052240.000
2011-09-23,13.21,13.31,12.71,13.14,1754097,23664974.000
2011-09-26,13.11,13.17,12.69,12.77,1481409,19754276.000
2011-09-27,12.88,13.00,12.74,12.83,1010219,13405594.000
2011-09-28,13.02,13.02,12.69,12.70,1105553,14608972.000
2011-09-29,12.67,12.71,12.08,12.17,2114834,26958112.000
2011-09-30,12.17,12.39,11.89,11.96,1812180,22497088.000
2011-10-10,11.94,12.14,11.46,11.59,2572170,31119456.000
2011-10-11,11.97,11.97,11.09,11.38,2789917,33319834.000
2011-10-12,11.27,11.85,11.09,11.81,3050876,36740688.000
2011-10-13,11.81,12.07,11.81,11.92,2971827,36643916.000
2011-10-14,11.85,11.98,11.76,11.88,1863181,22845042.000
2011-10-17,11.88,12.03,11.66,11.85,2156048,26344512.000
2011-10-18,11.71,11.78,11.21,11.30,2783266,32989508.000
2011-10-19,11.31,11.45,11.11,11.26,1215140,14168398.000
2011-10-20,11.35,11.36,10.66,10.76,1863955,21002196.000
2011-10-21,10.80,10.81,10.49,10.55,1584141,17474760.000
2011-10-24,10.62,10.87,10.41,10.81,1731863,19187976.000
2011-10-25,10.81,11.34,10.74,11.28,4347581,50159412.000
2011-10-26,11.19,11.87,11.09,11.63,5096292,61345788.000
2011-10-27,11.70,12.01,11.59,11.64,3309590,40325404.000
2011-10-28,11.86,12.06,11.67,11.98,4182565,51264208.000
2011-10-31,11.98,12.11,11.72,12.10,3720372,45740772.000
2011-11-01,11.92,12.38,11.82,12.24,4311654,54099648.000
2011-11-02,11.99,12.37,11.76,12.25,3827843,47573556.000
2011-11-03,12.29,12.85,12.29,12.72,6647114,87021736.000
2011-11-04,12.86,12.98,12.64,12.75,3225734,42438152.000
2012-03-28,12.81,14.06,12.61,14.06,26489601,377261856.000
2012-03-29,13.81,15.26,13.50,13.84,29493770,432505600.000
2012-03-30,13.43,13.84,12.42,12.77,19291165,257630432.000
2012-04-05,12.56,13.17,12.06,13.04,13430540,174927184.000
2012-04-06,12.79,13.11,12.46,12.70,11721811,153826336.000
2012-04-09,12.59,12.59,11.95,12.02,9794755,124111456.000
2012-04-10,11.86,12.15,11.61,12.13,8455524,103444080.000
2012-04-11,11.91,12.06,11.78,12.01,5270563,64966172.000
2012-04-13,12.31,12.59,12.21,12.38,11807969,150847968.000
2012-04-16,12.26,12.26,12.01,12.09,5979339,74759632.000
2012-04-17,12.01,12.86,12.01,12.42,11561752,149313904.000
2012-04-18,12.43,12.70,12.19,12.59,8555893,109998184.000
2012-04-19,12.60,12.94,12.60,12.74,8557635,112524384.000
2012-04-20,12.76,12.91,12.47,12.73,7765905,101565328.000
2012-04-23,12.71,13.36,12.62,13.29,12417853,166811744.000
2012-04-24,13.21,13.23,12.57,12.90,8052538,107038144.000
2012-04-25,12.81,12.99,12.60,12.91,5184266,68528440.000
2012-04-26,12.89,12.90,12.61,12.63,5884962,77431544.000
2012-04-27,12.66,13.00,12.66,12.77,4650918,61550024.000
2012-05-02,13.03,13.10,12.80,13.02,6466256,86647384.000
2012-05-03,12.91,14.36,12.88,14.36,18832609,268017392.000
2012-05-04,14.51,15.09,14.16,14.36,18086932,270331520.000
2012-05-07,14.24,15.83,14.24,15.20,16980387,265372096.000
2012-05-08,15.08,15.88,14.89,15.50,17498738,278266944.000
2012-05-09,15.41,16.10,15.18,15.83,15101399,243381520.000
2012-05-10,15.94,17.45,15.94,16.89,32024997,562410688.000
2012-05-11,17.01,18.62,17.00,18.62,33455943,612192320.000
2012-05-14,20.52,20.52,20.52,20.52,8643271,180730800.000
2012-05-15,21.61,22.47,19.41,19.71,78348534,1682463232.000
2012-05-16,19.63,21.71,19.06,21.07,62007097,1289836288.000
2012-05-17,19.80,20.17,19.12,19.69,33535635,673868864.000
2012-05-18,19.80,20.96,19.46,20.14,30553104,625862784.000
2012-05-21,20.12,21.36,19.72,20.98,28629254,598085632.000
2012-05-22,20.79,22.91,20.66,21.92,39348742,877348928.000
2012-05-23,21.69,24.14,21.53,24.14,44089920,1045313856.000
2012-05-24,24.05,24.87,23.21,24.63,49504532,1205758592.000
2012-05-25,24.29,24.76,23.74,23.88,26424068,648400832.000
2012-05-28,22.74,22.93,21.81,22.11,38472725,867190016.000
2012-05-29,22.70,24.01,22.66,22.82,35916266,841756416.000
2012-05-30,22.92,23.70,22.31,23.39,26308999,616926592.000
2012-05-31,23.31,23.86,22.97,23.02,22150806,524951296.000
2012-06-01,22.74,23.19,22.47,22.84,16857883,390115840.000
2012-06-04,22.97,24.36,22.58,23.77,34067781,810832320.000
2012-06-05,23.64,25.19,23.42,23.61,38531059,947669760.000
2012-06-06,23.00,23.53,22.12,22.36,27768268,641334080.000
2012-06-07,22.39,22.79,22.21,22.62,16606218,378242944.000
2012-06-08,22.71,22.75,21.57,21.67,22375997,498396768.000
2012-06-11,21.51,21.71,20.26,21.11,21428701,454597600.000
2012-06-12,20.90,21.72,20.85,21.16,15641428,338811488.000
2012-06-13,21.26,21.91,20.96,21.64,14933280,326619680.000
2012-06-14,21.68,21.68,20.96,21.13,12291422,264287344.000
2012-06-15,21.09,21.53,20.86,21.06,12432494,266982464.000
2012-06-18,21.22,22.71,21.19,22.66,21778035,481554656.000
2012-06-19,22.65,24.86,22.27,24.60,48696437,1181325440.000
2012-06-20,24.55,24.71,23.22,23.37,26689170,639591168.000
2012-06-21,22.86,23.71,22.54,22.85,15173590,354561952.000
2012-06-25,22.44,23.24,21.61,22.05,15071379,340941504.000
2012-06-26,22.07,22.21,21.19,21.44,10137334,221533296.000
2012-06-27,21.59,21.79,20.89,21.43,10727869,232433664.000
2012-06-28,21.61,22.68,21.21,22.00,14974861,334327072.000
2012-06-29,22.01,22.71,21.91,22.63,12296398,279446528.000
2012-07-02,23.08,23.58,22.51,22.93,14332573,334391872.000
2012-07-03,22.92,23.04,22.48,22.55,9197747,211814368.000
2012-07-04,22.51,24.16,22.03,23.82,23637781,558558656.000
2012-07-05,23.63,24.14,22.60,22.67,21071362,502699872.000
2012-07-06,22.68,24.45,22.51,24.10,20834779,497515520.000
2012-07-09,24.06,26.54,23.96,25.41,32364332,833242624.000
2012-07-10,25.27,25.96,25.11,25.30,17242329,444860032.000
2012-07-11,25.10,27.86,25.10,27.86,28438520,772096832.000
2012-07-12,28.01,29.09,26.86,27.61,35296691,999012096.000
2012-07-13,27.26,30.40,27.26,30.40,35645851,1056090496.000
2012-07-16,31.14,33.47,30.01,30.99,52875805,1696147456.000
2012-07-17,30.33,31.56,28.56,30.61,35797260,1088850304.000
2012-07-18,29.96,30.16,27.61,28.83,32258791,937814912.000
2012-07-19,28.33,29.26,28.14,28.63,21990318,635443904.000
2012-07-20,28.29,28.85,26.85,26.93,32593450,912555584.000
2012-07-23,26.65,27.38,26.43,26.85,17960600,489864128.000
2012-07-24,26.81,28.28,26.24,27.60,26893172,746322240.000
2012-07-25,27.01,27.61,26.49,26.93,15679375,427039456.000
2012-07-26,26.59,27.46,25.52,25.63,19164165,512908032.000
2012-07-27,25.84,25.96,24.15,24.90,22768384,574837568.000
2012-07-30,24.71,25.46,23.54,23.74,16305027,400736096.000
2012-07-31,23.72,24.60,23.60,24.19,16252203,398010400.000
2012-08-01,23.91,25.51,23.87,25.24,21578414,543781760.000
2012-08-02,25.25,26.61,25.01,25.98,23907624,627363840.000
2012-08-03,26.13,26.25,25.29,25.89,14318189,371968544.000
2012-08-06,25.68,26.09,25.11,26.05,15621725,404199520.000
2012-08-07,25.71,25.71,24.59,24.81,24135466,610454848.000
2012-08-08,24.61,25.83,24.26,25.46,19622358,500419008.000
2012-08-09,25.30,25.82,24.71,25.68,15377089,393211136.000
2012-08-10,26.03,27.29,25.81,25.94,21669082,580826688.000
2012-08-13,25.71,27.21,24.93,26.52,20438354,542479744.000
2012-08-14,26.22,27.85,26.22,27.73,23097659,633261376.000
2012-08-15,27.73,28.01,26.81,26.85,15461908,427027136.000
2012-08-16,26.61,27.38,25.36,25.89,13955005,373070400.000
2012-08-17,25.53,26.30,24.76,26.16,11661054,299724672.000
2012-08-20,25.74,26.11,25.41,25.85,6376172,165785984.000
2012-08-21,25.87,26.63,25.81,26.18,8023544,212945616.000
2012-08-22,26.59,27.31,26.24,26.71,13420418,364921504.000
2012-08-23,26.61,27.31,25.92,27.08,11925198,321327968.000
2012-08-24,26.95,27.19,25.99,26.03,9625282,257574784.000
2012-08-27,25.94,26.47,25.23,25.33,9589505,250974576.000
2012-08-28,25.12,25.47,23.74,24.50,12682687,315909792.000
2012-08-29,24.29,24.77,23.82,24.17,8191038,201440160.000
2012-08-30,24.18,24.38,21.72,21.93,15086069,347007520.000
2012-08-31,21.81,22.18,21.07,21.63,9888155,216507760.000
2012-09-03,21.61,22.64,21.26,22.51,9307782,210439968.000
2012-09-04,22.71,23.37,22.71,22.78,9421699,219601552.000
2012-09-05,22.78,22.98,22.31,22.71,5661327,130278408.000
2012-09-06,22.71,23.21,22.71,23.08,4900095,114229672.000
2012-09-07,23.41,24.41,23.26,23.89,11095991,268104432.000
2012-09-10,24.11,24.21,23.46,23.80,8542675,205229888.000
2012-09-11,23.68,23.68,23.15,23.42,5885617,138910272.000
2012-09-12,23.69,23.90,23.09,23.67,6233741,148562848.000
2012-09-13,23.73,25.26,23.73,24.73,19410639,481950112.000
2012-09-14,24.58,24.71,23.92,24.18,9126925,224507552.000
2012-09-17,24.42,25.01,23.80,23.82,7129286,175267040.000
2012-09-18,23.69,23.79,22.26,22.82,7294152,170387152.000
2012-09-19,22.56,23.36,22.56,22.94,4926507,114801600.000
2012-09-20,23.11,23.70,22.29,22.33,8226215,191649664.000
2012-09-21,22.33,22.37,20.99,21.10,11137272,241511664.000
2012-09-24,20.67,21.06,20.20,20.97,8010303,167475392.000
2012-09-25,20.91,21.39,20.62,20.94,5199217,111007040.000
2012-09-26,20.81,21.25,19.56,19.80,8852793,180194976.000
2012-09-27,19.80,20.47,19.32,20.25,10245704,206985840.000
2012-09-28,20.01,20.57,19.87,20.51,7948659,162982704.000
2012-10-08,20.53,20.84,20.31,20.76,5761200,120337320.000
2012-10-09,20.71,22.87,20.71,22.87,21194072,476281504.000
2012-10-10,22.97,24.11,22.61,23.42,17399062,411468896.000
2012-10-11,23.21,23.60,22.77,22.81,9451821,221733776.000
2012-10-12,22.72,23.39,22.42,23.03,6699100,155787024.000
2012-10-15,22.91,23.36,22.61,23.22,6186133,143723536.000
2012-10-16,23.06,23.90,23.00,23.14,8906768,211708064.000
2012-10-17,23.39,23.84,22.71,23.57,9964040,235814944.000
2012-10-18,23.58,23.87,23.33,23.77,8509126,203954736.000
2012-10-19,23.87,23.87,23.32,23.39,4639258,110516976.000
2012-10-22,23.21,23.26,22.91,23.10,4393988,102626616.000
2012-10-23,23.10,23.39,22.16,22.29,7544678,173332384.000
2012-10-24,22.13,22.19,21.51,21.78,7283412,161256128.000
2012-10-25,22.16,22.39,21.59,21.60,7007659,155954912.000
2012-10-26,21.47,21.69,20.50,20.98,9524988,201475344.000
2012-10-29,20.96,21.31,20.65,21.25,4077082,87193488.000
2012-10-30,21.09,21.81,20.86,21.37,5014645,108743976.000
2012-10-31,21.35,21.61,21.07,21.22,3582724,77144360.000
2012-11-01,21.23,22.09,21.23,22.07,7003984,154753536.000
2012-11-02,22.11,22.26,21.84,22.07,4848274,108351952.000
2012-11-05,22.01,22.02,21.37,21.46,5322917,116420848.000
2012-11-06,21.47,21.57,20.73,21.01,5593464,118847248.000
2012-11-07,21.01,21.18,20.82,20.97,2868806,60983900.000
2012-11-08,20.79,21.10,20.39,20.40,5077184,106391632.000
2012-11-09,20.31,20.69,20.01,20.07,8038665,165562096.000
2012-11-12,19.94,20.49,19.70,20.31,4937525,100796856.000
2012-11-13,20.26,20.38,19.62,19.75,3809312,76980712.000
2012-11-14,19.77,19.96,19.29,19.91,4112723,81976768.000
2012-11-15,19.77,19.91,18.74,18.78,6254702,122324544.000
2012-11-16,18.66,19.15,18.36,18.98,5175243,98409368.000
2012-11-19,18.91,18.99,17.91,18.73,6049062,113683656.000
2012-11-20,18.76,18.81,18.45,18.48,3944489,74715968.000
2012-11-21,18.38,18.76,17.81,18.71,5057522,94279976.000
2012-11-22,18.65,18.65,17.99,18.06,3588847,66414920.000
2012-12-03,18.21,18.21,16.23,16.23,9224159,158835952.000
2012-12-04,15.74,16.67,14.81,16.37,9560856,151876048.000
2012-12-05,16.16,17.06,15.75,16.70,8048091,136294448.000
2012-12-06,16.71,17.06,16.53,16.83,4624259,79022472.000
2012-12-07,16.83,17.24,16.61,17.16,6261888,108297448.000
2012-12-10,17.13,18.91,17.02,18.91,10473456,193780416.000
2012-12-11,18.91,19.55,18.66,18.73,11529450,223663792.000
2012-12-12,18.75,18.99,18.10,18.58,6529857,122432312.000
2012-12-13,18.36,20.14,18.36,19.00,9629045,188908208.000
2012-12-14,19.03,19.68,18.71,19.58,8597257,169248944.000
2012-12-17,19.60,19.61,18.89,19.30,10742185,209149040.000
2012-12-18,19.31,19.80,19.06,19.29,7433686,146779296.000
2012-12-19,19.29,19.47,18.81,19.06,5115688,99042152.000
2012-12-20,19.01,19.01,18.39,18.70,7241838,137144720.000
2012-12-21,18.76,19.91,18.47,19.22,14050101,274102816.000
2012-12-24,19.11,19.50,18.86,19.49,8710212,170117168.000
2012-12-25,19.38,19.95,19.19,19.69,14354043,286212352.000
2012-12-26,19.71,19.86,19.34,19.73,9562978,189966848.000
2012-12-27,19.76,19.90,19.11,19.11,9378646,184229520.000
2012-12-28,19.15,19.32,18.89,19.09,7896516,152921984.000
2012-12-31,19.26,19.29,18.80,19.13,8297357,159983440.000
2013-01-04,19.69,19.99,19.31,19.51,12084342,239577312.000
2013-01-07,19.72,21.49,19.72,21.49,24901610,526053504.000
2013-01-08,22.11,22.86,21.71,22.20,26398456,594492672.000
2013-01-09,22.21,22.21,21.31,21.91,14923698,327853408.000
2013-01-10,21.91,22.35,21.61,21.94,10085656,223915168.000
2013-01-11,22.00,22.09,21.21,21.24,9843412,214359104.000
2013-01-14,21.01,22.56,21.01,22.27,17306130,388736896.000
2013-01-15,22.34,23.11,21.93,22.73,18729625,430996064.000
2013-01-16,22.72,23.41,22.43,22.99,14183143,330960160.000
2013-01-17,23.20,24.09,23.11,23.58,14393185,344880768.000
2013-01-18,23.49,23.64,23.01,23.42,7941118,187261040.000
2013-01-21,23.41,23.49,22.66,22.95,8450907,196923088.000
2013-01-22,22.91,22.95,21.99,22.14,7716494,174714720.000
2013-01-23,21.81,22.17,21.72,22.10,5757564,128041968.000
2013-01-24,22.21,22.57,21.57,21.59,8392027,187995472.000
2013-01-25,21.51,23.51,21.51,23.40,15243621,354655744.000
2013-01-28,23.36,24.09,23.21,23.90,14271913,342148640.000
2013-01-29,23.87,25.71,23.61,24.94,14955763,377696800.000
2013-01-30,24.74,25.40,24.47,24.49,9966915,250598208.000
2013-01-31,24.69,25.29,24.61,24.92,8030968,202669920.000
2013-02-01,25.59,25.81,24.42,24.89,8786595,222435632.000
2013-02-04,24.61,25.19,23.69,24.00,9104962,222204000.000
2013-02-05,23.71,25.36,23.59,25.33,9271562,230776672.000
2013-02-06,25.39,27.64,25.01,26.86,19492412,519480992.000
2013-02-07,26.71,27.57,26.52,26.69,9715224,264613296.000
2013-02-08,26.41,27.68,26.32,26.90,8392518,230192896.000
2013-02-18,26.90,28.21,26.36,27.87,11546502,316521280.000
2013-02-19,27.86,29.03,26.72,27.18,19754959,562665344.000
2013-02-20,26.91,28.97,26.91,28.46,15237435,433680480.000
2013-02-21,28.44,28.90,27.36,27.72,12745329,360902784.000
2013-02-22,27.71,27.91,26.92,27.22,8631692,237243792.000
2013-02-25,27.36,27.93,27.11,27.37,6798782,188632832.000
2013-02-26,27.13,27.50,26.12,26.19,11006389,296861920.000
2013-02-27,26.21,26.86,25.51,26.18,9571791,252860592.000
2013-02-28,26.31,27.91,26.21,27.86,14001161,386013248.000
2013-03-01,27.96,28.81,27.54,28.00,12893999,365576512.000
2013-03-04,27.77,28.16,27.01,27.39,9807900,271971392.000
2013-03-05,28.51,29.06,27.71,28.75,16360078,471795328.000
2013-03-06,28.71,29.75,28.48,28.92,12383175,363464384.000
2013-03-07,29.13,29.15,26.71,27.75,17743539,500623744.000
2013-03-08,27.79,28.81,27.21,27.69,9483638,268455936.000
2013-03-11,27.41,27.41,25.91,26.57,14636913,390721120.000
2013-03-12,26.43,27.15,25.41,26.33,11245098,299502656.000
2013-03-13,26.16,26.51,25.21,26.25,8076200,210781728.000
2013-03-14,26.37,26.43,25.31,25.57,6574802,170650992.000
2013-03-15,25.56,26.86,25.26,26.38,11228320,299506336.000
2013-03-19,26.40,26.70,25.19,26.24,6566001,171594624.000
2013-03-20,26.11,27.40,25.89,27.37,9856235,267164352.000
2013-03-21,27.27,27.94,27.21,27.58,8102727,226490880.000
2013-03-22,27.72,30.37,27.72,30.37,23904598,714855232.000
2013-03-25,30.33,32.41,29.60,31.11,22130213,693746688.000
2013-03-26,30.66,32.51,30.32,32.22,18821684,600930432.000
2013-03-27,31.39,32.52,31.21,31.40,13435956,431227168.000
2013-03-28,30.21,30.92,29.71,29.91,13312885,406887200.000
2013-03-29,29.71,32.91,28.92,32.42,23051914,726155712.000
2013-04-01,32.56,33.07,31.81,32.38,11080772,363372064.000
2013-04-02,32.16,33.34,30.94,31.48,12826203,414885280.000
2013-04-03,31.70,33.09,30.21,30.69,12810108,408746368.000
2013-04-08,31.91,33.79,31.59,33.79,33051987,1088751616.000
2013-04-09,33.22,33.71,31.83,32.06,20737990,684034560.000
2013-04-10,31.84,32.67,30.80,31.45,12650344,402069056.000
2013-04-11,31.87,32.00,30.61,31.13,8185312,257924320.000
2013-04-12,31.01,31.70,30.36,31.14,7028468,220281888.000
2013-04-15,31.70,32.21,31.31,31.55,7991337,256029568.000
2013-04-16,31.10,31.45,30.58,31.17,6080411,190317760.000
2013-04-17,31.21,34.00,31.11,33.42,18073615,600048832.000
2013-04-18,32.96,33.61,32.71,33.33,9086825,304590112.000
2013-04-19,33.21,34.64,33.21,34.02,10859675,374645344.000
2013-04-22,34.09,35.06,34.09,34.75,10116790,353316224.000
2013-04-23,34.74,34.90,33.40,33.57,9021774,308560416.000
2013-04-24,33.61,36.67,33.53,36.41,13674091,486594816.000
2013-04-25,36.21,37.86,35.29,35.79,14594390,535574144.000
2013-04-26,34.88,36.67,34.45,34.76,13321295,476515200.000
2013-05-02,33.23,36.21,32.71,35.03,12305925,432135904.000
2013-05-03,35.04,37.88,35.04,37.13,16598444,620491328.000
2013-05-06,37.71,38.53,36.07,37.13,15856218,594542784.000
2013-05-07,36.81,37.81,36.42,37.72,11269242,422356000.000
2013-05-08,37.80,38.11,37.22,37.58,10070341,381329824.000
2013-05-09,37.42,37.70,36.56,37.28,10551372,393376192.000
2013-05-10,37.31,39.39,37.21,38.65,17179865,666506432.000
2013-05-13,38.71,39.05,37.71,38.67,8722600,337378912.000
2013-05-14,39.08,40.34,38.72,39.86,13211134,527950336.000
2013-05-15,40.11,40.44,39.01,39.95,9705751,388298432.000
2013-05-16,39.44,39.46,37.22,37.55,22808396,875291712.000
2013-05-17,37.40,38.19,36.79,37.49,14041912,529047808.000
2013-05-20,36.41,36.97,34.06,36.50,26242167,933402368.000
2013-05-21,35.67,36.71,35.31,35.98,11873871,432625216.000
2013-05-22,35.91,38.29,35.41,37.12,18521958,695551296.000
2013-05-23,35.71,36.69,34.94,35.92,38490641,1397486720.000
2013-05-24,36.60,37.92,36.56,37.20,28395915,1065864640.000
2013-05-27,37.25,39.17,36.99,38.91,28402290,1100263424.000
2013-05-28,38.71,39.10,37.86,38.60,16216285,627427008.000
2013-05-29,38.66,39.21,37.76,38.20,17046116,657420800.000
2013-05-30,38.81,39.58,38.56,39.01,22542727,887469248.000
2013-05-31,39.21,39.21,37.48,37.68,19375589,741883072.000
2013-06-03,37.41,37.41,35.59,35.68,27662818,1013546880.000
2013-06-04,35.71,36.29,35.43,36.14,16224451,588105792.000
2013-06-05,36.51,36.91,33.88,34.91,25653870,908959296.000
2013-06-06,34.70,35.46,34.32,34.37,14642383,512584896.000
2013-06-07,34.70,34.97,31.98,33.04,24053006,805423296.000
2013-06-13,32.21,32.65,30.29,32.36,17368094,555645760.000
2013-06-14,33.04,34.59,33.04,34.20,21707546,739289152.000
2013-06-17,34.41,35.59,33.56,35.15,19142110,673149568.000
2013-06-18,34.89,35.53,34.36,34.74,15347175,541991360.000
2013-06-19,34.52,35.25,34.19,35.18,11491578,404506528.000
2013-06-20,35.02,35.04,32.69,32.85,16663880,567401984.000
2013-06-21,31.69,33.52,31.21,33.01,12856243,420158752.000
2013-06-24,32.71,32.81,30.32,31.44,16317157,517637056.000
2013-06-25,30.86,32.21,28.81,31.62,21599964,673983680.000
2013-06-26,31.23,33.12,31.21,32.88,17627072,574752384.000
2013-06-27,33.70,36.11,33.70,34.25,29216796,1022354688.000
2013-06-28,34.01,34.71,33.63,33.97,15123017,520074400.000
2013-07-01,34.09,35.71,34.06,35.68,17393900,615389504.000
2013-07-02,35.72,37.01,35.42,36.28,19431225,713110912.000
2013-07-03,36.28,36.81,35.71,36.42,14609966,535324288.000
2013-07-04,36.11,36.87,35.11,35.22,21481407,779241728.000
2013-07-05,35.23,35.68,34.71,34.92,11491642,406866400.000
2013-07-08,34.15,34.56,33.14,33.33,14248535,485137888.000
2013-07-09,33.33,33.97,33.14,33.75,8008375,271528832.000
2013-07-10,34.01,34.55,33.61,34.36,9045340,311530368.000
2013-07-11,34.71,35.56,34.50,35.52,14357185,508377952.000
2013-07-12,35.62,36.31,35.15,35.17,12503426,450229280.000
2013-07-15,34.97,36.10,34.71,35.86,12871560,460723712.000
2013-07-16,35.91,36.36,35.51,36.29,12621791,458163200.000
2013-07-17,36.49,36.49,34.91,35.00,13697417,491730624.000
2013-07-18,34.84,35.41,34.29,34.33,9913969,346854880.000
2013-07-19,34.12,35.10,33.89,33.93,9266211,321908832.000
2013-07-22,33.44,34.46,33.41,34.36,8108962,277726656.000
2013-07-23,34.45,35.26,34.43,34.74,8834637,310923264.000
2013-07-24,34.74,37.11,34.51,37.06,28973493,1055171904.000
2013-07-25,37.05,37.31,35.66,36.46,17189455,630009344.000
2013-07-26,36.21,37.41,36.02,36.85,14418100,534929280.000
2013-07-29,36.71,37.61,36.41,36.84,14272580,533563072.000
2013-07-30,37.04,37.35,35.11,35.50,12638606,457470816.000
2013-07-31,35.66,36.00,34.72,35.23,10324226,366493120.000
2013-08-01,35.31,35.98,35.01,35.90,11467880,410830240.000
2013-08-02,36.03,36.44,35.51,35.69,11376177,410162944.000
2013-08-05,35.81,36.38,35.61,35.86,13294499,481491456.000
2013-08-06,36.01,37.46,35.86,37.30,22405895,833495424.000
2013-08-07,37.31,37.33,36.15,36.34,13791488,508682080.000
2013-08-08,36.19,36.56,35.74,36.25,9195964,334908416.000
2013-08-09,36.52,37.56,36.21,37.01,15045324,560451904.000
2013-08-12,37.31,37.51,36.53,37.19,10783298,402200960.000
2013-08-13,37.22,37.30,36.31,36.66,8684803,320642880.000
2013-08-14,36.72,36.85,35.51,36.10,14666836,532068128.000
2013-08-15,36.11,36.15,35.51,35.63,6055547,218200368.000
2013-08-16,35.45,36.17,34.51,34.60,12609817,447564096.000
2013-08-19,34.60,35.11,34.31,34.85,8414988,294800800.000
2013-08-20,34.71,34.88,33.66,34.02,12615154,434538208.000
2013-08-21,34.02,35.14,33.93,35.03,9755890,341733760.000
2013-08-22,35.05,35.33,34.65,34.80,7710156,271884352.000
2013-08-23,34.85,35.32,34.21,34.59,7602937,266621008.000
2013-08-26,34.66,35.81,34.66,35.69,10980628,391706624.000
2013-08-27,35.66,36.06,35.31,35.60,6139849,220455248.000
2013-08-28,35.41,35.64,34.59,35.12,8005735,283391872.000
2013-08-29,35.50,35.70,34.21,34.30,8510671,297546496.000
2013-08-30,34.23,34.23,31.71,32.97,14572445,485692448.000
2013-09-02,33.39,34.22,33.21,33.71,9002167,307252512.000
2013-09-03,33.81,34.91,33.64,34.61,7567038,263720400.000
2013-09-04,34.71,34.71,33.72,33.82,6891513,236273040.000
2013-09-05,33.71,33.71,32.96,33.40,7327795,246176352.000
2013-09-06,33.21,33.68,32.99,33.15,6656092,222632832.000
2013-09-09,33.16,33.37,32.41,33.02,8748480,289709376.000
2013-09-10,32.86,32.86,32.01,32.22,11653609,379716224.000
2013-09-11,32.58,32.66,31.49,31.88,9763690,313784416.000
2013-09-12,31.65,32.31,31.54,31.75,10009111,321538560.000
2013-09-13,31.60,32.21,31.51,32.04,7331317,235756512.000
2013-09-16,32.04,33.17,31.90,32.85,9540577,314703360.000
2013-09-17,32.71,32.93,31.42,31.46,8484817,273662912.000
2013-09-18,31.45,31.89,30.51,31.61,6903354,217901904.000
2013-09-23,31.76,33.71,31.73,33.70,15870423,530115488.000
2013-09-24,33.40,33.68,32.97,33.17,9438759,316932128.000
2013-09-25,33.73,34.05,32.57,32.84,10950313,366537696.000
2013-09-26,32.86,35.87,32.86,35.20,29631924,1028517760.000
2013-09-27,35.01,36.10,34.61,35.09,16903137,602937408.000
2013-09-30,35.76,35.76,34.61,35.29,10017549,355088768.000
2013-10-08,35.76,36.81,35.61,35.82,14723403,535445280.000
2013-10-09,35.61,35.66,34.88,35.19,10771908,382310752.000
2013-10-10,35.19,36.51,34.84,35.82,12321375,443850880.000
2013-10-11,35.86,36.87,35.21,36.76,17808570,649699584.000
2013-10-14,36.83,38.29,36.80,37.60,15778658,599744704.000
2013-10-15,37.81,38.26,36.91,37.33,11117873,419028416.000
2013-10-16,37.21,37.46,36.37,36.64,10214986,378110176.000
2013-10-17,36.77,37.41,35.91,36.01,7896872,291684736.000
2013-10-18,36.01,36.29,35.50,35.75,6139506,221485376.000
2013-10-21,35.87,36.96,35.79,36.73,8780800,324044864.000
2013-10-22,36.73,37.31,36.16,36.21,9314973,344714816.000
2013-10-23,35.91,36.03,33.82,34.63,14167335,498090400.000
2013-10-24,35.11,36.51,34.74,35.61,18499235,670939392.000
2013-10-25,35.66,35.70,34.31,34.69,9272231,325599808.000
2013-10-28,34.59,34.59,33.81,34.23,5000977,172091376.000
2013-10-29,34.21,34.56,32.14,33.32,7134226,239178672.000
2013-10-30,33.39,34.00,32.92,33.95,7043765,238729600.000
2013-10-31,31.36,31.66,30.53,30.53,16166535,501956672.000
2013-11-01,28.71,30.44,28.21,30.12,19092012,564320384.000
2013-11-04,29.60,29.80,28.88,29.00,9704401,287259040.000
2013-11-05,28.96,29.61,28.37,29.60,9071955,264446208.000
2013-11-06,29.51,29.56,28.81,28.97,7454770,219554704.000
2013-11-07,28.66,28.66,26.04,26.50,33227153,896550080.000
2013-11-08,25.97,26.84,25.46,25.66,20589808,540541952.000
2013-11-11,25.66,26.66,25.66,26.50,11312393,298987680.000
2013-11-12,26.59,28.34,26.25,28.09,21265553,592481536.000
2013-11-13,27.89,27.90,27.31,27.35,9176649,255667040.000
2013-11-14,27.23,28.46,26.99,28.13,9264641,260711552.000
2013-11-15,28.12,28.81,28.06,28.40,10081860,290764224.000
2013-11-18,28.68,28.77,28.14,28.58,10322123,296614976.000
2013-11-19,28.69,28.96,27.59,27.78,13972473,397299360.000
2013-11-20,27.91,28.03,27.08,27.76,10492978,290860928.000
2013-11-21,27.77,27.80,27.31,27.73,6041487,168185728.000
2013-11-22,27.74,27.78,26.96,27.20,8593925,237008432.000
2013-11-25,27.38,27.70,27.29,27.50,8066707,224401712.000
2013-11-26,27.42,27.53,25.96,26.35,17823348,477978688.000
2013-11-27,26.53,26.77,26.02,26.56,15452024,413381920.000
2013-11-28,26.71,28.16,26.49,27.88,27373609,758012352.000
2013-11-29,27.88,28.68,27.61,28.35,21124159,602900160.000
2013-12-02,27.83,28.41,26.89,27.07,14004126,389157856.000
2013-12-03,27.12,28.49,27.12,28.42,14244766,402647040.000
2013-12-04,28.45,29.55,28.45,28.77,19776764,580903872.000
2013-12-05,28.83,30.53,28.81,30.50,26712790,800310528.000
2013-12-06,31.86,33.39,31.39,31.88,32869145,1067441856.000
2013-12-16,31.71,31.81,28.71,28.78,35436896,1070211200.000
2013-12-17,28.59,29.81,28.42,28.88,15463640,455402208.000
2013-12-18,28.70,28.71,27.21,27.72,18292603,512780416.000
2013-12-19,27.77,28.16,27.31,27.52,11149901,312272288.000
2013-12-20,27.31,28.21,27.21,27.60,9847551,275412128.000
2013-12-23,27.71,28.51,27.57,27.96,12536933,355181760.000
2013-12-24,28.02,28.21,25.66,26.31,26132086,703919168.000
2013-12-25,26.09,26.59,25.84,26.51,12266290,327046336.000
2013-12-26,26.51,26.52,25.43,25.97,19274428,504499776.000
2013-12-27,25.97,26.46,25.84,26.25,8900752,235576256.000
2013-12-30,26.31,26.86,26.06,26.52,11067435,296477120.000
2013-12-31,26.48,27.51,26.32,27.37,13168533,359868032.000
2014-01-02,27.37,28.22,26.91,28.07,14660558,410856544.000
2014-01-03,28.01,28.01,27.38,27.59,9397858,262492928.000
2014-01-06,27.57,27.58,26.31,26.51,9814208,264634768.000
2014-01-07,26.25,27.28,26.09,26.80,8033996,217290400.000
2014-01-08,26.86,27.24,26.54,27.07,8211720,224195408.000
2014-01-09,27.06,27.09,26.31,26.36,13198823,357352640.000
2014-01-10,26.09,26.56,25.90,26.21,6140067,162990624.000
2014-01-13,26.21,26.79,25.81,26.13,6257510,165924560.000
2014-01-14,26.20,26.27,25.51,26.21,7233527,189636672.000
2014-01-15,26.15,26.38,25.88,26.08,5254208,138626208.000
2014-01-16,26.06,26.29,25.82,26.14,6343543,167365104.000
2014-01-17,26.14,26.14,25.61,25.64,6442654,168061248.000
2014-01-20,25.51,25.80,24.59,24.86,10282963,260837200.000
2014-01-21,24.83,25.30,24.83,25.03,6642056,168171808.000
2014-01-22,25.03,26.26,24.94,26.18,14038607,365369728.000
2014-01-23,26.32,26.55,26.00,26.10,8246002,218420160.000
2014-01-24,26.10,26.51,26.07,26.22,8006008,212357824.000
2014-01-27,26.18,26.18,25.57,25.71,7661188,199105744.000
2014-01-28,25.57,27.16,25.57,26.87,17130963,460939488.000
2014-01-29,27.17,27.17,26.57,26.73,8856607,239146336.000
2014-01-30,26.65,27.40,26.47,26.88,9109945,248130592.000
2014-02-07,26.67,27.10,26.28,26.84,7804796,210903360.000
2014-02-10,26.97,28.74,26.97,28.09,18088876,510692384.000
2014-02-11,28.17,29.37,27.91,29.19,22369233,650613056.000
2014-02-12,29.22,29.82,28.67,28.95,13491427,395063072.000
2014-02-13,28.96,28.96,27.94,27.95,11782836,338249184.000
2014-02-14,27.98,28.55,27.97,28.34,7155484,203738176.000
2014-02-17,28.40,28.76,27.93,28.53,10403519,296705216.000
2014-02-18,28.38,28.43,27.67,27.82,12370984,349212000.000
2014-02-19,27.82,28.82,27.47,28.39,15088891,430635008.000
2014-02-20,28.47,28.65,27.67,27.79,8747632,248002528.000
2014-02-21,27.84,28.17,27.40,27.51,7005053,195882736.000
2014-02-24,27.37,27.42,26.16,26.69,11224273,302342144.000
2014-02-25,26.69,27.24,25.77,25.80,11745151,314318592.000
2014-02-26,25.87,26.07,25.27,26.02,9207540,238799456.000
2014-02-27,26.29,27.19,26.07,26.17,9950591,266948848.000
2014-02-28,26.08,26.87,25.97,26.78,8171703,218867408.000
2014-03-03,26.66,27.36,26.47,26.77,9460012,256998720.000
2014-03-04,26.67,27.94,25.62,27.91,18294906,493200992.000
2014-03-06,28.57,29.75,27.67,27.76,33565511,969139584.000
2014-03-07,27.28,27.67,26.47,26.91,15964876,435730016.000
2014-03-10,26.78,26.79,25.65,25.91,10689867,281561120.000
2014-03-11,25.80,26.32,25.55,26.07,7700382,202059248.000
2014-03-12,26.04,26.67,25.87,26.35,7389722,196045904.000
2014-03-13,26.26,26.94,26.05,26.59,7569254,202526848.000
2014-03-14,26.59,26.89,25.76,25.87,9649903,254853056.000
2014-03-17,25.77,26.42,25.76,26.37,6510591,171761952.000
2014-03-18,26.37,27.47,26.37,27.08,16065941,438931392.000
2014-03-19,27.27,27.50,26.98,27.26,12678592,348655680.000
2014-03-20,27.26,27.34,26.16,26.18,9715959,262074352.000
2014-03-21,25.87,26.67,25.77,26.53,8370319,221828352.000
2014-03-24,26.67,26.90,26.10,26.21,9884368,262770720.000
2014-03-25,26.17,26.42,26.12,26.23,5853033,154945104.000
2014-03-26,26.28,26.80,26.28,26.47,6485592,173683232.000
2014-03-27,26.37,26.96,25.77,26.22,14119644,375542208.000
2014-03-28,26.37,26.63,25.67,25.74,10357388,270925408.000
2014-03-31,25.74,25.92,25.43,25.50,6139195,158812416.000
2014-04-01,25.51,26.17,25.48,26.06,6775316,177370496.000
2014-04-02,26.23,26.37,25.78,26.00,6031631,158536272.000
2014-04-03,25.92,26.14,25.83,25.86,3959207,103713728.000
2014-04-04,25.83,25.86,25.32,25.73,7976787,206013744.000
2014-04-08,25.46,26.01,25.24,25.84,8405439,217762240.000
2014-04-09,25.68,26.27,25.68,25.88,7628487,199940512.000
2014-04-10,25.97,26.07,25.57,25.87,10471533,271924640.000
2014-04-11,25.67,26.05,25.44,25.61,11565409,300143296.000
2014-04-14,25.51,25.61,25.12,25.31,13907567,354923808.000
2014-04-15,25.27,25.29,24.61,24.66,15247989,383535616.000
2014-04-16,24.61,25.06,24.60,24.99,7492498,188240272.000
2014-04-17,25.02,25.08,24.72,24.73,6188037,155041248.000
2014-04-18,24.67,25.02,24.65,24.98,5822337,146373776.000
2014-04-21,24.91,25.26,24.82,24.94,7768348,196374832.000
2014-04-22,24.94,24.95,24.58,24.81,6354953,158657376.000
2014-04-23,24.72,24.75,24.45,24.55,5557268,137747504.000
2014-04-24,24.48,24.57,23.69,23.79,9939591,241095792.000
2014-04-25,23.79,23.95,23.05,23.06,10788632,254064496.000
2014-04-28,22.97,22.97,22.00,22.24,8340385,187917760.000
2014-04-29,22.22,22.92,22.22,22.53,6218577,141589072.000
2014-04-30,22.62,24.47,22.55,24.17,13657601,322833856.000
2014-05-05,23.87,24.09,23.46,23.75,7832984,187818480.000
2014-05-06,23.75,24.11,23.60,23.96,6483454,156202576.000
2014-05-07,23.80,23.83,23.29,23.32,4555381,108281952.000
2014-05-08,23.29,23.89,23.29,23.60,4859175,116190576.000
2014-05-09,23.82,24.41,23.80,24.10,10040014,244571616.000
2014-05-12,24.36,24.75,24.16,24.41,8992774,222094528.000
2014-05-13,24.40,24.44,23.92,24.18,5886451,143578096.000
2014-05-14,24.19,24.70,24.15,24.55,7735772,191781744.000
2014-05-15,24.46,24.66,23.96,23.97,5564403,136158832.000
2014-05-16,23.88,23.98,23.09,23.39,6920969,163983296.000
2014-05-19,23.38,23.38,22.37,22.71,7748419,177900960.000
2014-05-20,22.87,23.02,22.49,22.72,5362836,123269920.000
2014-05-21,22.55,22.95,22.32,22.92,4483513,102926336.000
2014-05-22,22.96,23.15,22.67,22.75,5428791,125670840.000
2014-05-23,22.67,22.90,22.65,22.84,3927364,90326528.000
2014-05-26,23.02,23.76,22.89,23.67,11453019,270968128.000
2014-05-27,23.57,24.17,23.52,23.71,9851713,237778256.000
2014-05-28,23.72,24.05,23.63,23.96,6815094,164232928.000
2014-05-29,24.05,24.27,23.58,23.60,7075745,171099840.000
2014-05-30,23.72,24.98,23.72,24.83,24161260,601268928.000
2014-06-03,24.76,25.48,24.65,24.99,13756878,349188832.000
2014-06-04,24.99,25.02,23.96,24.25,9951907,244930432.000
2014-06-05,24.42,24.85,24.18,24.80,7350477,181640832.000
2014-06-06,24.84,24.86,24.27,24.33,5959969,147203184.000
2014-06-09,24.40,25.77,24.37,25.68,24315126,622649344.000
2014-06-10,25.52,25.68,25.15,25.67,12693453,325301280.000
2014-06-11,25.57,26.37,25.50,25.61,16853615,442160160.000
2014-06-12,25.43,25.88,24.88,25.41,14382395,367789856.000
2014-06-13,25.22,25.47,24.87,25.31,12101746,307800832.000
2014-06-16,25.45,25.52,25.04,25.29,9108690,232688192.000
2014-06-17,25.29,25.29,24.62,24.63,10194031,255594832.000
2014-06-18,24.57,24.62,24.17,24.36,6791381,167060176.000
2014-06-19,24.36,24.70,23.77,23.87,6921231,169093760.000
2014-06-20,23.89,24.18,23.77,24.11,4419506,106835624.000
2014-06-23,24.23,24.29,23.88,23.98,4213210,102132632.000
2014-06-24,23.98,24.46,23.97,24.40,5207831,127914424.000
2014-06-25,24.37,25.12,24.13,24.91,15395388,381365920.000
2014-06-26,24.98,25.12,24.65,24.85,7290047,182904864.000
2014-06-27,24.77,24.92,24.47,24.69,9745073,243123072.000
2014-06-30,24.57,24.87,24.49,24.66,5747952,143188704.000
2014-07-01,25.03,25.25,24.69,24.85,9286918,233805552.000
2014-07-02,25.04,25.26,24.79,24.94,8777238,221638064.000
2014-07-03,25.05,25.23,24.77,25.21,12325425,311473216.000
2014-07-04,25.33,25.38,24.80,24.85,7900970,199353376.000
2014-07-07,24.77,25.06,24.30,24.43,9244274,228853536.000
2014-07-08,24.33,24.51,23.08,23.33,23387292,554227200.000
2014-07-09,23.42,23.58,23.07,23.13,11585489,271593856.000
2014-07-10,23.13,23.39,23.12,23.29,5620692,132013440.000
2014-07-11,23.29,23.29,22.77,22.93,11303560,262054128.000
2014-07-14,22.82,23.24,22.78,23.11,9793812,228171600.000
2014-07-15,23.19,23.62,23.19,23.56,11434175,270813984.000
2014-07-16,23.65,23.66,23.19,23.30,6179491,145754944.000
2014-07-17,23.31,23.33,22.60,22.81,11872216,273076448.000
2014-07-18,22.83,23.07,22.83,23.02,6809468,157901200.000
2014-07-21,22.97,23.21,22.87,23.11,6447624,150147744.000
2014-07-22,23.12,23.44,23.07,23.24,8192057,192519712.000
2014-07-23,23.26,23.32,22.91,22.92,6911842,160609024.000
2014-07-24,22.93,23.27,22.93,23.13,6929916,161771168.000
2014-07-25,23.19,23.42,23.13,23.37,8046890,189479536.000
2014-07-28,23.40,24.55,23.40,24.51,21032486,510918016.000
2014-07-29,24.76,24.87,24.32,24.56,19801440,491852544.000
2014-07-30,24.59,25.38,24.33,24.91,16213862,402886624.000
2014-07-31,25.79,26.68,25.52,25.64,35456346,921091456.000
2014-08-01,26.80,28.20,26.35,27.53,69512258,1904365312.000
2014-08-04,27.44,27.44,26.68,27.29,33310665,900726720.000
2014-08-05,27.40,27.40,26.52,26.90,21633781,581149184.000
2014-08-06,26.90,26.90,26.31,26.53,17186923,455304064.000
2014-08-07,26.47,26.88,26.23,26.34,14060953,373565536.000
2014-08-08,26.38,26.65,26.28,26.40,10016333,264582976.000
2014-08-11,26.56,26.66,26.45,26.52,13506918,358566368.000
2014-08-12,26.50,26.51,25.77,25.88,19815225,515190080.000
2014-08-13,25.90,26.58,25.90,26.19,15594659,409283552.000
2014-08-14,26.15,26.20,25.70,25.76,11547123,299112128.000
2014-08-15,25.75,26.09,25.68,26.06,11508323,298295104.000
2014-08-18,26.08,26.37,26.08,26.20,10383738,272281056.000
2014-08-19,26.16,26.17,25.90,26.03,9661563,251327744.000
2014-08-20,25.99,26.00,25.80,25.90,10336695,267503296.000
2014-08-21,25.88,25.88,25.35,25.51,13780307,351657664.000
2014-08-22,25.80,28.06,25.80,27.68,53215350,1437122816.000
2014-08-25,27.50,27.50,26.66,26.73,30697149,826495808.000
2014-08-26,26.72,27.35,26.52,26.81,20693156,557522240.000
2014-08-27,26.80,26.90,26.42,26.47,11665388,310195360.000
2014-08-28,26.52,27.20,26.52,26.73,12717948,341651744.000
2014-08-29,26.66,27.08,26.50,26.81,10422224,279098624.000
2014-09-01,26.60,26.79,26.23,26.71,12803598,339459712.000
2014-09-02,26.72,27.16,26.57,27.00,17434291,468920640.000
2014-09-03,28.61,28.97,27.82,27.93,50615067,1429190528.000
2014-09-04,28.00,28.25,27.72,28.02,21238935,594358464.000
2014-09-05,28.19,28.33,27.73,27.84,18300681,510842272.000
2014-09-09,27.96,28.68,27.75,28.35,26180526,740201472.000
2014-09-10,28.05,28.29,27.88,27.97,13780874,385930432.000
2014-09-11,27.91,28.17,27.51,27.58,20117611,559610752.000
2014-09-12,27.72,27.91,27.40,27.65,15054582,415643424.000
2014-09-15,27.62,27.62,27.20,27.46,20950817,573416128.000
2014-09-16,27.52,27.60,26.86,26.89,21671229,591215680.000
2014-09-17,26.95,27.94,26.65,27.77,29567522,812749184.000
2014-09-18,27.62,27.74,27.33,27.38,18362340,505156960.000
2014-09-19,27.66,28.26,27.66,27.73,27269635,761280192.000
2014-09-22,27.80,27.83,27.11,27.22,13471363,368942688.000
2014-09-23,27.22,27.64,27.01,27.45,14185484,387655136.000
2014-09-24,27.35,27.74,27.16,27.64,15138781,417294784.000
2014-09-25,27.50,27.63,27.12,27.19,18711454,511391968.000
2014-09-26,27.18,27.37,26.88,27.19,11211145,303735456.000
2014-09-29,27.60,27.70,27.22,27.37,15414820,422691328.000
2014-09-30,27.38,28.15,27.38,27.86,24877723,694313728.000
2014-10-08,27.96,28.55,27.67,28.46,27811201,785077568.000
2014-10-09,28.48,28.85,28.04,28.22,21174200,601253696.000
2014-10-10,28.09,28.39,27.82,27.89,14924778,417750336.000
2014-10-13,27.84,28.02,27.60,27.88,11444844,318195712.000
2014-10-14,27.87,28.28,27.72,27.93,14971414,418753664.000
2014-10-15,27.87,28.99,27.85,28.76,45704350,1309225728.000
2014-10-16,28.50,29.50,28.35,28.43,38294744,1107837056.000
2014-10-17,28.40,28.88,27.80,28.40,21629264,611247168.000
2014-10-20,28.63,29.09,28.40,28.62,16639418,477089152.000
2014-10-21,28.53,28.53,27.90,27.94,16906991,475426240.000
2014-10-22,28.00,28.10,27.17,27.28,14947920,411728864.000
2014-10-23,27.25,27.37,26.68,26.90,11014365,297053056.000
2014-10-24,26.95,27.26,26.68,27.08,7171229,193491264.000
2014-10-27,27.00,27.25,26.75,27.18,6123412,165700448.000
2014-10-28,27.18,27.57,27.18,27.53,9569988,262134800.000
2014-10-29,28.12,28.57,27.81,28.01,22581105,635317760.000
2014-10-30,27.98,27.98,27.40,27.45,21165485,584381888.000
2014-10-31,27.39,27.64,26.98,27.25,15981528,435175136.000
2014-11-03,27.10,27.23,26.84,27.22,16201867,437197312.000
2014-11-04,27.18,27.19,26.50,26.55,20973451,560211200.000
2014-11-05,26.45,26.89,26.28,26.66,10666067,283177152.000
2014-11-06,26.70,26.80,26.50,26.65,6724871,179000144.000
2014-11-07,26.40,26.58,26.28,26.29,11634180,307191648.000
2014-11-10,26.29,26.76,26.22,26.73,10415153,276708960.000
2014-11-11,26.90,27.09,25.81,26.12,17442858,461953088.000
2014-11-12,26.10,26.49,25.93,26.39,7821440,205194496.000
2014-11-13,26.42,26.44,25.91,26.11,9378401,244246864.000
2014-11-14,26.02,26.38,25.80,26.17,8617310,225614816.000
2014-11-17,26.18,26.36,25.99,26.12,7898137,206614096.000
2014-11-18,26.16,26.16,25.65,25.75,10081848,260473408.000
2014-11-19,26.00,26.40,25.82,26.30,13413975,351699104.000
2014-11-20,26.25,26.52,26.12,26.15,8944089,235303088.000
2014-11-21,26.18,26.26,26.04,26.20,8491601,222202896.000
2014-11-24,26.28,26.52,26.16,26.43,13674722,360785632.000
2014-11-25,26.48,26.82,26.41,26.70,14742798,393318304.000
2014-11-26,26.75,26.80,26.29,26.42,13995941,370750240.000
2014-11-27,26.46,26.87,26.40,26.75,26825718,714803520.000
2014-11-28,26.70,26.70,26.15,26.36,14437515,381106016.000
2014-12-01,26.40,26.65,26.00,26.55,15184083,399395680.000
2014-12-02,26.74,27.12,26.56,27.00,23161332,624351488.000
2014-12-03,27.00,27.44,26.64,27.11,17387597,470945696.000
2015-01-13,29.82,29.82,29.82,29.82,3949177,117764456.000
2015-01-14,31.99,32.00,30.06,30.15,76169974,2338860544.000
2015-01-15,30.18,30.70,29.00,29.44,43365035,1285593728.000
2015-01-16,29.62,31.48,29.50,31.12,48716000,1496391040.000
2015-01-19,30.57,33.21,30.11,31.66,57860074,1846560384.000
2015-01-20,32.00,32.63,31.36,32.21,41258376,1318750080.000
2015-01-21,32.21,32.27,31.59,32.03,35495006,1132525696.000
2015-01-22,31.99,32.59,31.79,31.97,24196354,776214848.000
2015-01-23,31.85,31.97,31.02,31.32,27494613,864191552.000
2015-01-26,31.67,31.84,31.15,31.55,17838646,561947840.000
2015-01-27,31.62,31.72,30.56,30.82,25756517,799340608.000
2015-01-28,30.75,31.40,30.40,30.78,18460607,570230912.000
2015-01-29,30.49,30.58,29.90,29.97,15308598,463241920.000
2015-01-30,30.10,30.34,29.71,29.95,13576951,407683520.000
2015-02-02,29.66,29.95,29.40,29.74,12081825,357851776.000
2015-02-03,29.89,30.83,29.83,30.65,18338412,559582336.000
2015-02-04,30.89,30.97,29.90,29.95,10853199,329599296.000
2015-02-05,30.28,30.34,29.21,29.24,15473449,458837920.000
2015-02-06,29.23,29.77,28.56,28.70,12312468,357483648.000
2015-02-09,28.90,29.65,28.90,29.12,10281712,300965312.000
2015-02-10,29.18,30.45,29.06,30.23,16921625,505381696.000
2015-02-11,30.29,30.60,29.90,30.26,10001501,302698144.000
2015-02-12,30.30,30.72,30.26,30.35,11612343,354709792.000
2015-02-13,30.50,31.08,30.30,30.52,12647769,388563904.000
2015-02-16,30.56,30.75,30.30,30.55,11305717,344951584.000
2015-02-17,30.55,30.89,30.43,30.65,8131076,249146608.000
2015-02-25,30.64,32.03,30.64,31.67,24567454,773433664.000
2015-02-26,31.75,31.95,31.38,31.67,11791844,372574176.000
2015-02-27,31.60,31.75,31.16,31.20,12061284,377744288.000
2015-03-02,31.50,31.50,30.88,31.22,15187481,471166240.000
2015-03-03,31.03,31.13,30.50,30.56,16996579,522931168.000
2015-03-04,30.69,31.14,30.57,30.99,15633055,483220672.000
2015-03-05,30.88,31.44,30.63,30.95,15188327,472073376.000
2015-03-06,31.21,31.24,30.24,30.31,13913797,426298176.000
2015-03-09,30.24,30.34,29.61,30.24,9919134,297867552.000
2015-03-10,30.39,31.17,30.38,30.59,14225646,437342304.000
2015-03-11,30.61,30.91,30.33,30.45,9119988,279149056.000
2015-03-12,30.62,30.72,30.12,30.26,8989103,272864096.000
2015-03-13,30.40,30.49,30.04,30.42,8914039,269631296.000
2015-03-18,31.50,32.36,31.38,31.82,36140996,1150221184.000
2015-03-19,31.83,31.87,31.30,31.52,21638069,681189632.000
2015-03-20,31.76,32.25,31.61,31.98,27759739,885520640.000
2015-03-23,32.18,32.33,31.80,32.11,33020826,1056532736.000
2015-03-24,32.14,32.23,31.22,31.85,27440271,871543360.000
2015-03-25,31.95,34.49,31.74,33.78,54004044,1796316672.000
2015-03-26,33.32,34.80,33.20,33.64,32256657,1095347072.000
2015-03-27,34.19,35.30,33.80,34.82,32728588,1133765632.000
2015-03-30,34.70,35.36,34.38,34.85,29335541,1021762624.000
2015-03-31,35.20,35.25,33.93,34.17,31382222,1081665792.000
2015-04-01,34.00,34.74,33.68,34.22,22731382,775547840.000
2015-04-02,34.20,34.87,34.05,34.51,23872644,824189184.000
2015-04-03,34.37,35.18,34.10,34.93,23493122,816473984.000
2015-04-07,34.85,35.90,34.58,35.82,28810460,1018214144.000
2015-04-08,35.79,35.95,34.58,34.72,26317740,924754880.000
2015-04-09,34.73,34.94,32.97,33.68,23425696,788766976.000
2015-04-10,33.47,34.74,33.42,34.54,19333730,662994624.000
数据来源:通达信
