600256 广汇能源 日线 前复权
      日期	    开盘	    最高	    最低	    收盘	    成交量	    成交额
2011-03-02,9.99,10.01,9.55,9.66,11087003,436168384.000
2011-03-03,9.70,9.77,9.09,9.15,15929340,605676544.000
2011-03-04,9.21,9.39,9.11,9.36,8945132,337040512.000
2011-03-07,9.46,9.69,9.36,9.65,14133532,548429184.000
2011-03-08,9.67,9.67,9.31,9.40,11895583,458089216.000
2011-03-09,9.44,9.57,9.29,9.49,7670192,294778848.000
2011-03-10,9.41,9.58,9.35,9.39,6135250,235640672.000
2011-03-11,9.33,9.48,9.29,9.38,8097995,309822720.000
2011-03-14,9.27,9.38,9.14,9.17,11479809,430435616.000
2011-03-15,9.12,9.12,8.45,8.75,18057982,641998912.000
2011-03-16,8.77,8.95,8.61,8.90,10607594,377119296.000
2011-03-17,8.81,9.00,8.66,8.79,6280370,226730144.000
2011-03-18,8.83,9.04,8.83,8.95,4846636,176671792.000
2011-03-22,8.94,9.03,8.50,8.59,11555581,405142080.000
2011-03-23,8.59,8.93,8.59,8.89,6402037,228786240.000
2011-03-24,8.84,9.19,8.84,9.08,8384404,310205184.000
2011-03-25,9.05,9.18,8.98,9.10,5716369,211516400.000
2011-03-28,9.16,9.25,9.05,9.12,6463596,240575840.000
2011-03-29,9.09,9.16,8.74,8.86,6861827,249816528.000
2011-03-30,8.86,9.11,8.78,8.87,6401990,155260016.000
2011-03-31,8.85,8.85,8.36,8.48,9575329,221506080.000
2011-04-01,8.47,8.61,8.04,8.36,20152618,453210752.000
2011-04-06,8.30,8.97,7.94,8.94,28707586,646177088.000
2011-04-07,8.84,9.08,8.72,8.84,20561298,495560064.000
2011-04-08,8.85,9.43,8.71,9.36,23988545,596350976.000
2011-04-11,9.45,9.73,9.30,9.32,23063670,594751744.000
2011-04-12,9.30,9.65,9.24,9.51,16576522,425853344.000
2011-04-13,9.51,9.67,9.35,9.64,17697322,458348192.000
2011-04-14,9.67,9.97,9.60,9.84,19727292,526926688.000
2011-04-15,9.86,10.05,9.66,10.00,22295602,598679808.000
2011-04-18,10.07,10.08,9.61,9.81,23610320,626553728.000
2011-04-19,9.76,9.76,9.12,9.15,26777434,677829696.000
2011-04-20,9.24,9.44,9.24,9.37,11608680,294098304.000
2011-04-21,9.34,9.43,9.21,9.29,11199072,282149664.000
2011-04-22,9.29,9.69,9.22,9.59,16688184,430372608.000
2011-04-25,9.59,9.77,9.52,9.60,17750948,464572736.000
2011-04-26,9.55,9.58,9.22,9.33,11138678,281983264.000
2011-04-27,9.33,9.42,8.89,9.04,11575714,287796480.000
2011-04-28,9.03,9.18,8.60,8.73,10680566,256528464.000
2011-04-29,8.76,9.13,8.76,9.12,7713335,188195696.000
2011-05-03,9.17,9.29,9.06,9.17,8634759,214427488.000
2011-05-04,9.17,9.17,8.86,8.92,12496350,304817344.000
2011-05-05,8.89,9.19,8.81,9.05,8510220,209432272.000
2011-05-06,8.86,9.03,8.78,8.81,9016489,216530640.000
2011-05-09,8.82,8.89,8.61,8.67,8614536,204073600.000
2011-05-10,8.64,8.78,8.54,8.63,11134479,260789712.000
2011-05-11,8.70,9.15,8.63,8.96,18123214,438398656.000
2011-05-12,8.96,9.03,8.82,8.83,11437295,277206912.000
2011-05-13,8.85,9.16,8.84,9.08,18133675,443823584.000
2011-05-16,9.11,9.41,9.04,9.35,18516261,466201664.000
2011-05-17,9.36,9.45,9.14,9.27,16763490,423111872.000
2011-05-18,9.29,9.36,9.14,9.33,11362251,284747648.000
2011-05-19,9.31,9.41,9.10,9.16,9918049,248275184.000
2011-05-20,9.13,9.34,9.10,9.26,7748006,193287104.000
2011-05-23,9.24,9.24,8.82,8.83,9710463,237399856.000
2011-05-24,8.78,9.02,8.71,8.96,8562768,205612528.000
2011-05-25,8.95,9.18,8.82,9.02,9595162,235780208.000
2011-05-26,9.09,9.19,9.00,9.11,7342347,180657344.000
2011-05-27,9.19,9.26,8.74,8.75,14760453,358737952.000
2011-05-30,8.81,8.97,8.81,8.92,12456229,300576128.000
2011-05-31,8.99,9.09,8.40,8.65,20205840,475222496.000
2011-06-01,8.71,8.83,8.52,8.67,9652623,227288144.000
2011-06-02,8.52,8.58,8.28,8.37,13657762,309824224.000
2011-06-03,8.37,8.51,8.33,8.46,6381129,145935040.000
2011-06-07,8.44,8.58,8.41,8.54,6014090,138425232.000
2011-06-08,8.52,8.56,8.37,8.49,6796309,155938000.000
2011-06-09,8.45,8.62,8.40,8.41,7863189,181303648.000
2011-06-10,8.37,8.44,8.19,8.37,7844996,176611712.000
2011-06-13,8.32,8.37,8.09,8.26,7741753,172636048.000
2011-06-14,8.24,8.46,8.20,8.43,7255112,164366896.000
2011-06-16,8.22,8.32,8.17,8.18,7256520,161849088.000
2011-06-17,8.21,8.37,8.14,8.19,5442408,121634696.000
2011-06-20,8.20,8.30,7.94,8.03,6877770,150616208.000
2011-06-21,8.03,8.19,8.03,8.17,6026280,132267600.000
2011-06-22,8.17,8.28,8.10,8.21,5508582,122258592.000
2011-06-23,8.15,8.50,8.13,8.47,11430441,258411424.000
2011-06-24,8.41,8.69,8.38,8.60,11510201,267350496.000
2011-06-27,8.65,8.82,8.47,8.55,11514221,268765760.000
2011-06-28,8.56,8.70,8.51,8.66,8703694,203218112.000
2011-06-29,8.66,8.89,8.61,8.67,13311471,315899008.000
2011-06-30,8.65,8.86,8.65,8.77,12651817,300483584.000
2011-07-01,8.83,8.91,8.75,8.78,11873703,284556384.000
2011-07-04,8.86,9.19,8.84,9.14,15941507,393000832.000
2011-07-05,9.16,9.51,9.15,9.50,24831098,633299264.000
2011-07-06,9.49,9.64,9.37,9.62,17018693,440069312.000
2011-07-07,9.58,9.89,9.48,9.50,18295065,478895616.000
2011-07-08,9.50,9.60,9.34,9.54,13451274,345436352.000
2011-07-11,9.47,9.57,9.37,9.40,11427733,292831104.000
2011-07-12,9.34,9.51,9.26,9.41,10961574,279721344.000
2011-07-13,9.43,9.80,9.41,9.78,18508038,482826240.000
2011-07-14,9.74,10.14,9.74,10.09,22066248,597586880.000
2011-07-15,10.09,10.31,9.96,10.02,19336287,531337408.000
2011-07-18,10.07,10.30,9.96,10.20,15594955,428952416.000
2011-07-19,10.09,10.26,9.86,10.11,14160978,386439424.000
2011-07-20,10.14,10.39,9.91,9.97,16983234,467434560.000
2011-07-21,9.97,10.13,9.78,9.94,14769592,397040320.000
2011-07-22,9.93,10.14,9.90,9.97,12020862,326397216.000
2011-07-25,9.93,9.96,9.54,9.74,18054696,474553280.000
2011-07-26,9.67,9.75,9.47,9.74,10970999,286034464.000
2011-07-27,9.62,9.97,9.60,9.91,8676305,231787216.000
2011-07-28,9.77,10.00,9.73,9.96,7455706,199784832.000
2011-07-29,9.99,10.14,9.63,9.68,9599147,255885088.000
2011-08-01,9.60,9.74,9.52,9.60,8384004,218525936.000
2011-08-02,9.50,9.70,9.48,9.68,6818849,176879632.000
2011-08-03,9.60,9.87,9.55,9.81,6977770,184526176.000
2011-08-04,9.85,9.96,9.79,9.93,6497777,174343808.000
2011-08-05,9.67,9.93,9.56,9.71,11168718,296398912.000
2011-08-08,9.52,9.59,9.11,9.29,16781801,425673536.000
2011-08-09,8.93,9.43,8.90,9.31,13346422,331655808.000
2011-08-10,9.48,9.58,9.30,9.36,9230845,236118752.000
2011-08-11,9.19,9.43,9.14,9.42,6917788,175259184.000
2011-08-12,9.52,9.63,9.44,9.49,7585351,195902032.000
2011-08-16,9.69,9.69,9.52,9.58,6979039,181635344.000
2011-08-17,9.58,9.63,9.49,9.51,2807648,72655480.000
2011-08-18,9.48,9.58,9.33,9.34,4928800,126076536.000
2011-08-22,9.34,9.53,9.20,9.23,7105483,180755264.000
2011-08-23,9.30,9.33,9.13,9.17,6769548,168972992.000
2011-08-24,9.23,9.53,9.23,9.41,7312151,185337776.000
2011-08-25,9.45,9.58,9.31,9.54,7795568,200225856.000
2011-08-26,9.51,9.63,9.45,9.62,7811988,201629184.000
2011-08-29,9.64,9.90,9.56,9.85,16038285,426539008.000
2011-08-30,9.93,9.96,9.63,9.65,7885346,209193744.000
2011-08-31,9.59,9.67,9.49,9.59,5694677,147577632.000
2011-09-01,9.57,9.57,9.29,9.34,7027651,179327312.000
2011-09-02,9.31,9.44,9.15,9.19,7008332,176075248.000
2011-09-05,9.17,9.21,8.76,8.86,8866288,214014240.000
2011-09-06,8.82,8.92,8.71,8.83,4425336,105570872.000
2011-09-07,8.96,8.96,8.74,8.93,6397023,154002176.000
2011-09-08,8.99,8.99,8.78,8.79,4723121,113305184.000
2011-09-09,8.87,8.96,8.58,8.63,6302106,149273568.000
2011-09-13,8.49,8.61,8.39,8.51,4284115,98606520.000
2011-09-14,8.55,8.65,8.33,8.63,5359263,123371656.000
2011-09-15,8.63,8.80,8.59,8.65,4011967,94642128.000
2011-09-16,8.67,8.74,8.55,8.67,4006000,93746376.000
2011-09-19,8.56,8.58,8.36,8.41,4329646,98698728.000
2011-09-20,8.41,8.48,8.11,8.31,7058841,158260240.000
2011-09-21,8.32,8.58,8.15,8.56,6981746,159456688.000
2011-09-22,8.46,8.52,8.22,8.24,4485452,101649808.000
2011-09-23,8.11,8.27,8.04,8.16,10405030,229162944.000
2011-09-26,8.04,8.30,8.04,8.15,5428701,120290608.000
2011-09-27,8.21,8.56,8.19,8.50,7695331,174732288.000
2011-09-28,8.52,8.57,8.33,8.37,4292787,98032560.000
2011-09-29,8.31,8.51,8.31,8.49,7043251,161571456.000
2011-09-30,8.49,8.54,8.24,8.40,3314272,75360072.000
2011-10-10,8.41,8.48,7.56,7.56,25534514,532647872.000
2011-10-11,7.76,7.84,6.97,7.61,24922151,494026880.000
2011-10-12,7.63,8.38,7.60,8.38,27991793,609819200.000
2011-10-13,8.34,8.43,8.20,8.31,12755057,287227552.000
2011-10-14,8.31,8.36,8.04,8.16,6608297,146729168.000
2011-10-17,8.17,8.21,8.02,8.06,3906567,85850360.000
2011-10-18,8.02,8.05,7.72,7.78,7229931,153710848.000
2011-10-19,7.82,7.95,7.66,7.77,5733402,121177576.000
2011-10-20,7.68,7.86,7.45,7.79,5681730,118515392.000
2011-10-21,7.78,7.94,7.63,7.84,4733563,100045456.000
2011-10-24,7.86,8.10,7.76,8.05,6037242,130227888.000
2011-10-25,8.10,8.37,8.10,8.26,11823275,264672672.000
2011-10-26,8.23,8.32,8.10,8.26,10403752,232022704.000
2011-10-27,8.30,8.49,8.30,8.37,9798260,223097984.000
2011-10-28,8.52,8.64,8.45,8.59,10400797,241128304.000
2011-10-31,8.59,8.67,8.42,8.46,7061711,162878608.000
2011-11-01,8.44,8.55,8.37,8.51,5675563,130383848.000
2011-11-02,8.37,8.64,8.30,8.60,7854714,180050064.000
2011-11-03,8.61,8.84,8.61,8.77,11361899,270257280.000
2011-11-04,8.84,8.93,8.73,8.77,5450678,129984960.000
2011-11-07,8.78,9.07,8.77,8.95,9908605,240962352.000
2011-11-08,9.02,9.05,8.80,8.94,5481234,132384984.000
2011-11-09,9.11,9.22,8.91,9.06,8051717,197213536.000
2011-11-10,8.94,9.01,8.78,8.79,7680438,184998736.000
2011-11-11,8.81,8.93,8.76,8.82,3588378,85879712.000
2011-11-14,8.89,9.00,8.80,8.96,6165500,149012384.000
2011-11-15,8.94,9.30,8.86,9.29,13753215,341516000.000
2011-11-16,9.43,9.48,9.11,9.17,19829754,501475552.000
2011-11-17,9.19,9.66,9.19,9.60,23102845,595287424.000
2011-11-18,9.45,9.45,8.97,8.99,20732442,517626688.000
2011-11-21,9.07,9.31,8.90,9.23,11995841,297039392.000
2011-11-22,9.14,9.19,8.85,8.94,9711159,236783760.000
2011-11-23,8.97,9.03,8.66,8.74,10660038,254637088.000
2011-11-24,8.67,9.11,8.66,8.93,9445604,228569040.000
2011-11-29,9.06,9.37,8.98,9.31,14049282,349945472.000
2011-11-30,9.24,9.44,8.91,9.10,12075805,301112960.000
2011-12-01,9.35,9.45,9.21,9.28,12208440,309455392.000
2011-12-02,9.23,9.34,9.11,9.18,4914876,122740016.000
2011-12-05,9.23,9.29,8.95,9.14,8648867,214252256.000
2011-12-06,9.12,9.19,8.89,8.99,6867356,167097376.000
2011-12-07,9.00,9.07,8.86,8.93,4135125,100193968.000
2011-12-08,8.93,9.06,8.71,9.00,5220894,125986824.000
2011-12-09,8.92,9.04,8.74,8.81,4159633,100000944.000
2011-12-12,8.82,8.88,8.62,8.63,4409234,104606600.000
2011-12-13,8.55,8.63,8.22,8.24,9040653,204706240.000
2011-12-14,8.27,8.33,7.97,7.99,6149751,135758976.000
2011-12-15,7.78,8.10,7.52,7.87,14118294,297317952.000
2011-12-16,7.86,8.19,7.86,8.17,8823210,193076736.000
2011-12-19,8.11,8.26,7.70,8.23,13844701,299311392.000
2011-12-20,8.22,8.29,8.05,8.10,5863333,129565504.000
2011-12-21,8.21,8.26,7.86,7.89,4142576,90611248.000
2011-12-22,7.86,8.11,7.74,7.93,5236905,112291768.000
2011-12-23,7.91,8.18,7.91,8.12,5146092,112506808.000
2011-12-26,8.08,8.22,7.98,8.08,3469041,76005512.000
2011-12-27,8.07,8.08,7.64,7.70,5920681,125539408.000
2011-12-28,7.69,7.86,7.56,7.71,6283209,131413696.000
2011-12-29,7.64,7.70,7.37,7.39,11191544,227663824.000
2011-12-30,7.41,7.71,7.41,7.59,8428071,173482704.000
2012-01-04,7.60,7.74,7.28,7.43,8781525,177620304.000
2012-01-05,7.43,7.51,7.14,7.20,10110521,200544496.000
2012-01-06,7.21,7.36,6.79,7.26,14078247,268989856.000
2012-01-09,7.21,7.74,7.10,7.70,12293017,251435552.000
2012-01-10,7.74,8.25,7.74,8.13,14496463,315667520.000
2012-01-11,8.10,8.24,8.06,8.11,9034703,199642416.000
2012-01-12,8.03,8.24,8.03,8.11,6873423,151757584.000
2012-01-13,8.11,8.18,7.72,7.82,9548786,204618688.000
2012-01-16,7.67,7.93,7.56,7.68,4685725,97896960.000
2012-01-17,7.69,8.14,7.57,8.11,8044921,173118928.000
2012-01-18,8.11,8.23,7.76,7.88,10472002,226608144.000
2012-01-19,7.83,7.93,7.30,7.70,16845087,347871232.000
2012-01-20,7.61,7.80,7.44,7.70,7848609,162688896.000
2012-01-30,7.76,7.82,7.37,7.62,5010339,103814528.000
2012-01-31,7.66,7.70,7.55,7.62,3582547,73817136.000
2012-02-01,7.62,7.84,7.55,7.63,4246891,88726592.000
2012-02-02,7.64,7.85,7.64,7.80,5477550,115221904.000
2012-02-03,7.86,8.17,7.79,8.15,13838691,301946336.000
2012-02-06,8.18,8.29,8.03,8.17,10695227,236235152.000
2012-02-07,8.11,8.16,7.98,8.07,7364674,161044768.000
2012-02-08,8.07,8.36,7.98,8.36,9757241,217542496.000
2012-02-09,8.30,8.48,8.25,8.33,9040739,204791136.000
2012-02-10,8.29,8.42,8.23,8.26,6704023,151254720.000
2012-02-13,8.24,8.41,8.14,8.30,5579323,125862440.000
2012-02-14,8.30,8.30,8.07,8.12,9085756,200402368.000
2012-02-15,8.12,8.29,8.11,8.22,6897091,153395760.000
2012-02-16,8.19,8.24,8.07,8.11,6753547,149307680.000
2012-02-17,8.20,8.24,8.08,8.17,3765741,83443872.000
2012-02-20,8.32,8.42,8.23,8.34,9429961,213056768.000
2012-02-21,8.39,8.39,8.20,8.39,6333373,142980480.000
2012-02-22,8.43,8.63,8.34,8.59,10597858,244616864.000
2012-02-23,8.56,8.60,8.43,8.52,7673470,177317856.000
2012-02-24,8.53,8.88,8.50,8.83,14083539,334105696.000
2012-02-27,8.86,9.34,8.86,9.04,27640340,682977600.000
2012-02-28,8.99,9.20,8.93,9.04,13295817,325991552.000
2012-02-29,9.04,9.07,8.86,8.90,7933914,192064896.000
2012-03-01,8.89,9.06,8.89,8.97,5922128,144101968.000
2012-03-02,9.01,9.21,9.01,9.15,9663546,239382448.000
2012-03-05,9.23,9.23,9.05,9.11,7963514,196751088.000
2012-03-06,9.07,9.15,8.81,8.83,9839526,237548592.000
2012-03-07,8.81,9.08,8.71,8.88,10243243,247524544.000
2012-03-08,8.95,9.08,8.95,9.02,7452617,182348192.000
2012-03-09,9.07,9.17,8.99,9.11,7734787,190662240.000
2012-03-12,9.14,9.17,9.03,9.12,7354497,181464160.000
2012-03-13,9.12,9.49,9.02,9.46,16668584,420536032.000
2012-03-14,9.54,9.56,8.99,9.04,17165190,430721312.000
2012-03-15,9.04,9.26,9.04,9.09,10688711,264486048.000
2012-03-16,9.09,9.18,8.93,9.14,8454767,207936064.000
2012-03-19,9.08,9.38,9.08,9.37,9850671,247564848.000
2012-03-20,9.37,9.37,9.04,9.09,8074820,201720272.000
2012-03-21,9.11,9.28,8.86,8.97,10173370,249073344.000
2012-03-22,8.92,9.04,8.79,8.88,7961531,191745232.000
2012-03-23,8.86,8.86,8.53,8.65,7620259,179265536.000
2012-03-26,8.65,8.93,8.59,8.90,6638778,158670032.000
2012-03-27,8.94,9.00,8.86,8.90,4832458,117070352.000
2012-03-28,8.80,8.93,8.63,8.69,4875659,115137864.000
2012-03-29,8.63,8.93,8.63,8.78,6759185,160813216.000
2012-03-30,8.80,8.82,8.54,8.69,5860299,137719872.000
2012-04-05,8.57,8.80,8.57,8.76,8430386,198788384.000
2012-04-06,8.78,9.04,8.75,9.04,11650901,283157696.000
2012-04-09,9.00,9.06,8.86,8.87,7450381,181175216.000
2012-04-10,8.83,8.99,8.62,8.85,5344394,127205600.000
2012-04-12,8.89,9.26,8.89,9.22,13455587,331803040.000
2012-04-13,9.26,9.27,9.14,9.22,7769218,193734688.000
2012-04-16,9.19,9.28,9.15,9.23,7716429,192937376.000
2012-04-17,9.26,9.43,9.23,9.26,9932893,252001296.000
2012-04-18,9.29,9.43,9.27,9.43,12192871,310100224.000
2012-04-19,9.49,9.53,9.36,9.40,9108791,232715040.000
2012-04-20,9.39,9.39,9.03,9.18,17139772,426261344.000
2012-04-23,9.17,9.32,9.07,9.10,9918314,246645744.000
2012-04-24,9.07,9.21,8.84,8.98,9740052,237449408.000
2012-04-25,8.98,9.19,8.90,9.11,6294710,155281104.000
2012-04-26,9.19,9.27,9.15,9.17,9432388,235212048.000
2012-04-27,9.22,9.23,8.82,8.89,13214307,319592384.000
2012-05-02,8.91,9.20,8.91,9.11,15361073,374799360.000
2012-05-03,9.08,9.31,9.08,9.23,12978795,324941120.000
2012-05-04,9.23,10.03,9.22,9.99,39354502,1024937472.000
2012-05-07,10.00,10.40,9.97,10.15,43157238,1193180672.000
2012-05-08,10.15,10.34,9.97,10.20,20436024,563263616.000
2012-05-09,10.04,10.35,10.04,10.23,15398295,425812608.000
2012-05-11,10.45,10.52,9.93,9.93,21441049,592428864.000
2012-05-14,10.00,10.01,9.60,9.82,17753124,472236288.000
2012-05-15,9.68,10.02,9.66,10.01,10979075,294769344.000
2012-05-16,9.91,10.08,9.82,9.87,8848588,237673184.000
2012-05-17,9.86,9.95,9.71,9.91,8410910,224989936.000
2012-05-18,9.89,9.98,9.67,9.70,5934620,157844656.000
2012-05-21,9.76,10.04,9.61,9.96,10178311,271793408.000
2012-05-22,9.97,10.15,9.97,10.10,10256393,279574048.000
2012-05-23,10.12,10.14,9.85,10.00,8940215,241906720.000
2012-05-24,9.97,10.11,9.90,9.99,11518004,312026336.000
2012-05-25,9.99,10.37,9.83,9.88,22945523,349510848.000
2012-05-28,9.77,9.93,9.39,9.91,24016948,349533440.000
2012-05-29,9.83,10.17,9.78,10.13,29699631,446292544.000
2012-05-30,10.10,10.27,9.89,9.99,22765472,345631488.000
2012-05-31,9.95,10.69,9.89,10.48,50979059,794544256.000
2012-06-01,10.50,10.63,10.40,10.51,24064636,380509504.000
2012-06-04,10.40,10.40,10.00,10.02,23010571,352804096.000
2012-06-05,10.03,10.11,9.65,9.87,24362537,360593600.000
2012-06-06,9.88,10.01,9.74,9.86,11995203,178082688.000
2012-06-07,10.09,10.13,9.81,9.90,11644818,174668864.000
2012-06-08,10.03,10.33,9.90,10.09,22518090,344189696.000
2012-06-11,10.13,10.39,10.13,10.31,16037381,248245776.000
2012-06-12,10.23,10.31,9.94,10.08,20401664,309986816.000
2012-06-13,10.08,10.41,10.03,10.32,24376294,375873536.000
2012-06-14,10.25,10.33,9.97,10.05,20843806,318066496.000
2012-06-15,10.03,10.12,9.70,9.89,32039534,474988832.000
2012-06-18,9.92,10.01,9.80,9.82,15073536,224511888.000
2012-06-19,9.81,9.85,9.57,9.66,17254751,251885024.000
2012-06-20,9.75,9.88,9.53,9.61,19485797,283899648.000
2012-06-21,9.55,9.62,9.15,9.23,24166490,338589824.000
2012-06-25,9.15,9.15,8.48,8.57,45403520,594626560.000
2012-06-26,8.56,8.73,8.50,8.63,17049866,221697920.000
2012-06-27,8.65,8.89,8.61,8.83,19242606,253644560.000
2012-06-28,8.83,8.92,8.77,8.79,15189907,202450944.000
2012-06-29,8.65,9.00,8.52,8.95,20439640,270344704.000
2012-07-02,9.08,9.12,8.84,9.07,17303802,235213328.000
2012-07-03,9.09,9.29,8.98,9.05,21389584,295112992.000
2012-07-04,9.10,9.20,9.06,9.11,12127207,166834560.000
2012-07-05,9.03,9.03,8.69,8.77,18716048,247814368.000
2012-07-06,8.93,9.21,8.87,9.11,24488920,334271584.000
2012-07-09,9.02,9.59,8.97,9.41,33451250,470034560.000
2012-07-10,9.30,9.51,9.17,9.23,21568562,302290944.000
2012-07-11,9.27,9.33,9.09,9.20,11964069,165585520.000
2012-07-12,9.23,9.75,9.21,9.63,29845732,429254656.000
2012-07-13,9.57,9.78,9.54,9.61,13231615,192311728.000
2012-07-16,9.72,9.72,9.29,9.43,17364939,246630496.000
2012-07-17,9.39,9.63,9.39,9.46,9862839,141032960.000
2012-07-18,9.44,9.51,9.18,9.41,12068335,169834512.000
2012-07-19,9.39,9.53,9.29,9.30,10478742,148697296.000
2012-07-20,9.27,9.27,8.87,8.93,17645088,240364112.000
2012-07-23,8.82,8.96,8.62,8.74,11727194,154923792.000
2012-07-24,8.63,8.87,8.59,8.74,9941056,131252664.000
2012-07-25,8.74,8.86,8.70,8.74,5334449,70618144.000
2012-07-26,8.80,8.83,8.64,8.69,6591528,86743656.000
2012-07-27,8.77,8.80,8.69,8.73,6475049,85292936.000
2012-07-30,8.79,8.85,8.63,8.65,9972249,131107648.000
2012-07-31,8.67,8.75,8.10,8.17,21387380,266311136.000
2012-08-01,8.35,8.54,8.27,8.39,13332179,168876704.000
2012-08-02,8.37,8.41,7.94,8.03,17612721,214451056.000
2012-08-03,8.03,8.31,8.03,8.25,10662161,131541424.000
2012-08-06,8.24,8.59,8.17,8.47,11414937,145312000.000
2012-08-07,8.47,8.57,8.35,8.54,8647433,110441888.000
2012-08-08,8.57,8.62,8.44,8.55,9411399,120876320.000
2012-08-09,8.58,8.83,8.58,8.83,13348489,175482864.000
2012-08-10,8.83,9.17,8.82,9.07,18437057,250256864.000
2012-08-13,9.06,9.06,8.60,8.67,23545470,311125728.000
2012-08-14,8.77,9.03,8.70,8.97,19331129,257501840.000
2012-08-15,8.97,9.00,8.81,8.86,10055602,134255648.000
2012-08-16,8.83,8.83,8.36,8.45,21293554,273601408.000
2012-08-17,8.54,8.59,8.39,8.52,10568053,135048576.000
2012-08-20,8.37,8.57,8.36,8.54,13716148,173890256.000
2012-08-21,8.57,8.63,8.46,8.53,14784753,190059456.000
2012-08-22,8.53,8.74,8.49,8.55,12892558,167373776.000
2012-08-23,8.61,8.71,8.51,8.57,15233539,197323344.000
2012-08-24,8.60,8.63,8.42,8.57,14799355,189985328.000
2012-08-27,8.57,8.63,8.49,8.56,16605358,213760784.000
2012-08-28,8.59,8.73,8.50,8.64,12985264,168568016.000
2012-08-29,8.64,8.65,8.38,8.41,12348488,158404544.000
2012-08-30,8.41,8.46,8.08,8.15,21096533,260419872.000
2012-08-31,8.17,8.47,8.10,8.43,11687850,146079952.000
2012-09-03,8.41,8.54,8.30,8.50,9624436,122321344.000
2012-09-04,8.53,8.75,8.52,8.59,15784022,205240224.000
2012-09-05,8.63,8.65,8.43,8.54,10413328,133442224.000
2012-09-06,8.57,8.75,8.57,8.71,16206520,211700784.000
2012-09-07,8.83,9.25,8.75,9.11,38379945,524562912.000
2012-09-10,9.11,9.89,9.11,9.76,56720991,813206784.000
2012-09-11,9.67,9.83,9.41,9.64,30757533,445806144.000
2012-09-12,9.70,9.79,9.47,9.75,25231115,365449280.000
2012-09-13,9.76,9.93,9.60,9.69,28740590,423426272.000
2012-09-14,9.83,9.88,9.52,9.71,28081434,412175680.000
2012-09-17,9.71,9.88,9.36,9.42,25437864,369576224.000
2012-09-18,9.57,9.59,9.06,9.39,22170707,310380960.000
2012-09-19,9.33,9.47,9.16,9.38,13204316,185339152.000
2012-09-20,9.23,9.37,9.07,9.17,15144246,210310240.000
2012-09-21,9.07,9.33,9.01,9.25,16280368,225747904.000
2012-09-24,9.25,9.67,9.10,9.63,23364453,333112064.000
2012-09-25,9.61,9.75,9.42,9.57,12672652,182546496.000
2012-09-26,9.63,9.75,9.47,9.55,16786748,242743760.000
2012-09-27,9.67,9.82,9.41,9.71,25989001,378115520.000
2012-09-28,9.63,9.87,9.57,9.77,21686447,318903680.000
2012-10-08,9.82,10.39,9.81,10.25,39332675,603477760.000
2012-10-09,10.27,10.45,10.17,10.23,36117805,560534848.000
2012-10-10,10.20,10.67,10.20,10.64,40535159,643041984.000
2012-10-11,10.63,11.06,10.52,10.84,44556667,722462272.000
2012-10-12,10.88,11.40,10.73,11.30,65147208,1089057152.000
2012-10-15,11.40,11.50,10.87,11.05,46836219,783278208.000
2012-10-16,11.02,11.39,10.91,11.25,36273291,610789248.000
2012-10-17,11.29,11.43,11.17,11.42,30099696,513153376.000
2012-10-18,11.41,11.55,11.22,11.42,34782072,594680064.000
2012-10-19,11.50,11.53,10.87,10.91,39928420,667249152.000
2012-10-22,10.88,11.06,10.71,11.03,27561262,451514784.000
2012-10-23,10.99,11.08,10.79,10.81,19126381,314542048.000
2012-10-24,10.79,10.93,10.63,10.65,20725736,335140160.000
2012-10-25,10.73,11.15,10.69,10.79,27707285,455137888.000
2012-10-26,10.79,10.83,10.33,10.50,41888748,663768128.000
2012-10-29,10.51,10.63,10.37,10.53,19361025,306209792.000
2012-10-30,10.70,10.71,10.37,10.41,18618730,294420800.000
2012-10-31,10.40,10.86,10.38,10.73,30519136,491652992.000
2012-11-01,10.80,11.03,10.72,11.03,24776942,407954560.000
2012-11-02,11.03,11.15,10.91,11.04,17432206,289463008.000
2012-11-05,11.04,11.11,10.79,10.97,20847362,342877792.000
2012-11-06,11.07,11.13,10.64,10.81,26362333,428622048.000
2012-11-07,10.82,10.83,10.24,10.59,33345235,526465408.000
2012-11-08,10.47,10.51,10.19,10.27,16857055,262521856.000
2012-11-09,10.30,10.56,10.17,10.52,23996600,375900672.000
2012-11-12,10.53,10.67,10.44,10.62,15161767,240947680.000
2012-11-13,10.59,10.61,10.35,10.45,12427501,195467984.000
2012-11-14,10.41,10.51,10.24,10.36,11030572,172049936.000
2012-11-15,10.30,10.47,10.19,10.27,11558634,179496544.000
2012-11-16,10.25,10.25,10.04,10.13,11988073,182151008.000
2012-11-19,10.15,10.36,10.00,10.30,12623273,193650352.000
2012-11-20,10.31,10.35,10.07,10.17,8983010,138101552.000
2012-11-21,10.13,10.46,10.13,10.45,19400800,300864160.000
2012-11-22,10.40,10.41,10.22,10.28,10595151,164284192.000
2012-11-23,10.35,10.45,10.22,10.41,13533706,211410736.000
2012-11-26,10.41,10.46,10.15,10.29,10926054,169414624.000
2012-11-27,10.22,10.22,9.70,9.92,20500478,305883392.000
2012-11-28,9.85,9.86,9.57,9.61,15664001,228081344.000
2012-11-29,9.61,9.80,9.29,9.53,19123002,274357632.000
2012-11-30,9.52,9.92,9.50,9.91,19486097,285149536.000
2012-12-03,9.84,9.90,9.61,9.72,12562044,184402432.000
2012-12-04,9.71,10.03,9.60,9.99,15920787,235793216.000
2012-12-05,10.15,10.41,9.93,10.23,33280717,512041344.000
2012-12-06,10.23,10.40,10.17,10.34,17066105,264271680.000
2012-12-07,10.28,10.60,10.21,10.53,36180543,568354496.000
2012-12-10,10.60,10.62,10.39,10.45,27007458,424713344.000
2012-12-11,10.43,10.68,10.29,10.39,23879260,375756544.000
2012-12-12,10.31,10.52,10.23,10.51,17957663,279907072.000
2012-12-13,10.49,10.50,10.10,10.13,20943454,323860224.000
2012-12-14,10.10,10.49,10.00,10.36,55792159,863746176.000
2012-12-17,10.33,10.51,10.17,10.25,30087444,467459968.000
2012-12-18,10.28,10.37,10.09,10.11,23916552,367681120.000
2012-12-19,10.05,10.33,9.91,10.28,24930625,379478400.000
2012-12-20,10.23,10.63,10.21,10.31,37297085,585876544.000
2012-12-21,10.35,10.57,10.23,10.41,38743267,605541888.000
2012-12-24,10.39,11.01,10.39,10.96,55288750,891322560.000
2012-12-25,10.95,11.06,10.78,10.97,44358770,730079360.000
2012-12-26,10.97,11.08,10.90,11.00,26223392,433731520.000
2012-12-27,11.07,11.20,10.88,10.95,32027942,530369312.000
2012-12-28,10.87,10.95,10.58,10.78,48384262,780995648.000
2012-12-31,10.77,11.01,10.76,10.89,25654730,420665184.000
2013-01-04,10.95,10.97,10.62,10.63,27732134,446883680.000
2013-01-07,10.64,10.81,10.62,10.69,17677319,284882208.000
2013-01-08,10.69,11.02,10.65,10.97,33868493,557325248.000
2013-01-09,10.99,11.27,10.97,11.16,38237654,640694080.000
2013-01-10,11.21,11.35,11.01,11.15,43794512,734688704.000
2013-01-11,11.16,11.22,10.83,10.91,49306777,813999552.000
2013-01-14,10.91,11.33,10.91,11.25,44303678,745777600.000
2013-01-15,11.26,11.74,11.25,11.67,44647182,776621888.000
2013-01-16,11.89,12.33,11.67,12.07,68110859,1229811840.000
2013-01-17,12.20,12.29,11.75,11.78,40506356,731565888.000
2013-01-18,11.87,12.09,11.77,11.87,38149071,684612544.000
2013-01-21,11.90,11.95,11.53,11.84,36549861,645513664.000
2013-01-22,11.83,12.03,11.71,11.97,34700716,619727488.000
2013-01-23,11.97,12.05,11.81,11.89,24727567,443256704.000
2013-01-24,11.89,12.00,11.67,11.75,29935580,533452544.000
2013-01-25,11.74,11.77,11.55,11.57,21060207,369220768.000
2013-01-28,11.57,11.97,11.50,11.95,25449441,449297664.000
2013-01-29,11.95,11.98,11.62,11.73,27546479,489393696.000
2013-01-30,11.73,11.93,11.54,11.75,24867895,438580480.000
2013-01-31,11.81,11.89,11.61,11.71,17825105,315360000.000
2013-02-01,11.66,11.93,11.64,11.91,22759564,405597664.000
2013-02-04,11.97,11.98,11.55,11.69,29896140,525736064.000
2013-02-05,11.67,11.76,11.03,11.26,39012469,664177664.000
2013-02-06,11.26,11.33,11.09,11.26,23083772,388169024.000
2013-02-07,11.30,11.63,11.29,11.63,22226273,385494976.000
2013-02-08,11.63,11.87,11.61,11.63,16448129,290741824.000
2013-02-18,11.70,11.81,11.49,11.61,13747256,240662144.000
2013-02-19,11.64,11.71,11.45,11.55,15716193,272562752.000
2013-02-20,11.51,11.70,11.27,11.59,15206103,263061632.000
2013-02-21,11.60,11.66,11.40,11.56,19607323,339558208.000
2013-02-22,11.59,12.09,11.52,11.95,31363465,559439936.000
2013-02-25,12.02,12.08,11.83,11.86,14276459,255732624.000
2013-02-26,11.81,12.17,11.78,11.85,26777916,482947072.000
2013-02-27,11.80,12.14,11.80,12.13,25247281,457525920.000
2013-02-28,12.17,12.61,12.13,12.46,41457832,775101888.000
2013-03-01,12.53,12.98,12.47,12.97,59688373,1143405568.000
2013-03-04,12.95,13.06,12.71,12.86,39461148,764137408.000
2013-03-05,12.86,13.33,12.86,13.24,44555742,882795392.000
2013-03-06,13.25,13.35,12.97,13.01,30180244,596023744.000
2013-03-07,12.93,12.96,12.58,12.70,31072593,594928960.000
2013-03-08,12.69,12.89,12.69,12.82,19221453,369626144.000
2013-03-11,12.78,13.21,12.73,13.11,18505485,361255104.000
2013-03-12,13.11,13.16,12.70,12.95,23223655,450153312.000
2013-03-13,12.89,12.97,12.77,12.83,12031689,232052928.000
2013-03-14,12.75,13.19,12.73,13.18,23434771,461391488.000
2013-03-15,13.14,13.69,13.12,13.43,28926308,584043264.000
2013-03-18,13.42,13.57,13.05,13.05,18507855,367517952.000
2013-03-19,13.13,13.20,12.85,13.02,15337596,300373088.000
2013-03-20,13.03,13.30,12.97,13.24,23335799,460282240.000
2013-03-21,13.43,13.69,13.35,13.41,48430162,986669568.000
2013-03-22,13.37,14.07,13.33,13.95,40011899,829858688.000
2013-03-25,14.09,14.65,14.09,14.28,46969850,1017714944.000
2013-03-26,14.13,14.29,13.63,13.73,57970469,1216556288.000
2013-03-27,13.67,14.45,13.64,14.16,39092068,830957056.000
2013-03-28,14.03,14.41,13.90,14.03,26039942,551446464.000
2013-03-29,14.14,14.28,13.95,14.09,16316076,344908864.000
2013-04-01,13.97,14.23,13.95,14.09,14231744,301269216.000
2013-04-02,13.64,14.07,13.53,13.68,35030757,723729792.000
2013-04-03,13.74,13.83,13.15,13.31,29473178,591573376.000
2013-04-09,12.09,12.83,12.09,12.75,64863299,1222859264.000
2013-04-10,12.57,12.92,12.53,12.83,21124632,404392672.000
2013-04-11,12.83,13.22,12.83,13.03,18572477,365180992.000
2013-04-12,13.09,13.10,12.64,12.77,15833993,304937824.000
2013-04-15,12.77,12.83,12.61,12.69,20276114,387201440.000
2013-04-16,12.65,12.79,12.35,12.67,19722285,372904288.000
2013-04-17,12.73,12.77,12.41,12.45,18029977,340007264.000
2013-04-18,12.50,12.76,12.37,12.51,20499658,386431680.000
2013-04-19,12.52,13.08,12.52,13.03,22214216,428746144.000
2013-04-22,13.13,13.15,12.78,12.91,18059028,350922336.000
2013-04-23,12.91,12.97,12.43,12.57,18305935,346862144.000
2013-04-24,12.59,12.78,12.39,12.66,18503284,350474944.000
2013-04-25,12.63,12.69,12.37,12.53,16569893,312651744.000
2013-04-26,12.61,12.66,12.08,12.22,18997699,350289728.000
2013-05-02,11.97,12.21,11.67,11.78,24654537,439169568.000
2013-05-03,11.83,12.42,11.83,12.16,24017599,438484064.000
2013-05-06,12.24,12.39,12.10,12.19,15556713,286080608.000
2013-05-07,12.23,12.66,12.19,12.56,22501523,421270176.000
2013-05-08,12.63,12.97,12.58,12.75,21748026,418228256.000
2013-05-09,12.75,12.91,12.57,12.73,18681248,357316384.000
2013-05-10,12.83,13.02,12.75,13.01,22786704,442216320.000
2013-05-13,13.02,13.07,12.67,12.83,17223532,331599200.000
2013-05-14,12.81,12.81,12.47,12.53,20259151,383035264.000
2013-05-15,12.56,12.67,12.19,12.33,19773437,368541120.000
2013-05-16,12.27,12.69,12.10,12.52,21431209,400811936.000
2013-05-17,12.54,12.87,12.43,12.75,18123689,345212928.000
2013-05-20,12.83,13.00,12.61,12.95,21233910,410754688.000
2013-05-21,12.95,13.10,12.81,12.96,18317862,357273728.000
2013-05-22,12.95,12.95,12.73,12.80,16883447,325587424.000
2013-05-23,12.66,12.93,12.64,12.71,16921788,324026048.000
2013-05-24,12.77,13.38,12.77,13.34,28640968,561073472.000
2013-05-27,13.37,13.96,13.35,13.68,46002879,950842432.000
2013-05-28,13.82,13.84,13.47,13.78,24449627,502208640.000
2013-05-29,13.73,14.02,13.65,13.88,21073371,438855968.000
2013-05-30,13.87,13.87,13.53,13.59,16418720,338013888.000
2013-05-31,13.58,13.99,13.58,13.96,26204489,543141440.000
2013-06-03,14.13,14.38,13.57,13.71,26322642,555845952.000
2013-06-04,13.63,14.00,13.49,13.78,19069072,393139744.000
2013-06-05,13.77,13.83,13.53,13.67,9663290,198245392.000
2013-06-06,13.67,13.68,13.24,13.28,19888329,398956512.000
2013-06-07,13.28,13.61,13.25,13.33,18135653,365842688.000
2013-06-13,13.16,13.20,12.65,13.08,18822261,367849152.000
2013-06-14,13.02,13.20,12.89,13.13,12014993,235908464.000
2013-06-17,13.15,13.20,12.95,13.00,10270310,201055168.000
2013-06-18,13.09,13.59,13.05,13.53,15274629,304636064.000
2013-06-19,13.57,13.83,13.41,13.71,17710685,363324480.000
2013-06-20,13.71,13.71,13.27,13.31,12936798,262450256.000
2013-06-21,13.10,13.53,13.02,13.34,18989162,380402560.000
2013-06-24,13.40,13.49,12.76,12.99,28770278,377511104.000
2013-06-25,12.95,12.97,11.69,12.20,68044438,819369024.000
2013-06-26,12.22,12.81,12.11,12.70,47340829,590270912.000
2013-06-27,12.69,12.93,12.52,12.90,29638648,377492352.000
2013-06-28,12.89,13.30,12.70,12.96,32936233,428136768.000
2013-07-01,13.05,13.40,12.90,13.18,38294464,504100928.000
2013-07-02,13.20,13.28,13.00,13.12,20458871,268706656.000
2013-07-03,13.16,13.16,12.50,12.59,45428977,577170560.000
2013-07-04,12.48,12.60,12.26,12.39,44986795,557989952.000
2013-07-05,12.41,12.51,11.71,11.76,57777430,694414144.000
2013-07-08,11.70,11.70,10.65,10.69,56912711,622195904.000
2013-07-09,10.69,10.85,9.85,9.98,76064550,771321664.000
2013-07-10,10.01,10.55,9.99,10.47,63519121,651846592.000
2013-07-11,10.66,11.20,10.50,10.93,55538258,603611200.000
2013-07-12,10.81,10.88,10.12,10.61,87681143,916256768.000
2013-07-15,10.45,10.49,10.19,10.28,78022679,802299072.000
2013-07-16,10.21,10.47,10.01,10.39,56628081,583817536.000
2013-07-17,10.28,10.46,10.10,10.16,40362730,414557152.000
2013-07-18,10.11,10.21,9.91,10.04,30156629,303263168.000
2013-07-19,10.04,10.21,9.04,9.04,120088145,1124908928.000
2013-07-29,9.10,9.29,8.33,8.42,123796940,1101605248.000
2013-07-30,8.42,8.65,8.15,8.48,68638256,579716032.000
2013-07-31,8.55,8.66,8.37,8.54,38604161,327476000.000
2013-08-01,8.56,9.00,8.48,8.95,62054355,547006336.000
2013-08-02,9.00,9.08,8.80,8.83,36633782,327263616.000
2013-08-05,8.84,9.06,8.83,8.88,38801122,345361088.000
2013-08-06,9.08,9.74,8.94,9.61,82031657,763182080.000
2013-08-07,9.58,9.85,9.50,9.66,64594854,626265728.000
2013-08-08,9.66,9.74,9.50,9.58,41048694,395300576.000
2013-08-09,9.56,10.09,9.49,9.97,62414237,609365824.000
2013-08-12,10.04,10.47,9.94,10.41,75480511,780210432.000
2013-08-13,10.52,10.52,10.01,10.24,42658091,436286496.000
2013-08-14,10.29,10.44,10.08,10.14,50547726,518507200.000
2013-08-15,10.10,10.19,9.71,9.76,56335680,554209920.000
2013-08-16,9.73,10.74,9.52,9.58,68076534,666225728.000
2013-08-19,9.48,9.86,9.41,9.83,39111988,380708064.000
2013-08-20,9.85,9.87,9.65,9.76,28552203,278560288.000
2013-08-21,9.77,9.81,9.49,9.75,29201926,280969312.000
2013-08-22,9.68,9.96,9.50,9.58,49687212,483602720.000
2013-08-23,9.70,9.75,9.41,9.66,40686204,390490688.000
2013-08-26,9.69,9.83,9.62,9.78,35095859,341926304.000
2013-08-27,9.78,9.89,9.68,9.77,30860574,301360608.000
2013-08-28,9.75,9.75,9.50,9.55,35234622,338023072.000
2013-08-29,9.60,9.64,9.34,9.57,43006558,407210720.000
2013-08-30,9.50,9.53,9.30,9.32,24633923,232101120.000
2013-09-02,9.31,9.44,9.17,9.20,29043803,269709408.000
2013-09-03,9.19,9.39,9.06,9.38,40393904,370970720.000
2013-09-04,9.32,9.74,9.26,9.71,57841312,550997504.000
2013-09-05,9.85,10.16,9.70,9.72,67495603,670156800.000
2013-09-06,9.58,10.23,9.56,10.17,88681069,892308608.000
2013-09-09,10.21,10.27,9.93,10.16,60246760,609655936.000
2013-09-10,10.33,10.43,10.11,10.35,63038794,648695936.000
2013-09-16,10.41,10.77,10.22,10.27,82257469,870274112.000
2013-09-17,10.30,10.66,10.28,10.43,52902050,555945984.000
2013-09-18,10.48,10.58,10.07,10.20,43495320,444655232.000
2013-09-23,10.25,10.34,9.96,10.23,47050625,476475648.000
2013-09-24,10.17,10.17,9.97,10.01,35493831,355929728.000
2013-09-25,9.90,10.06,9.60,9.62,40362602,395488736.000
2013-09-26,9.62,10.07,9.30,9.72,49899204,479970176.000
2013-09-27,9.71,9.84,9.45,9.51,34847362,334063680.000
2013-09-30,9.49,9.73,9.34,9.44,25752033,244403872.000
2013-10-08,9.45,10.28,9.35,10.26,66380245,655887296.000
2013-10-09,10.31,10.65,10.10,10.43,69999979,732086784.000
2013-10-10,10.30,10.66,10.30,10.48,47951059,503254400.000
2013-10-11,10.54,11.52,10.54,11.49,107480196,1201224192.000
2013-10-14,11.55,12.08,11.55,11.74,88610868,1047343296.000
2013-10-15,11.87,11.96,11.27,11.79,64948020,751224448.000
2013-10-16,11.66,12.36,11.42,12.06,68480585,818149952.000
2013-10-17,12.14,12.40,11.78,11.79,53238446,640567744.000
2013-10-18,11.70,11.93,11.50,11.53,33430241,390126880.000
2013-10-21,11.50,11.95,11.30,11.90,53588235,625057280.000
2013-10-22,11.90,12.26,11.46,11.50,62775278,743891264.000
2013-10-23,11.60,11.67,10.90,11.59,46337327,525332096.000
2013-10-24,11.60,11.62,11.08,11.23,30485066,346052896.000
2013-10-25,11.29,11.75,11.11,11.47,46895553,538303360.000
2013-10-28,11.55,12.18,11.54,11.89,53166635,634861120.000
2013-10-29,12.05,12.39,11.71,12.07,66204717,800219712.000
2013-10-30,11.80,12.26,11.77,11.93,52274725,625766720.000
2013-10-31,11.98,11.98,11.50,11.77,43045199,504088032.000
2013-11-01,11.68,11.79,10.80,10.83,65077573,728467136.000
2013-11-04,10.69,11.28,10.68,11.26,41597899,460278752.000
2013-11-05,11.12,11.49,10.98,11.23,27250194,308563072.000
2013-11-06,11.23,12.09,11.05,11.75,63302822,734310976.000
2013-11-07,11.90,12.18,11.56,11.86,69911636,834574016.000
2013-11-08,11.75,11.98,11.46,11.54,36623741,427495040.000
2013-11-11,11.37,11.55,11.01,11.22,29775199,335006688.000
2013-11-12,11.19,11.41,11.11,11.18,22923245,257388720.000
2013-11-13,10.90,11.01,10.66,10.68,36075553,390055360.000
2013-11-14,10.75,10.89,10.66,10.82,25373659,273099104.000
2013-11-15,10.82,11.35,10.82,11.18,39181894,437682592.000
2013-11-18,11.25,11.36,11.06,11.35,38173647,428072960.000
2013-11-19,11.40,11.68,11.35,11.40,32600544,374405728.000
2013-11-20,11.53,11.58,11.20,11.29,22927308,259279616.000
2013-11-21,11.34,11.64,11.23,11.63,48216215,552849280.000
2013-11-22,11.65,11.75,11.27,11.30,38453088,444479712.000
2013-11-25,11.20,11.27,10.96,11.00,33350417,370943360.000
2013-11-26,11.00,11.06,10.88,10.96,16839921,184332400.000
2013-11-27,10.95,11.21,10.90,11.15,22461879,249145968.000
2013-11-28,11.18,11.62,11.03,11.42,51225619,581276160.000
2013-11-29,11.37,11.50,11.19,11.31,27607014,311417120.000
2013-12-02,11.05,11.16,10.70,10.74,37460316,408666176.000
2013-12-03,10.80,10.93,10.65,10.79,28842677,309909856.000
2013-12-04,10.76,10.99,10.72,10.84,24388422,265404768.000
2013-12-05,10.87,10.99,10.75,10.77,23720247,257115920.000
2013-12-06,10.70,10.80,9.79,9.83,77333373,797160064.000
2013-12-09,9.84,10.10,9.20,9.65,81426445,780039744.000
2013-12-10,9.58,9.64,9.31,9.33,54526307,514145664.000
2013-12-11,9.40,9.84,9.38,9.80,79472777,765606208.000
2013-12-12,9.84,9.92,9.56,9.72,40134475,389194496.000
2013-12-13,9.67,9.67,9.43,9.49,39566854,376399680.000
2013-12-16,9.10,9.35,9.04,9.15,64445968,590167616.000
2013-12-17,9.15,9.19,8.95,9.04,59591932,539624320.000
2013-12-18,9.09,9.15,8.98,9.10,31444929,284620928.000
2013-12-19,9.12,9.17,8.90,8.96,30307138,273615936.000
2013-12-20,8.93,8.99,8.61,8.73,35799293,312781984.000
2013-12-23,8.70,9.01,8.41,8.98,48255900,420565088.000
2013-12-24,8.94,9.04,8.75,8.89,30263111,269844800.000
2013-12-25,8.90,8.96,8.78,8.94,22279607,197664240.000
2013-12-26,8.98,9.01,8.70,8.73,31599048,278495616.000
2013-12-27,8.73,8.92,8.70,8.81,24333103,214625968.000
2013-12-30,8.83,8.89,8.72,8.78,24823591,218585120.000
2013-12-31,8.78,8.82,8.60,8.74,28373066,247374128.000
2014-01-02,8.76,8.85,8.51,8.76,37346891,323675680.000
2014-01-03,8.72,8.86,8.61,8.85,38145123,332976096.000
2014-01-06,8.87,8.89,8.66,8.67,23756982,207107104.000
2014-01-07,8.62,8.77,8.53,8.66,22570891,195089824.000
2014-01-08,8.70,8.71,8.55,8.61,23347194,201300320.000
2014-01-09,8.62,8.68,8.24,8.52,57231437,484347328.000
2014-01-10,8.50,8.50,8.17,8.18,33263887,275210304.000
2014-01-13,8.16,8.20,7.36,7.36,87738041,666787968.000
2014-01-14,7.03,7.23,6.62,7.19,156161857,1074255232.000
2014-01-15,7.04,7.11,6.82,6.90,69399868,482205696.000
2014-01-16,6.89,7.23,6.88,7.10,56736496,401540192.000
2014-01-17,7.16,7.23,7.00,7.01,53348260,380001664.000
2014-01-20,6.99,6.99,6.80,6.90,35416507,243223248.000
2014-01-21,6.90,7.04,6.87,6.98,29423878,204019264.000
2014-01-22,6.98,7.19,6.94,7.18,47747871,338988448.000
2014-01-23,7.17,7.19,7.04,7.05,37873506,268907904.000
2014-01-24,7.01,7.07,6.87,7.02,50501729,352455424.000
2014-01-27,6.98,7.13,6.91,7.00,34480052,242759904.000
2014-01-28,7.04,7.07,6.91,6.98,28356472,197219824.000
2014-01-29,7.03,7.05,6.90,6.91,29891577,207532848.000
2014-01-30,6.87,6.92,6.71,6.88,31643273,215348240.000
2014-02-07,6.83,6.94,6.68,6.92,23699004,161832912.000
2014-02-10,6.94,7.22,6.89,7.15,70373334,501597920.000
2014-02-11,7.14,7.87,7.10,7.87,136105610,1039898176.000
2014-02-12,7.87,8.53,7.80,8.32,151995647,1243196672.000
2014-02-13,8.33,8.36,8.08,8.08,72884553,595056512.000
2014-02-14,8.09,8.50,8.09,8.21,60112273,497921600.000
2014-02-17,8.19,8.32,8.11,8.23,61004510,499610656.000
2014-02-18,8.18,8.21,7.77,7.90,78749790,628691456.000
2014-02-19,7.89,8.29,7.82,8.15,85467834,696355520.000
2014-02-20,8.50,8.88,8.28,8.33,131799168,1121462400.000
2014-02-21,8.35,8.35,8.05,8.06,57457504,466323840.000
2014-02-24,7.93,8.04,7.82,8.01,34415202,272313408.000
2014-02-25,7.96,8.05,7.56,7.60,56005408,436032160.000
2014-02-26,7.61,7.91,7.54,7.76,41753727,322663104.000
2014-02-27,7.78,8.13,7.64,7.97,77309244,611782464.000
2014-02-28,7.88,7.91,7.60,7.79,47231986,367308736.000
2014-03-03,7.82,7.98,7.72,7.91,44394509,349798976.000
2014-03-04,7.88,7.88,7.65,7.76,33501657,259268992.000
2014-03-05,7.77,8.26,7.76,7.96,76616214,617604608.000
2014-03-06,7.96,8.20,7.91,8.13,53749780,433633792.000
2014-03-07,8.10,8.36,8.06,8.25,81794404,674052288.000
2014-03-10,8.17,8.20,7.85,7.89,53441583,428628448.000
2014-03-11,7.89,8.01,7.77,7.95,33232979,262181872.000
2014-03-12,7.90,7.98,7.73,7.90,34441932,270298720.000
2014-03-13,7.88,7.94,7.75,7.80,27402635,214751216.000
2014-03-14,7.76,7.77,7.11,7.27,69132151,513389504.000
2014-03-17,7.31,7.37,7.00,7.19,52421861,373578464.000
2014-03-18,7.18,7.23,7.06,7.19,38192525,272665248.000
2014-03-19,7.19,7.19,7.01,7.09,26577162,188081952.000
2014-03-20,7.07,7.19,7.00,7.02,34452221,244571840.000
2014-03-21,6.99,7.28,6.85,7.23,49154650,349669152.000
2014-03-24,7.24,7.38,7.22,7.27,35379633,258299712.000
2014-03-25,7.23,7.27,7.12,7.15,36555150,262276880.000
2014-03-26,7.15,7.22,7.05,7.09,28848048,204991040.000
2014-03-27,7.06,7.07,6.87,6.91,43864614,304864864.000
2014-03-28,6.91,7.14,6.86,7.12,42412540,295361376.000
2014-03-31,7.10,7.39,7.08,7.33,65474282,475811072.000
2014-04-01,7.44,7.56,7.26,7.31,64093643,474174528.000
2014-04-02,7.39,7.48,7.23,7.24,42343543,310185408.000
2014-04-03,7.29,7.38,7.18,7.34,49805806,363635680.000
2014-04-04,7.30,7.34,7.22,7.26,30646497,222642496.000
2014-04-08,7.26,7.48,7.22,7.41,58515207,432032512.000
2014-04-09,7.40,7.48,7.36,7.43,39689713,294461120.000
2014-04-10,7.43,7.49,7.36,7.44,47197859,350894528.000
2014-04-11,7.44,7.45,7.24,7.25,46571151,340547840.000
2014-04-14,7.10,7.55,7.02,7.52,76055051,555126528.000
2014-04-15,7.55,7.63,7.35,7.37,74648636,559385728.000
2014-04-16,7.30,7.57,7.26,7.47,49720825,371216064.000
2014-04-17,7.48,7.50,7.38,7.39,28605212,212702240.000
2014-04-18,7.39,7.76,7.33,7.69,71588717,542914624.000
2014-04-21,7.57,7.90,7.56,7.64,87150323,676482624.000
2014-04-25,7.80,8.39,7.70,7.99,247126385,1986927488.000
2014-04-28,7.80,7.85,7.19,7.19,123708254,910830784.000
2014-04-29,7.03,7.13,6.67,6.98,116523513,801016896.000
2014-04-30,6.88,6.93,6.72,6.83,59400606,406033888.000
2014-05-05,6.79,6.86,6.67,6.83,45213802,305271872.000
2014-05-06,6.80,6.91,6.76,6.85,41860684,286106560.000
2014-05-07,6.80,6.83,6.68,6.71,46025531,310033984.000
2014-05-08,6.71,6.83,6.69,6.73,36226710,245113024.000
2014-05-09,6.76,6.91,6.72,6.84,47545882,324227264.000
2014-05-12,6.90,7.15,6.82,7.14,75773577,531730016.000
2014-05-13,7.10,7.33,7.07,7.08,66872384,479747680.000
2014-05-14,7.06,7.07,6.87,6.91,49059540,340070240.000
2014-05-15,6.89,6.93,6.78,6.79,34800893,237921904.000
2014-05-16,6.79,6.91,6.78,6.86,25949906,177482080.000
2014-05-19,6.84,6.85,6.72,6.74,23203258,156658880.000
2014-05-20,6.80,6.90,6.75,6.79,22573074,153905168.000
2014-05-21,6.83,6.92,6.75,6.87,36509348,250273376.000
2014-05-22,6.89,7.18,6.85,7.00,89545295,632802880.000
2014-05-23,6.99,7.05,6.88,6.97,43881479,304366752.000
2014-05-26,7.05,7.05,6.93,6.96,34053792,237317680.000
2014-05-27,7.00,7.19,6.92,7.06,73513532,519135456.000
2014-05-28,7.01,7.14,6.99,7.13,53557891,379013888.000
2014-05-29,7.12,7.31,7.08,7.17,95024610,685271936.000
2014-05-30,7.23,7.52,7.14,7.17,117694318,858710912.000
2014-06-03,7.16,7.37,7.09,7.20,62672071,454002368.000
2014-06-04,7.35,7.45,7.20,7.28,102795589,751134272.000
2014-06-05,7.29,7.39,7.12,7.34,96599675,700347904.000
2014-06-06,7.35,7.35,7.17,7.25,54075005,392126720.000
2014-06-09,7.31,7.33,7.13,7.16,40999879,295682336.000
2014-06-10,7.15,7.18,7.04,7.15,40576374,288378528.000
2014-06-11,7.15,7.16,7.05,7.08,39638635,280652032.000
2014-06-12,7.07,7.15,7.00,7.05,46620950,329910784.000
2014-06-13,7.09,7.14,7.06,7.13,46672708,331788960.000
2014-06-16,7.17,7.20,7.09,7.12,41763645,298144896.000
2014-06-17,7.12,7.12,7.00,7.00,41949463,295034432.000
2014-06-18,6.95,7.02,6.83,6.85,46310926,319638784.000
2014-06-19,6.86,6.88,6.69,6.74,34887638,236335600.000
2014-06-20,6.74,6.86,6.70,6.77,28880855,195675616.000
2014-06-23,6.82,6.90,6.77,6.84,20992503,143569008.000
2014-06-24,6.98,7.08,6.93,6.99,61194209,428663328.000
2014-06-25,7.05,7.05,6.90,6.93,28209698,195871776.000
2014-06-26,6.93,7.04,6.93,6.97,31416011,219820544.000
2014-06-27,6.98,7.04,6.94,7.02,33913413,236997008.000
2014-06-30,7.01,7.03,6.96,7.02,35457924,247851392.000
2014-07-01,7.02,7.37,6.95,7.36,143020985,1027723520.000
2014-07-02,7.20,7.36,7.11,7.31,82886028,602376320.000
2014-07-03,7.27,7.30,7.20,7.24,53743074,389631616.000
2014-07-04,7.27,7.38,7.20,7.31,79381874,580226240.000
2014-07-07,7.31,7.41,7.23,7.24,51670145,377560288.000
2014-07-08,7.22,7.24,7.12,7.18,41636184,298235296.000
2014-07-09,7.15,7.18,6.98,6.99,54629292,386387456.000
2014-07-10,6.99,7.02,6.88,6.90,43062911,298211296.000
2014-07-11,6.90,7.02,6.89,6.94,40333751,280036128.000
2014-07-14,6.96,7.01,6.88,6.99,38893091,270253312.000
2014-07-15,6.98,7.07,6.94,7.03,45879071,321897760.000
2014-07-16,7.06,7.23,7.05,7.17,86105854,616134528.000
2014-07-17,7.15,7.16,7.03,7.11,40394099,286364480.000
2014-07-18,7.07,7.12,7.03,7.05,36900875,260946560.000
2014-07-21,7.02,7.04,6.93,6.95,31236968,217754704.000
2014-07-22,6.93,7.03,6.91,7.00,32574895,227688336.000
2014-07-23,7.00,7.04,6.93,6.94,37209455,259255952.000
2014-07-24,6.93,7.08,6.93,7.06,55187204,387754048.000
2014-07-25,7.07,7.24,7.02,7.22,86243980,617432000.000
2014-07-28,7.35,7.93,7.25,7.70,218983017,1646359552.000
2014-07-29,7.63,7.77,7.55,7.63,123730761,944617664.000
2014-07-30,7.65,8.04,7.64,7.78,170934191,1343487360.000
2014-07-31,7.79,7.84,7.65,7.81,89395794,692575936.000
2014-08-01,7.80,7.98,7.63,7.66,115425980,902556672.000
2014-08-04,7.75,7.85,7.70,7.83,75815605,589774208.000
2014-08-05,7.83,7.97,7.78,7.90,85597500,672832320.000
2014-08-06,7.85,7.88,7.71,7.78,68446103,532572512.000
2014-08-07,7.78,7.90,7.69,7.71,90297486,704189696.000
2014-08-08,7.75,7.94,7.70,7.88,86016823,672348608.000
2014-08-11,7.88,7.99,7.85,7.97,84069012,667897792.000
2014-08-12,7.97,8.17,7.89,8.12,102742779,823271104.000
2014-08-13,8.30,8.37,7.99,8.13,131339894,1076241920.000
2014-08-14,8.10,8.12,7.95,7.97,80194031,644004480.000
2014-08-15,8.00,8.07,7.94,8.01,69526542,556177664.000
2014-08-18,8.02,8.13,7.92,8.08,89326563,716545024.000
2014-08-19,8.07,8.14,7.95,8.06,83744576,674999744.000
2014-08-20,8.06,8.13,7.98,8.07,74573916,600906816.000
2014-08-21,8.04,8.24,8.00,8.23,130120459,1056173312.000
2014-08-22,8.19,8.35,8.16,8.28,112235184,929481920.000
2014-08-25,8.28,8.28,8.07,8.07,79679472,649395072.000
2014-08-26,8.05,8.13,7.84,7.86,87843515,700940288.000
2014-08-27,7.84,8.17,7.79,8.16,97184590,778500224.000
2014-08-28,8.48,8.98,8.38,8.98,186788758,1625623168.000
2014-08-29,9.40,9.40,8.64,8.86,373839516,3374172928.000
2014-09-01,8.70,8.85,8.57,8.79,144185046,1258947712.000
2014-09-02,8.81,9.26,8.72,9.08,203684601,1842206080.000
2014-09-03,9.05,9.22,8.95,9.08,131900955,1194724096.000
2014-09-04,9.08,9.23,8.94,9.07,173490915,1572003840.000
2014-09-05,9.03,9.09,8.93,8.97,108510145,975938688.000
2014-09-09,8.97,9.14,8.94,9.06,97718740,882584960.000
2014-09-10,9.00,9.06,8.91,8.98,77727912,696915072.000
2014-09-11,8.98,9.06,8.74,8.77,125419632,1115579776.000
2014-09-12,8.74,8.86,8.72,8.80,72422375,636796224.000
2014-09-15,8.93,9.07,8.83,8.88,95469133,853957504.000
2014-09-16,8.93,8.96,8.49,8.54,98456958,859106560.000
2014-09-17,8.51,8.62,8.42,8.51,67173588,570066432.000
2014-09-18,8.51,8.66,8.46,8.54,65991754,565361600.000
2014-09-19,8.53,8.58,8.44,8.56,53056080,452287424.000
2014-09-22,8.55,8.73,8.41,8.52,74541101,640222144.000
2014-09-23,8.50,8.59,8.48,8.56,49059085,418953632.000
2014-09-24,8.74,8.89,8.65,8.82,131616355,1156914304.000
2014-09-25,8.82,8.86,8.71,8.74,80082869,702707200.000
2014-09-26,8.70,8.76,8.65,8.69,52180619,453146336.000
2014-09-29,8.70,8.79,8.64,8.67,57299181,498595808.000
2014-09-30,8.75,8.87,8.68,8.81,91456451,802957056.000
2014-10-08,8.79,8.89,8.74,8.81,61654635,542707456.000
2014-10-09,8.80,8.86,8.70,8.83,81228004,714088896.000
2014-10-10,8.80,8.88,8.74,8.79,68804088,604981952.000
2014-10-13,8.75,8.75,8.51,8.57,80331333,689134464.000
2014-10-14,8.53,8.59,8.39,8.44,67173080,570439488.000
2014-10-15,8.43,8.48,8.32,8.41,54946811,461331136.000
2014-10-16,8.37,8.40,8.24,8.26,57328698,477793600.000
2014-10-17,8.24,8.32,8.08,8.11,62320565,508916832.000
2014-10-20,8.14,8.23,8.11,8.19,35931114,293539072.000
2014-10-21,8.19,8.33,8.15,8.27,53422081,441125344.000
2014-10-22,8.36,8.45,8.22,8.23,63607350,531142848.000
2014-10-23,8.25,8.31,7.94,7.96,57425753,464340256.000
2014-10-24,7.95,8.04,7.76,7.81,49117477,386118624.000
2014-10-27,7.82,7.82,7.60,7.70,42112527,323352448.000
2014-10-28,7.75,7.93,7.71,7.92,47939755,376161056.000
2014-10-29,7.94,8.03,7.83,7.97,68467821,543310016.000
2014-10-30,7.99,8.04,7.90,7.97,62601319,498760992.000
2014-10-31,7.97,8.16,7.94,8.14,82008271,660859520.000
2014-11-03,8.14,8.16,8.05,8.09,56937484,460923136.000
2014-11-04,8.08,8.09,7.88,7.91,72024136,574817984.000
2014-11-05,7.89,8.19,7.86,8.13,91686525,739283200.000
2014-11-06,8.11,8.14,7.98,8.07,54135444,435886208.000
2014-11-07,8.10,8.15,7.94,7.97,59689628,481389408.000
2014-11-10,8.06,8.23,8.02,8.20,98299326,802835200.000
2014-11-11,8.24,8.25,7.88,7.91,93156047,750696768.000
2014-11-12,7.90,8.04,7.82,8.03,42329972,336865856.000
2014-11-13,8.01,8.01,7.83,7.89,52174544,412460864.000
2014-11-14,7.82,7.88,7.69,7.73,61407778,477059424.000
2014-11-17,7.76,7.85,7.75,7.80,32462445,253362000.000
2014-11-18,7.80,7.84,7.73,7.77,28417351,220684144.000
2014-11-19,7.76,7.81,7.72,7.75,41618694,322639936.000
2014-11-20,7.75,7.79,7.71,7.74,32729425,253751664.000
2014-11-21,7.74,7.86,7.72,7.86,60281134,470765952.000
2014-11-24,7.94,8.06,7.86,7.99,86560591,688728576.000
2014-11-25,7.96,8.13,7.95,8.07,97413069,783247296.000
2014-11-26,8.10,8.13,7.98,8.04,78729232,633236864.000
2014-11-27,8.07,8.15,8.01,8.08,95670280,772714368.000
2014-11-28,7.95,8.02,7.86,7.93,131249490,1040340928.000
2014-12-01,7.88,7.93,7.81,7.81,106066909,833761536.000
2014-12-02,7.87,7.99,7.84,7.97,109305106,865922816.000
2014-12-03,7.98,8.24,7.95,8.18,180888737,1468651904.000
2014-12-04,8.22,8.56,8.16,8.53,241195896,2018402688.000
2014-12-05,8.53,8.56,8.08,8.21,218674137,1815535488.000
2014-12-08,8.25,8.43,8.16,8.35,167386744,1389987328.000
2014-12-09,8.27,8.85,8.20,8.29,287997314,2446199808.000
2014-12-10,8.38,8.59,8.25,8.54,172460478,1455740544.000
2014-12-11,8.49,8.67,8.37,8.51,153984881,1311561088.000
2014-12-12,8.52,8.74,8.50,8.68,167640550,1448925056.000
2014-12-15,8.68,8.82,8.60,8.73,143490267,1249644800.000
2014-12-16,8.70,8.71,8.53,8.61,138690003,1192495360.000
2014-12-17,8.61,8.61,8.26,8.36,145777388,1221986816.000
2014-12-18,8.38,8.46,8.32,8.42,101709850,853218432.000
2014-12-19,8.39,8.50,8.21,8.38,112703665,941701632.000
2014-12-22,8.42,8.70,8.23,8.48,171057642,1446733440.000
2014-12-23,8.36,8.42,8.04,8.09,119820586,990316736.000
2014-12-24,8.16,8.39,8.13,8.20,90862237,748104256.000
2014-12-25,8.20,8.34,8.19,8.31,78852184,653311168.000
2014-12-26,8.31,8.38,8.21,8.37,111237606,921729856.000
2014-12-29,8.42,8.60,8.35,8.46,156653722,1325701120.000
2014-12-30,8.44,8.58,8.28,8.30,107436140,903136256.000
2014-12-31,8.27,8.40,8.21,8.36,91177984,757169344.000
2015-01-05,8.36,9.10,8.30,8.87,310495309,2708656384.000
2015-01-06,8.75,8.90,8.63,8.75,195049561,1703527552.000
2015-01-07,8.70,8.83,8.55,8.71,149302688,1295328512.000
2015-01-08,8.69,8.92,8.68,8.69,179959955,1580725760.000
2015-01-09,8.62,8.79,8.51,8.53,153610362,1328333952.000
2015-01-12,8.53,8.67,8.35,8.46,107755659,918820544.000
2015-01-13,8.55,8.80,8.51,8.70,125991353,1093325568.000
2015-01-14,8.69,8.76,8.47,8.56,92856498,798386624.000
2015-01-15,8.57,8.73,8.49,8.71,100437626,865349760.000
2015-01-16,8.69,8.82,8.63,8.76,159981095,1395733248.000
2015-01-19,8.52,8.58,7.92,8.20,168889080,1411288960.000
2015-01-20,8.22,8.35,8.10,8.32,107403388,888477632.000
2015-01-21,8.34,8.48,8.28,8.44,116022333,973055232.000
2015-01-22,8.42,8.58,8.38,8.47,104861081,888762368.000
2015-01-23,8.45,8.79,8.43,8.60,169718504,1461428352.000
2015-01-26,8.59,8.76,8.52,8.68,120152142,1040836736.000
2015-01-27,8.69,8.80,8.51,8.68,132360210,1147820544.000
2015-01-28,8.63,8.67,8.52,8.57,93656212,804227840.000
2015-01-29,8.50,8.54,8.30,8.41,95014875,801053824.000
2015-01-30,8.48,8.52,8.33,8.43,75848851,639264512.000
2015-02-02,8.38,8.58,8.32,8.46,95628886,810879104.000
2015-02-03,8.55,8.66,8.46,8.60,121455907,1041248768.000
2015-02-04,8.68,8.71,8.45,8.46,83977319,720149888.000
2015-02-05,8.58,8.58,8.20,8.23,114618768,962228224.000
2015-02-06,8.22,8.29,8.10,8.16,69404715,568590016.000
2015-02-09,8.20,8.23,8.10,8.12,48997666,400367360.000
2015-02-10,8.12,8.17,8.10,8.17,50592592,411630176.000
2015-02-11,8.24,8.28,8.17,8.19,48018180,394232064.000
2015-02-12,8.19,8.23,8.10,8.17,49991768,407540576.000
2015-02-13,8.21,8.33,8.21,8.25,71912141,594527168.000
2015-02-16,8.26,8.44,8.26,8.38,70466456,590373504.000
2015-02-17,8.43,8.46,8.37,8.38,56148285,471993088.000
2015-02-25,8.40,8.50,8.36,8.46,76556706,645235008.000
2015-02-26,8.46,8.67,8.42,8.61,112356976,963099712.000
2015-02-27,8.63,8.65,8.51,8.55,89856629,769853184.000
2015-03-02,8.59,8.74,8.55,8.69,146740508,1272784768.000
2015-03-03,8.65,8.66,8.45,8.46,122869641,1052612160.000
2015-03-04,8.50,8.92,8.48,8.85,228207868,1995333888.000
2015-03-05,8.78,8.99,8.65,8.98,210154867,1850391936.000
2015-03-06,8.91,9.20,8.76,8.79,188594068,1691911296.000
2015-03-09,8.77,9.08,8.69,9.04,160489632,1435554944.000
2015-03-10,9.04,9.10,8.90,8.97,120505545,1083058432.000
2015-03-11,8.96,9.00,8.80,8.82,109232404,969179776.000
2015-03-12,8.86,8.94,8.79,8.84,91074617,806032384.000
2015-03-13,8.88,8.99,8.83,8.93,110062728,980503744.000
2015-03-16,8.94,9.12,8.86,9.05,172171420,1547708032.000
2015-03-17,9.05,9.19,9.01,9.13,216669786,1970756992.000
2015-03-18,9.14,9.28,9.10,9.19,190358789,1746117760.000
2015-03-19,9.20,9.58,9.13,9.46,278607066,2597478912.000
2015-03-20,9.39,9.46,9.30,9.35,179074338,1675524480.000
2015-03-23,9.41,9.68,9.36,9.55,198557159,1891349760.000
2015-03-24,9.60,9.64,9.16,9.40,215035648,2016331392.000
2015-03-25,9.37,9.37,9.16,9.28,167000545,1547169792.000
2015-03-26,9.33,9.57,9.29,9.47,199534179,1885288192.000
2015-03-27,9.51,9.82,9.38,9.68,214718448,2073078272.000
2015-03-30,9.87,10.36,9.82,10.12,274492846,2777091840.000
2015-03-31,9.99,9.99,9.71,9.80,280646760,2765317376.000
2015-04-01,9.80,10.12,9.74,9.99,203916832,2028774528.000
2015-04-02,10.12,10.20,9.84,10.05,192044427,1924965760.000
2015-04-03,9.97,10.07,9.83,9.99,171028760,1700071936.000
2015-04-07,10.03,10.15,9.97,10.11,208537395,2098452992.000
2015-04-08,10.11,10.14,9.86,10.09,196720319,1969908352.000
2015-04-09,10.08,10.08,9.61,9.74,175150406,1719931776.000
2015-04-10,9.74,9.95,9.71,9.88,139206554,1372858112.000
数据来源:通达信
