601989 中国重工 日线 前复权
      日期	    开盘	    最高	    最低	    收盘	    成交量	    成交额
2011-03-02,8.58,8.70,8.46,8.59,35359939,496081120.000
2011-03-03,8.60,8.74,8.28,8.37,43919309,608848384.000
2011-03-04,8.37,8.56,8.22,8.47,29375932,404839488.000
2011-03-07,8.52,8.61,8.39,8.51,38553362,536728256.000
2011-03-08,8.54,8.63,8.45,8.53,27220884,381304352.000
2011-03-09,8.56,8.83,8.49,8.74,69252716,987170880.000
2011-03-10,8.71,8.71,8.49,8.52,34284228,481053888.000
2011-03-11,8.44,8.52,8.25,8.27,48137902,660688512.000
2011-03-14,8.19,8.46,8.04,8.13,47302379,633492416.000
2011-03-15,8.13,8.24,7.94,8.22,40868994,543537280.000
2011-03-16,8.22,8.35,8.11,8.22,23412483,316060928.000
2011-03-17,8.19,8.19,7.94,8.02,35856210,474563392.000
2011-04-12,8.22,8.81,8.03,8.44,111537980,1555749504.000
2011-04-13,8.44,8.63,8.32,8.54,46182257,647709568.000
2011-04-14,8.58,8.61,8.40,8.41,30009566,417567520.000
2011-04-15,8.41,8.46,8.09,8.29,35923072,485142208.000
2011-04-18,8.28,8.28,8.04,8.12,35556761,474851552.000
2011-04-19,8.08,8.19,8.00,8.04,23457018,310671296.000
2011-04-20,8.07,8.12,7.99,8.06,16090915,213005296.000
2011-04-21,8.09,8.13,8.02,8.07,16861905,223590880.000
2011-04-22,8.09,8.22,8.05,8.11,24212655,323429312.000
2011-04-25,8.04,8.06,7.58,7.64,41696129,533758336.000
2011-04-26,7.64,7.78,7.48,7.50,22967454,288029504.000
2011-04-27,7.50,7.60,7.34,7.40,24584658,301252544.000
2011-04-28,7.40,7.53,7.04,7.06,22940293,276033440.000
2011-04-29,7.09,7.40,7.08,7.39,21668217,258759600.000
2011-05-03,7.53,7.53,7.28,7.41,17215785,208894256.000
2011-05-04,7.37,7.42,7.09,7.14,18369799,219217904.000
2011-05-05,7.15,7.17,6.96,7.14,16966065,197850704.000
2011-05-06,7.09,7.40,6.97,7.21,16400876,194769392.000
2011-05-09,7.27,7.44,7.21,7.26,21710376,262244176.000
2011-05-10,7.28,7.41,7.17,7.37,13269062,159515120.000
2011-05-11,7.37,7.55,7.29,7.41,24450551,299329024.000
2011-05-12,7.32,7.48,7.31,7.34,15051499,183965616.000
2011-05-13,7.31,7.50,7.31,7.47,18058223,221360992.000
2011-05-16,7.41,7.56,7.30,7.40,18343576,223384032.000
2011-05-17,7.40,7.49,7.19,7.42,18629638,226440048.000
2011-05-18,7.43,7.66,7.35,7.61,25679480,318541600.000
2011-05-19,7.61,7.92,7.49,7.54,29277466,367447520.000
2011-05-20,7.54,7.59,7.38,7.44,10793695,132385912.000
2011-05-24,7.16,7.28,6.96,7.27,32602520,383955104.000
2011-05-25,7.19,7.33,7.16,7.30,18597184,222178000.000
2011-05-26,7.34,7.37,7.23,7.26,20182069,242897984.000
2011-05-27,7.27,7.28,6.79,6.89,24872390,287190688.000
2011-05-30,6.81,6.92,6.62,6.67,15140632,169818832.000
2011-05-31,6.69,6.87,6.60,6.86,17597630,194981856.000
2011-06-01,6.81,7.27,6.78,7.17,36524386,427502720.000
2011-06-02,7.06,7.27,7.02,7.16,23898167,283113664.000
2011-06-07,7.28,7.44,7.23,7.29,20347763,246148896.000
2011-06-08,7.28,7.51,7.12,7.36,26420247,320106720.000
2011-06-09,7.38,7.51,7.18,7.22,23410212,283312928.000
2011-06-10,7.25,7.57,7.16,7.54,43185178,527328896.000
2011-06-13,7.58,7.72,7.48,7.54,35848565,448822784.000
2011-06-14,7.48,7.71,7.48,7.63,31394389,393232544.000
2011-06-15,7.54,7.69,7.51,7.59,23271700,291454464.000
2011-06-16,7.52,7.63,7.39,7.42,20853121,256762784.000
2011-06-17,7.38,7.96,7.37,7.77,70340421,895832384.000
2011-06-20,7.78,7.91,7.52,7.77,34467002,436837760.000
2011-06-21,7.87,7.90,7.74,7.83,31402151,403942848.000
2011-06-22,7.83,7.98,7.70,7.82,21175746,271371872.000
2011-06-23,7.78,7.84,7.60,7.77,26773618,338219808.000
2011-06-27,8.56,8.56,7.96,8.20,91125535,1225819520.000
2011-06-28,8.20,8.32,8.10,8.15,51451281,689284544.000
2011-06-29,8.07,8.25,7.92,8.15,40788141,539901248.000
2011-06-30,8.10,8.45,8.08,8.44,59894124,810644224.000
2011-07-01,8.38,8.46,8.20,8.24,42499045,578334912.000
2011-07-04,8.22,8.32,8.15,8.27,39674211,533981184.000
2011-07-05,8.26,8.42,8.18,8.32,33423770,454485504.000
2011-07-06,8.23,8.40,8.10,8.26,34767652,468450464.000
2011-07-07,8.22,8.35,8.12,8.12,29634663,398803936.000
2011-07-08,8.18,8.37,8.04,8.28,41567212,560006720.000
2011-07-11,8.28,8.37,8.21,8.31,24322319,329242752.000
2011-07-12,8.25,8.25,8.08,8.10,26706871,356410624.000
2011-07-13,8.08,8.25,8.08,8.17,17779205,237702912.000
2011-07-14,8.19,8.42,8.15,8.32,31852570,431818432.000
2011-07-15,8.38,8.52,8.32,8.36,40417176,557283008.000
2011-07-18,8.36,8.46,8.28,8.38,24464957,334247712.000
2011-07-19,8.33,8.40,8.27,8.38,18606817,253569744.000
2011-07-20,8.43,8.47,8.32,8.42,25450621,350329696.000
2011-07-21,8.39,8.49,8.14,8.17,22765751,309121056.000
2011-07-22,8.19,8.24,8.14,8.18,13729715,183697392.000
2011-07-25,8.19,8.33,7.95,8.03,31291395,417604576.000
2011-07-26,7.95,8.11,7.88,8.07,15291919,200538432.000
2011-07-27,8.10,8.50,8.04,8.39,44321739,602679872.000
2011-07-28,8.45,8.70,8.32,8.40,66569553,923931072.000
2011-07-29,8.40,8.45,8.04,8.13,39924641,532368672.000
2011-08-01,8.13,8.18,7.97,8.05,25430992,334546752.000
2011-08-02,8.03,8.11,7.89,8.02,18688880,243892032.000
2011-08-03,7.95,8.07,7.92,8.03,19148818,249849056.000
2011-08-04,8.03,8.13,7.97,7.98,18052321,236940064.000
2011-08-05,7.81,7.92,7.69,7.82,25752626,328867040.000
2011-08-08,7.67,7.80,7.10,7.39,35632069,434513792.000
2011-08-09,7.15,7.50,7.02,7.44,34385713,413157856.000
2011-08-10,7.62,7.76,7.43,7.46,38603985,480251872.000
2011-08-11,7.31,7.60,7.25,7.55,22089841,271174464.000
2011-08-12,7.59,7.67,7.52,7.60,17440853,216821728.000
2011-08-15,7.63,7.70,7.54,7.65,17314695,215988496.000
2011-08-16,7.65,7.69,7.47,7.57,17127008,212300320.000
2011-08-17,7.58,7.71,7.45,7.63,22811858,283993408.000
2011-08-18,7.65,7.79,7.62,7.70,25319270,318970496.000
2011-08-19,7.62,7.79,7.57,7.64,27986270,351465888.000
2011-08-22,7.67,7.71,7.37,7.43,17523173,215053856.000
2011-08-23,7.51,7.63,7.42,7.55,20065950,246505280.000
2011-08-24,7.60,7.60,7.45,7.47,23034713,284370176.000
2011-08-25,7.47,7.82,7.41,7.77,35278730,438371680.000
2011-08-26,7.68,7.77,7.65,7.73,34140354,430485728.000
2011-08-29,7.66,7.70,7.53,7.57,18034530,224668672.000
2011-08-30,7.63,7.69,7.45,7.55,16063161,199040528.000
2011-08-31,7.51,7.52,7.38,7.50,13474563,164244144.000
2011-09-01,7.50,7.53,7.40,7.43,7459720,91187896.000
2011-09-02,7.41,7.45,7.31,7.34,8263555,99681448.000
2011-09-06,7.20,7.30,7.08,7.28,12488569,147365120.000
2011-09-07,7.27,7.35,7.18,7.33,9230942,110250120.000
2011-09-08,7.37,7.38,7.17,7.19,8883304,105697008.000
2011-09-09,7.29,7.30,7.10,7.17,16521392,194427792.000
2011-09-13,7.08,7.13,6.88,7.00,14645032,168040640.000
2011-09-14,7.04,7.23,6.90,7.17,10934171,125846320.000
2011-09-15,7.13,7.23,7.06,7.12,16154453,189554672.000
2011-09-16,7.15,7.20,7.10,7.11,13067994,153337776.000
2011-09-19,7.11,7.32,6.98,7.01,13785199,160571904.000
2011-09-20,7.01,7.05,6.89,6.98,6884402,78700672.000
2011-09-21,6.98,7.24,6.95,7.20,23500689,275492096.000
2011-09-22,7.13,7.20,6.92,6.99,14858059,171650384.000
2011-09-23,6.87,7.12,6.77,7.05,16436537,188667712.000
2011-09-26,6.98,7.10,6.86,6.90,9495961,108272616.000
2011-09-27,6.97,7.02,6.89,6.98,7333428,83727336.000
2011-09-28,7.02,7.08,6.93,6.97,9337134,107140384.000
2011-09-29,6.92,6.99,6.67,6.69,19056859,213547712.000
2011-09-30,6.71,6.75,6.38,6.52,16630981,177550576.000
2011-10-10,6.51,6.57,6.07,6.12,30515809,310512320.000
2011-10-11,6.32,6.32,6.02,6.12,22125958,225297536.000
2011-10-12,6.13,6.40,6.07,6.35,22440248,232603408.000
2011-10-13,6.32,6.48,6.29,6.44,24017938,252551040.000
2011-10-14,6.47,6.54,6.35,6.43,21514120,228008656.000
2011-10-17,6.47,6.48,6.32,6.38,12248860,129154176.000
2011-10-18,6.33,6.48,6.20,6.29,16660867,173882656.000
2011-10-19,6.32,6.35,6.18,6.25,12809850,132062808.000
2011-10-20,6.17,6.22,5.73,5.81,25500977,246982176.000
2011-10-21,5.85,5.87,5.67,5.68,11723672,111168120.000
2011-10-24,5.70,5.98,5.64,5.95,18336681,176075776.000
2011-10-25,5.97,6.08,5.81,6.03,17002652,167296816.000
2011-10-26,6.00,6.36,5.98,6.24,24845133,255235792.000
2011-10-27,6.28,6.35,6.23,6.30,12954440,133843960.000
2011-10-28,6.43,6.54,6.32,6.50,21586413,228521088.000
2011-10-31,6.55,6.68,6.38,6.51,17022210,182725424.000
2011-11-01,6.47,6.75,6.47,6.61,32964235,225099376.000
2011-11-02,6.42,6.63,6.29,6.57,41021793,270540768.000
2011-11-03,6.60,6.65,6.41,6.61,49169113,331168704.000
2011-11-04,6.62,6.89,6.58,6.88,70876976,491721728.000
2011-11-07,6.85,7.05,6.79,6.88,40963799,291221856.000
2011-11-08,6.87,6.98,6.74,6.79,24881460,175070256.000
2011-11-09,6.85,6.88,6.73,6.85,19943158,139613088.000
2011-11-10,6.78,6.85,6.71,6.75,35564810,246716944.000
2011-11-11,6.77,6.80,6.44,6.56,52097567,350101056.000
2011-11-14,6.59,6.70,6.52,6.65,32148707,218595024.000
2011-11-15,6.66,7.02,6.59,7.02,68319901,478933824.000
2011-11-16,6.97,7.09,6.80,6.90,59948052,427503136.000
2011-11-17,6.91,7.06,6.87,6.88,38691590,275707552.000
2011-11-18,6.82,6.82,6.54,6.62,28433935,194224528.000
2011-11-21,6.62,6.65,6.48,6.56,15453303,103842032.000
2011-11-22,6.52,6.71,6.50,6.63,18100997,123241448.000
2011-11-23,6.65,6.69,6.53,6.55,16280175,110076232.000
2011-11-24,6.50,6.58,6.43,6.52,14806403,98930976.000
2011-11-25,6.54,6.55,6.38,6.40,13335483,88486512.000
2011-11-29,6.48,6.66,6.31,6.60,33582535,224650464.000
2011-11-30,6.53,6.56,6.01,6.18,37677594,243550816.000
2011-12-01,6.40,6.49,6.22,6.24,34143386,222527568.000
2011-12-02,6.24,6.32,6.12,6.19,15608755,100174888.000
2011-12-05,6.18,6.19,6.02,6.10,16442947,103269384.000
2011-12-06,6.08,6.08,5.91,5.97,19434715,120014048.000
2011-12-07,6.06,6.13,6.00,6.06,17831141,111400656.000
2011-12-08,6.02,6.10,5.87,5.97,17380623,106809520.000
2011-12-09,5.95,6.02,5.92,5.95,10965136,67349696.000
2011-12-12,5.95,5.97,5.78,5.83,15304939,92749904.000
2011-12-13,5.81,5.81,5.38,5.50,42076339,241458048.000
2011-12-14,5.47,5.51,5.31,5.36,21855503,121888624.000
2011-12-15,5.32,5.32,4.94,5.00,36665171,193621488.000
2011-12-16,4.97,5.11,4.88,5.09,33917200,177026448.000
2011-12-19,5.02,5.19,4.84,5.15,37543138,195149424.000
2011-12-20,5.09,5.23,5.05,5.11,28089013,149582128.000
2011-12-21,5.17,5.19,5.00,5.02,15878112,83785976.000
2011-12-22,5.00,5.06,4.90,5.01,23374733,120229616.000
2011-12-23,5.01,5.16,4.97,5.05,16066148,84202368.000
2011-12-26,5.00,5.08,4.90,4.91,20772454,107335776.000
2011-12-27,4.90,4.98,4.84,4.90,15076486,76688528.000
2011-12-28,4.90,4.93,4.74,4.85,21185582,106087064.000
2011-12-29,4.86,4.92,4.80,4.89,17832433,90022088.000
2011-12-30,4.91,4.95,4.86,4.93,25283653,128628952.000
2012-01-04,4.98,4.99,4.86,4.88,22200312,113238336.000
2012-01-05,4.84,4.85,4.37,4.67,27683200,135075584.000
2012-01-06,4.63,4.66,4.42,4.58,21574878,101398592.000
2012-01-09,4.59,4.76,4.52,4.76,25244907,122051016.000
2012-01-10,4.75,5.04,4.73,5.02,46452073,238478672.000
2012-01-11,5.03,5.17,5.02,5.07,32313903,170380800.000
2012-01-12,5.04,5.18,5.03,5.07,24040093,127181680.000
2012-01-13,5.08,5.19,4.89,5.02,26147919,136042144.000
2012-01-16,4.97,5.03,4.88,4.92,13903004,71585976.000
2012-01-17,4.90,5.43,4.84,5.38,43960811,237789440.000
2012-01-18,5.38,5.44,5.21,5.28,32682641,179690192.000
2012-01-19,5.28,5.37,5.18,5.32,28051294,153527872.000
2012-01-30,5.34,5.40,5.18,5.26,21646885,118300072.000
2012-01-31,5.28,5.37,5.27,5.36,23833627,131070296.000
2012-02-01,5.34,5.39,5.24,5.25,14246242,78233352.000
2012-02-02,5.24,5.42,5.23,5.41,22950833,126327944.000
2012-02-03,5.37,5.48,5.31,5.42,26374101,147193280.000
2012-02-06,5.42,5.46,5.31,5.36,24092621,133611656.000
2012-02-07,5.33,5.35,5.14,5.18,20970682,112992912.000
2012-02-08,5.17,5.42,5.14,5.37,27550756,151076256.000
2012-02-09,5.35,5.41,5.30,5.37,24604179,136443744.000
2012-02-10,5.34,5.60,5.28,5.41,37779075,212487888.000
2012-02-13,5.35,5.48,5.33,5.43,28397652,159096704.000
2012-02-14,5.42,5.45,5.32,5.44,27686922,154083328.000
2012-02-15,5.42,5.96,5.38,5.89,81729100,478530304.000
2012-02-16,5.81,5.99,5.68,5.75,82766185,494204000.000
2012-02-17,5.81,5.81,5.70,5.76,37945677,225283040.000
2012-02-20,5.82,5.86,5.73,5.74,26371447,156866992.000
2012-02-21,5.72,5.76,5.60,5.73,22568107,132660264.000
2012-02-22,5.71,5.80,5.68,5.76,27009981,159858256.000
2012-02-23,5.79,5.93,5.76,5.85,47727589,287955744.000
2012-02-24,5.87,5.97,5.77,5.95,69251193,419064864.000
2012-02-27,5.95,6.06,5.92,5.95,83488945,514935872.000
2012-02-28,5.94,6.00,5.92,5.97,41674396,256023632.000
2012-02-29,5.96,5.97,5.82,5.87,33448370,202853536.000
2012-03-01,5.85,6.03,5.82,5.97,65461423,399794176.000
2012-03-02,5.95,6.08,5.94,6.05,58897128,365065600.000
2012-03-05,6.10,6.30,6.05,6.06,62736570,398409568.000
2012-03-06,6.06,6.11,5.92,6.02,40859504,252852736.000
2012-03-07,5.97,6.32,5.94,6.20,84230631,537389824.000
2012-03-08,6.20,6.36,6.16,6.24,54638522,352048128.000
2012-03-09,6.25,6.33,6.22,6.28,37280461,240804432.000
2012-03-12,6.30,6.42,6.19,6.39,63085985,408511904.000
2012-03-13,6.40,6.68,6.38,6.57,71664909,484688256.000
2012-03-14,6.62,6.66,6.12,6.31,91495127,602009856.000
2012-03-15,6.28,6.36,6.04,6.15,52619586,334856992.000
2012-03-16,6.16,6.27,6.09,6.21,37508036,239082592.000
2012-03-19,6.21,6.22,6.04,6.16,34284269,216534272.000
2012-03-20,6.12,6.15,5.99,6.04,27407001,171158208.000
2012-03-21,6.09,6.14,6.00,6.06,26198521,163720448.000
2012-03-22,6.12,6.19,6.05,6.07,43610104,274631552.000
2012-03-23,6.03,6.04,5.82,5.88,32986770,201344160.000
2012-03-26,5.89,5.93,5.71,5.81,26649902,159115824.000
2012-03-27,5.83,5.88,5.77,5.82,17532867,105399448.000
2012-03-28,5.76,5.88,5.60,5.65,27359934,161117456.000
2012-03-29,5.61,5.63,5.27,5.37,36890723,206594272.000
2012-03-30,5.38,5.46,5.33,5.43,20523869,114374160.000
2012-04-05,5.40,5.70,5.38,5.65,31093829,177932992.000
2012-04-06,5.62,5.66,5.54,5.59,19768394,114417456.000
2012-04-09,5.58,5.58,5.40,5.43,18997095,107394272.000
2012-04-10,5.42,5.52,5.31,5.51,21402488,119352272.000
2012-04-11,5.45,5.54,5.39,5.49,26055219,147105600.000
2012-04-12,5.50,5.76,5.48,5.69,41619101,242083616.000
2012-04-13,5.67,5.82,5.66,5.71,25720969,152235520.000
2012-04-16,5.68,5.73,5.63,5.67,18714398,109424232.000
2012-04-17,5.67,5.77,5.61,5.67,23170780,135903040.000
2012-04-18,5.70,5.90,5.70,5.86,36811521,220994032.000
2012-04-19,5.85,5.96,5.79,5.96,32360888,196250416.000
2012-04-20,5.95,6.05,5.91,5.99,35900816,221302048.000
2012-04-23,6.02,6.34,5.99,6.17,109721949,698170176.000
2012-04-24,6.11,6.17,5.80,5.97,68640346,423195360.000
2012-04-25,5.97,5.97,5.82,5.93,37821721,229907984.000
2012-04-26,5.89,6.04,5.87,6.01,36994395,227046240.000
2012-04-27,5.99,6.01,5.89,5.90,22370555,137072144.000
2012-05-03,5.94,6.09,5.90,5.96,43535850,268229456.000
2012-05-04,5.94,6.02,5.91,6.00,27358498,168316880.000
2012-05-07,5.96,6.11,5.93,6.11,74468907,462427296.000
2012-05-08,6.09,6.15,6.05,6.10,70871191,444729440.000
2012-05-09,6.12,6.40,6.11,6.23,125498544,808690944.000
2012-05-10,6.29,6.33,6.09,6.14,56479598,353152000.000
2012-05-11,6.11,6.14,5.99,6.05,33041088,203113344.000
2012-05-14,6.07,6.10,5.96,6.01,32667364,200822608.000
2012-05-15,5.97,5.97,5.81,5.89,33303127,198628368.000
2012-05-16,5.87,5.95,5.75,5.80,27112138,161399712.000
2012-05-17,5.81,5.88,5.75,5.82,41922527,248908944.000
2012-05-18,5.79,5.80,5.57,5.61,36635263,212083040.000
2012-05-21,5.59,5.65,5.56,5.60,18714512,106894080.000
2012-05-22,5.62,5.78,5.62,5.76,63642100,370928640.000
2012-05-23,5.75,5.76,5.66,5.69,23290174,135673520.000
2012-05-24,5.68,5.78,5.65,5.68,34802712,203014960.000
2012-05-25,5.68,5.69,5.55,5.59,19341790,110631216.000
2012-05-28,5.58,5.68,5.44,5.67,31453896,177808768.000
2012-05-29,5.66,5.87,5.61,5.81,49230473,290777696.000
2012-05-30,5.76,5.85,5.73,5.77,22644609,133270616.000
2012-05-31,5.79,5.91,5.76,5.79,44978894,267894560.000
2012-06-01,5.82,5.90,5.70,5.76,35596691,210082208.000
2012-06-04,5.64,5.68,5.41,5.51,38751100,218736656.000
2012-06-05,5.50,5.54,5.47,5.48,14150451,79408560.000
2012-06-06,5.50,5.56,5.40,5.42,27415474,153002624.000
2012-06-07,5.49,5.50,5.34,5.39,25836066,142637888.000
2012-06-08,5.44,5.45,5.28,5.33,22906803,124870048.000
2012-06-11,5.32,5.40,5.28,5.37,27870385,152128016.000
2012-06-12,5.33,5.38,5.24,5.31,22128095,119677104.000
2012-06-13,5.31,5.47,5.27,5.44,38006929,207790480.000
2012-06-14,5.40,5.55,5.35,5.49,29007900,160593664.000
2012-06-15,5.47,5.54,5.42,5.43,57439841,319891968.000
2012-06-18,5.45,5.49,5.33,5.37,27874583,154299008.000
2012-06-19,5.37,5.37,5.28,5.29,18376764,99629096.000
2012-06-20,5.29,5.32,5.26,5.27,12710508,68517736.000
2012-06-21,5.27,5.27,5.13,5.18,16518474,87478664.000
2012-06-25,5.16,5.23,5.06,5.14,19264922,101502864.000
2012-06-26,5.11,5.12,5.04,5.11,13048908,67794288.000
2012-06-27,5.10,5.20,5.10,5.14,28137616,147982208.000
2012-06-28,5.14,5.23,5.02,5.09,18958889,98832904.000
2012-06-29,5.06,5.14,5.02,5.08,14865800,77260752.000
2012-07-02,5.09,5.11,4.96,4.99,29489995,150963920.000
2012-07-03,4.99,5.04,4.96,4.97,28022477,143226368.000
2012-07-04,4.98,5.01,4.82,4.92,36280949,180804752.000
2012-07-05,4.85,4.88,4.76,4.78,18955936,92881184.000
2012-07-06,4.83,4.83,4.64,4.76,28840410,139194096.000
2012-07-09,4.74,4.74,4.56,4.62,27521612,130866496.000
2012-07-10,4.59,4.66,4.53,4.59,25988946,122534728.000
2012-07-11,4.57,4.61,4.53,4.58,22512948,105378160.000
2012-07-12,4.57,4.64,4.47,4.61,32653219,151999840.000
2012-07-13,4.60,4.61,4.51,4.55,21339098,99663640.000
2012-07-16,4.56,4.56,4.43,4.47,24189927,111093856.000
2012-07-17,4.44,4.49,4.43,4.48,16050115,73241480.000
2012-07-18,4.46,4.52,4.40,4.51,24916741,113436632.000
2012-07-19,4.51,4.74,4.48,4.63,34163600,161523840.000
2012-07-20,4.61,4.74,4.60,4.65,26236653,125327584.000
2012-07-23,4.61,4.62,4.54,4.55,13293114,62202732.000
2012-07-24,4.54,4.87,4.52,4.79,57701131,279810720.000
2012-07-25,4.77,4.81,4.73,4.75,20614089,100404728.000
2012-07-26,4.72,4.87,4.72,4.74,29363597,143573488.000
2012-07-27,4.77,4.81,4.72,4.75,30162492,146976608.000
2012-07-30,4.78,4.82,4.54,4.57,25690096,122509184.000
2012-07-31,4.57,4.59,4.45,4.52,27094115,124976544.000
2012-08-01,4.49,4.59,4.48,4.57,11453886,53512580.000
2012-08-02,4.57,4.57,4.47,4.52,10579423,48883608.000
2012-08-03,4.53,4.65,4.48,4.63,17349903,81637984.000
2012-08-06,4.63,4.74,4.59,4.69,23599189,113375336.000
2012-08-07,4.68,4.73,4.67,4.70,14477712,69667728.000
2012-08-08,4.70,4.76,4.67,4.71,15203751,73286152.000
2012-08-09,4.74,4.77,4.67,4.74,21607026,104458984.000
2012-08-10,4.72,4.75,4.67,4.69,14615227,70494704.000
2012-08-13,4.70,4.85,4.63,4.79,48219956,233433120.000
2012-08-14,4.77,4.80,4.72,4.75,43798943,213785872.000
2012-08-15,4.71,4.75,4.61,4.65,19999770,95374448.000
2012-08-16,4.63,4.73,4.61,4.65,13526539,64776696.000
2012-08-17,4.66,4.71,4.63,4.69,14714229,70376528.000
2012-08-20,4.70,4.80,4.64,4.75,27351867,132081288.000
2012-08-21,4.76,4.82,4.72,4.78,43905800,214616592.000
2012-08-22,4.77,4.83,4.73,4.80,24229625,118426104.000
2012-08-23,4.79,4.84,4.74,4.75,16250956,79512888.000
2012-08-24,4.75,4.83,4.68,4.77,21989406,106730688.000
2012-08-27,4.74,5.13,4.71,4.77,31699725,156014176.000
2012-08-28,4.79,4.86,4.75,4.83,27865432,137159232.000
2012-08-29,4.88,4.93,4.57,4.66,75077624,361971744.000
2012-08-30,4.61,4.72,4.55,4.71,33926537,160360176.000
2012-08-31,4.70,4.84,4.64,4.70,39014266,187741264.000
2012-09-03,4.73,4.73,4.59,4.68,42084581,200398144.000
2012-09-04,4.67,4.71,4.60,4.65,51337827,245165584.000
2012-09-05,4.65,4.65,4.55,4.56,19836791,92998760.000
2012-09-06,4.55,4.59,4.52,4.56,24304446,113331736.000
2012-09-07,4.61,4.80,4.57,4.72,124861193,595078656.000
2012-09-10,4.69,4.76,4.67,4.74,68235516,329697920.000
2012-09-11,4.89,5.04,4.79,4.84,126698882,634636096.000
2012-09-12,4.85,4.93,4.77,4.92,83639083,416027488.000
2012-09-13,4.89,5.23,4.85,5.09,142609289,735621120.000
2012-09-14,5.05,5.14,4.96,5.04,98741338,509647136.000
2012-09-17,5.13,5.24,5.00,5.02,95753069,502170176.000
2012-09-18,5.03,5.06,4.84,4.85,54554256,272709120.000
2012-09-19,4.85,4.89,4.78,4.86,35192495,173934576.000
2012-09-20,4.86,5.03,4.84,4.89,72779319,368941664.000
2012-09-21,4.86,4.86,4.60,4.66,60668152,291057216.000
2012-09-24,4.69,4.75,4.65,4.68,37469628,180284944.000
2012-09-25,4.67,4.70,4.58,4.62,29885326,141730416.000
2012-09-26,4.64,4.68,4.46,4.55,35530181,166062480.000
2012-09-27,4.55,4.67,4.46,4.60,44658623,208590672.000
2012-09-28,4.54,4.67,4.53,4.64,44901892,211746336.000
2012-10-08,4.67,4.72,4.56,4.60,30067815,142494848.000
2012-10-09,4.61,4.74,4.59,4.72,41549721,199462768.000
2012-10-10,4.69,4.73,4.66,4.72,32132530,154413840.000
2012-10-11,4.71,4.71,4.60,4.62,32616923,155130976.000
2012-10-12,4.64,4.67,4.54,4.58,22902541,107743232.000
2012-10-15,4.57,4.58,4.49,4.52,19633748,90859032.000
2012-10-16,4.52,4.60,4.50,4.54,16301165,75936480.000
2012-10-17,4.57,4.61,4.52,4.58,22582806,105715104.000
2012-10-18,4.59,4.65,4.55,4.62,33017948,155956288.000
2012-10-19,4.64,4.66,4.62,4.63,24213321,114839496.000
2012-10-22,4.61,4.65,4.58,4.62,19657239,92730696.000
2012-10-23,4.61,4.63,4.52,4.54,26967180,126106280.000
2012-10-24,4.52,4.57,4.49,4.52,17417071,80869592.000
2012-10-25,4.52,4.57,4.50,4.51,14845880,68874496.000
2012-10-26,4.52,4.54,4.41,4.42,20845818,95236136.000
2012-10-29,4.42,4.44,4.39,4.41,12381484,55933224.000
2012-10-30,4.42,4.43,4.33,4.38,21946656,98392104.000
2012-10-31,4.38,4.41,4.36,4.38,10510444,47256584.000
2012-11-01,4.39,4.48,4.39,4.45,18686217,85051848.000
2012-11-02,4.45,4.48,4.40,4.44,23861413,108402704.000
2012-11-05,4.44,4.46,4.39,4.41,14816652,67131912.000
2012-11-06,4.41,4.43,4.33,4.39,20517549,91732776.000
2012-11-07,4.39,4.39,4.34,4.35,17643427,78812448.000
2012-11-08,4.34,4.34,4.23,4.24,21950226,96571040.000
2012-11-09,4.22,4.29,4.21,4.25,14271804,62302628.000
2012-11-12,4.25,4.28,4.23,4.27,15006746,65526832.000
2012-11-13,4.27,4.28,4.16,4.18,18353064,78933000.000
2012-11-14,4.18,4.20,3.99,4.15,23411491,99093520.000
2012-11-15,4.13,4.20,4.06,4.13,17869716,75494336.000
2012-11-16,4.12,4.17,4.01,4.16,18868004,79235832.000
2012-11-19,4.15,4.16,4.06,4.14,12057745,50775932.000
2012-11-20,4.14,4.17,4.05,4.10,9374399,39405800.000
2012-11-21,4.09,4.11,3.80,4.10,35132270,145081968.000
2012-11-22,4.06,4.09,4.00,4.04,15805748,65583880.000
2012-11-23,4.04,4.10,4.00,4.06,21676428,90302696.000
2012-11-26,4.08,4.10,3.91,4.02,23420910,97378112.000
2012-11-27,3.97,4.00,3.90,3.95,18869213,76358360.000
2012-11-28,3.93,3.93,3.84,3.87,13687173,54541980.000
2012-11-29,3.85,3.93,3.85,3.90,15783416,63169096.000
2012-11-30,3.89,3.93,3.87,3.92,15505648,62182624.000
2012-12-03,3.91,3.93,3.82,3.82,12412555,49551076.000
2012-12-04,3.82,4.07,3.81,3.89,31676623,127281088.000
2012-12-05,3.86,4.07,3.84,4.03,50327169,206325504.000
2012-12-06,4.01,4.01,3.92,3.96,64612784,262968160.000
2012-12-07,3.97,4.10,3.95,4.08,83757101,346963360.000
2012-12-10,4.13,4.17,4.06,4.14,58747091,249127056.000
2012-12-11,4.12,4.19,4.09,4.14,42759403,181718976.000
2012-12-12,4.11,4.12,3.99,4.04,61429388,254371968.000
2012-12-13,4.01,4.04,3.99,4.03,21203523,87670704.000
2012-12-14,4.04,4.26,4.01,4.23,81544887,349047264.000
2012-12-17,4.27,4.31,4.21,4.24,40789617,178221728.000
2012-12-18,4.24,4.41,4.20,4.32,67469704,297837984.000
2012-12-19,4.34,4.43,4.30,4.38,41566423,186270800.000
2012-12-20,4.34,4.42,4.27,4.32,51817925,230346640.000
2012-12-21,4.31,4.38,4.25,4.27,33379541,147403952.000
2012-12-24,4.27,4.32,4.23,4.26,21153503,92541736.000
2012-12-25,4.27,4.51,4.24,4.45,68512274,308493824.000
2012-12-26,4.45,4.49,4.41,4.46,42960215,195978496.000
2012-12-27,4.49,4.55,4.44,4.44,46019362,212143072.000
2012-12-28,4.48,4.51,4.44,4.50,39997044,183700048.000
2012-12-31,4.51,4.74,4.49,4.66,69660187,331288480.000
2013-01-04,4.67,4.72,4.58,4.63,36198460,171933360.000
2013-01-07,4.62,4.70,4.60,4.61,29372388,139805856.000
2013-01-08,4.62,4.72,4.56,4.60,39283289,186374384.000
2013-01-09,4.60,4.65,4.51,4.58,62657732,293638368.000
2013-01-10,4.59,4.64,4.54,4.59,48792240,229194256.000
2013-01-11,4.61,4.73,4.57,4.61,111412829,531133728.000
2013-01-14,4.63,4.89,4.56,4.88,130517368,638855680.000
2013-01-15,4.89,5.03,4.81,4.84,124049289,622425728.000
2013-01-16,4.83,5.14,4.79,5.13,121907216,616567552.000
2013-01-17,5.07,5.09,4.86,4.89,92395829,467673088.000
2013-01-18,4.91,4.98,4.85,4.92,50270486,252324576.000
2013-01-21,4.94,4.95,4.84,4.88,57705447,287614688.000
2013-01-22,4.87,4.87,4.67,4.70,83123013,403869440.000
2013-01-23,4.75,4.88,4.74,4.83,66425582,327201312.000
2013-01-24,4.86,4.96,4.76,4.83,86791306,431839328.000
2013-01-25,4.85,4.87,4.73,4.78,36513513,178753856.000
2013-01-28,4.78,4.90,4.78,4.86,56985148,282422592.000
2013-01-29,4.86,5.00,4.80,4.91,74438362,373320896.000
2013-01-30,4.90,4.94,4.83,4.87,48297344,240304944.000
2013-01-31,4.87,4.90,4.81,4.83,29681223,146940192.000
2013-02-01,4.82,4.88,4.76,4.83,40595855,200319296.000
2013-02-04,4.84,4.87,4.80,4.80,50891559,251186896.000
2013-02-05,4.79,5.07,4.74,4.94,87399101,436416896.000
2013-02-06,4.95,4.97,4.89,4.96,43006284,216957920.000
2013-02-07,4.93,5.16,4.92,5.13,92655629,479218016.000
2013-02-08,5.15,5.31,5.11,5.18,76769176,408862272.000
2013-02-18,5.27,5.44,5.19,5.28,71916484,389029632.000
2013-02-19,5.29,5.29,5.11,5.12,42742663,226119776.000
2013-02-20,5.13,5.17,5.05,5.16,38710060,202113632.000
2013-02-21,5.10,5.17,4.95,4.99,50703120,261618912.000
2013-02-22,5.02,5.27,5.00,5.06,83746870,440947584.000
2013-02-25,5.10,5.25,5.08,5.18,51600729,271565088.000
2013-02-26,5.18,5.25,5.09,5.13,57647311,303791136.000
2013-02-27,5.16,5.23,5.13,5.19,50019567,265115184.000
2013-02-28,5.19,5.34,5.18,5.31,59221422,319003040.000
2013-03-01,5.32,5.42,5.27,5.37,66745397,364994272.000
2013-03-04,5.39,5.49,5.22,5.32,96747732,528608864.000
2013-03-05,5.35,5.37,5.14,5.32,55951464,299811264.000
2013-03-06,5.34,5.52,5.34,5.48,100870038,560586624.000
2013-03-07,5.47,5.49,5.29,5.37,60461913,333631360.000
2013-03-08,5.36,5.46,5.35,5.36,41010984,226338336.000
2013-03-11,5.36,5.41,5.24,5.27,44177850,239546816.000
2013-03-12,5.28,5.29,5.01,5.07,63498794,333942208.000
2013-03-13,5.07,5.07,4.87,4.97,48991802,248012352.000
2013-03-14,4.89,5.03,4.89,4.96,35243873,179365088.000
2013-03-15,4.97,5.09,4.91,5.02,68919673,352370912.000
2013-03-18,4.99,5.03,4.85,4.86,40351606,202546000.000
2013-03-19,4.86,4.90,4.70,4.78,41939553,205864192.000
2013-03-20,4.79,4.93,4.74,4.92,47201766,234732176.000
2013-03-21,4.93,5.08,4.93,5.01,45321717,232379584.000
2013-03-22,5.02,5.12,4.97,5.09,39976708,205486208.000
2013-03-25,5.11,5.15,5.03,5.10,36276012,188404864.000
2013-03-26,5.05,5.11,4.94,5.06,40525765,208473328.000
2013-03-27,5.06,5.11,4.98,5.01,24950056,128918488.000
2013-03-28,4.97,4.97,4.79,4.83,44557831,221734832.000
2013-03-29,4.83,4.88,4.78,4.80,19429721,95964736.000
2013-04-01,4.78,4.92,4.78,4.88,34378712,171395872.000
2013-04-02,4.88,4.92,4.78,4.86,25624272,127321840.000
2013-04-03,4.89,4.96,4.85,4.87,19347894,96838152.000
2013-04-08,4.84,4.84,4.57,4.69,48034521,230409248.000
2013-04-09,4.70,4.73,4.65,4.69,34703473,166382768.000
2013-04-10,4.70,4.72,4.58,4.65,33952538,161156976.000
2013-04-11,4.68,4.70,4.58,4.60,22383746,106133096.000
2013-04-12,4.60,4.64,4.52,4.53,22812437,107068512.000
2013-04-15,4.49,4.52,4.27,4.29,51674454,230942288.000
2013-04-16,4.28,4.37,4.25,4.35,25650020,113422256.000
2013-04-17,4.38,4.38,4.29,4.32,15779137,69988344.000
2013-04-18,4.30,4.40,4.28,4.35,21717033,96993632.000
2013-04-19,4.35,4.48,4.35,4.45,30969247,140829344.000
2013-04-22,4.45,4.50,4.41,4.48,21589354,98509784.000
2013-04-23,4.48,4.48,4.24,4.27,38353440,169366880.000
2013-04-24,4.28,4.38,4.26,4.31,31194648,137813424.000
2013-04-25,4.31,4.37,4.27,4.29,26660859,117752464.000
2013-04-26,4.28,4.30,4.03,4.08,57783237,244530800.000
2013-05-02,4.08,4.09,3.87,3.97,78218839,316048480.000
2013-05-03,3.98,4.06,3.97,4.02,37806394,156392816.000
2013-05-06,4.04,4.09,4.02,4.07,30893307,128723808.000
2013-05-07,4.08,4.19,4.06,4.18,38624647,164487568.000
2013-05-08,4.19,4.34,4.18,4.23,53552499,234384800.000
2013-05-09,4.27,4.27,4.15,4.19,33089451,142073776.000
2013-05-10,4.18,4.25,4.13,4.24,26295918,113675128.000
2013-05-13,4.24,4.36,4.24,4.32,38281595,169338576.000
2013-05-14,4.32,4.35,4.16,4.19,31550067,136663840.000
2013-05-15,4.19,4.31,4.19,4.28,31549884,138415904.000
2013-05-16,4.29,4.43,4.23,4.41,59982923,268729888.000
2013-09-11,4.86,4.86,4.86,4.86,4360511,21410108.000
2013-09-12,5.35,5.35,5.35,5.35,2705165,14607891.000
2013-09-13,5.89,5.89,5.89,5.89,10125211,60143752.000
2013-09-16,6.48,6.48,6.20,6.48,1003247623,6506019328.000
2013-09-17,6.30,6.91,6.26,6.47,647249198,4292759552.000
2013-09-18,6.40,6.56,6.29,6.44,314446380,2037383424.000
2013-09-23,6.49,6.50,6.10,6.30,372672508,2354778112.000
2013-09-24,6.31,6.63,6.21,6.54,429899775,2782355200.000
2013-09-25,6.48,6.56,6.32,6.37,296328411,1924726400.000
2013-09-26,6.34,6.57,6.20,6.21,294000198,1887530624.000
2013-09-27,6.21,6.22,5.82,5.86,287008492,1734468864.000
2013-09-30,5.90,6.06,5.88,6.05,150940667,909584064.000
2013-10-08,6.11,6.44,6.08,6.36,268719967,1700454016.000
2013-10-09,6.33,6.42,6.24,6.37,173714644,1107399424.000
2013-10-10,6.56,6.61,6.23,6.25,290584849,1878567040.000
2013-10-11,6.30,6.42,6.25,6.33,151633215,966794368.000
2013-10-14,6.34,6.39,6.27,6.33,165622420,1054843264.000
2013-10-15,6.31,6.31,6.09,6.22,161171629,1003015744.000
2013-10-16,6.17,6.19,6.02,6.04,121586949,745953600.000
2013-10-17,6.07,6.09,5.88,5.90,137960020,832866432.000
2013-10-18,5.93,6.17,5.93,6.13,135085984,828717248.000
2013-10-21,6.13,6.23,6.02,6.17,123236781,762853888.000
2013-10-22,6.13,6.14,5.98,6.01,117442254,716158464.000
2013-10-23,6.00,6.05,5.85,5.89,90286248,541090176.000
2013-10-24,5.96,6.06,5.89,5.92,88335720,531804288.000
2013-10-25,5.92,5.97,5.64,5.69,128437404,750438336.000
2013-10-28,5.71,5.75,5.66,5.71,55278003,318176352.000
2013-10-29,5.74,5.82,5.37,5.57,143044509,805017280.000
2013-10-30,5.51,5.73,5.46,5.71,100829363,569205504.000
2013-10-31,5.65,5.71,5.57,5.61,64027543,363307712.000
2013-11-01,5.64,5.68,5.52,5.60,59168211,333810880.000
2013-11-04,5.62,5.65,5.53,5.56,51051346,287885536.000
2013-11-05,5.50,5.59,5.37,5.57,82578102,456860128.000
2013-11-06,5.52,5.59,5.46,5.48,62762320,350332544.000
2013-11-07,5.46,5.59,5.41,5.49,56705655,315499264.000
2013-11-08,5.47,5.52,5.41,5.43,45121177,248376608.000
2013-11-11,5.41,5.46,5.37,5.42,39205717,214298992.000
2013-11-12,5.44,5.54,5.43,5.54,57257654,317776224.000
2013-11-13,5.71,5.80,5.56,5.58,116897030,666877312.000
2013-11-14,5.51,5.91,5.43,5.87,217876524,1261872640.000
2013-11-15,5.82,6.02,5.79,5.92,195531551,1170215296.000
2013-11-18,5.97,6.19,5.94,6.13,227623853,1397639424.000
2013-11-19,6.12,6.12,5.99,6.02,132441622,805937088.000
2013-11-20,6.04,6.20,5.93,6.10,267443237,1636961792.000
2013-11-21,6.03,6.06,5.91,5.98,148443219,894025472.000
2013-11-22,5.98,6.04,5.92,5.98,86693441,522356288.000
2013-11-25,6.04,6.14,5.98,6.00,173336811,1058840960.000
2013-11-26,5.97,6.03,5.87,5.96,109258237,654746112.000
2013-11-27,5.98,6.15,5.97,6.11,201695428,1234356736.000
2013-11-28,6.12,6.14,6.03,6.03,133026891,815934976.000
2013-11-29,6.03,6.27,6.01,6.17,233718712,1454455552.000
2013-12-02,6.04,6.13,5.78,5.90,199360414,1202675968.000
2013-12-03,5.87,6.05,5.84,6.01,103831835,627027712.000
2013-12-04,6.02,6.12,5.96,6.04,110148652,673349632.000
2013-12-05,6.04,6.17,6.01,6.14,129953381,797429632.000
2013-12-06,6.12,6.27,6.10,6.18,151269857,946386432.000
2013-12-09,6.19,6.22,6.11,6.17,85446967,530152768.000
2013-12-10,6.16,6.17,6.01,6.05,92468702,566106752.000
2013-12-11,6.01,6.01,5.90,5.94,78032142,468501920.000
2013-12-12,5.92,5.96,5.88,5.92,54116494,323200640.000
2013-12-13,5.87,5.96,5.84,5.89,47396551,281602144.000
2013-12-16,5.87,5.90,5.68,5.70,82997891,482519360.000
2013-12-17,5.71,5.78,5.67,5.74,65476179,378554304.000
2013-12-18,5.72,5.75,5.68,5.72,40972487,235952112.000
2013-12-19,5.74,5.77,5.50,5.54,91999175,519502560.000
2013-12-20,5.54,5.55,5.38,5.39,90076015,495197824.000
2013-12-23,5.44,5.55,5.40,5.50,74617978,412896160.000
2013-12-24,5.51,5.59,5.41,5.45,55926218,310980960.000
2013-12-25,5.44,5.52,5.41,5.49,34495298,190494400.000
2013-12-26,5.49,5.51,5.38,5.41,45745407,250722032.000
2013-12-27,5.48,5.68,5.43,5.63,125290024,705343424.000
2013-12-30,5.61,5.63,5.53,5.53,63425031,356584960.000
2013-12-31,5.50,5.61,5.48,5.56,47610909,267391008.000
2014-01-02,5.55,5.62,5.53,5.58,41803288,235859856.000
2014-01-03,5.55,5.56,5.41,5.48,57247330,316261024.000
2014-01-06,5.46,5.46,5.08,5.16,109479341,574846272.000
2014-01-07,5.12,5.20,5.06,5.11,51478179,266656176.000
2014-01-08,5.12,5.19,5.05,5.10,56724075,292766752.000
2014-01-09,5.13,5.18,5.06,5.09,39267026,203234864.000
2014-01-10,5.05,5.09,4.86,4.91,82158422,410211968.000
2014-01-13,4.97,5.09,4.94,4.97,60736634,306493504.000
2014-01-14,4.97,4.99,4.77,4.94,71595238,352477472.000
2014-01-15,4.92,4.95,4.80,4.85,70850208,349430848.000
2014-01-16,4.81,4.88,4.76,4.85,64589273,314620448.000
2014-01-17,4.82,4.82,4.68,4.69,86072939,411352224.000
2014-01-20,4.80,4.84,4.73,4.78,71406045,345389824.000
2014-01-21,4.82,4.83,4.74,4.81,47811860,231425136.000
2014-01-22,4.80,5.30,4.78,5.17,195719064,1016114944.000
2014-01-23,5.11,5.20,5.03,5.12,112844379,581613952.000
2014-01-24,5.11,5.26,5.09,5.18,99058698,517771584.000
2014-01-27,5.14,5.31,5.12,5.21,102561177,542940928.000
2014-01-28,5.20,5.24,5.12,5.15,64176480,333969088.000
2014-01-29,5.15,5.19,5.13,5.16,37369642,194683024.000
2014-01-30,5.13,5.24,5.09,5.14,54355356,283284192.000
2014-02-07,5.11,5.38,5.07,5.35,109336310,584678656.000
2014-02-10,5.40,5.72,5.37,5.58,166226385,938076160.000
2014-02-11,5.60,5.71,5.54,5.59,138646897,785229952.000
2014-02-12,5.62,5.63,5.49,5.55,86118742,480919840.000
2014-02-13,5.51,5.52,5.34,5.39,155365588,846688960.000
2014-02-14,5.36,5.44,5.34,5.39,92498694,502465600.000
2014-02-17,5.42,5.63,5.42,5.58,169048414,946737728.000
2014-02-18,5.62,5.64,5.48,5.54,103053278,575282496.000
2014-02-19,5.52,5.56,5.43,5.55,86739297,480796096.000
2014-02-20,5.52,5.57,5.35,5.38,88483230,485885120.000
2014-02-21,5.37,5.44,5.26,5.30,82129541,441160672.000
2014-02-24,5.26,5.26,5.09,5.14,79913804,415705952.000
2014-02-25,5.14,5.19,4.93,4.97,97587536,499427744.000
2014-02-26,4.93,5.02,4.90,5.01,58574994,292821696.000
2014-02-27,5.03,5.25,4.98,5.15,105641013,547310464.000
2014-02-28,5.12,5.19,5.02,5.15,64460318,333731296.000
2014-03-03,5.21,5.31,5.19,5.24,88666007,470156640.000
2014-03-04,5.24,5.31,5.17,5.24,76863133,406804576.000
2014-03-05,5.27,5.29,5.13,5.14,64668949,339200256.000
2014-03-06,5.15,5.15,5.00,5.06,71954231,367479552.000
2014-03-07,5.08,5.11,5.03,5.07,59739695,305552448.000
2014-03-10,5.00,5.00,4.80,4.82,103319463,510284608.000
2014-03-11,4.82,4.87,4.75,4.79,58562041,284336640.000
2014-03-12,4.79,4.82,4.67,4.75,62657880,300300992.000
2014-03-13,4.76,4.81,4.72,4.78,59639667,287536256.000
2014-03-14,4.73,4.79,4.68,4.73,54382035,260109168.000
2014-03-17,4.78,4.82,4.74,4.82,61212221,296191744.000
2014-03-18,4.81,4.85,4.76,4.78,64378323,312275616.000
2014-03-19,4.75,4.76,4.63,4.68,91994792,433816224.000
2014-03-20,4.66,4.68,4.53,4.54,83682509,389754624.000
2014-03-21,4.51,4.68,4.44,4.66,116133539,534399872.000
2014-03-24,4.66,4.71,4.60,4.70,86171397,405729664.000
2014-03-25,4.67,4.80,4.66,4.74,84106976,402693184.000
2014-03-26,4.76,4.77,4.68,4.69,51045298,243143952.000
2014-03-27,4.71,4.72,4.58,4.62,59655421,280239648.000
2014-03-28,4.62,4.65,4.53,4.55,56846600,263676048.000
2014-03-31,4.57,4.67,4.51,4.63,58750068,273346368.000
2014-04-01,4.62,4.67,4.57,4.64,53573170,250151616.000
2014-04-02,4.64,4.67,4.61,4.65,38557502,180685616.000
2014-04-03,4.67,4.69,4.60,4.61,38961361,182691648.000
2014-04-04,4.61,4.66,4.57,4.65,44907635,210160272.000
2014-04-08,4.68,4.81,4.65,4.80,116916122,563324608.000
2014-04-09,4.82,4.84,4.77,4.79,58749613,284681952.000
2014-04-10,4.79,4.90,4.74,4.85,86316244,419464640.000
2014-04-11,4.85,4.93,4.82,4.88,89266387,440397120.000
2014-04-14,4.87,4.92,4.82,4.85,50057241,245587344.000
2014-04-15,4.87,4.89,4.74,4.75,67767511,328175328.000
2014-04-16,4.73,4.77,4.68,4.72,68040092,324464544.000
2014-04-17,4.73,4.77,4.67,4.69,52142113,248121600.000
2014-04-18,4.66,4.70,4.64,4.69,45573077,214922128.000
2014-04-21,4.65,4.69,4.59,4.60,47575575,223101904.000
2014-04-22,4.60,4.65,4.54,4.65,45386721,210739488.000
2014-04-23,4.64,4.75,4.58,4.74,79905754,377028704.000
2014-04-24,4.70,4.72,4.63,4.63,57701777,273070752.000
2014-04-25,4.61,4.61,4.50,4.53,59867300,276201984.000
2014-04-28,4.53,4.56,4.45,4.46,51636323,234369664.000
2014-04-29,4.41,4.44,4.33,4.42,79121773,351175776.000
2014-04-30,4.41,4.41,4.36,4.41,36010017,159863408.000
2014-05-05,4.40,4.43,4.35,4.42,30874659,137174496.000
2014-05-06,4.41,4.52,4.40,4.47,49577762,224156320.000
2014-05-07,4.45,4.51,4.42,4.44,39808267,179364624.000
2014-05-08,4.45,4.50,4.43,4.44,35543997,160512496.000
2014-05-09,4.45,4.48,4.42,4.46,34060786,153411104.000
2014-05-12,4.50,4.58,4.46,4.55,71272273,325945216.000
2014-05-13,4.54,4.55,4.51,4.53,48986088,224279936.000
2014-05-14,4.52,4.53,4.47,4.49,41560474,188769872.000
2014-05-15,4.49,4.61,4.46,4.50,91963100,422763488.000
2014-05-16,4.50,4.50,4.42,4.48,46963110,211815456.000
2014-05-19,4.53,4.57,4.43,4.45,55858250,253149168.000
2014-05-20,4.48,4.59,4.45,4.50,72851826,333325792.000
2014-05-21,4.49,4.51,4.41,4.50,45083249,203394800.000
2014-05-22,4.49,4.53,4.43,4.44,58592703,265502368.000
2014-05-23,4.42,4.46,4.42,4.45,34431702,154609792.000
2014-05-26,4.47,4.49,4.44,4.46,36714907,165505568.000
2014-05-27,4.46,4.46,4.42,4.44,37687429,168980080.000
2014-05-28,4.44,4.46,4.40,4.46,54964548,246542368.000
2014-05-29,4.45,4.46,4.39,4.40,52129079,232939936.000
2014-05-30,4.41,4.42,4.36,4.39,57609639,255675040.000
2014-06-03,4.40,4.42,4.37,4.38,38372856,170535440.000
2014-06-04,4.38,4.38,4.33,4.35,44147696,194161328.000
2014-06-05,4.34,4.39,4.32,4.39,33504466,147501184.000
2014-06-06,4.38,4.39,4.32,4.34,34259841,150560208.000
2014-06-09,4.33,4.37,4.31,4.33,34080345,149413168.000
2014-06-10,4.34,4.39,4.32,4.38,46606299,205528640.000
2014-06-11,4.36,4.38,4.33,4.36,36492063,160800160.000
2014-06-12,4.36,4.49,4.33,4.48,125392737,563496704.000
2014-06-13,4.45,4.52,4.43,4.48,77715326,351585888.000
2014-06-16,4.47,4.58,4.46,4.56,102149411,468080672.000
2014-06-17,4.54,4.55,4.47,4.48,56492539,256966320.000
2014-06-18,4.47,4.50,4.43,4.45,39145543,176684416.000
2014-06-19,4.45,4.46,4.32,4.34,56670114,250966304.000
2014-06-20,4.34,4.37,4.33,4.36,32363817,142496512.000
2014-06-23,4.36,4.40,4.35,4.38,29490396,130475384.000
2014-06-24,4.37,4.41,4.35,4.39,32977883,146362096.000
2014-06-25,4.39,4.39,4.35,4.37,23416834,103523584.000
2014-06-26,4.37,4.51,4.37,4.46,61066587,273552672.000
2014-06-27,4.45,4.91,4.42,4.75,278333711,1324446208.000
2014-06-30,4.77,4.92,4.72,4.82,217795114,1053359424.000
2014-07-01,4.85,4.85,4.70,4.75,117008779,555507264.000
2014-07-02,4.77,4.96,4.73,4.90,214998272,1048730112.000
2014-07-03,4.86,4.92,4.83,4.86,100696340,490536864.000
2014-07-04,4.84,4.88,4.75,4.78,68021413,326373056.000
2014-07-07,4.78,4.92,4.77,4.86,93503963,453864448.000
2014-07-08,4.84,4.88,4.78,4.82,65213908,313849824.000
2014-07-09,4.81,5.03,4.78,4.87,202511900,995734592.000
2014-07-10,4.86,4.92,4.81,4.84,93039371,451690976.000
2014-07-11,4.83,4.96,4.81,4.92,130810066,642701120.000
2014-07-14,4.93,5.01,4.90,4.95,94859011,468980000.000
2014-07-15,4.92,4.99,4.90,4.96,88879866,439826208.000
2014-07-16,4.93,4.95,4.75,4.77,135330388,652303040.000
2014-07-17,4.77,4.79,4.63,4.65,88584709,416023104.000
2014-07-18,4.66,4.70,4.63,4.65,57172640,266781552.000
2014-07-21,4.65,4.76,4.64,4.71,68185657,320273408.000
2014-07-22,4.69,4.76,4.67,4.74,72278411,340907776.000
2014-07-23,4.73,4.80,4.70,4.79,74720922,354584160.000
2014-07-24,4.75,4.81,4.73,4.78,70752888,337490720.000
2014-07-25,4.80,4.85,4.79,4.83,58228827,280828544.000
2014-07-28,4.87,4.99,4.86,4.96,149859932,739025728.000
2014-07-29,4.96,5.02,4.94,4.96,129215369,643273472.000
2014-07-30,4.93,5.16,4.93,5.08,199767232,1012614784.000
2014-07-31,5.05,5.12,5.01,5.09,84757428,429103104.000
2014-08-01,5.07,5.16,4.95,4.95,126983135,642160128.000
2014-08-04,4.95,5.07,4.95,5.06,86745168,435762336.000
2014-08-05,5.05,5.08,4.97,5.01,86594253,433893312.000
2014-08-06,4.98,5.07,4.97,5.05,95816456,481887008.000
2014-08-07,5.04,5.12,5.01,5.02,118239896,599570240.000
2014-08-08,5.01,5.03,4.95,4.99,85917916,428485664.000
2014-08-11,5.00,5.07,4.99,5.05,81655112,411173888.000
2014-08-12,5.04,5.06,5.00,5.02,66151169,331827136.000
2014-08-13,5.01,5.02,4.95,4.99,69404093,345666656.000
2014-08-14,4.99,5.16,4.94,5.04,167508236,848961024.000
2014-08-15,5.00,5.09,4.98,5.06,89550306,451154464.000
2014-08-18,5.08,5.13,5.07,5.09,106363739,541883456.000
2014-08-19,5.09,5.10,5.05,5.09,82678220,419509024.000
2014-08-20,5.09,5.12,5.05,5.09,104968857,534584704.000
2014-08-21,5.10,5.10,5.00,5.05,95679785,483395456.000
2014-08-22,5.04,5.10,5.01,5.09,87632482,444055584.000
2014-08-25,5.09,5.10,4.99,5.00,85296859,428847360.000
2014-08-26,4.98,5.02,4.89,4.91,77366802,383349696.000
2014-08-27,4.90,5.03,4.90,4.99,73239757,364855232.000
2014-08-28,5.00,5.03,4.86,4.87,75909312,373410944.000
2014-08-29,4.90,5.07,4.88,5.06,144447018,720722560.000
2014-09-01,5.07,5.19,5.06,5.16,188645229,966891264.000
2014-09-02,5.15,5.29,5.13,5.25,233264365,1216072960.000
2014-09-03,5.25,5.36,5.21,5.35,264899813,1401319296.000
2014-09-04,5.36,5.47,5.33,5.39,264305039,1428152448.000
2014-09-05,5.38,5.89,5.33,5.82,476789604,2665943552.000
2014-09-09,5.73,5.96,5.68,5.79,368565182,2146873600.000
2014-09-10,5.74,5.85,5.66,5.74,198178923,1141960320.000
2014-09-11,5.71,5.83,5.67,5.74,184757131,1062304768.000
2014-09-12,5.75,6.18,5.72,6.03,397444246,2375602432.000
2014-09-15,6.15,6.21,5.99,6.06,338445437,2060532736.000
2014-09-16,6.07,6.09,5.68,5.74,355639647,2094668032.000
2014-09-17,5.75,5.83,5.62,5.75,180601935,1031959360.000
2014-09-18,5.70,5.73,5.64,5.71,107732986,612544192.000
2014-09-19,5.70,6.01,5.67,5.95,262599568,1543995392.000
2014-09-22,5.90,5.95,5.71,5.80,153936805,894945024.000
2014-09-23,5.81,6.00,5.77,5.91,230588831,1367152256.000
2014-09-24,5.86,6.18,5.84,6.09,324475079,1967562240.000
2014-09-25,6.12,6.26,5.99,6.05,335987246,2056329216.000
2014-09-26,6.01,6.10,5.90,6.01,177222385,1059772928.000
2014-09-29,6.41,6.61,6.40,6.61,709324685,4645278208.000
2014-09-30,6.54,6.62,6.48,6.56,363907441,2380284416.000
2014-10-08,6.55,6.75,6.51,6.68,375038258,2498864128.000
2014-10-09,6.65,6.84,6.47,6.73,417308946,2770805760.000
2014-10-10,6.65,6.85,6.54,6.58,327770692,2180341760.000
2014-10-13,6.51,6.65,6.42,6.61,261505456,1708464640.000
2014-10-14,6.87,7.10,6.68,6.76,499382771,3446735616.000
2014-10-15,6.69,6.77,6.55,6.66,256327467,1703138432.000
2014-10-16,6.58,6.70,6.41,6.43,248900587,1638678272.000
2014-10-17,6.42,6.49,6.29,6.40,230845054,1474334720.000
2014-10-20,6.43,6.53,6.37,6.45,168343422,1085384704.000
2014-10-21,6.50,6.66,6.45,6.46,224186975,1467363200.000
2014-10-22,6.49,6.64,6.46,6.53,251137805,1643668480.000
2014-10-23,6.52,6.52,6.35,6.39,179853136,1154887552.000
2014-10-24,6.38,6.42,6.19,6.21,187864901,1180539648.000
2014-10-27,6.15,6.15,5.98,6.07,206551670,1251842944.000
2014-10-28,6.07,6.40,6.07,6.35,285422397,1783630976.000
2014-10-29,6.36,6.43,6.26,6.38,260296305,1651950464.000
2014-10-30,6.36,6.40,6.28,6.32,198610291,1255922688.000
2014-10-31,6.25,6.33,6.15,6.24,230034098,1431080448.000
2014-11-03,6.38,6.44,6.22,6.29,238758199,1509347200.000
2014-11-04,6.22,6.40,6.21,6.36,273397456,1734763392.000
2014-11-05,6.37,6.39,6.25,6.28,170010971,1069712448.000
2014-11-06,6.28,6.29,6.12,6.20,213881098,1320192128.000
2014-11-07,6.18,6.26,6.11,6.13,218917638,1353709568.000
2014-11-10,6.12,6.24,6.05,6.23,237485455,1456468224.000
2014-11-11,6.21,6.22,5.98,6.06,249679288,1518609536.000
2014-11-12,6.04,6.08,5.98,6.07,140092520,845008128.000
2014-11-13,6.08,6.10,5.91,5.95,172538222,1030867136.000
2014-11-14,5.92,6.09,5.82,6.04,215901696,1294411520.000
2014-11-17,6.05,6.07,5.95,6.00,119454437,718956800.000
2014-11-18,5.99,6.04,5.89,5.91,135618164,807379072.000
2014-11-19,5.88,5.91,5.81,5.84,133941683,783042752.000
2014-11-20,5.81,5.82,5.71,5.73,170499174,980760128.000
2014-11-21,5.70,5.81,5.70,5.81,138353255,798180608.000
2014-11-24,5.86,6.10,5.85,6.05,324875506,1951521536.000
2014-11-25,6.04,6.13,6.01,6.06,194625048,1179348608.000
2014-11-26,6.07,6.12,6.01,6.09,209058126,1268398208.000
2014-11-27,6.12,6.57,6.08,6.39,513220098,3251245056.000
2014-11-28,6.33,6.39,6.18,6.32,304629252,1908403584.000
2014-12-01,6.30,6.45,6.15,6.28,368916916,2316027904.000
2014-12-02,6.23,6.39,6.22,6.33,286219139,1807759488.000
2014-12-03,6.33,6.53,6.27,6.47,480198047,3081961472.000
2014-12-04,6.50,6.57,6.40,6.53,464176102,3013339392.000
2014-12-05,6.88,7.18,6.71,7.18,1152389833,8170851840.000
2014-12-08,7.90,7.90,7.73,7.90,381950283,3013952000.000
2014-12-09,8.50,8.69,7.54,7.69,1809721740,15219485696.000
2014-12-10,7.80,8.46,7.44,8.46,1280909887,10307411968.000
2014-12-11,8.41,8.80,8.11,8.39,1069482070,9049713664.000
2014-12-12,8.29,8.38,8.12,8.25,501243509,4122917888.000
2014-12-15,7.90,8.41,7.73,8.34,643468651,5274868736.000
2014-12-16,8.35,9.15,8.34,8.65,822355572,7202220544.000
2014-12-17,8.50,8.86,8.30,8.54,640103627,5478267904.000
2014-12-18,8.58,9.39,8.57,9.29,1201285106,10975222784.000
2014-12-19,9.15,10.10,8.86,9.83,1188021545,11103962112.000
2014-12-22,9.80,10.35,9.15,9.31,885828398,8607774720.000
2014-12-23,9.20,9.20,8.55,8.59,578267873,5116082688.000
2014-12-24,8.56,8.98,8.21,8.74,638956024,5490954752.000
2014-12-25,8.72,9.24,8.65,9.13,576343560,5192169984.000
2014-12-26,9.09,9.46,8.89,9.20,707014130,6486149120.000
2014-12-29,9.10,9.33,9.02,9.16,662307842,6085484032.000
2014-12-30,9.20,9.34,8.86,8.91,535900436,4867376128.000
2014-12-31,8.98,9.41,8.96,9.21,765164283,7097437696.000
2015-01-05,9.21,9.60,8.97,9.42,837202913,7763209216.000
2015-01-06,9.30,9.91,9.15,9.65,868557636,8301881344.000
2015-01-07,9.59,9.76,9.43,9.57,457456599,4384388096.000
2015-01-08,9.46,9.70,9.13,9.15,456533433,4266018816.000
2015-01-09,9.00,9.34,8.85,8.86,509497900,4645548032.000
2015-01-12,8.82,8.85,8.43,8.49,388985783,3348917760.000
2015-01-13,8.49,8.94,8.48,8.67,330923875,2890608128.000
2015-01-14,8.66,8.88,8.60,8.76,274228115,2401398528.000
2015-01-15,8.79,8.88,8.65,8.86,396038839,3476935168.000
2015-01-16,8.93,9.11,8.77,9.09,618773929,5545454080.000
2015-01-19,8.46,8.87,8.18,8.18,611826784,5198795776.000
2015-01-20,8.18,8.35,8.05,8.12,480047553,3939458560.000
2015-01-21,8.15,8.55,8.10,8.53,522881252,4354113024.000
2015-01-22,8.48,9.38,8.30,9.12,901299985,7971237888.000
2015-01-23,9.00,9.23,8.76,8.86,751636144,6737682944.000
2015-01-26,9.01,9.30,8.88,9.21,738995930,6748865024.000
2015-01-27,9.28,9.65,9.11,9.45,959593803,9019602944.000
2015-01-28,9.45,9.57,9.10,9.17,670841839,6262263808.000
2015-01-29,9.00,9.15,8.91,8.95,344532543,3100862208.000
2015-01-30,9.05,9.09,8.60,8.67,436976116,3841726720.000
2015-02-02,8.90,8.97,8.53,8.64,406399233,3535788544.000
2015-02-03,8.72,8.75,8.46,8.65,373774656,3205787904.000
2015-02-04,8.69,8.93,8.63,8.68,431586958,3783452416.000
2015-02-05,8.77,8.79,8.41,8.43,455306664,3900227584.000
2015-02-06,8.30,8.39,8.09,8.14,320519804,2629810944.000
2015-02-09,8.15,8.32,8.11,8.19,211354461,1736997376.000
2015-02-10,8.20,8.33,8.17,8.32,187010614,1544446592.000
2015-02-11,8.37,8.45,8.30,8.35,181474225,1513279616.000
2015-02-12,8.34,8.37,8.18,8.28,176053859,1453181952.000
2015-02-13,8.35,8.74,8.30,8.61,516274215,4421420032.000
2015-02-16,8.65,8.90,8.51,8.79,394050827,3438610176.000
2015-02-17,8.80,8.91,8.70,8.73,292251730,2565250816.000
2015-02-25,8.78,8.87,8.62,8.65,292644955,2558135296.000
2015-02-26,8.66,8.98,8.52,8.96,565689487,4983830016.000
2015-02-27,8.98,9.38,8.91,8.96,679534280,6201099264.000
2015-03-02,8.99,9.00,8.82,8.94,407812566,3629831168.000
2015-03-03,8.91,8.96,8.73,8.77,443292289,3916713472.000
2015-03-04,8.85,8.90,8.64,8.73,372798826,3265743104.000
2015-03-05,8.75,8.76,8.49,8.60,340501045,2934739712.000
2015-03-06,8.58,8.78,8.55,8.61,262135586,2270958336.000
2015-03-09,8.55,8.85,8.28,8.79,626747692,5354263040.000
2015-03-10,8.71,8.78,8.62,8.66,311560737,2707443712.000
2015-03-11,8.66,8.72,8.57,8.60,266520499,2303769088.000
2015-03-12,8.65,8.69,8.51,8.63,249391119,2146188544.000
2015-03-13,8.68,8.70,8.61,8.65,260579527,2253233408.000
2015-03-16,8.69,8.88,8.62,8.87,505339425,4439282688.000
2015-03-17,8.88,9.14,8.85,9.05,772580275,6968263680.000
2015-03-18,9.08,9.27,8.97,9.17,696801273,6329944064.000
2015-03-19,9.20,9.46,9.07,9.30,837085549,7789431296.000
2015-03-20,9.30,9.45,9.12,9.40,785400646,7285361152.000
2015-03-23,9.40,9.48,9.33,9.39,626967048,5884349440.000
2015-03-24,9.39,9.54,9.09,9.32,806468145,7524259328.000
2015-03-25,9.38,9.58,9.15,9.49,861768775,8060947968.000
2015-03-26,9.89,10.44,9.89,10.44,1439577782,14869706752.000
2015-03-27,10.74,10.89,10.22,10.24,1514212378,15875963904.000
2015-03-30,10.00,10.53,9.81,10.36,1296151721,13215216640.000
2015-03-31,10.38,10.38,9.97,10.04,859481263,8743834624.000
2015-04-01,9.95,10.23,9.93,10.11,589885771,5950854656.000
2015-04-02,10.12,10.15,9.91,10.01,562667603,5641848320.000
2015-04-03,10.02,10.29,9.92,10.21,803995408,8128610816.000
2015-04-07,10.25,10.50,10.14,10.36,754083949,7770971648.000
2015-04-08,10.40,10.42,10.08,10.25,656163879,6711376896.000
2015-04-09,10.25,10.27,9.90,9.99,588640964,5896941056.000
2015-04-10,9.99,10.27,9.94,10.19,574047374,5842533376.000
数据来源:通达信
