600015 华夏银行 日线 前复权
      日期	    开盘	    最高	    最低	    收盘	    成交量	    成交额
2011-03-02,7.72,8.01,7.68,7.88,59486978,696201088.000
2011-03-03,7.91,8.42,7.85,8.17,110615107,1341305728.000
2011-03-04,8.17,8.52,8.13,8.47,80658380,990022720.000
2011-03-07,8.53,8.63,8.36,8.47,62553026,783377408.000
2011-03-08,8.40,8.63,8.40,8.51,42988609,539791104.000
2011-03-09,8.54,8.68,8.31,8.37,41819874,523260224.000
2011-03-10,8.36,8.36,8.10,8.14,37612848,456443712.000
2011-03-11,8.13,8.21,8.03,8.03,28488752,343130624.000
2011-03-14,8.09,8.16,8.06,8.12,17689275,212484800.000
2011-03-15,8.07,8.07,7.69,7.84,41439977,482656608.000
2011-03-16,7.86,8.00,7.70,7.92,30857911,360664512.000
2011-03-17,7.80,7.91,7.74,7.80,21492683,250481744.000
2011-03-18,7.90,8.00,7.81,7.84,21944257,258517728.000
2011-03-21,7.90,7.95,7.78,7.87,22583750,264290832.000
2011-03-22,7.91,8.24,7.80,8.20,47302647,567454656.000
2011-03-23,8.15,8.36,8.11,8.27,42768707,522245216.000
2011-03-24,8.24,8.30,8.11,8.20,24558886,297870592.000
2011-03-25,8.21,8.54,8.19,8.47,45159550,561330496.000
2011-03-28,8.51,8.79,8.40,8.50,82234052,1045735488.000
2011-03-29,8.50,8.85,8.49,8.64,60500113,773952768.000
2011-03-30,8.62,8.78,8.47,8.54,41851675,531126400.000
2011-03-31,8.51,8.63,8.33,8.51,30936798,387589984.000
2011-04-01,8.50,8.93,8.50,8.81,50906151,656288768.000
2011-04-06,8.86,9.27,8.86,9.24,77482086,1039164032.000
2011-04-07,9.24,9.40,9.16,9.27,52070045,705310592.000
2011-04-08,9.27,9.36,9.13,9.35,32375250,437042976.000
2011-04-11,9.30,9.52,9.13,9.22,48001979,653287872.000
2011-04-12,9.16,9.23,8.95,9.09,31595608,420029792.000
2011-04-13,9.05,9.46,8.89,9.44,41949397,561215808.000
2011-04-14,9.43,9.57,9.33,9.37,29102772,400106496.000
2011-04-18,9.37,9.46,9.12,9.27,28134124,381148800.000
2011-04-19,9.17,9.20,8.98,9.03,30453538,404127808.000
2011-04-20,9.09,9.13,8.82,8.97,21402059,280939904.000
2011-04-21,9.08,9.13,8.93,9.01,14408387,187437392.000
2011-04-22,8.97,9.09,8.93,9.00,16800954,218195568.000
2011-04-25,8.93,9.15,8.80,9.07,24512543,317922688.000
2011-04-26,9.08,9.30,9.04,9.27,36609667,485496608.000
2011-04-27,9.33,9.33,9.07,9.18,30691214,407678112.000
2011-04-28,9.20,9.58,9.03,9.18,49709419,666969920.000
2011-04-29,9.01,9.06,8.57,8.64,42418494,535203488.000
2011-05-03,8.63,8.63,8.44,8.61,23120508,286205408.000
2011-05-04,8.53,8.70,8.26,8.40,27446054,337398496.000
2011-05-05,8.32,8.46,8.27,8.43,23441095,285376672.000
2011-05-06,8.32,8.47,8.28,8.30,14443649,175960720.000
2011-05-09,8.33,8.45,8.30,8.37,11470556,139320864.000
2011-05-10,8.37,8.51,8.30,8.49,13813343,169021840.000
2011-05-11,8.47,8.51,8.30,8.37,15462967,189364608.000
2011-05-12,8.33,8.52,8.27,8.30,19444826,237464880.000
2011-05-13,8.36,8.39,8.21,8.35,14690710,177418592.000
2011-05-16,8.35,8.39,7.97,8.02,20732237,247215488.000
2011-05-17,8.02,8.31,8.02,8.14,24536004,291996224.000
2011-05-18,8.17,8.49,8.10,8.41,21910602,266720960.000
2011-05-19,8.41,8.49,8.31,8.40,12655435,154473168.000
2011-05-20,8.39,8.63,8.37,8.54,23059037,285705024.000
2011-05-23,8.50,8.53,8.19,8.21,18509145,224700384.000
2011-05-24,8.21,8.41,8.20,8.25,16374977,197560672.000
2011-05-25,8.20,8.25,8.05,8.06,8208692,97319072.000
2011-05-26,8.10,8.36,8.07,8.20,21117863,252609184.000
2011-05-27,8.17,8.42,8.17,8.25,17806195,215399264.000
2011-05-30,8.20,8.43,8.13,8.39,13935410,168984944.000
2011-05-31,8.36,8.58,8.31,8.53,15972707,196236960.000
2011-06-01,8.48,8.51,8.32,8.40,13367436,162814560.000
2011-06-02,8.27,8.37,7.83,7.90,39992413,467183584.000
2011-06-03,7.90,8.01,7.86,8.00,16497614,191665648.000
2011-06-07,7.94,8.01,7.88,7.97,7744849,89943000.000
2011-06-08,7.93,7.97,7.67,7.80,23382729,265641088.000
2011-06-09,7.76,7.77,7.51,7.53,16597703,186062640.000
2011-06-10,7.56,7.66,7.47,7.59,12088443,134217408.000
2011-06-13,7.51,7.59,7.34,7.57,21399771,234882944.000
2011-06-14,7.51,7.70,7.47,7.56,30977186,345493216.000
2011-06-15,7.52,7.56,7.32,7.34,26954085,294392288.000
2011-06-16,7.26,7.30,7.09,7.12,23371908,248458160.000
2011-06-17,7.12,7.23,7.12,7.16,14886295,158366928.000
2011-06-20,7.19,7.24,7.15,7.20,16208326,172245920.000
2011-06-21,7.23,7.42,7.22,7.40,20056450,217306992.000
2011-06-22,7.40,7.42,7.26,7.35,9561396,103383320.000
2011-06-23,7.30,7.44,7.26,7.41,13783541,149568096.000
2011-06-24,7.36,7.69,7.36,7.60,30415265,337784448.000
2011-06-27,7.55,7.67,7.54,7.57,15298558,170841840.000
2011-06-28,7.59,7.59,7.34,7.45,25380009,277761120.000
2011-06-29,7.45,7.45,7.27,7.29,21474431,232280304.000
2011-06-30,7.31,7.53,7.29,7.37,26980011,294213056.000
2011-07-01,7.40,7.47,7.29,7.34,25083908,272359808.000
2011-07-04,7.41,7.63,7.38,7.62,31009366,343574688.000
2011-07-05,7.62,7.66,7.53,7.57,14537089,161884112.000
2011-07-06,7.57,7.57,7.38,7.45,23527610,257641056.000
2011-07-07,7.55,7.67,7.44,7.47,39452497,438028416.000
2011-07-08,7.45,7.67,7.45,7.57,26564863,295663136.000
2011-07-11,7.52,7.62,7.47,7.49,36858818,408007328.000
2011-07-12,7.43,7.47,7.18,7.23,37273658,401498848.000
2011-07-13,7.27,7.55,7.23,7.52,36257074,396720000.000
2011-07-14,7.47,7.53,7.43,7.53,18871288,207889680.000
2011-07-15,7.47,7.63,7.40,7.59,17715241,196673168.000
2011-07-18,7.59,7.61,7.50,7.53,16554775,183486192.000
2011-07-19,7.50,7.50,7.40,7.49,12024478,131871640.000
2011-07-20,7.53,7.54,7.40,7.49,14363718,158034800.000
2011-07-21,7.48,7.53,7.33,7.37,16422166,178627952.000
2011-07-22,7.40,7.41,7.33,7.34,6762873,73400512.000
2011-07-25,7.31,7.32,6.87,7.00,53468718,557650688.000
2011-07-26,7.00,7.07,6.85,6.93,32668604,336931616.000
2011-07-27,6.87,6.91,6.77,6.88,33310697,338577536.000
2011-07-28,6.78,6.81,6.73,6.77,15925538,160648224.000
2011-07-29,6.81,7.12,6.76,6.93,34111814,351588224.000
2011-08-01,6.90,6.97,6.81,6.88,20717563,212126960.000
2011-08-02,6.82,6.86,6.72,6.85,13861290,140049952.000
2011-08-03,6.78,6.93,6.78,6.87,13951468,142110720.000
2011-08-04,6.90,6.95,6.83,6.87,9029590,92469456.000
2011-08-05,6.69,6.77,6.63,6.67,20896909,209205344.000
2011-08-08,6.60,6.73,6.30,6.36,23911543,232565872.000
2011-08-09,6.20,6.60,6.20,6.51,34000987,327912704.000
2011-08-10,6.63,6.70,6.38,6.42,35879999,350759200.000
2011-08-11,6.31,6.60,6.31,6.57,25792694,250608608.000
2011-08-12,6.67,6.84,6.66,6.70,52978564,531859616.000
2011-08-15,6.72,7.22,6.72,7.20,54364186,564427904.000
2011-08-16,7.14,7.34,7.11,7.24,48820544,521693408.000
2011-08-17,7.24,7.35,7.13,7.13,26213915,279947264.000
2011-08-18,7.14,7.19,6.90,7.00,23538624,244768672.000
2011-08-19,6.91,7.09,6.88,7.08,22935062,237048592.000
2011-08-22,7.05,7.17,6.92,6.98,15113697,157592944.000
2011-08-23,7.01,7.27,6.94,7.25,27610721,293070208.000
2011-08-24,7.23,7.30,7.13,7.13,16107181,172284304.000
2011-08-25,7.18,7.77,7.17,7.72,65577644,729156608.000
2011-08-26,7.66,7.73,7.50,7.66,45029516,502636992.000
2011-08-29,7.43,7.43,7.21,7.27,55987631,603976320.000
2011-08-30,7.32,7.47,7.17,7.20,61419609,664645312.000
2011-08-31,7.17,7.22,7.06,7.12,53901461,569580160.000
2011-09-01,7.15,7.26,7.10,7.15,35810327,379859680.000
2011-09-02,7.15,7.17,6.96,6.98,24016127,250923616.000
2011-09-05,6.90,7.03,6.83,6.94,20026690,205784160.000
2011-09-06,6.88,7.05,6.88,7.00,20751654,215308048.000
2011-09-07,7.05,7.28,7.00,7.23,26712547,283407360.000
2011-09-08,7.28,7.29,7.15,7.19,18030159,192176640.000
2011-09-09,7.19,7.33,7.03,7.11,26331555,280095840.000
2011-09-13,6.95,7.19,6.91,7.18,19089399,199695904.000
2011-09-14,7.15,7.21,6.98,7.18,16071652,169638368.000
2011-09-15,7.17,7.22,7.04,7.07,15040316,158982080.000
2011-09-16,7.13,7.25,7.05,7.10,18896642,199846064.000
2011-09-19,7.04,7.04,6.83,6.84,19351116,198290816.000
2011-09-20,6.85,6.97,6.83,6.90,11656916,119441816.000
2011-09-21,6.91,7.20,6.83,7.11,25535405,267149440.000
2011-09-22,7.04,7.04,6.78,6.80,26209747,268663392.000
2011-09-23,6.70,6.87,6.61,6.77,17392837,174487328.000
2011-09-26,6.70,6.80,6.57,6.60,18910946,188163008.000
2011-09-27,6.69,6.73,6.59,6.65,15648570,155703680.000
2011-09-28,6.70,6.73,6.51,6.56,13127279,130178240.000
2011-09-29,6.52,6.72,6.51,6.63,19517645,193168256.000
2011-09-30,6.69,6.90,6.63,6.79,35316403,357593792.000
2011-10-10,6.77,6.79,6.63,6.72,15375282,153393648.000
2011-10-11,7.03,7.07,6.70,6.85,36942994,378831168.000
2011-10-12,6.78,7.37,6.73,7.30,54964100,584015296.000
2011-10-13,7.24,7.32,7.15,7.30,29772817,318628992.000
2011-10-14,7.28,7.41,7.20,7.36,33165559,358813184.000
2011-10-17,7.36,7.57,7.32,7.52,43135506,475318368.000
2011-10-18,7.43,7.50,7.23,7.27,30273122,329187328.000
2011-10-19,7.29,7.48,7.21,7.42,38058039,413496160.000
2011-10-20,7.37,7.43,7.21,7.37,21784450,235664864.000
2011-10-21,7.32,7.63,7.30,7.54,35451737,393309568.000
2011-10-24,7.60,7.86,7.51,7.70,42513029,479895744.000
2011-10-25,7.72,7.82,7.60,7.69,38449502,434120288.000
2011-10-26,7.65,7.86,7.62,7.70,34489219,391170752.000
2011-10-27,7.70,7.84,7.53,7.82,25589814,288466400.000
2011-10-28,7.91,8.01,7.70,7.83,31007598,357555680.000
2011-10-31,7.76,7.79,7.52,7.55,36898353,411929312.000
2011-11-01,7.50,7.74,7.47,7.66,31681891,354900480.000
2011-11-02,7.53,7.93,7.50,7.89,26670769,302344768.000
2011-11-03,7.90,7.93,7.64,7.68,45164657,513979744.000
2011-11-04,7.76,7.78,7.60,7.70,26024545,292937696.000
2011-11-07,7.61,7.67,7.47,7.49,26949743,298999072.000
2011-11-08,7.53,7.60,7.48,7.56,16166697,179425696.000
2011-11-09,7.60,7.65,7.49,7.59,14900219,165938752.000
2011-11-10,7.53,7.60,7.44,7.45,29736264,329260416.000
2011-11-11,7.47,7.57,7.31,7.37,27161876,296874592.000
2011-11-14,7.43,7.52,7.37,7.50,27700656,304245312.000
2011-11-15,7.49,7.50,7.34,7.40,18865072,205654528.000
2011-11-16,7.39,7.40,7.07,7.19,30986793,330354624.000
2011-11-17,7.19,7.21,7.10,7.12,15082224,159763648.000
2011-11-18,7.07,7.21,7.05,7.08,14402609,151698592.000
2011-11-21,7.10,7.13,6.94,7.07,11717839,122121112.000
2011-11-22,7.04,7.23,7.01,7.20,19093438,201587568.000
2011-11-23,7.19,7.20,6.96,7.05,17681974,184901600.000
2011-11-24,7.01,7.18,6.99,7.13,16010105,168347776.000
2011-11-25,7.09,7.17,7.01,7.17,11160087,117419704.000
2011-11-28,7.17,7.23,7.09,7.10,11590704,122781872.000
2011-11-29,7.19,7.22,7.05,7.20,15922371,168233808.000
2011-11-30,7.15,7.16,6.88,7.00,20172256,209961888.000
2011-12-01,7.28,7.55,7.23,7.30,54698368,594474688.000
2011-12-02,7.26,7.45,7.24,7.39,20714566,224818080.000
2011-12-05,7.40,7.55,7.32,7.46,23629403,260115824.000
2011-12-06,7.40,7.56,7.38,7.42,20537650,226310976.000
2011-12-07,7.42,7.65,7.37,7.58,25030243,277534144.000
2011-12-08,7.56,7.63,7.53,7.57,20308999,226389776.000
2011-12-09,7.48,7.54,7.38,7.42,12477166,136673552.000
2011-12-12,7.39,7.53,7.28,7.38,15260670,166632704.000
2011-12-13,7.36,7.48,7.28,7.29,19247301,209422208.000
2011-12-14,7.27,7.40,7.27,7.33,14804258,160159952.000
2011-12-15,7.31,7.37,7.23,7.27,16082891,173518752.000
2011-12-16,7.33,7.72,7.23,7.67,52307379,577467648.000
2011-12-19,7.60,7.70,7.43,7.64,21128488,235305056.000
2011-12-20,7.59,8.00,7.57,7.74,27269891,312465120.000
2011-12-21,7.82,7.89,7.59,7.70,17709181,201234016.000
2011-12-22,7.56,7.84,7.56,7.70,18230758,206192144.000
2011-12-23,7.69,7.82,7.56,7.64,15825140,178436432.000
2011-12-26,7.57,7.67,7.55,7.61,12466082,139263984.000
2011-12-27,7.65,7.67,7.50,7.55,8480646,94490784.000
2011-12-28,7.51,7.62,7.36,7.56,13201859,145339072.000
2011-12-29,7.50,7.53,7.37,7.42,13538832,148327424.000
2011-12-30,7.43,7.69,7.43,7.65,22447162,249300336.000
2012-01-04,7.67,7.80,7.56,7.57,18122685,204549216.000
2012-01-05,7.63,7.89,7.58,7.73,26723053,304018336.000
2012-01-06,7.70,7.84,7.66,7.77,19617137,222349840.000
2012-01-09,7.77,8.02,7.71,8.00,41732586,483532928.000
2012-01-10,8.01,8.11,7.91,8.08,23773681,278288160.000
2012-01-11,8.10,8.10,7.96,7.97,13406018,156954752.000
2012-01-12,7.94,8.15,7.93,8.05,25422253,299982304.000
2012-01-13,8.07,8.12,7.90,7.91,19017874,222176160.000
2012-01-16,7.86,8.02,7.78,7.85,17057328,198167376.000
2012-01-17,7.90,8.13,7.74,8.13,25793048,301439712.000
2012-01-18,8.09,8.11,7.93,8.00,16074203,188245936.000
2012-01-19,7.98,8.17,7.91,8.07,21836441,256529040.000
2012-01-20,8.13,8.35,8.04,8.33,45304354,541252352.000
2012-01-30,8.32,8.33,8.17,8.20,22604375,271512608.000
2012-01-31,8.24,8.29,8.08,8.17,9723875,115678368.000
2012-02-01,8.09,8.18,7.90,7.94,22569957,264108320.000
2012-02-02,7.97,8.24,7.93,8.20,24185663,285388896.000
2012-02-03,8.17,8.33,8.14,8.25,37145863,445058368.000
2012-02-06,8.27,8.28,8.00,8.09,31523295,372926912.000
2012-02-07,8.04,8.05,7.85,7.90,21793480,252330528.000
2012-02-08,7.92,8.14,7.88,8.10,33865792,396307136.000
2012-02-09,8.07,8.10,7.97,8.07,30837484,361574464.000
2012-02-10,8.01,8.12,7.93,7.99,30577375,357875648.000
2012-02-13,7.82,8.00,7.78,7.86,39393031,452591616.000
2012-02-14,7.85,7.85,7.70,7.83,28462331,323699360.000
2012-02-15,7.81,7.90,7.75,7.83,35155804,402258176.000
2012-02-16,7.83,7.85,7.73,7.79,26058391,297196800.000
2012-02-17,7.84,7.87,7.70,7.75,31759159,361491360.000
2012-02-20,7.91,7.91,7.72,7.77,48636850,556099520.000
2012-02-21,7.79,7.80,7.71,7.79,31530628,358557056.000
2012-02-22,7.80,7.87,7.73,7.87,51117585,583661952.000
2012-02-23,7.85,7.89,7.80,7.83,40856230,469165312.000
2012-02-24,7.83,8.04,7.78,8.02,69530274,804111488.000
2012-02-27,8.02,8.09,7.94,7.96,68123872,796574208.000
2012-02-28,7.96,8.10,7.95,8.03,59402161,696563840.000
2012-02-29,8.02,8.02,7.90,7.91,27048027,314519360.000
2012-03-01,7.87,7.95,7.84,7.88,19210467,221937200.000
2012-03-02,7.88,8.00,7.87,8.00,30462974,354220256.000
2012-03-05,8.04,8.05,7.87,7.88,35321858,409736384.000
2012-03-06,7.86,7.90,7.63,7.65,33103407,374433312.000
2012-03-07,7.59,7.63,7.51,7.53,32854146,366220064.000
2012-03-08,7.57,7.67,7.53,7.58,36350099,405026112.000
2012-03-09,7.60,7.67,7.54,7.64,31966703,357222144.000
2012-03-12,7.63,7.63,7.48,7.54,35665467,395084512.000
2012-03-13,7.54,7.70,7.53,7.67,40496298,454858048.000
2012-03-14,7.72,7.75,7.47,7.51,45467217,509545696.000
2012-03-15,7.50,7.57,7.43,7.43,26163137,288925280.000
2012-03-16,7.50,7.53,7.38,7.49,21434735,235268288.000
2012-03-19,7.47,7.49,7.39,7.46,21599873,236556320.000
2012-03-20,7.43,7.47,7.33,7.35,17911086,195377344.000
2012-03-21,7.40,7.42,7.30,7.36,14989073,162749920.000
2012-03-22,7.36,7.51,7.23,7.43,37206319,405295264.000
2012-03-23,7.36,7.43,7.28,7.32,20181342,218750512.000
2012-03-26,7.32,7.45,7.32,7.43,16129407,175787152.000
2012-03-27,7.44,7.52,7.40,7.47,26882760,295371648.000
2012-03-28,7.45,7.53,7.23,7.26,44998097,491639232.000
2012-03-29,7.24,7.36,7.10,7.14,31734808,339421312.000
2012-03-30,7.22,7.27,7.17,7.27,14440840,154046896.000
2012-04-05,7.20,7.37,7.12,7.30,31132172,332669824.000
2012-04-06,7.27,7.38,7.22,7.37,20175386,217624400.000
2012-04-09,7.33,7.33,7.14,7.16,16098658,172070832.000
2012-04-10,7.16,7.43,7.15,7.42,28316291,304371360.000
2012-04-11,7.37,7.52,7.33,7.43,23053960,252101312.000
2012-04-12,7.40,7.60,7.33,7.54,29224269,322109120.000
2012-04-13,7.53,7.56,7.47,7.51,16587300,183199872.000
2012-04-16,7.47,7.50,7.38,7.43,11960639,130825912.000
2012-04-18,7.39,7.53,7.28,7.47,32717456,357314240.000
2012-04-19,7.44,7.50,7.40,7.45,22171620,243048288.000
2012-04-20,7.44,7.62,7.40,7.60,38479658,427445152.000
2012-04-23,7.57,7.63,7.50,7.53,22836169,253910912.000
2012-04-24,7.55,7.92,7.53,7.73,69450402,784362816.000
2012-04-25,7.67,7.73,7.60,7.66,36503565,410466464.000
2012-04-26,7.70,7.72,7.63,7.67,20677545,232417456.000
2012-04-27,7.67,7.73,7.63,7.63,23440050,264229456.000
2012-05-02,7.66,7.67,7.48,7.53,85772906,953203904.000
2012-05-03,7.49,7.54,7.33,7.35,65358454,712717184.000
2012-05-04,7.37,7.42,7.34,7.41,38376451,417739456.000
2012-05-07,7.36,7.44,7.36,7.43,32946531,359097472.000
2012-05-08,7.41,7.44,7.35,7.38,33970568,369737280.000
2012-05-09,7.35,7.37,7.22,7.24,30057646,323508224.000
2012-05-10,7.27,7.29,7.20,7.24,18656720,199816448.000
2012-05-11,7.26,7.30,7.22,7.26,15489528,166122976.000
2012-05-14,7.33,7.33,7.13,7.14,44422927,474636384.000
2012-05-15,7.11,7.15,7.07,7.14,25455335,268092448.000
2012-05-16,7.13,7.13,6.97,6.98,29389293,306908864.000
2012-05-17,7.00,7.08,6.99,7.07,26338533,274938528.000
2012-05-18,7.05,7.05,6.85,6.87,26766333,268940608.000
2012-05-21,6.88,6.92,6.70,6.73,40200242,397038368.000
2012-05-22,6.77,6.87,6.75,6.85,30180433,298731744.000
2012-05-23,6.83,6.85,6.76,6.78,26238890,259163040.000
2012-05-24,6.78,6.85,6.74,6.79,24355179,240647952.000
2012-05-25,6.81,6.83,6.75,6.78,15578064,153550096.000
2012-05-28,6.80,6.85,6.76,6.84,28642771,282946080.000
2012-05-29,6.85,6.98,6.82,6.96,42191728,422206016.000
2012-05-30,6.93,6.95,6.84,6.87,32500842,324325152.000
2012-05-31,6.86,6.86,6.77,6.79,29058825,286502720.000
2012-06-01,6.79,6.83,6.73,6.75,36725917,361095136.000
2012-06-04,6.67,6.67,6.53,6.54,32115669,309492864.000
2012-06-05,6.57,6.60,6.52,6.57,34956927,334438944.000
2012-06-06,6.58,6.70,6.56,6.67,38394195,370662144.000
2012-06-07,6.74,6.76,6.58,6.60,28378150,274774336.000
2012-06-08,6.59,6.59,6.39,6.42,42495315,400125248.000
2012-06-11,6.42,6.45,6.37,6.41,26057305,244030336.000
2012-06-12,6.40,6.40,6.24,6.31,42616886,393785472.000
2012-06-13,6.33,6.43,6.27,6.37,42790210,397678720.000
2012-06-14,6.33,6.36,6.24,6.26,30866997,284954944.000
2012-06-15,6.29,6.57,6.28,6.51,69985470,656322368.000
2012-06-18,6.50,6.50,6.43,6.46,27982976,263961920.000
2012-06-19,6.46,6.57,6.41,6.47,23290654,220130128.000
2012-06-20,6.48,6.60,6.47,6.51,36736028,350472704.000
2012-06-21,6.51,6.51,6.39,6.40,16810867,158095856.000
2012-06-25,6.40,6.46,6.33,6.34,16491032,154275872.000
2012-06-26,6.35,6.47,6.33,6.43,27810659,260928592.000
2012-06-27,6.43,6.47,6.39,6.42,15869322,149065840.000
2012-06-28,6.43,6.47,6.26,6.31,19615940,183160240.000
2012-06-29,6.31,6.52,6.30,6.49,30479213,286501536.000
2012-07-02,6.50,6.51,6.40,6.44,21607287,202938704.000
2012-07-03,6.44,6.50,6.40,6.47,16578925,156357904.000
2012-07-04,6.47,6.57,6.43,6.53,27250904,258976560.000
2012-07-05,6.49,6.51,6.40,6.44,15767157,148485968.000
2012-07-06,6.33,6.35,6.18,6.30,38313289,351524256.000
2012-07-09,6.27,6.29,6.01,6.02,32715866,294864704.000
2012-07-10,6.02,6.09,5.99,6.04,13189614,117343480.000
2012-07-11,6.03,6.07,6.00,6.02,14343739,127470616.000
2012-07-12,6.03,6.03,5.89,5.97,35390541,310928928.000
2012-07-13,5.97,6.07,5.93,6.00,15145613,134024400.000
2012-07-16,6.02,6.02,5.79,5.82,26722851,231482832.000
2012-07-17,5.80,5.92,5.80,5.87,14251568,123460424.000
2012-07-18,5.87,5.93,5.78,5.91,21613019,186671600.000
2012-07-19,5.89,6.01,5.87,5.95,24241435,212826288.000
2012-07-20,5.93,5.94,5.85,5.88,13350751,116068368.000
2012-07-23,5.83,5.83,5.63,5.68,26496428,224186848.000
2012-07-24,5.64,5.70,5.61,5.64,20558885,172201840.000
2012-07-25,5.63,5.71,5.62,5.66,15154807,127069776.000
2012-07-26,5.65,5.70,5.63,5.64,14958882,125525096.000
2012-07-27,5.67,5.79,5.65,5.71,21539788,182724176.000
2012-07-30,5.73,5.87,5.72,5.76,24317381,207945696.000
2012-07-31,5.77,6.01,5.77,5.97,57124782,497777888.000
2012-08-01,5.97,6.01,5.93,6.00,33471927,294368640.000
2012-08-02,5.99,6.07,5.94,6.03,27068040,239341840.000
2012-08-03,6.03,6.04,5.97,6.02,17683919,156199984.000
2012-08-06,6.00,6.03,5.94,6.02,18676695,164784112.000
2012-08-07,5.99,6.01,5.96,6.00,12836719,113157000.000
2012-08-08,5.99,6.10,5.99,6.10,21521086,191915888.000
2012-08-09,6.10,6.16,6.03,6.15,19455126,174212400.000
2012-08-10,6.25,6.28,6.15,6.16,35062279,319329280.000
2012-08-13,6.16,6.18,6.10,6.11,17183286,155108912.000
2012-08-14,6.10,6.16,6.07,6.13,12455008,111947216.000
2012-08-15,6.11,6.13,5.97,5.97,18666821,165237312.000
2012-08-16,5.97,6.00,5.89,5.91,12851108,112396912.000
2012-08-17,5.91,6.00,5.91,5.99,12940736,113619840.000
2012-08-20,5.97,5.99,5.84,5.90,10869082,94595288.000
2012-08-21,5.90,5.93,5.88,5.90,14473038,126109960.000
2012-08-22,5.90,5.92,5.85,5.90,11574433,100551632.000
2012-08-23,5.91,5.94,5.86,5.92,10860689,94626480.000
2012-08-24,5.92,5.92,5.85,5.87,9351671,81209216.000
2012-08-27,5.84,5.87,5.76,5.81,14031554,120465728.000
2012-08-28,5.83,6.05,5.81,6.00,22373217,195985776.000
2012-08-29,5.95,6.00,5.93,5.95,12361712,108495320.000
2012-08-30,5.88,6.03,5.86,6.00,15879334,139757152.000
2012-08-31,5.97,6.01,5.91,5.93,10305784,90553656.000
2012-09-03,5.93,5.95,5.88,5.89,17077328,148769520.000
2012-09-04,5.89,5.90,5.64,5.69,29247009,248815280.000
2012-09-05,5.67,5.69,5.50,5.53,36180515,299519968.000
2012-09-06,5.55,5.60,5.50,5.59,19266310,159094688.000
2012-09-07,5.61,5.90,5.57,5.80,55286124,469673088.000
2012-09-10,5.77,5.80,5.71,5.73,36388600,309249344.000
2012-09-11,5.72,5.73,5.63,5.66,23380590,196545296.000
2012-09-12,5.72,5.75,5.63,5.67,20663655,174234048.000
2012-09-13,5.68,5.71,5.65,5.66,12291407,103507520.000
2012-09-14,5.69,5.76,5.66,5.71,24915692,210946816.000
2012-09-17,5.70,5.71,5.57,5.58,19714047,164947088.000
2012-09-18,5.57,5.58,5.52,5.53,12985291,107094240.000
2012-09-19,5.55,5.57,5.50,5.53,16070055,132063312.000
2012-09-20,5.52,5.53,5.33,5.34,30990915,250222352.000
2012-09-21,5.33,5.37,5.27,5.31,24835430,197243984.000
2012-09-24,5.26,5.32,5.20,5.29,17152785,135038880.000
2012-09-25,5.27,5.30,5.23,5.25,8264355,65081716.000
2012-09-26,5.23,5.27,5.20,5.20,11479992,89871696.000
2012-09-27,5.20,5.41,5.19,5.33,32909396,261516960.000
2012-09-28,5.29,5.40,5.28,5.39,24704568,197049872.000
2012-10-08,5.37,5.43,5.33,5.38,16740223,134396080.000
2012-10-09,5.39,5.54,5.38,5.52,29195696,238578816.000
2012-10-10,5.50,5.53,5.47,5.51,12959508,106015656.000
2012-10-11,5.50,5.51,5.47,5.49,11956398,97748848.000
2012-10-12,5.51,5.60,5.50,5.53,24472752,201792640.000
2012-10-15,5.53,5.55,5.43,5.47,12286302,100248576.000
2012-10-16,5.47,5.69,5.47,5.63,43363925,361588608.000
2012-10-17,5.63,5.67,5.58,5.64,23009897,192366976.000
2012-10-18,5.66,5.73,5.64,5.71,20531027,173335872.000
2012-10-19,5.70,5.71,5.67,5.70,11545189,97320168.000
2012-10-22,5.67,5.78,5.66,5.77,18104853,153518176.000
2012-10-23,5.77,5.78,5.65,5.67,12931665,109545672.000
2012-10-24,5.68,5.73,5.65,5.69,12289080,103784912.000
2012-10-25,5.69,5.73,5.65,5.66,15026513,126627976.000
2012-10-26,5.70,5.71,5.54,5.57,21827664,182002784.000
2012-10-29,5.56,5.63,5.55,5.59,8675168,72084712.000
2012-10-30,5.60,5.67,5.55,5.61,13348950,111007168.000
2012-10-31,5.63,5.67,5.59,5.63,13685693,114320720.000
2012-11-01,5.64,5.80,5.63,5.76,29978151,254172080.000
2012-11-02,5.75,5.96,5.74,5.93,64874679,561200640.000
2012-11-05,5.91,6.02,5.86,5.95,44064028,386373312.000
2012-11-06,5.94,5.95,5.80,5.90,26134081,226222672.000
2012-11-07,5.89,5.92,5.82,5.88,12983073,112657888.000
2012-11-08,5.81,5.87,5.73,5.75,18854298,161623248.000
2012-11-09,5.73,5.79,5.72,5.74,9632439,82030496.000
2012-11-12,5.77,5.87,5.76,5.86,18568029,159760384.000
2012-11-13,5.86,5.86,5.69,5.70,18440385,156769088.000
2012-11-14,5.70,5.77,5.68,5.75,13310690,112901344.000
2012-11-15,5.70,5.73,5.63,5.63,9913598,83475800.000
2012-11-16,5.63,5.65,5.57,5.59,13682499,113780024.000
2012-11-19,5.60,5.65,5.59,5.63,7840712,65418424.000
2012-11-20,5.67,5.69,5.61,5.61,8940852,74828040.000
2012-11-21,5.62,5.74,5.60,5.73,13979785,117748168.000
2012-11-22,5.70,5.73,5.63,5.68,10290290,86636712.000
2012-11-23,5.70,5.84,5.68,5.82,32401935,277833248.000
2012-11-26,5.77,5.83,5.77,5.78,10326566,88561232.000
2012-11-27,5.77,5.83,5.77,5.78,22728132,194974928.000
2012-11-28,5.76,5.79,5.69,5.72,12693059,107818480.000
2012-11-29,5.70,5.73,5.63,5.68,16249245,136600736.000
2012-11-30,5.66,5.71,5.60,5.69,18555356,155954208.000
2012-12-03,5.67,5.67,5.38,5.42,74841539,608852992.000
2012-12-04,5.37,5.50,5.32,5.48,27491020,222002288.000
2012-12-05,5.46,5.84,5.44,5.80,77216901,654457280.000
2012-12-06,5.76,5.91,5.76,5.89,47255211,408087424.000
2012-12-07,5.89,6.23,5.85,6.21,80534336,721037120.000
2012-12-10,6.27,6.29,6.17,6.24,64111837,586296192.000
2012-12-11,6.23,6.30,6.16,6.25,35513426,324556736.000
2012-12-12,6.23,6.38,6.20,6.32,34418216,318159488.000
2012-12-13,6.30,6.35,6.21,6.22,26667299,245492288.000
2012-12-14,6.19,6.90,6.19,6.78,84120450,808934080.000
2012-12-17,6.83,6.84,6.68,6.77,56454021,555142400.000
2012-12-18,6.73,6.90,6.67,6.80,58998292,583554496.000
2012-12-19,6.77,6.83,6.76,6.77,33027086,325920800.000
2012-12-20,6.74,6.77,6.53,6.69,56697372,547607232.000
2012-12-21,6.69,6.71,6.55,6.59,34753092,335006144.000
2012-12-24,6.58,6.74,6.57,6.68,42952907,417705152.000
2012-12-25,6.67,7.11,6.60,7.00,82680709,829177600.000
2012-12-26,6.99,7.01,6.86,6.93,44266662,444292416.000
2012-12-27,6.93,7.03,6.82,6.90,34854348,349679520.000
2012-12-28,6.91,7.04,6.89,7.00,25635987,259007072.000
2012-12-31,7.03,7.19,7.03,7.17,53961371,556460736.000
2013-01-04,7.35,7.41,7.10,7.15,62240129,647400128.000
2013-01-07,7.14,7.35,7.11,7.24,29429329,307059392.000
2013-01-08,7.27,7.30,7.01,7.07,40073802,410805984.000
2013-01-09,7.06,7.09,6.93,6.97,34803651,352892960.000
2013-01-10,6.97,7.08,6.95,7.00,25982163,263361728.000
2013-01-11,7.00,7.03,6.83,6.87,27125736,272079840.000
2013-01-14,6.83,7.30,6.82,7.25,59575128,612251136.000
2013-01-15,7.24,7.37,7.21,7.30,41841953,438985056.000
2013-01-16,7.27,7.28,7.01,7.13,29059849,300088672.000
2013-01-17,7.11,7.24,7.01,7.17,26747111,274610368.000
2013-01-18,7.20,7.40,7.20,7.32,38960749,409751840.000
2013-01-21,7.36,7.50,7.24,7.50,60097653,642175040.000
2013-01-22,7.50,7.86,7.40,7.77,105110526,1158996480.000
2013-01-23,7.70,7.89,7.66,7.82,54969842,612357824.000
2013-01-24,7.82,8.13,7.52,7.66,83466002,937974144.000
2013-01-25,7.67,7.75,7.58,7.70,37667923,414908768.000
2013-01-28,7.72,8.08,7.72,8.03,65020986,741294528.000
2013-01-29,8.07,8.30,7.95,8.17,94112374,1090865920.000
2013-01-30,8.18,8.18,7.82,8.08,48773601,561878784.000
2013-01-31,8.12,8.17,7.97,8.17,54137084,624545664.000
2013-02-01,8.09,8.43,8.05,8.41,76800916,905997184.000
2013-02-04,8.49,8.77,8.44,8.50,95440806,1162773760.000
2013-02-05,8.44,8.53,8.20,8.35,56002368,666001024.000
2013-02-06,8.34,8.62,8.27,8.59,57144236,684762176.000
2013-02-07,8.54,8.60,7.98,8.21,81253673,954667968.000
2013-02-08,8.19,8.31,8.00,8.30,55368790,646925440.000
2013-02-18,8.36,8.36,8.01,8.04,45887539,533290816.000
2013-02-19,8.04,8.10,7.84,7.93,41229942,468874624.000
2013-02-20,7.95,7.96,7.58,7.78,52840648,585218880.000
2013-02-21,7.67,7.71,7.33,7.40,58656592,631663744.000
2013-02-22,7.37,7.53,7.32,7.36,41436373,443868000.000
2013-02-25,7.44,7.57,7.42,7.52,31639207,341033344.000
2013-02-26,7.43,7.81,7.40,7.45,48174562,527937888.000
2013-02-27,7.50,7.69,7.33,7.51,42109646,454163872.000
2013-02-28,7.59,7.87,7.47,7.85,51877092,573159808.000
2013-03-01,7.85,7.93,7.63,7.80,46358774,518808992.000
2013-03-04,7.63,7.67,7.22,7.29,52362701,559638144.000
2013-03-05,7.29,7.80,7.28,7.71,53887893,584748416.000
2013-03-06,7.77,7.85,7.64,7.73,45636681,507332064.000
2013-03-07,7.67,7.70,7.33,7.44,44663434,484815520.000
2013-03-08,7.48,7.62,7.40,7.52,29351299,316983360.000
2013-03-11,7.50,7.53,7.35,7.42,26214979,280494528.000
2013-03-12,7.41,7.49,7.06,7.13,45296115,472714496.000
2013-03-13,7.12,7.23,7.09,7.13,27117760,279969728.000
2013-03-14,7.14,7.25,7.11,7.18,20223335,209748352.000
2013-03-15,7.19,7.54,7.10,7.21,44355636,468257280.000
2013-03-18,7.17,7.32,7.13,7.22,28548256,298505728.000
2013-03-19,7.25,7.36,7.19,7.35,25074634,262788752.000
2013-03-20,7.36,7.83,7.33,7.80,63762653,698582528.000
2013-03-21,7.80,7.87,7.67,7.75,55541559,619620928.000
2013-03-22,7.73,7.83,7.68,7.81,34383177,383106560.000
2013-03-25,7.83,7.93,7.70,7.72,27784612,310343360.000
2013-03-26,7.67,7.70,7.40,7.44,42142318,453588640.000
2013-03-27,7.47,7.66,7.44,7.53,31212061,338108384.000
2013-03-28,7.20,7.20,6.70,7.01,88640119,893535616.000
2013-03-29,7.00,7.26,6.91,7.25,74351075,765829824.000
2013-04-01,7.18,7.21,7.09,7.09,18084637,186563216.000
2013-04-02,7.13,7.22,7.08,7.13,24064853,248542032.000
2013-04-03,7.16,7.29,7.16,7.20,23497537,244940928.000
2013-04-08,7.03,7.13,6.99,7.10,18271556,186847216.000
2013-04-09,7.12,7.20,7.06,7.08,24358562,250771008.000
2013-04-10,7.08,7.10,6.93,7.00,14169893,143902416.000
2013-04-11,7.10,7.10,6.99,7.03,11342935,115474192.000
2013-04-12,7.02,7.09,6.97,7.04,18849991,192153280.000
2013-04-15,7.04,7.09,6.99,7.02,16866437,171545136.000
2013-04-16,6.97,7.07,6.87,7.03,21615487,218204912.000
2013-04-17,7.03,7.03,6.87,6.95,16304679,163856256.000
2013-04-18,6.87,7.09,6.74,7.03,33119645,333660416.000
2013-04-19,7.03,7.47,7.02,7.37,51958149,545063104.000
2013-04-22,7.33,7.42,7.30,7.36,25703109,272193280.000
2013-04-23,7.45,7.47,6.96,7.00,39088286,402398656.000
2013-04-24,7.04,7.32,6.97,7.19,32544777,334516224.000
2013-04-25,7.18,7.18,7.02,7.04,22562431,231343728.000
2013-04-26,7.23,7.41,7.19,7.26,50156004,528552992.000
2013-05-02,7.20,7.40,7.18,7.35,28839493,304139648.000
2013-05-03,7.40,7.67,7.37,7.50,38019862,411740704.000
2013-05-06,7.55,7.63,7.46,7.55,45325537,491382496.000
2013-05-07,7.50,7.50,7.37,7.43,30934046,330398784.000
2013-05-08,7.48,7.56,7.40,7.43,27727326,297923328.000
2013-05-09,7.43,7.45,7.23,7.30,27860745,294055392.000
2013-05-10,7.30,7.40,7.26,7.37,18108813,191639152.000
2013-05-13,7.37,7.40,7.30,7.35,14977210,158581792.000
2013-05-14,7.34,7.35,7.22,7.27,16170260,169690048.000
2013-05-15,7.28,7.33,7.25,7.29,16092626,169226848.000
2013-05-16,7.27,7.52,7.21,7.52,37653329,400926656.000
2013-05-17,7.49,7.58,7.43,7.56,49385048,533778976.000
2013-05-20,7.59,7.77,7.53,7.63,52953796,581787776.000
2013-05-21,7.61,7.64,7.53,7.57,25640007,279138944.000
2013-05-22,7.57,7.64,7.56,7.63,24477245,266831648.000
2013-05-23,7.59,7.63,7.45,7.47,24094033,261121472.000
2013-05-24,7.47,7.56,7.40,7.45,32310447,346325632.000
2013-05-27,7.43,7.49,7.35,7.39,29237201,311838208.000
2013-05-28,7.39,7.62,7.35,7.61,39938384,430774432.000
2013-05-29,7.63,7.67,7.53,7.54,30015794,327217472.000
2013-05-30,7.53,7.58,7.46,7.48,31033052,334352800.000
2013-05-31,7.51,7.53,7.41,7.43,21616442,232595488.000
2013-06-03,7.47,7.53,7.42,7.44,18041132,194010512.000
2013-06-04,7.44,7.50,7.41,7.43,20813458,222889184.000
2013-06-05,7.42,7.44,7.32,7.35,18508786,196615680.000
2013-06-06,7.33,7.37,7.19,7.20,22532526,235908352.000
2013-06-07,7.23,7.25,7.08,7.10,18708737,193277136.000
2013-06-13,7.06,7.06,6.83,6.89,27548549,275073472.000
2013-06-14,6.92,6.96,6.88,6.94,18984573,190358624.000
2013-06-17,6.99,7.00,6.90,6.92,12688805,127646008.000
2013-06-18,6.97,7.03,6.93,6.97,11160821,112843376.000
2013-06-19,6.96,6.96,6.78,6.87,13720982,136320048.000
2013-06-20,6.83,6.85,6.51,6.53,25026768,243108640.000
2013-06-21,6.41,6.62,6.39,6.50,18585108,176604816.000
2013-06-24,6.49,6.49,5.87,5.89,45202123,406700896.000
2013-06-25,5.87,5.92,5.34,5.89,70095909,589290752.000
2013-06-26,5.93,5.98,5.70,5.80,39230665,338028480.000
2013-06-27,5.86,5.92,5.79,5.87,31926081,275988096.000
2013-06-28,5.83,6.17,5.79,6.14,37393435,330926528.000
2013-07-01,6.06,6.13,5.96,6.07,19706104,175354048.000
2013-07-02,6.07,6.10,5.98,6.03,16458997,146009792.000
2013-07-03,6.01,6.01,5.79,5.88,24566432,213055216.000
2013-07-04,5.82,6.03,5.80,5.93,25616741,224277216.000
2013-07-05,5.96,6.03,5.93,5.93,14493519,127641056.000
2013-07-08,5.84,5.91,5.80,5.81,18828915,162314656.000
2013-07-09,5.82,5.88,5.82,5.86,8255702,71337400.000
2013-07-10,5.85,6.04,5.85,6.03,16348913,143512352.000
2013-07-11,6.07,6.66,6.07,6.54,67967729,636287808.000
2013-07-12,6.47,6.54,6.26,6.29,40000324,374274560.000
2013-07-15,6.34,6.55,6.31,6.41,30910516,290841088.000
2013-07-16,6.41,6.46,6.28,6.46,21694186,202014944.000
2013-07-17,6.43,6.47,6.30,6.34,25210522,235431248.000
2013-07-18,6.39,6.42,6.24,6.26,28783876,266734240.000
2013-07-19,6.28,6.33,6.14,6.15,23540852,215675712.000
2013-07-22,6.05,6.19,5.98,6.15,21466572,192053808.000
2013-07-23,6.17,6.40,6.13,6.34,35500035,327573504.000
2013-07-24,6.32,6.35,6.02,6.17,45560930,299728096.000
2013-07-25,6.14,6.19,6.03,6.09,29542597,193233376.000
2013-07-26,6.06,6.09,6.00,6.02,17191718,111102280.000
2013-07-29,5.93,5.93,5.70,5.76,44766415,278276256.000
2013-07-30,5.80,5.96,5.78,5.85,34227476,215102224.000
2013-07-31,5.89,5.98,5.82,5.92,22425767,141513168.000
2013-08-01,5.92,6.03,5.90,6.00,29149138,186645104.000
2013-08-02,6.06,6.10,5.98,6.02,29430755,190190048.000
2013-08-05,6.03,6.16,6.01,6.15,28121451,183004080.000
2013-08-06,6.12,6.19,6.07,6.16,22833969,149510656.000
2013-08-07,6.16,6.25,6.14,6.19,24096872,159691120.000
2013-08-08,6.17,6.27,6.11,6.25,27318048,181093648.000
2013-08-09,6.31,6.41,6.23,6.27,51779016,348834464.000
2013-08-12,6.29,6.49,6.27,6.46,55771721,380909248.000
2013-08-13,6.43,6.53,6.41,6.51,40775995,281778112.000
2013-08-14,6.51,6.63,6.45,6.47,43992767,307010144.000
2013-08-15,6.45,6.52,6.33,6.37,32945860,225745584.000
2013-08-16,6.32,7.05,6.26,6.44,100140859,701038912.000
2013-08-19,6.33,6.59,6.29,6.52,42520997,292665184.000
2013-08-20,6.50,6.67,6.48,6.54,54564649,382267008.000
2013-08-21,6.55,6.59,6.44,6.46,29053917,200922592.000
2013-08-22,6.45,6.59,6.44,6.48,25046500,174031776.000
2013-08-23,6.52,6.57,6.29,6.41,33803480,232326880.000
2013-08-26,6.44,6.57,6.38,6.55,43611559,303014848.000
2013-08-27,6.55,6.63,6.50,6.57,32379467,226442016.000
2013-08-28,6.53,6.58,6.45,6.53,34146456,237249200.000
2013-08-29,6.58,6.62,6.48,6.53,28824496,200969120.000
2013-08-30,6.53,6.59,6.47,6.55,33255828,231871552.000
2013-09-02,6.57,6.62,6.50,6.58,36798128,257676512.000
2013-09-03,6.61,6.78,6.57,6.76,63604523,453575680.000
2013-09-04,6.74,6.85,6.72,6.74,40395943,291160640.000
2013-09-05,6.76,6.76,6.68,6.69,20203529,144227968.000
2013-09-06,6.67,6.83,6.65,6.78,39044372,280049504.000
2013-09-09,6.88,7.43,6.87,7.33,139679234,1067339456.000
2013-09-10,7.38,7.44,7.16,7.40,106643907,826152768.000
2013-09-11,7.41,7.55,7.37,7.40,69381994,547247104.000
2013-09-12,7.40,7.95,7.32,7.73,114067781,925008704.000
2013-09-13,7.67,7.87,7.61,7.69,70375366,574049536.000
2013-09-16,7.78,7.80,7.53,7.64,62616830,506606112.000
2013-09-17,7.66,7.69,7.36,7.37,53403979,423309088.000
2013-09-18,7.36,7.48,7.28,7.43,32783582,256784272.000
2013-09-23,7.47,7.51,7.36,7.46,34488924,271111424.000
2013-09-24,7.40,7.42,7.18,7.23,43219003,332229312.000
2013-09-25,7.22,7.32,7.15,7.18,27189158,208080560.000
2013-09-26,7.15,7.17,6.95,6.97,30490103,227314320.000
2013-09-27,6.94,7.05,6.92,7.02,20621683,153011712.000
2013-09-30,7.06,7.12,7.02,7.04,20279942,151998864.000
2013-10-08,7.01,7.19,6.92,7.14,26319261,197328048.000
2013-10-09,7.09,7.26,7.08,7.23,30270192,230843600.000
2013-10-10,7.27,7.29,7.07,7.09,28328188,215072080.000
2013-10-11,7.16,7.29,7.12,7.27,38980852,297815936.000
2013-10-14,7.25,7.25,7.14,7.17,26650977,202775104.000
2013-10-15,7.17,7.19,7.04,7.07,22919079,172545680.000
2013-10-16,7.05,7.07,6.93,6.96,21278158,157882672.000
2013-10-17,7.02,7.05,6.94,6.96,17250765,128034352.000
2013-10-18,6.98,7.10,6.96,7.01,18760548,139876128.000
2013-10-21,7.03,7.13,6.95,7.11,31448625,234827392.000
2013-10-22,7.07,7.08,6.96,6.98,20587220,153101232.000
2013-10-23,7.02,7.27,6.99,7.03,39279813,296542272.000
2013-10-24,7.01,7.15,6.98,7.03,25521316,190977168.000
2013-10-25,7.06,7.24,7.05,7.13,45379022,343877280.000
2013-10-28,7.17,7.20,7.09,7.16,22145042,167619136.000
2013-10-29,7.19,7.60,7.18,7.43,88878286,694685440.000
2013-10-30,7.48,7.57,7.39,7.56,59015793,466808192.000
2013-10-31,7.58,7.58,7.39,7.40,56116030,443130272.000
2013-11-01,7.40,7.54,7.35,7.47,45282874,356977824.000
2013-11-04,7.53,7.56,7.38,7.39,37291560,294568896.000
2013-11-05,7.33,7.37,7.21,7.32,36869141,284333504.000
2013-11-06,7.27,7.28,7.13,7.14,32593876,249190224.000
2013-11-07,7.14,7.23,7.12,7.17,23180796,176349584.000
2013-11-08,7.14,7.23,7.12,7.14,20334336,154570368.000
2013-11-11,7.17,7.32,7.12,7.25,25238188,192847120.000
2013-11-12,7.28,7.43,7.26,7.42,39275471,306131872.000
2013-11-13,7.35,7.38,7.21,7.22,36355035,280380128.000
2013-11-14,7.25,7.26,7.10,7.16,31878683,242775024.000
2013-11-15,7.17,7.42,7.14,7.34,49396016,383596896.000
2013-11-18,7.37,7.65,7.33,7.64,78149725,619702848.000
2013-11-19,7.64,7.65,7.52,7.54,44861981,359288192.000
2013-11-20,7.59,7.70,7.55,7.65,39184992,315671392.000
2013-11-21,7.62,7.66,7.50,7.65,40905668,326815776.000
2013-11-22,7.65,7.68,7.54,7.55,25303246,203246704.000
2013-11-25,7.51,7.65,7.51,7.54,24206205,193890288.000
2013-11-26,7.55,7.62,7.53,7.57,21294318,170919808.000
2013-11-27,7.58,7.74,7.56,7.68,33366955,269988544.000
2013-11-28,7.68,7.93,7.67,7.83,47334255,389726432.000
2013-11-29,7.90,7.94,7.76,7.79,28868164,238750592.000
2013-12-02,7.78,8.24,7.78,7.99,84908508,717027072.000
2013-12-03,7.97,8.27,7.92,8.19,79497392,678365376.000
2013-12-04,8.15,8.40,8.12,8.36,87273770,762160512.000
2013-12-05,8.37,8.37,8.05,8.10,112917863,974232064.000
2013-12-06,8.03,8.10,7.97,8.05,35467630,300132160.000
2013-12-09,8.09,8.14,7.85,7.87,45035039,377585536.000
2013-12-10,7.89,7.95,7.83,7.89,24089506,200501792.000
2013-12-11,7.85,7.86,7.69,7.76,31893288,261626896.000
2013-12-12,7.74,7.81,7.72,7.75,19457602,159522816.000
2013-12-13,7.67,7.77,7.61,7.74,20649349,167929200.000
2013-12-16,7.78,7.93,7.65,7.71,29751103,244550304.000
2013-12-17,7.73,7.77,7.68,7.69,15450000,125763720.000
2013-12-18,7.70,7.79,7.67,7.71,15180608,123608776.000
2013-12-19,7.75,7.77,7.42,7.44,35429831,283198336.000
2013-12-20,7.44,7.46,7.12,7.13,48577640,372865600.000
2013-12-23,7.19,7.30,7.08,7.21,24679544,188329104.000
2013-12-24,7.26,7.32,7.12,7.21,17931775,137483840.000
2013-12-25,7.22,7.31,7.13,7.24,20781631,159337408.000
2013-12-26,7.23,7.62,7.18,7.49,95777426,751759680.000
2013-12-27,7.47,7.91,7.44,7.77,62749151,508387776.000
2013-12-30,7.77,8.01,7.70,7.94,74845879,623828096.000
2013-12-31,7.88,8.19,7.85,8.14,89627584,761296384.000
2014-01-02,8.08,8.08,7.81,7.87,37610633,312566016.000
2014-01-03,7.82,7.82,7.57,7.63,29878459,241173984.000
2014-01-06,7.67,7.72,7.38,7.44,34358547,272247264.000
2014-01-07,7.39,7.48,7.31,7.41,21266442,166163360.000
2014-01-08,7.44,7.61,7.38,7.58,29337361,233617792.000
2014-01-09,7.55,7.73,7.53,7.58,26248054,211751680.000
2014-01-10,7.53,7.77,7.46,7.73,32096672,259806064.000
2014-01-13,7.73,7.83,7.67,7.77,27266972,222984160.000
2014-01-14,7.78,7.85,7.69,7.78,23792053,194998112.000
2014-01-15,7.77,7.77,7.50,7.58,27939691,224945184.000
2014-01-16,7.58,7.73,7.46,7.66,20272185,163137168.000
2014-01-17,7.60,7.66,7.51,7.53,18778027,150125536.000
2014-01-20,7.52,7.57,7.46,7.48,11868693,94156744.000
2014-01-21,7.51,7.65,7.48,7.54,12237490,97770104.000
2014-01-22,7.54,7.74,7.51,7.72,25776460,208499424.000
2014-01-23,7.68,7.71,7.59,7.59,16970887,136868560.000
2014-01-24,7.55,7.80,7.55,7.69,24239418,197143760.000
2014-01-27,7.74,7.79,7.57,7.67,23722233,192428016.000
2014-01-28,7.72,7.82,7.68,7.82,25465200,208564128.000
2014-01-29,7.84,7.96,7.79,7.91,27992665,233568448.000
2014-01-30,7.88,7.92,7.73,7.74,17118027,141074784.000
2014-02-07,7.67,7.71,7.57,7.67,18269518,147590848.000
2014-02-10,7.72,7.83,7.68,7.81,23922411,196477024.000
2014-02-11,7.82,8.14,7.73,8.00,55031301,463085920.000
2014-02-12,7.95,8.07,7.87,7.91,36288626,304453536.000
2014-02-13,7.89,8.19,7.82,8.02,66872880,566285056.000
2014-02-14,7.96,8.03,7.92,7.99,27056193,227420240.000
2014-02-17,8.04,8.10,7.88,7.95,32564999,272694816.000
2014-02-18,7.91,7.93,7.65,7.68,41720479,341117152.000
2014-02-19,7.68,8.04,7.65,7.96,57648770,479213696.000
2014-02-20,7.97,8.06,7.75,7.77,41782550,348641984.000
2014-02-21,7.77,7.78,7.67,7.72,26753329,217925264.000
2014-02-24,7.67,7.67,7.47,7.51,26806107,213209376.000
2014-02-25,7.51,7.62,7.38,7.41,27150726,215322736.000
2014-02-26,7.42,7.50,7.32,7.37,20097040,157228144.000
2014-02-27,7.40,7.97,7.34,7.76,72150360,589840576.000
2014-02-28,7.68,7.82,7.58,7.74,31441001,255761200.000
2014-03-03,7.66,7.77,7.56,7.61,27673892,223640560.000
2014-03-04,7.65,7.77,7.54,7.68,25744446,207936656.000
2014-03-05,7.72,7.82,7.64,7.70,26294830,214624016.000
2014-03-06,7.66,7.90,7.63,7.79,36830162,303028672.000
2014-03-07,7.75,7.89,7.62,7.64,31910151,261827488.000
2014-03-10,7.57,7.61,7.33,7.34,43085042,339189440.000
2014-03-11,7.34,7.50,7.34,7.45,32559343,255752800.000
2014-03-12,7.43,7.67,7.41,7.57,36018850,287088000.000
2014-03-13,7.62,7.85,7.62,7.69,26511546,216373472.000
2014-03-14,7.64,7.73,7.55,7.61,21285065,171623168.000
2014-03-17,7.73,7.75,7.59,7.63,14860494,119891288.000
2014-03-18,7.63,7.68,7.56,7.57,15761617,126638976.000
2014-03-19,7.55,7.57,7.49,7.56,16372322,130213088.000
2014-03-20,7.55,7.65,7.51,7.51,16834492,135115776.000
2014-03-21,7.47,7.92,7.47,7.88,56885939,466414944.000
2014-03-24,7.96,8.06,7.90,7.93,55730008,469086848.000
2014-03-25,7.91,7.94,7.78,7.82,21954813,182173728.000
2014-03-26,7.84,7.89,7.73,7.76,17227636,141592544.000
2014-03-27,7.75,7.98,7.68,7.89,37906786,313849344.000
2014-03-28,7.86,7.99,7.81,7.85,23741244,197869776.000
2014-03-31,7.92,8.03,7.80,8.01,29770625,249240560.000
2014-04-01,7.96,8.03,7.89,7.96,15317856,128625984.000
2014-04-02,7.97,8.07,7.95,8.02,26849761,226981376.000
2014-04-03,8.05,8.14,7.90,7.96,26771300,226788320.000
2014-04-04,7.90,8.15,7.89,8.10,29934058,254159552.000
2014-04-08,8.10,8.69,8.07,8.50,84638290,747976832.000
2014-04-09,8.47,8.52,8.41,8.47,33677750,299412704.000
2014-04-10,8.48,8.66,8.44,8.50,57613000,516387808.000
2014-04-11,8.48,8.54,8.38,8.45,40490334,359845152.000
2014-04-14,8.43,8.45,8.27,8.32,26765435,234458112.000
2014-04-15,8.28,8.30,7.99,8.08,31406467,268428048.000
2014-04-16,8.05,8.20,8.04,8.16,22950043,196881280.000
2014-04-17,8.18,8.21,8.01,8.11,25497727,217051280.000
2014-04-18,8.04,8.07,7.90,8.02,36865102,310191392.000
2014-04-21,7.97,8.05,7.85,7.86,33390851,279778944.000
2014-04-22,7.85,8.06,7.84,8.03,28424428,238190016.000
2014-04-23,8.02,8.03,7.91,7.93,23120877,193880896.000
2014-04-24,7.94,8.03,7.88,7.96,26160558,219774000.000
2014-04-25,8.01,8.45,7.96,8.04,83114476,713404736.000
2014-04-28,8.11,8.35,8.04,8.22,58668861,505297696.000
2014-04-29,8.24,8.24,8.05,8.18,35208400,301883104.000
2014-04-30,8.19,8.20,8.02,8.06,25559085,217874736.000
2014-05-05,7.98,8.05,7.87,7.97,29540788,247260528.000
2014-05-06,7.95,8.08,7.92,7.97,22524120,189649088.000
2014-05-07,7.95,7.97,7.89,7.89,13012404,108699184.000
2014-05-08,7.87,8.00,7.85,7.86,24640029,205546208.000
2014-05-09,7.91,7.91,7.82,7.85,14638149,121393696.000
2014-05-12,7.89,8.01,7.84,7.96,21009136,176075632.000
2014-05-13,7.96,7.99,7.93,7.98,10900268,91408264.000
2014-05-14,7.97,8.03,7.92,7.95,12283504,103133224.000
2014-05-15,7.94,8.02,7.90,7.91,11774923,98792464.000
2014-05-16,7.94,8.07,7.92,8.05,25771226,217870624.000
2014-05-19,8.00,8.02,7.85,7.90,15536944,129571496.000
2014-05-20,7.94,7.96,7.86,7.90,8383469,69855672.000
2014-05-21,7.86,7.96,7.78,7.93,13103259,109150240.000
2014-05-22,7.92,8.20,7.90,7.91,40081782,339416480.000
2014-05-23,7.89,8.01,7.89,7.98,21894959,183360080.000
2014-05-26,8.05,8.07,7.93,7.97,15809528,132966240.000
2014-05-27,7.97,7.99,7.87,7.90,19706852,164657088.000
2014-05-28,7.90,7.93,7.85,7.92,23588368,196222288.000
2014-05-29,7.93,7.94,7.83,7.85,15030520,124952056.000
2014-05-30,7.84,7.89,7.82,7.83,11838175,98049704.000
2014-06-03,7.84,7.89,7.76,7.77,15215672,125654440.000
2014-06-04,7.77,7.77,7.58,7.64,26563818,214334944.000
2014-06-05,7.64,7.74,7.61,7.72,14194146,115156472.000
2014-06-06,7.72,7.77,7.64,7.67,11898959,96846512.000
2014-06-09,7.67,7.78,7.65,7.71,11251208,91640592.000
2014-06-10,7.73,7.79,7.65,7.76,18389831,150082880.000
2014-06-11,7.75,7.76,7.69,7.70,12889505,104963264.000
2014-06-12,7.70,7.75,7.69,7.71,7799548,63617552.000
2014-06-13,7.71,7.89,7.69,7.85,26352684,217132400.000
2014-06-16,7.85,7.96,7.80,7.94,21816209,181605568.000
2014-06-17,7.91,7.92,7.78,7.84,15284757,126499904.000
2014-06-18,7.82,7.89,7.81,7.82,11238337,93060648.000
2014-06-19,7.83,7.85,7.71,7.73,11065000,90766840.000
2014-06-20,7.74,7.84,7.74,7.82,10833403,88922648.000
2014-06-23,7.81,7.84,7.71,7.73,13513981,110638648.000
2014-06-24,7.75,7.78,7.70,7.73,14082239,114944448.000
2014-06-25,7.73,7.75,7.67,7.71,12253036,99701888.000
2014-06-26,7.73,7.79,7.71,7.74,9945007,81382240.000
2014-06-27,7.75,7.77,7.71,7.72,12565244,102514248.000
2014-06-30,7.74,7.78,7.71,7.77,12952756,105939000.000
2014-07-01,7.80,7.81,7.72,7.75,11118262,90953240.000
2014-07-02,7.75,7.76,7.69,7.74,16474408,134299168.000
2014-07-03,7.74,7.77,7.71,7.77,16129485,131906000.000
2014-07-04,7.79,7.81,7.76,7.80,19020270,156327248.000
2014-07-07,7.80,7.81,7.74,7.78,14919224,122318904.000
2014-07-08,7.77,7.78,7.72,7.78,15827840,129429288.000
2014-07-09,7.77,7.78,7.67,7.69,23773611,193614992.000
2014-07-10,7.70,7.71,7.63,7.64,17549346,134657344.000
2014-07-11,7.64,7.75,7.62,7.68,12996357,100126920.000
2014-07-14,7.68,7.75,7.67,7.74,11210595,86584064.000
2014-07-15,7.75,7.83,7.73,7.74,20347728,158154944.000
2014-07-16,7.76,7.80,7.74,7.79,19531334,151854064.000
2014-07-17,7.81,7.81,7.73,7.76,9575565,74304512.000
2014-07-18,7.75,7.83,7.73,7.79,16186394,126147008.000
2014-07-21,7.78,7.82,7.77,7.80,11772045,91744568.000
2014-07-22,7.79,7.90,7.76,7.85,17937992,140827600.000
2014-07-23,7.85,7.93,7.83,7.85,20984534,165404320.000
2014-07-24,7.88,8.17,7.83,8.09,46741095,376680960.000
2014-07-25,8.10,8.22,8.07,8.15,28308941,230453488.000
2014-07-28,8.19,8.87,8.19,8.75,128710855,1104090496.000
2014-07-29,8.78,8.87,8.62,8.77,69205625,606738624.000
2014-07-30,8.73,9.05,8.62,8.66,59420847,522760256.000
2014-07-31,8.66,8.84,8.64,8.80,48122448,419532512.000
2014-08-01,8.77,8.98,8.75,8.77,69846215,618568768.000
2014-08-04,8.81,8.91,8.73,8.89,49718269,439392736.000
2014-08-05,8.88,8.90,8.74,8.81,39157563,345027872.000
2014-08-06,8.75,8.88,8.65,8.82,42137267,368770976.000
2014-08-07,8.86,8.86,8.66,8.68,39723273,346714240.000
2014-08-08,8.69,8.72,8.61,8.64,28735661,249123248.000
2014-08-11,8.68,8.79,8.64,8.75,27368445,238918256.000
2014-08-12,8.70,8.74,8.58,8.63,32487411,280129024.000
2014-08-13,8.62,8.66,8.50,8.56,36743654,314803232.000
2014-08-14,8.57,8.59,8.50,8.51,25410022,216727312.000
2014-08-15,8.52,8.60,8.50,8.56,22879470,195778736.000
2014-08-18,8.58,8.62,8.51,8.57,25480194,218058832.000
2014-08-19,8.57,8.60,8.52,8.60,24322608,208084176.000
2014-08-20,8.60,8.61,8.51,8.52,22037714,188380352.000
2014-08-21,8.52,8.54,8.33,8.41,33828583,284387872.000
2014-08-22,8.40,8.54,8.37,8.52,21040615,178009936.000
2014-08-25,8.52,8.52,8.35,8.37,29135055,244558016.000
2014-08-26,8.37,8.50,8.34,8.42,20975361,176663888.000
2014-08-27,8.42,8.46,8.37,8.41,17337419,145798304.000
2014-08-28,8.40,8.43,8.29,8.30,20013274,167011328.000
2014-08-29,8.36,8.44,8.32,8.43,17798456,148868032.000
2014-09-01,8.44,8.47,8.37,8.44,24162873,203639056.000
2014-09-02,8.46,8.59,8.40,8.58,37454835,317914912.000
2014-09-03,8.59,8.73,8.56,8.61,38244879,330583008.000
2014-09-04,8.63,8.65,8.53,8.63,36530657,313444608.000
2014-09-05,8.63,8.71,8.60,8.70,35394620,306790816.000
2014-09-09,8.70,8.72,8.59,8.63,25876911,223582848.000
2014-09-10,8.59,8.60,8.51,8.54,27248759,232901216.000
2014-09-11,8.55,8.65,8.51,8.53,30333410,260111712.000
2014-09-12,8.51,8.51,8.44,8.50,23810494,201713088.000
2014-09-15,8.46,8.48,8.41,8.45,39758979,335756864.000
2014-09-16,8.47,8.65,8.43,8.45,60255254,512037088.000
2014-09-17,8.48,8.50,8.38,8.41,35045471,295409120.000
2014-09-18,8.39,8.54,8.35,8.43,54322081,458948480.000
2014-09-19,8.45,8.50,8.40,8.45,30633581,259154272.000
2014-09-22,8.45,8.45,8.24,8.28,36727664,306362240.000
2014-09-23,8.27,8.37,8.27,8.36,20249647,168537456.000
2014-09-24,8.32,8.49,8.31,8.45,40123562,337952672.000
2014-09-25,8.50,8.52,8.39,8.41,32188267,272223712.000
2014-09-26,8.40,8.46,8.37,8.45,16892088,142233504.000
2014-09-29,8.46,8.50,8.44,8.49,32930908,279042368.000
2014-09-30,8.51,8.52,8.45,8.49,26503721,224769776.000
2014-10-08,8.51,8.54,8.43,8.54,40470656,343845120.000
2014-10-09,8.55,8.55,8.47,8.50,32291526,274957568.000
2014-10-10,8.48,8.63,8.45,8.52,44089036,375113344.000
2014-10-13,8.48,8.54,8.43,8.48,25283224,214043712.000
2014-10-14,8.46,8.52,8.43,8.47,24456775,207172080.000
2014-10-15,8.45,8.55,8.43,8.52,30037106,255440704.000
2014-10-16,8.48,8.68,8.47,8.55,75105655,645750336.000
2014-10-17,8.55,8.61,8.41,8.49,37258249,317087904.000
2014-10-20,8.53,8.55,8.46,8.53,26048646,221325312.000
2014-10-21,8.52,8.55,8.49,8.50,27574646,235053184.000
2014-10-22,8.50,8.56,8.45,8.46,36218334,307881568.000
2014-10-23,8.45,8.53,8.37,8.38,37614707,318053696.000
2014-10-24,8.40,8.41,8.33,8.35,20720987,173301472.000
2014-10-27,8.33,8.33,8.18,8.21,31704857,260764992.000
2014-10-28,8.24,8.30,8.20,8.27,48227405,397933248.000
2014-10-29,8.29,8.41,8.27,8.35,54739715,456066304.000
2014-10-30,8.35,8.51,8.31,8.45,88640910,744832512.000
2014-10-31,8.51,8.97,8.47,8.78,259667961,2268953856.000
2014-11-03,8.88,8.90,8.75,8.80,180544928,1590813568.000
2014-11-04,8.79,8.79,8.64,8.67,100168574,873397440.000
2014-11-05,8.72,8.72,8.53,8.56,114282757,980616576.000
2014-11-06,8.56,8.59,8.50,8.56,76525925,653168512.000
2014-11-07,8.56,8.79,8.53,8.59,192928868,1669162880.000
2014-11-10,8.69,8.83,8.63,8.82,199983020,1743919232.000
2014-11-11,8.90,9.28,8.83,9.05,291988813,2647920128.000
2014-11-12,8.96,9.10,8.91,9.09,105769811,951246784.000
2014-11-13,9.13,9.24,8.97,9.02,136344105,1238980608.000
2014-11-14,8.98,9.05,8.83,8.93,82684418,736724928.000
2014-11-17,8.99,9.05,8.81,8.82,73885572,657720320.000
2014-11-18,8.82,8.85,8.63,8.64,89566374,779029056.000
2014-11-19,8.63,8.65,8.56,8.59,71351173,613252480.000
2014-11-20,8.57,8.66,8.53,8.64,54647531,470177568.000
2014-11-21,8.64,8.79,8.51,8.75,109670701,947892608.000
2014-11-24,8.59,8.87,8.54,8.78,186557935,1624302976.000
2014-11-25,8.75,8.89,8.68,8.87,117949922,1034647040.000
2014-11-26,8.90,9.20,8.86,9.10,169517257,1530717184.000
2014-11-27,9.21,9.38,9.10,9.25,185699852,1716364928.000
2014-11-28,9.28,10.18,9.21,10.18,397206363,3884925696.000
2014-12-01,10.35,10.85,10.22,10.33,366054838,3845761536.000
2014-12-02,10.21,11.32,10.18,11.18,340551770,3691697152.000
2014-12-03,11.18,11.70,10.70,10.89,368915867,4128460800.000
2014-12-04,10.89,11.60,10.79,11.58,319103927,3578339584.000
2014-12-05,11.70,12.30,11.18,11.78,351567898,4125640960.000
2014-12-08,11.58,12.34,11.39,12.02,299924931,3554985984.000
2014-12-09,11.77,12.25,10.82,10.82,340409944,3981746432.000
2014-12-10,10.90,11.37,10.28,11.17,280376451,3030242816.000
2014-12-11,10.99,11.39,10.91,11.00,174334274,1943675904.000
2014-12-12,11.05,11.23,10.78,10.90,116155572,1279516544.000
2014-12-15,10.72,10.89,10.52,10.74,121296733,1291643904.000
2014-12-16,10.77,11.22,10.71,11.22,195070747,2143391232.000
2014-12-17,11.34,12.26,11.20,12.06,378870289,4455090688.000
2014-12-18,12.10,12.24,11.65,11.83,210264359,2503752960.000
2014-12-19,11.79,12.05,11.47,11.91,199726372,2364030208.000
2014-12-22,11.90,12.85,11.85,12.34,323858818,4005943296.000
2014-12-23,12.00,12.42,11.68,11.70,172970689,2085574144.000
2014-12-24,11.76,11.82,11.01,11.22,143599007,1635488000.000
2014-12-25,11.41,12.34,11.30,12.34,388298883,4703796224.000
2014-12-26,12.28,12.84,12.05,12.74,363912486,4528606720.000
2014-12-29,13.27,13.60,12.68,12.82,358146589,4714455040.000
2014-12-30,12.78,13.56,12.66,13.31,262004440,3472144640.000
2014-12-31,13.33,13.56,13.05,13.46,220222569,2942213376.000
2015-01-05,13.56,13.84,13.20,13.54,233031763,3157864448.000
2015-01-06,13.36,13.86,13.13,13.30,194576573,2614867968.000
2015-01-07,13.16,13.39,12.82,13.14,164144053,2147939328.000
2015-01-08,13.15,13.20,12.61,12.65,133523977,1707294976.000
2015-01-09,12.63,13.58,12.52,12.84,230177628,3010164736.000
2015-01-12,12.74,12.96,12.38,12.66,153002941,1938072704.000
2015-01-13,12.62,12.78,12.51,12.58,82844964,1046745856.000
2015-01-14,12.69,13.05,12.66,12.81,116269058,1493569664.000
2015-01-15,12.86,13.59,12.76,13.57,182221361,2406622208.000
2015-01-16,13.59,13.80,13.35,13.56,195295094,2659698176.000
2015-01-19,12.56,12.87,12.20,12.20,200568202,2502721280.000
2015-01-20,12.20,12.39,11.92,12.20,166576084,2029657088.000
2015-01-21,12.28,12.98,12.10,12.96,201647512,2527002624.000
2015-01-22,12.85,12.94,12.60,12.83,118712032,1515342976.000
2015-01-23,12.85,13.34,12.76,13.06,168409823,2194532096.000
2015-01-26,12.97,13.05,12.65,12.94,100653648,1288436224.000
2015-01-27,12.90,12.91,12.32,12.61,127278191,1600858752.000
2015-01-28,12.46,12.65,12.32,12.44,97380005,1212240640.000
2015-01-29,12.25,12.31,12.02,12.15,100572636,1222244992.000
2015-01-30,12.22,12.28,11.97,12.15,87223535,1057813760.000
2015-02-02,11.81,12.05,11.76,11.91,71015891,843192704.000
2015-02-03,12.02,12.18,11.77,12.17,100184623,1195219584.000
2015-02-04,12.09,12.17,11.80,11.84,77228863,927925184.000
2015-02-05,12.32,12.32,11.76,11.85,166165506,2014176512.000
2015-02-06,11.72,11.87,11.52,11.64,72797999,851798208.000
2015-02-09,11.61,11.82,11.45,11.71,80421021,936370688.000
2015-02-10,11.67,11.98,11.63,11.95,78265482,927319680.000
2015-02-11,11.92,11.98,11.81,11.89,46106924,547353600.000
2015-02-12,11.91,12.08,11.66,11.96,64935440,769107264.000
2015-02-13,12.13,12.66,12.01,12.36,214106418,2644279808.000
2015-02-16,12.23,12.30,12.09,12.19,83420225,1016806528.000
2015-02-17,12.25,12.42,12.20,12.24,70653811,867947584.000
2015-02-25,12.25,12.26,11.85,11.87,72106129,866828416.000
2015-02-26,11.88,12.25,11.75,12.22,88337104,1062140288.000
2015-02-27,12.23,12.26,11.99,12.02,125007347,1513821056.000
2015-03-02,12.06,12.10,11.91,12.02,98882346,1184452352.000
2015-03-03,11.95,11.95,11.60,11.61,95652621,1126107648.000
2015-03-04,11.61,11.72,11.50,11.56,66622493,772398208.000
2015-03-05,11.51,11.54,11.24,11.31,82613346,938000320.000
2015-03-06,11.31,11.43,11.27,11.35,51356289,583694528.000
2015-03-09,11.40,12.19,11.27,11.98,192011845,2264851200.000
2015-03-10,11.85,11.91,11.66,11.69,101868051,1197526656.000
2015-03-11,11.70,11.96,11.70,11.74,83912285,992060544.000
2015-03-12,12.00,12.74,11.94,12.36,259650819,3199457280.000
2015-03-13,12.48,12.88,12.24,12.38,191639415,2409617408.000
2015-03-16,12.53,12.67,12.30,12.52,142179539,1777500032.000
2015-03-17,12.70,12.77,12.52,12.67,141480823,1787772672.000
2015-03-18,12.70,12.91,12.63,12.90,156062374,1996701824.000
2015-03-19,12.80,12.85,12.64,12.69,115827693,1474193536.000
2015-03-20,12.65,13.03,12.48,12.78,211701852,2699671296.000
2015-03-23,12.86,12.99,12.74,12.91,152776394,1968310656.000
2015-03-24,12.85,12.99,12.70,12.79,142935150,1828445056.000
2015-03-25,12.70,12.78,12.45,12.50,132250158,1663523456.000
2015-03-26,12.40,12.76,12.32,12.57,114034425,1435803776.000
2015-03-27,12.52,12.95,12.40,12.76,139008285,1768542848.000
2015-03-30,12.88,13.32,12.83,13.19,204086828,2673458176.000
2015-03-31,13.40,13.55,12.84,12.90,188878625,2497976832.000
2015-04-01,12.88,13.15,12.83,12.97,114772257,1490906752.000
2015-04-02,13.02,13.22,12.87,13.06,131537510,1712076288.000
2015-04-03,13.02,13.26,12.95,13.24,155219802,2039263872.000
2015-04-07,13.49,13.88,13.41,13.71,212319147,2892855552.000
2015-04-08,13.71,13.97,13.47,13.96,207298675,2850318848.000
2015-04-09,13.96,14.46,13.85,13.96,234051271,3296415744.000
2015-04-10,13.96,14.69,13.82,14.59,197780701,2821689600.000
数据来源:通达信
