601766 中国南车 日线 前复权
      日期	    开盘	    最高	    最低	    收盘	    成交量	    成交额
2011-03-02,7.69,7.69,7.38,7.49,159310715,1254857088.000
2011-03-03,7.49,7.54,7.26,7.29,112962648,878385536.000
2011-03-04,7.26,7.43,7.22,7.43,68832106,534015488.000
2011-03-07,7.49,7.57,7.33,7.53,145724749,1146993792.000
2011-03-08,7.53,7.54,7.37,7.43,87652175,684969856.000
2011-03-09,7.45,7.73,7.39,7.65,156978736,1254070272.000
2011-03-10,7.60,7.69,7.53,7.53,91830009,734183872.000
2011-03-11,7.50,7.55,7.37,7.39,69798660,547088832.000
2011-03-14,7.30,7.39,7.15,7.23,94569537,720852224.000
2011-03-15,7.20,7.20,6.86,7.02,122820683,907042240.000
2011-03-16,7.04,7.15,7.01,7.11,69849219,522300224.000
2011-03-17,7.06,7.25,6.93,7.16,75738502,566835840.000
2011-03-18,7.26,7.36,7.15,7.33,82499882,630211072.000
2011-03-21,7.29,7.37,7.25,7.30,60044849,462833792.000
2011-03-22,7.32,7.40,7.11,7.37,70575112,542972864.000
2011-03-23,7.40,7.56,7.37,7.46,87355168,688850880.000
2011-03-24,7.47,7.49,7.31,7.32,51145870,397225056.000
2011-03-25,7.32,7.32,7.20,7.28,66771526,510454432.000
2011-03-28,7.28,7.29,7.15,7.22,93175665,708858624.000
2011-03-29,7.16,7.21,7.07,7.08,63834362,480175232.000
2011-03-30,7.01,7.10,6.75,6.79,157914704,1143316864.000
2011-03-31,6.80,6.87,6.76,6.82,53613045,386882912.000
2011-04-01,6.84,6.86,6.65,6.79,58701180,418501472.000
2011-04-06,6.75,6.75,6.62,6.68,62344981,441202656.000
2011-04-07,6.69,6.99,6.68,6.98,120581565,878156800.000
2011-04-08,7.00,7.02,6.90,6.98,59310610,436195584.000
2011-04-11,6.98,7.08,6.96,7.03,74987200,557363776.000
2011-04-12,7.03,7.15,6.98,7.06,77606045,579969664.000
2011-04-13,7.04,7.30,6.96,7.22,101508217,768670400.000
2011-04-14,7.28,7.31,6.99,7.02,81692675,615931392.000
2011-04-15,6.98,7.06,6.77,6.91,76185256,554477824.000
2011-04-18,6.83,6.95,6.77,6.95,53110809,385256224.000
2011-04-19,6.90,6.90,6.78,6.79,43521220,313857344.000
2011-04-20,6.83,6.93,6.81,6.83,36137673,262014208.000
2011-04-21,6.87,6.90,6.83,6.85,35572742,257822864.000
2011-04-22,6.85,6.86,6.76,6.79,32488394,233457072.000
2011-04-25,6.79,6.93,6.68,6.82,65476212,472285504.000
2011-04-27,6.80,6.82,6.65,6.69,55059520,390954464.000
2011-04-28,6.73,6.75,6.45,6.49,56292092,393918144.000
2011-04-29,6.45,6.55,6.43,6.53,28547105,196898832.000
2011-05-03,6.49,6.49,6.33,6.48,54067892,368316512.000
2011-05-04,6.46,6.52,6.37,6.39,45605748,311681984.000
2011-05-05,6.32,6.35,6.16,6.18,62407656,413503296.000
2011-05-06,6.10,6.23,6.07,6.20,48544914,318488704.000
2011-05-09,6.31,6.65,6.30,6.53,102581344,711135040.000
2011-05-10,6.55,6.58,6.46,6.53,31534256,218165808.000
2011-05-11,6.58,6.70,6.51,6.53,56467780,396073216.000
2011-05-12,6.54,6.55,6.32,6.33,35706570,244247328.000
2011-05-13,6.32,6.39,6.26,6.39,27097628,182101712.000
2011-05-16,6.40,6.53,6.33,6.35,27721253,189425856.000
2011-05-17,6.35,6.46,6.28,6.39,29104420,197121216.000
2011-05-18,6.38,6.47,6.33,6.43,21293524,145251536.000
2011-05-19,6.40,6.43,6.30,6.33,28049041,189479248.000
2011-05-20,6.32,6.33,6.24,6.29,24060883,160586016.000
2011-05-23,6.38,6.39,6.10,6.11,39721861,263662176.000
2011-05-24,6.09,6.09,5.94,6.06,27870158,178532464.000
2011-05-25,6.05,6.35,5.97,6.18,49615945,326816032.000
2011-05-26,6.20,6.25,6.04,6.06,28858744,188945248.000
2011-05-27,6.06,6.19,6.05,6.10,32156377,209512192.000
2011-05-31,6.14,6.27,6.10,6.24,33144477,218697600.000
2011-06-01,6.26,6.27,6.18,6.22,23489723,155386480.000
2011-06-02,6.14,6.24,6.05,6.15,22523189,147237728.000
2011-06-03,6.15,6.27,6.15,6.22,36531343,241500848.000
2011-06-07,6.29,6.45,6.29,6.45,80755668,548622272.000
2011-06-08,6.48,6.57,6.39,6.54,63210176,435104384.000
2011-06-15,6.60,6.95,6.37,6.41,139681631,981386048.000
2011-06-16,6.35,6.52,6.28,6.32,50457529,342281536.000
2011-06-17,6.30,6.35,6.18,6.19,29377404,195790288.000
2011-06-20,6.27,6.31,6.20,6.27,29522785,196396672.000
2011-06-21,6.32,6.35,6.11,6.25,41132029,271898752.000
2011-06-22,6.22,6.31,6.15,6.24,23305577,153962896.000
2011-06-23,6.20,6.32,6.17,6.30,23408235,154800848.000
2011-06-24,6.27,6.62,6.24,6.57,107152717,737434816.000
2011-06-27,6.54,6.78,6.52,6.66,77734224,546178048.000
2011-06-28,6.62,6.76,6.56,6.69,57001809,401184128.000
2011-06-29,6.72,6.77,6.63,6.71,56400868,398667200.000
2011-06-30,6.72,6.94,6.72,6.76,68928336,493077728.000
2011-07-01,6.80,6.82,6.64,6.67,47536551,335067360.000
2011-07-04,6.70,6.80,6.64,6.78,66375291,470579616.000
2011-07-05,6.78,6.83,6.72,6.78,44800923,319368160.000
2011-07-06,6.77,6.84,6.70,6.81,52924598,377814752.000
2011-07-07,6.81,6.94,6.77,6.84,82074707,592799168.000
2011-07-08,6.85,6.91,6.78,6.80,50354455,362491392.000
2011-07-11,6.76,6.78,6.67,6.71,48380779,341739936.000
2011-07-12,6.65,6.67,6.50,6.51,54048546,374050656.000
2011-07-13,6.50,6.62,6.50,6.58,48593561,335852544.000
2011-07-14,6.56,6.58,6.44,6.51,57434337,393760256.000
2011-07-15,6.50,6.57,6.47,6.54,35638354,245800368.000
2011-07-18,6.54,6.63,6.50,6.61,50728373,352233216.000
2011-07-19,6.59,6.66,6.50,6.52,46326116,321501248.000
2011-07-20,6.57,6.59,6.33,6.38,44546097,301991840.000
2011-07-21,6.39,6.43,6.33,6.35,22908002,154109264.000
2011-07-22,6.37,6.40,6.23,6.27,39595666,263109904.000
2011-07-25,5.79,5.89,5.63,5.68,261169703,1592445440.000
2011-07-26,5.54,5.54,5.26,5.46,112569956,650795456.000
2011-07-27,5.40,5.55,5.36,5.49,90903338,530892480.000
2011-07-28,5.49,5.61,5.43,5.57,87229192,513840416.000
2011-07-29,5.59,5.59,5.44,5.45,48136815,281591904.000
2011-08-01,5.45,5.47,5.29,5.32,61326700,349246048.000
2011-08-02,5.30,5.30,5.09,5.13,57085946,313651968.000
2011-08-03,5.04,5.15,4.97,5.08,51930818,281634272.000
2011-08-04,5.09,5.21,5.09,5.18,60211832,332017280.000
2011-08-05,5.04,5.12,4.96,5.03,47137849,254960704.000
2011-08-08,4.96,5.05,4.74,4.94,72143871,380990400.000
2011-08-09,4.80,5.04,4.76,4.99,57663054,303944032.000
2011-08-10,5.08,5.11,4.99,5.01,57415459,309992000.000
2011-08-11,4.83,4.96,4.79,4.92,80380802,420552096.000
2011-08-12,4.92,5.14,4.84,5.05,102433279,548046080.000
2011-08-15,5.05,5.07,5.00,5.07,55872170,301475168.000
2011-08-16,5.10,5.22,5.10,5.13,68983265,380693024.000
2011-08-17,5.09,5.16,5.00,5.02,35281001,191414432.000
2011-08-18,5.03,5.05,4.77,4.85,56966447,299805376.000
2011-08-19,4.75,4.81,4.67,4.70,62486067,317365216.000
2011-08-22,4.69,4.76,4.57,4.60,48221741,241856544.000
2011-08-23,4.63,4.73,4.59,4.71,38073396,191605888.000
2011-08-24,4.74,4.77,4.66,4.70,28012966,142005408.000
2011-08-25,4.75,4.91,4.73,4.90,70831347,367059840.000
2011-08-26,4.86,4.94,4.83,4.90,37513872,197053968.000
2011-08-29,4.86,4.87,4.78,4.79,31100477,160982848.000
2011-08-30,4.83,4.86,4.71,4.72,35111204,180633696.000
2011-08-31,4.73,4.76,4.66,4.74,22175995,112246984.000
2011-09-01,4.74,4.74,4.68,4.69,19804573,100324992.000
2011-09-02,4.67,4.69,4.60,4.63,30300565,151202048.000
2011-09-05,4.59,4.59,4.44,4.45,36168660,175329392.000
2011-09-06,4.42,4.47,4.34,4.44,21870670,104796112.000
2011-09-07,4.47,4.52,4.44,4.51,20604311,99808080.000
2011-09-08,4.57,4.57,4.43,4.44,16266640,78854656.000
2011-09-09,4.47,4.51,4.39,4.40,23101719,110761720.000
2011-09-13,4.34,4.34,4.26,4.30,28689268,133685568.000
2011-09-14,4.32,4.33,4.18,4.27,39807425,183173488.000
2011-09-15,4.28,4.39,4.25,4.33,43717934,204326432.000
2011-09-16,4.34,4.37,4.22,4.25,42709588,198133632.000
2011-09-19,4.24,4.24,4.12,4.15,25828958,116574104.000
2011-09-20,4.15,4.20,4.10,4.17,21774515,98428464.000
2011-09-21,4.18,4.61,4.14,4.45,122013374,583421504.000
2011-09-22,4.39,4.46,4.29,4.30,67360955,318959968.000
2011-09-23,4.22,4.32,4.19,4.27,35982881,166105472.000
2011-09-26,4.27,4.39,4.22,4.28,62035838,289629920.000
2011-09-27,4.33,4.41,4.29,4.36,43528424,204814352.000
2011-09-28,4.29,4.35,4.25,4.28,47900873,223049552.000
2011-09-29,4.25,4.28,4.16,4.18,31649856,144774096.000
2011-09-30,4.20,4.22,4.11,4.15,24870208,111798096.000
2011-10-10,4.14,4.15,4.03,4.08,29831814,132212360.000
2011-10-11,4.21,4.23,4.01,4.08,25831836,115516592.000
2011-10-12,4.06,4.39,4.02,4.31,94115992,434085152.000
2011-10-13,4.38,4.60,4.33,4.55,126331515,613254464.000
2011-10-14,4.54,4.67,4.51,4.63,98429284,488697024.000
2011-10-17,4.59,4.71,4.57,4.67,64995893,325726560.000
2011-10-18,4.61,4.69,4.52,4.56,57263010,284031616.000
2011-10-19,4.53,4.73,4.49,4.65,74617177,371937056.000
2011-10-20,4.62,4.69,4.38,4.60,80303882,392054048.000
2011-10-21,4.56,4.67,4.49,4.63,54046157,268163104.000
2011-10-24,4.65,4.83,4.47,4.81,116567200,586038528.000
2011-10-25,4.79,5.06,4.74,4.97,109948051,581172096.000
2011-10-26,4.95,5.37,4.92,5.09,162594721,896533504.000
2011-10-27,5.08,5.12,4.96,4.97,55064384,296411744.000
2011-10-28,5.06,5.29,4.97,5.09,96865104,527732992.000
2011-10-31,5.07,5.14,4.91,5.12,68989452,370864256.000
2011-11-01,5.06,5.29,5.01,5.20,70848828,393305792.000
2011-11-02,5.15,5.49,5.08,5.44,124235372,705869824.000
2011-11-03,5.48,5.49,5.32,5.33,77973797,447961440.000
2011-11-04,5.37,5.42,5.19,5.27,69411864,390527136.000
2011-11-08,5.18,5.21,4.95,5.03,100488359,542373696.000
2011-11-09,5.03,5.09,4.94,5.08,49457868,265852384.000
2011-11-10,5.01,5.02,4.92,4.93,45438699,241724880.000
2011-11-11,4.96,5.09,4.90,4.97,30830072,164584896.000
2011-11-14,5.02,5.10,4.98,5.07,48095744,259541744.000
2011-11-15,5.07,5.07,4.98,5.02,36639652,196747408.000
2011-11-16,5.02,5.02,4.77,4.86,51830073,270835680.000
2011-11-17,4.83,4.89,4.78,4.81,22192165,114953488.000
2011-11-18,4.77,4.85,4.74,4.79,32726646,168741056.000
2011-11-21,4.78,4.92,4.76,4.90,31408065,164427680.000
2011-11-22,4.84,4.93,4.82,4.89,19634790,102823608.000
2011-11-23,4.88,4.92,4.81,4.87,21023501,109830992.000
2011-11-24,4.83,4.85,4.68,4.82,23759907,122102240.000
2011-11-25,4.82,4.85,4.72,4.75,10795414,55480092.000
2011-11-28,4.75,4.82,4.74,4.75,13019494,66903776.000
2011-11-29,4.80,4.84,4.78,4.83,18369544,94794728.000
2011-11-30,4.80,4.89,4.62,4.73,24796626,126383976.000
2011-12-01,4.84,4.94,4.74,4.90,36604617,191538528.000
2011-12-02,4.90,4.99,4.85,4.96,47912278,254201168.000
2011-12-05,4.96,4.97,4.76,4.89,34865972,181040128.000
2011-12-06,4.86,4.89,4.78,4.88,16367805,84925504.000
2011-12-07,4.88,4.91,4.84,4.89,16292757,85378832.000
2011-12-08,4.87,4.90,4.81,4.85,15234292,79347056.000
2011-12-09,4.82,4.86,4.79,4.83,15524579,80430016.000
2011-12-12,4.80,4.85,4.72,4.76,15070850,77623704.000
2011-12-13,4.72,4.72,4.39,4.51,55180689,267891408.000
2011-12-14,4.47,4.49,4.34,4.43,19743192,93932464.000
2011-12-15,4.37,4.44,4.27,4.37,18790442,88701352.000
2011-12-16,4.36,4.56,4.29,4.53,20574051,97748304.000
2011-12-19,4.51,4.51,4.39,4.48,20229278,97097304.000
2011-12-20,4.48,4.57,4.48,4.49,15716348,76609952.000
2011-12-21,4.53,4.55,4.34,4.41,13173082,63701728.000
2011-12-22,4.35,4.47,4.29,4.38,20422443,97117648.000
2011-12-23,4.40,4.49,4.37,4.41,23372782,111956248.000
2011-12-26,4.40,4.41,4.02,4.06,75439401,342133408.000
2011-12-27,4.04,4.10,3.88,3.97,39021422,168755840.000
2011-12-28,3.95,3.97,3.84,3.92,25451193,108755024.000
2011-12-29,3.94,4.07,3.91,3.96,45908903,199328672.000
2011-12-30,3.97,4.00,3.91,3.97,29679449,128472992.000
2012-01-04,4.00,4.03,3.80,3.81,27088361,115720976.000
2012-01-05,3.84,3.85,3.73,3.79,29486209,122867920.000
2012-01-06,3.79,3.83,3.74,3.81,22609502,93649696.000
2012-01-09,3.81,3.94,3.78,3.93,54673628,231278464.000
2012-01-10,3.92,4.16,3.91,4.14,80050786,351957856.000
2012-01-11,4.14,4.21,4.07,4.14,47137054,211819120.000
2012-01-12,4.14,4.26,4.09,4.16,35091888,159065088.000
2012-01-13,4.18,4.19,3.99,4.11,40277677,179230832.000
2012-01-16,4.07,4.14,3.98,4.05,18571547,82065016.000
2012-01-17,4.04,4.49,4.03,4.37,52750101,242644384.000
2012-01-18,4.36,4.42,4.20,4.26,40653215,189291584.000
2012-01-19,4.30,4.38,4.20,4.36,31477119,146593328.000
2012-01-20,4.37,4.40,4.30,4.38,22204113,104762768.000
2012-01-30,4.41,4.43,4.28,4.28,22624110,106231344.000
2012-01-31,4.30,4.32,4.19,4.24,23032585,105882464.000
2012-02-01,4.24,4.28,4.17,4.20,18041116,82748976.000
2012-02-02,4.21,4.30,4.16,4.30,23818524,109749136.000
2012-02-03,4.30,4.35,4.24,4.30,27866949,129722808.000
2012-02-06,4.30,4.33,4.25,4.28,21531826,100215208.000
2012-02-07,4.26,4.31,4.18,4.21,24392279,112010608.000
2012-02-08,4.21,4.32,4.20,4.31,25486816,118020368.000
2012-02-09,4.31,4.39,4.28,4.31,30130995,141373600.000
2012-02-10,4.29,4.45,4.28,4.37,52587633,249083552.000
2012-02-13,4.34,4.50,4.31,4.47,48678058,232106960.000
2012-02-14,4.44,4.49,4.41,4.47,20717430,99522120.000
2012-02-15,4.46,4.50,4.42,4.49,23665965,114156744.000
2012-02-16,4.46,4.53,4.42,4.46,27249802,131587864.000
2012-02-17,4.49,4.51,4.44,4.46,16386586,79280480.000
2012-02-20,4.52,4.54,4.45,4.45,29749408,144261616.000
2012-02-21,4.47,4.47,4.39,4.46,24869951,119414256.000
2012-02-22,4.47,4.54,4.45,4.51,30914013,150232384.000
2012-02-23,4.50,4.54,4.47,4.49,31724217,154068016.000
2012-02-24,4.50,4.65,4.48,4.63,77109495,381870528.000
2012-02-27,4.65,4.78,4.65,4.70,56903468,289253792.000
2012-02-28,4.68,4.74,4.60,4.68,38281325,191721696.000
2012-02-29,4.65,4.68,4.54,4.57,37293210,184704672.000
2012-03-01,4.54,4.59,4.52,4.56,17964081,88305040.000
2012-03-02,4.56,4.68,4.55,4.63,40098947,199394432.000
2012-03-05,4.62,4.65,4.54,4.55,33666491,166641376.000
2012-03-06,4.54,4.56,4.43,4.43,30281732,146592000.000
2012-03-07,4.41,4.44,4.36,4.37,23725785,112662544.000
2012-03-08,4.39,4.44,4.37,4.40,20349341,96916192.000
2012-03-09,4.42,4.47,4.38,4.42,29072092,138825856.000
2012-03-12,4.44,4.45,4.36,4.40,36624221,174015872.000
2012-03-13,4.39,4.41,4.35,4.40,30491074,144650624.000
2012-03-14,4.42,4.47,4.16,4.26,67702421,320313376.000
2012-03-15,4.24,4.25,4.17,4.18,38576525,176070304.000
2012-03-16,4.20,4.24,4.13,4.22,31793804,144795344.000
2012-03-19,4.22,4.36,4.17,4.31,31033703,143593072.000
2012-03-20,4.30,4.30,4.19,4.22,20491748,94088048.000
2012-03-21,4.25,4.28,4.19,4.21,21146912,97146824.000
2012-03-22,4.26,4.36,4.25,4.27,40027047,186442864.000
2012-03-23,4.29,4.29,4.15,4.18,20265120,93071896.000
2012-03-26,4.17,4.20,4.11,4.14,16639092,75000936.000
2012-03-27,4.14,4.17,4.10,4.12,13008090,58396616.000
2012-03-28,4.11,4.12,3.99,4.01,19462414,85834064.000
2012-03-29,3.99,4.14,3.92,4.06,23023760,100666456.000
2012-03-30,4.05,4.12,4.03,4.08,16105991,71495280.000
2012-04-05,4.09,4.27,4.08,4.18,29829561,134623696.000
2012-04-06,4.17,4.22,4.09,4.14,22404768,101148656.000
2012-04-09,4.14,4.15,4.05,4.06,15780731,70483952.000
2012-04-10,4.06,4.10,4.00,4.09,13472499,59309396.000
2012-04-11,4.04,4.07,3.99,4.04,23717119,104040880.000
2012-04-12,4.03,4.09,4.00,4.09,38544154,169805600.000
2012-04-13,4.09,4.14,4.08,4.13,35465197,158723024.000
2012-04-16,4.12,4.20,4.10,4.18,40406154,182994240.000
2012-04-17,4.21,4.24,4.16,4.17,30189715,137767392.000
2012-04-18,4.22,4.52,4.22,4.48,116442958,554550976.000
2012-04-19,4.47,4.54,4.40,4.44,44727132,215455888.000
2012-04-20,4.48,4.72,4.45,4.61,86310332,429006560.000
2012-04-23,4.63,4.74,4.53,4.56,69314892,346285920.000
2012-04-24,4.56,4.59,4.41,4.56,44783992,217662080.000
2012-04-25,4.58,4.72,4.54,4.68,69409301,347340704.000
2012-04-26,4.70,4.74,4.63,4.68,46529357,234113312.000
2012-04-27,4.69,4.72,4.64,4.66,25778612,129566104.000
2012-05-02,4.72,4.76,4.66,4.69,58856865,297282208.000
2012-05-03,4.67,4.68,4.60,4.60,43441277,216386320.000
2012-05-04,4.60,4.64,4.55,4.63,31867182,158284432.000
2012-05-07,4.58,4.64,4.55,4.59,35791395,177016624.000
2012-05-08,4.62,4.62,4.56,4.59,25999185,128613392.000
2012-05-09,4.56,4.57,4.44,4.45,31390880,152191520.000
2012-05-10,4.43,4.50,4.40,4.44,28641245,137457792.000
2012-05-11,4.42,4.48,4.40,4.42,22620962,108413056.000
2012-05-14,4.45,4.49,4.42,4.46,23441272,113081272.000
2012-05-15,4.43,4.46,4.36,4.45,22151618,105453608.000
2012-05-16,4.42,4.44,4.29,4.32,27677615,130267560.000
2012-05-17,4.32,4.47,4.29,4.41,25856513,122490264.000
2012-05-18,4.37,4.38,4.30,4.31,17592269,82520928.000
2012-05-21,4.38,4.64,4.38,4.47,60371912,293768992.000
2012-05-22,4.50,4.58,4.46,4.54,47783569,233452992.000
2012-05-23,4.55,4.63,4.52,4.59,40887037,201781536.000
2012-05-24,4.62,4.73,4.53,4.56,51537184,257420272.000
2012-05-25,4.57,4.69,4.46,4.63,54252867,269905504.000
2012-05-28,4.64,4.76,4.55,4.74,76940582,388796768.000
2012-05-29,4.74,4.77,4.66,4.71,54241352,274886944.000
2012-05-31,4.65,4.66,4.55,4.57,41084365,203289920.000
2012-06-01,4.55,4.60,4.49,4.58,29497043,144705232.000
2012-06-04,4.50,4.50,4.42,4.45,32068494,154310480.000
2012-06-05,4.44,4.47,4.39,4.41,20172527,96676400.000
2012-06-06,4.41,4.44,4.36,4.42,13436800,63936500.000
2012-06-07,4.46,4.49,4.37,4.41,14874218,71256992.000
2012-06-08,4.44,4.44,4.23,4.29,32638909,152905056.000
2012-06-11,4.29,4.38,4.28,4.36,16063383,75343736.000
2012-06-12,4.32,4.41,4.31,4.39,16117438,75990768.000
2012-06-13,4.40,4.47,4.35,4.46,25636615,122307408.000
2012-06-14,4.43,4.45,4.36,4.37,11548412,55004144.000
2012-06-15,4.39,4.42,4.33,4.40,14070139,66635560.000
2012-06-18,4.42,4.47,4.41,4.43,13541382,64992088.000
2012-06-19,4.42,4.55,4.40,4.48,35696162,173609840.000
2012-06-20,4.50,4.51,4.43,4.49,14080317,67974608.000
2012-06-21,4.47,4.48,4.39,4.41,13013051,62222648.000
2012-06-25,4.40,4.41,4.31,4.32,13567494,64167072.000
2012-06-26,4.28,4.35,4.26,4.34,10411612,48554008.000
2012-06-27,4.34,4.36,4.28,4.31,11796000,55172096.000
2012-06-28,4.31,4.32,4.24,4.25,12707167,59068192.000
2012-06-29,4.25,4.25,4.08,4.20,34413583,155390080.000
2012-07-02,4.22,4.23,4.08,4.10,27922344,125390904.000
2012-07-03,4.12,4.21,4.11,4.13,26924207,121382160.000
2012-07-04,4.14,4.16,3.95,4.02,33977640,149279424.000
2012-07-05,3.99,4.00,3.84,3.94,34931772,149330176.000
2012-07-06,3.97,4.04,3.92,4.03,28572086,123751392.000
2012-07-09,4.04,4.11,3.96,3.99,28171318,118802008.000
2012-07-10,4.01,4.04,3.96,4.01,17757745,74253936.000
2012-07-11,4.06,4.28,4.05,4.20,53806861,234942064.000
2012-07-12,4.20,4.25,4.16,4.21,23866026,104581336.000
2012-07-13,4.21,4.24,4.15,4.22,23387950,102457504.000
2012-07-16,4.22,4.22,4.11,4.12,24075944,104003128.000
2012-07-17,4.11,4.21,4.09,4.17,21679367,93964224.000
2012-07-18,4.14,4.17,4.09,4.15,10782673,46434424.000
2012-07-19,4.15,4.20,4.10,4.15,23856066,103488296.000
2012-07-20,4.13,4.22,4.12,4.18,23405614,102043320.000
2012-07-23,4.15,4.15,4.03,4.08,13636061,58334416.000
2012-07-24,4.06,4.13,4.04,4.11,7311375,31278788.000
2012-07-25,4.10,4.13,4.07,4.10,9879331,42344844.000
2012-07-26,4.09,4.11,4.00,4.01,20857838,87751344.000
2012-07-27,4.03,4.04,4.00,4.02,10335803,43424792.000
2012-07-30,4.05,4.06,3.98,4.00,13788940,57786436.000
2012-07-31,4.02,4.03,3.98,3.99,13529545,56691736.000
2012-08-01,4.02,4.11,3.99,4.09,23240028,98782368.000
2012-08-02,4.13,4.15,4.09,4.12,17172026,73745176.000
2012-08-03,4.13,4.17,4.10,4.17,21342553,92385760.000
2012-08-06,4.16,4.19,4.14,4.18,14991779,65186368.000
2012-08-07,4.18,4.19,4.13,4.14,13220343,57255908.000
2012-08-08,4.15,4.16,4.11,4.14,13648937,58784696.000
2012-08-09,4.13,4.18,4.11,4.17,14988782,64979420.000
2012-08-10,4.17,4.18,4.13,4.15,9829876,42607848.000
2012-08-13,4.15,4.15,4.06,4.07,15642104,66929800.000
2012-08-14,4.08,4.09,4.05,4.07,12200989,51842872.000
2012-08-15,4.08,4.08,4.02,4.03,8035914,33891192.000
2012-08-16,4.03,4.04,4.00,4.02,8029732,33708768.000
2012-08-17,4.04,4.15,4.02,4.13,19851768,84606040.000
2012-08-20,4.14,4.14,4.05,4.10,19854905,84754992.000
2012-08-21,4.10,4.13,4.06,4.11,14646125,62759528.000
2012-08-22,4.11,4.11,4.03,4.04,10985819,46705452.000
2012-08-23,4.06,4.09,4.04,4.05,7047302,29887240.000
2012-08-24,4.04,4.10,4.00,4.02,9607388,40521996.000
2012-08-27,4.03,4.03,3.79,3.82,35866067,144805392.000
2012-08-28,3.82,3.89,3.81,3.85,12971512,52207184.000
2012-08-29,3.85,3.86,3.79,3.84,13451266,53869936.000
2012-08-30,3.88,3.97,3.85,3.88,25906579,105851688.000
2012-08-31,3.87,3.88,3.77,3.81,20639463,82992112.000
2012-09-03,3.80,3.84,3.79,3.80,23516488,93816168.000
2012-09-04,3.82,3.83,3.70,3.74,23327385,91759472.000
2012-09-05,3.72,3.73,3.63,3.69,28230077,108314104.000
2012-09-06,3.83,3.90,3.81,3.86,65449659,264596416.000
2012-09-07,3.90,4.24,3.87,4.11,104418622,441531168.000
2012-09-10,4.14,4.17,4.07,4.10,38953536,167316864.000
2012-09-11,4.14,4.17,4.07,4.10,32614432,140198336.000
2012-09-12,4.14,4.18,4.08,4.12,26184872,112918000.000
2012-09-13,4.12,4.12,4.05,4.06,20104751,85630240.000
2012-09-14,4.10,4.12,4.04,4.06,23327329,99317144.000
2012-09-17,4.04,4.05,3.91,3.92,24811864,103060192.000
2012-09-18,3.88,3.92,3.83,3.83,18764049,75818904.000
2012-09-19,3.83,3.90,3.82,3.87,20390763,82193336.000
2012-09-20,3.85,3.86,3.74,3.76,19477785,77037072.000
2012-09-21,3.76,3.79,3.72,3.73,15455746,60818236.000
2012-09-24,3.71,3.78,3.64,3.73,23760713,92353712.000
2012-09-25,3.71,3.75,3.67,3.68,13396857,51984148.000
2012-09-26,3.69,3.70,3.61,3.62,21663464,82660784.000
2012-09-27,3.62,3.77,3.57,3.71,33872595,130518456.000
2012-09-28,3.71,3.94,3.68,3.93,66809291,268201536.000
2012-10-08,3.91,3.99,3.81,3.87,26592445,108091024.000
2012-10-09,3.89,4.00,3.89,4.00,42640173,176826752.000
2012-10-10,3.99,4.02,3.95,4.01,18150247,75677160.000
2012-10-11,4.00,4.16,3.99,4.03,69895393,298980416.000
2012-10-12,4.07,4.10,4.01,4.07,29927974,127102976.000
2012-10-15,4.09,4.10,4.00,4.06,24272742,102544832.000
2012-10-16,4.04,4.12,4.03,4.07,17894335,76290832.000
2012-10-17,4.08,4.14,4.05,4.08,16833075,71772600.000
2012-10-18,4.09,4.19,4.09,4.15,27552267,119275136.000
2012-10-19,4.15,4.17,4.11,4.12,10304887,44483456.000
2012-10-22,4.11,4.14,4.06,4.11,16756028,71652760.000
2012-10-23,4.10,4.24,4.10,4.16,44429293,194282288.000
2012-10-24,4.14,4.22,4.12,4.16,17134446,74736776.000
2012-10-25,4.17,4.20,4.04,4.06,23343567,100180592.000
2012-10-26,4.06,4.09,3.97,3.98,16775709,70368024.000
2012-10-29,3.94,4.08,3.94,4.00,14705423,61878716.000
2012-10-30,4.00,4.07,3.99,4.06,22472170,94598752.000
2012-10-31,4.06,4.32,4.04,4.29,104329997,461087808.000
2012-11-01,4.29,4.45,4.29,4.35,63655622,289944416.000
2012-11-02,4.35,4.38,4.32,4.35,25546260,115881344.000
2012-11-05,4.35,4.43,4.31,4.41,26135295,118911400.000
2012-11-06,4.41,4.41,4.29,4.36,22472365,101461024.000
2012-11-07,4.36,4.39,4.29,4.30,14013895,63349704.000
2012-11-08,4.29,4.39,4.25,4.30,42380562,191616784.000
2012-11-09,4.31,4.52,4.30,4.49,68289658,316127872.000
2012-11-12,4.49,4.67,4.46,4.62,71319999,342063680.000
2012-11-13,4.65,4.65,4.50,4.52,38313581,180945200.000
2012-11-14,4.50,4.60,4.41,4.47,37547324,175018240.000
2012-11-15,4.47,4.50,4.35,4.37,49584261,227606784.000
2012-11-16,4.35,4.55,4.32,4.42,65881130,302050016.000
2012-11-19,4.38,4.54,4.35,4.51,44536025,205528192.000
2012-11-20,4.51,4.54,4.35,4.36,37948861,174862032.000
2012-11-21,4.37,4.45,4.36,4.43,21982836,100788280.000
2012-11-22,4.43,4.45,4.39,4.45,25546787,117528448.000
2012-11-23,4.46,4.58,4.42,4.54,35669042,168151648.000
2012-11-26,4.52,4.63,4.51,4.57,31411942,149917248.000
2012-11-27,4.57,4.61,4.43,4.50,33796583,158372640.000
2012-11-28,4.48,4.48,4.36,4.41,28755018,131677864.000
2012-11-29,4.40,4.47,4.40,4.45,30923150,143300720.000
2012-11-30,4.46,4.67,4.45,4.60,48315285,230454560.000
2012-12-03,4.60,4.72,4.58,4.66,46155083,223184448.000
2012-12-04,4.64,4.71,4.59,4.66,29662527,143523504.000
2012-12-05,4.66,4.90,4.65,4.87,67807681,337531360.000
2012-12-06,4.87,4.89,4.71,4.75,55215578,273516288.000
2012-12-07,4.73,4.84,4.69,4.76,46956644,232358128.000
2012-12-10,4.77,4.89,4.73,4.81,47318411,236250656.000
2012-12-11,4.79,4.79,4.71,4.73,24152173,118678896.000
2012-12-12,4.72,4.77,4.64,4.74,24102053,117642240.000
2012-12-13,4.75,4.79,4.72,4.72,21984884,108337400.000
2012-12-14,4.73,4.87,4.69,4.86,66735399,332948160.000
2012-12-17,4.86,4.90,4.74,4.78,67329967,335773632.000
2012-12-18,4.79,4.82,4.73,4.75,42528221,210618224.000
2012-12-19,4.77,4.77,4.70,4.74,31865300,156426400.000
2012-12-20,4.74,4.74,4.62,4.70,41559966,202045456.000
2012-12-21,4.70,4.83,4.68,4.72,45566378,225131280.000
2012-12-24,4.72,4.77,4.63,4.66,42012971,204469504.000
2012-12-25,4.65,4.80,4.65,4.78,50397063,248946528.000
2012-12-26,4.80,4.84,4.75,4.83,49789874,247489824.000
2012-12-27,4.84,4.87,4.71,4.75,32654639,161677696.000
2012-12-28,4.74,4.78,4.68,4.78,33238669,163137008.000
2012-12-31,4.77,4.83,4.67,4.78,54622369,269800992.000
2013-01-04,4.79,5.00,4.73,4.99,111244667,567911104.000
2013-01-07,4.97,5.02,4.91,5.01,68787735,355292224.000
2013-01-08,5.00,5.00,4.89,4.92,45078889,229958848.000
2013-01-09,4.90,4.91,4.81,4.87,40466684,204083440.000
2013-01-10,4.86,4.91,4.78,4.84,43013401,215793568.000
2013-01-11,4.84,4.85,4.75,4.76,28686758,142676032.000
2013-01-14,4.80,4.92,4.79,4.92,49982314,252439376.000
2013-01-15,4.92,5.02,4.86,4.95,86616342,441796320.000
2013-01-16,4.96,4.96,4.80,4.84,54975186,276693984.000
2013-01-17,4.84,4.85,4.70,4.75,49052002,241927152.000
2013-01-18,4.77,4.85,4.70,4.83,65235361,322341568.000
2013-01-21,4.84,4.92,4.75,4.84,61574500,308772480.000
2013-01-22,4.84,4.85,4.70,4.74,65839536,324847488.000
2013-01-23,4.71,4.75,4.65,4.72,30913606,150687632.000
2013-01-24,4.71,4.79,4.60,4.62,58734751,285644896.000
2013-01-25,4.64,4.64,4.52,4.53,41962348,198338048.000
2013-01-28,4.53,4.67,4.53,4.66,58861555,282169568.000
2013-01-29,4.66,4.73,4.66,4.70,46740475,227926928.000
2013-01-30,4.70,4.73,4.68,4.71,37248282,181780336.000
2013-01-31,4.71,4.72,4.64,4.67,28980512,140696640.000
2013-02-01,4.70,4.70,4.60,4.63,47434128,228328672.000
2013-02-04,4.66,4.68,4.54,4.58,54796525,262434240.000
2013-02-05,4.58,5.06,4.58,5.06,240127133,1225712640.000
2013-02-06,5.04,5.04,4.86,4.93,114853412,585056704.000
2013-02-07,4.92,4.93,4.86,4.89,46771238,237173712.000
2013-02-08,4.88,4.94,4.86,4.90,50326083,255559072.000
2013-02-18,4.93,4.95,4.87,4.89,35525614,180380400.000
2013-02-19,4.91,5.06,4.88,4.90,82644707,425605824.000
2013-02-20,4.91,4.94,4.81,4.88,42466526,213544288.000
2013-02-21,4.82,4.83,4.68,4.71,47807911,235647968.000
2013-02-22,4.71,4.76,4.68,4.69,26883933,131805080.000
2013-02-25,4.72,4.78,4.71,4.73,31008526,152615872.000
2013-02-26,4.73,4.73,4.55,4.56,49628685,239027856.000
2013-02-27,4.59,4.64,4.45,4.51,43536019,205077888.000
2013-02-28,4.54,4.63,4.48,4.61,44433470,211460080.000
2013-03-01,4.63,4.63,4.51,4.58,32946387,156350224.000
2013-03-04,4.54,4.57,4.42,4.46,46079430,214988256.000
2013-03-05,4.46,4.55,4.46,4.53,33397192,156337120.000
2013-03-06,4.55,4.68,4.55,4.65,45493530,218652592.000
2013-03-07,4.61,4.69,4.57,4.60,36415934,175123184.000
2013-03-08,4.60,4.62,4.53,4.53,16082153,76369544.000
2013-03-11,4.57,4.66,4.54,4.57,22497551,107536472.000
2013-03-12,4.57,4.59,4.39,4.43,36331188,169150768.000
2013-03-13,4.42,4.42,4.17,4.26,45859733,204432848.000
2013-03-14,4.25,4.26,4.19,4.22,19205763,84514880.000
2013-03-15,4.22,4.36,4.22,4.26,39562188,177239952.000
2013-03-18,4.27,4.32,4.14,4.17,29493448,129321152.000
2013-03-19,4.20,4.21,4.08,4.16,22807447,98771624.000
2013-03-20,4.16,4.26,4.14,4.24,28268435,124242576.000
2013-03-21,4.27,4.29,4.21,4.25,26975659,119491296.000
2013-03-22,4.24,4.25,4.20,4.23,23984684,105440264.000
2013-03-25,4.24,4.26,4.18,4.21,17749298,77931848.000
2013-03-26,4.20,4.20,4.08,4.11,35252981,151235264.000
2013-03-27,4.12,4.16,4.09,4.11,15488600,66600276.000
2013-03-28,4.09,4.11,3.83,3.88,70875317,292599200.000
2013-03-29,3.91,3.97,3.89,3.91,32366162,132989808.000
2013-04-01,3.91,3.92,3.82,3.86,37415621,150860496.000
2013-04-02,3.85,3.90,3.78,3.81,56679290,227045024.000
2013-04-03,3.83,3.85,3.79,3.80,32784742,131165016.000
2013-04-08,3.77,3.81,3.72,3.80,35781253,141430848.000
2013-04-09,3.81,3.88,3.79,3.86,26839091,108009016.000
2013-04-10,3.87,4.00,3.84,3.99,72405879,298206496.000
2013-04-11,3.99,4.04,3.95,3.95,39888100,166628832.000
2013-04-12,3.95,3.98,3.84,3.89,35545253,144870400.000
2013-04-15,3.89,3.90,3.80,3.85,23764308,95451632.000
2013-04-16,3.81,3.92,3.79,3.92,27837738,113013632.000
2013-04-17,3.92,3.94,3.85,3.88,20384052,82847664.000
2013-04-18,3.88,3.89,3.83,3.86,27750550,111921392.000
2013-04-19,3.87,3.95,3.85,3.94,53895283,220479920.000
2013-04-22,3.91,3.93,3.88,3.90,29994500,122538032.000
2013-04-23,3.90,3.92,3.79,3.81,32468642,130260016.000
2013-04-24,3.82,3.87,3.81,3.85,26286783,105620400.000
2013-04-25,3.85,3.88,3.80,3.84,26084493,104802368.000
2013-04-26,3.84,3.86,3.80,3.80,16381021,65494264.000
2013-05-02,3.80,3.81,3.74,3.76,19595668,77199840.000
2013-05-03,3.77,3.86,3.77,3.84,24425010,98014192.000
2013-05-06,3.84,3.89,3.84,3.87,25808731,104443064.000
2013-05-07,3.90,3.92,3.87,3.90,33380928,136010480.000
2013-05-08,3.92,3.96,3.91,3.95,39624463,163369952.000
2013-05-09,3.96,3.97,3.88,3.91,40855954,167285392.000
2013-05-10,3.90,3.93,3.88,3.92,32335956,132250728.000
2013-05-13,3.92,4.05,3.92,4.00,56819953,237572016.000
2013-05-14,4.00,4.06,3.95,3.98,42359809,177339408.000
2013-05-15,3.98,4.05,3.96,4.01,30684642,128682888.000
2013-05-16,4.01,4.06,3.98,4.03,29476183,123927440.000
2013-05-17,4.03,4.09,4.01,4.08,49808717,211288320.000
2013-05-20,4.08,4.17,4.06,4.14,48402439,208482768.000
2013-05-21,4.12,4.19,4.08,4.16,41792004,180869904.000
2013-05-22,4.16,4.20,4.10,4.13,30686311,132877584.000
2013-05-23,4.12,4.12,4.03,4.05,34210396,145590192.000
2013-05-24,4.05,4.16,4.05,4.12,44946899,192695264.000
2013-05-27,4.12,4.18,4.10,4.12,34692904,149895840.000
2013-05-28,4.18,4.28,4.16,4.27,72580074,319597376.000
2013-05-29,4.28,4.35,4.24,4.25,44634094,199741920.000
2013-05-30,4.23,4.32,4.20,4.25,31921168,141886896.000
2013-05-31,4.26,4.29,4.21,4.22,27673841,122803992.000
2013-06-03,4.23,4.28,4.21,4.23,26209966,116131952.000
2013-06-04,4.22,4.22,4.08,4.10,30544587,131485488.000
2013-06-05,4.10,4.12,4.05,4.11,16872459,71804704.000
2013-06-06,4.11,4.13,4.04,4.05,17019331,72565520.000
2013-06-07,4.07,4.10,3.92,3.95,23526018,98120152.000
2013-06-13,3.91,3.91,3.76,3.81,37566374,149641232.000
2013-06-14,3.82,3.84,3.77,3.83,23927375,95414608.000
2013-06-17,3.83,3.97,3.78,3.89,26184490,106480088.000
2013-06-18,3.88,3.96,3.87,3.89,22853261,93442440.000
2013-06-19,3.89,3.90,3.79,3.86,15570446,62428440.000
2013-06-20,3.85,3.85,3.77,3.78,26655611,105890512.000
2013-06-21,3.75,3.80,3.69,3.76,24019399,94424768.000
2013-06-24,3.75,3.76,3.56,3.57,30813261,118033424.000
2013-06-25,3.54,3.57,3.22,3.57,38501255,140516816.000
2013-06-26,3.57,3.68,3.52,3.55,42552928,160257888.000
2013-06-27,3.57,3.63,3.45,3.47,31700293,117738720.000
2013-06-28,3.47,3.53,3.36,3.42,49959815,181225776.000
2013-07-01,3.43,3.47,3.37,3.44,32496477,117112968.000
2013-07-02,3.44,3.44,3.36,3.38,44297108,157880416.000
2013-07-03,3.38,3.39,3.30,3.33,26241511,92035480.000
2013-07-04,3.34,3.42,3.28,3.39,34250192,121837416.000
2013-07-05,3.40,3.42,3.36,3.38,22482256,80178936.000
2013-07-08,3.38,3.38,3.25,3.25,30688720,103928064.000
2013-07-09,3.25,3.31,3.23,3.26,17951175,60243560.000
2013-07-10,3.28,3.38,3.28,3.38,31382615,107513376.000
2013-07-11,3.39,3.67,3.39,3.54,72339773,263763936.000
2013-07-12,3.57,3.74,3.54,3.61,94122868,350833728.000
2013-07-15,3.60,3.70,3.54,3.69,67669699,251629792.000
2013-07-16,3.65,3.81,3.59,3.76,80840901,307397312.000
2013-07-17,3.74,3.86,3.66,3.70,75758087,291935296.000
2013-07-18,3.68,3.72,3.54,3.56,64193881,236932224.000
2013-07-19,3.59,3.61,3.42,3.43,72688053,259885568.000
2013-07-22,3.41,3.49,3.37,3.48,34552477,122343040.000
2013-07-23,3.50,3.83,3.49,3.77,116343222,444841376.000
2013-07-24,3.76,3.87,3.72,3.82,84012109,327543904.000
2013-07-25,3.99,4.10,3.93,3.94,114923735,472145152.000
2013-07-26,3.93,4.00,3.86,3.91,41725143,167246128.000
2013-07-29,3.89,3.89,3.74,3.80,37379599,145728096.000
2013-07-30,3.80,3.95,3.74,3.90,53478154,212041024.000
2013-07-31,3.90,3.98,3.90,3.92,28165466,113253344.000
2013-08-01,3.97,4.07,3.96,4.05,48373403,199207296.000
2013-08-02,4.07,4.15,4.00,4.01,67703357,283016544.000
2013-08-05,4.05,4.12,4.03,4.08,52977563,220527200.000
2013-08-06,4.09,4.13,4.03,4.08,45697551,190034736.000
2013-08-07,4.11,4.12,3.95,3.98,41870955,172142848.000
2013-08-08,4.01,4.05,3.95,3.99,32025413,130770328.000
2013-08-09,4.03,4.03,3.90,3.96,28753330,116368624.000
2013-08-12,3.98,4.08,3.92,4.07,58914416,241320288.000
2013-08-13,4.11,4.13,4.04,4.06,33237021,138114512.000
2013-08-14,4.11,4.12,4.01,4.03,40318884,167358000.000
2013-08-15,4.04,4.11,4.02,4.05,50086997,208754112.000
2013-08-16,4.01,4.46,3.93,4.05,105919571,446683936.000
2013-08-19,4.01,4.07,3.98,4.06,36092730,148894144.000
2013-08-20,4.13,4.24,4.08,4.13,80229953,342111072.000
2013-08-21,4.17,4.17,4.08,4.15,31139879,131484240.000
2013-08-22,4.15,4.16,4.05,4.06,26966263,112738664.000
2013-08-23,4.08,4.09,3.92,3.98,45390538,185245120.000
2013-08-26,3.97,4.04,3.95,4.02,29583253,120745488.000
2013-08-27,4.02,4.02,3.95,4.00,28593876,116351680.000
2013-08-28,3.97,3.98,3.91,3.93,37989825,153059584.000
2013-08-29,3.92,3.96,3.87,3.91,41541974,166172960.000
2013-08-30,3.90,3.94,3.87,3.91,41632258,166582784.000
2013-09-02,3.91,4.00,3.87,3.96,33242495,133842304.000
2013-09-03,3.98,4.04,3.93,4.03,31515119,128335744.000
2013-09-04,4.01,4.02,3.92,3.94,32646732,132100912.000
2013-09-05,3.94,3.95,3.89,3.91,21990956,87954536.000
2013-09-06,3.90,3.93,3.85,3.90,35219529,139893568.000
2013-09-09,4.03,4.08,3.96,4.02,81398925,334166240.000
2013-09-10,4.03,4.11,3.97,4.11,103242167,427794752.000
2013-09-11,4.19,4.29,4.15,4.19,128583202,553340608.000
2013-09-12,4.16,4.23,4.11,4.18,61749585,262773824.000
2013-09-13,4.19,4.23,4.12,4.14,36541649,155440928.000
2013-09-16,4.18,4.19,4.07,4.08,38885280,163369120.000
2013-09-17,4.08,4.10,4.01,4.02,46203415,191297840.000
2013-09-18,4.02,4.03,3.95,4.00,28928127,117765408.000
2013-09-23,4.01,4.04,3.97,4.03,34695481,142181968.000
2013-09-24,4.02,4.02,3.93,3.96,35227751,142583888.000
2013-09-25,3.96,3.96,3.91,3.92,36457483,146526304.000
2013-09-26,3.92,3.93,3.80,3.82,52828142,208256256.000
2013-09-27,3.82,3.84,3.74,3.78,33651007,130100240.000
2013-09-30,3.79,3.83,3.75,3.82,33364398,129232848.000
2013-10-08,3.80,3.87,3.75,3.86,42520266,165709616.000
2013-10-09,3.84,3.85,3.77,3.82,43008944,167708320.000
2013-10-10,3.81,3.83,3.76,3.79,34555799,133907224.000
2013-10-11,3.79,3.84,3.78,3.83,38757732,151207760.000
2013-10-14,4.01,4.22,4.01,4.22,220264325,937142208.000
2013-10-15,4.31,4.31,4.12,4.16,176005413,756705152.000
2013-10-16,4.16,4.20,4.02,4.08,73172696,306400992.000
2013-10-17,4.10,4.13,4.01,4.03,34858861,144893408.000
2013-10-18,4.09,4.21,4.08,4.10,48595619,205263248.000
2013-10-21,4.19,4.25,4.11,4.22,97074371,416120512.000
2013-10-22,4.31,4.59,4.24,4.49,236208495,1070531648.000
2013-10-23,4.56,4.81,4.49,4.51,187298192,888831360.000
2013-10-24,4.51,4.68,4.38,4.60,123518229,577455232.000
2013-10-25,4.51,4.61,4.36,4.44,77359914,353878688.000
2013-10-28,4.51,4.60,4.47,4.57,59663487,276320640.000
2013-10-29,4.58,4.60,4.30,4.41,71391506,322336704.000
2013-10-30,4.45,4.85,4.39,4.80,185072373,888171968.000
2013-10-31,4.71,4.85,4.71,4.78,108982999,532415968.000
2013-11-01,4.80,4.82,4.62,4.69,56787999,273098848.000
2013-11-04,4.72,4.97,4.68,4.87,104955071,516852128.000
2013-11-05,4.83,4.96,4.74,4.91,99352517,493253760.000
2013-11-06,4.91,4.99,4.81,4.83,63154201,315278016.000
2013-11-07,4.82,4.93,4.70,4.72,54668142,267684112.000
2013-11-08,4.74,4.84,4.60,4.65,53459142,255339104.000
2013-11-11,4.76,5.01,4.74,4.99,109667256,547628672.000
2013-11-12,5.01,5.06,4.88,4.97,71965480,362278112.000
2013-11-13,4.92,4.99,4.84,4.90,47114802,235437440.000
2013-11-14,4.89,4.95,4.82,4.91,46891461,233021552.000
2013-11-15,4.91,5.10,4.85,4.94,95168131,483848384.000
2013-11-18,4.99,5.08,4.85,4.98,105945555,533402816.000
2013-11-19,4.99,5.09,4.96,5.00,75160377,384637952.000
2013-11-20,5.05,5.07,4.96,5.02,47915927,243665504.000
2013-11-21,4.99,5.02,4.87,4.93,61623676,310328896.000
2013-11-22,4.93,4.94,4.64,4.73,110297929,537208000.000
2013-11-25,4.71,5.06,4.71,5.00,138460654,695824064.000
2013-11-26,5.06,5.07,4.97,5.04,75888959,388344704.000
2013-11-27,5.07,5.33,5.07,5.19,126921303,674477120.000
2013-11-28,5.22,5.46,5.22,5.40,111286934,605894720.000
2013-11-29,5.43,5.44,5.31,5.37,60089330,328250816.000
2013-12-02,5.30,5.50,5.20,5.28,71979997,390762848.000
2013-12-03,5.24,5.43,5.23,5.43,58814629,319133056.000
2013-12-04,5.45,5.56,5.41,5.46,71073903,396146784.000
2013-12-05,5.49,5.57,5.43,5.48,53814977,300098784.000
2013-12-06,5.49,5.52,5.37,5.44,42737289,235352928.000
2013-12-09,5.46,5.49,5.33,5.38,40051822,218902416.000
2013-12-10,5.38,5.38,5.21,5.27,59246109,317621600.000
2013-12-11,5.21,5.22,5.07,5.18,74159278,386613184.000
2013-12-12,5.16,5.45,5.13,5.35,74602138,401199072.000
2013-12-13,5.27,5.34,5.21,5.29,25759648,138266832.000
2013-12-16,5.27,5.30,5.06,5.08,51871083,270549248.000
2013-12-17,5.08,5.12,4.96,5.04,33110679,170005616.000
2013-12-18,5.06,5.08,4.90,4.93,48709519,245754768.000
2013-12-19,4.96,4.98,4.86,4.87,49172777,245836384.000
2013-12-20,4.87,4.92,4.77,4.83,63655006,312910400.000
2013-12-23,4.83,4.86,4.73,4.83,32843797,160531376.000
2013-12-24,4.88,4.98,4.82,4.89,53904534,269751008.000
2013-12-25,4.91,4.93,4.80,4.88,29733663,146720640.000
2013-12-26,4.88,4.88,4.66,4.68,49781839,240700288.000
2013-12-27,4.67,4.80,4.67,4.75,49885903,241375008.000
2013-12-30,4.81,4.84,4.78,4.80,28014930,137435376.000
2013-12-31,4.76,5.01,4.75,4.92,59829482,297383936.000
2014-01-02,4.96,5.03,4.87,4.91,44079221,221442992.000
2014-01-03,4.87,4.93,4.76,4.83,39055258,191535952.000
2014-01-06,4.76,4.76,4.56,4.64,47182667,225050960.000
2014-01-07,4.60,4.72,4.54,4.57,34164275,160238368.000
2014-01-08,4.56,4.64,4.30,4.47,69868214,318870080.000
2014-01-09,4.42,4.57,4.39,4.52,45953267,211327376.000
2014-01-10,4.52,4.56,4.38,4.43,47234982,213987040.000
2014-01-13,4.43,4.48,4.37,4.42,19504688,87985984.000
2014-01-14,4.43,4.51,4.34,4.48,26520860,120001504.000
2014-01-15,4.47,4.50,4.37,4.42,24289509,109431040.000
2014-01-16,4.41,4.42,4.33,4.34,41127489,183243392.000
2014-01-17,4.34,4.34,4.21,4.23,35263790,153279472.000
2014-01-20,4.26,4.29,4.14,4.19,28232989,121494576.000
2014-01-21,4.19,4.36,4.18,4.26,44245130,192952464.000
2014-01-22,4.27,4.48,4.24,4.47,61056548,272920864.000
2014-01-23,4.45,4.53,4.42,4.51,44199148,202482624.000
2014-01-24,4.49,4.58,4.45,4.52,33795662,155289424.000
2014-01-27,4.47,4.47,4.31,4.36,40517122,180705648.000
2014-01-28,4.38,4.40,4.31,4.35,28643033,127103160.000
2014-01-29,4.36,4.41,4.23,4.28,69356867,304473568.000
2014-01-30,4.26,4.31,4.10,4.15,59929906,255523440.000
2014-02-07,4.13,4.15,4.02,4.14,52884309,221032512.000
2014-02-10,4.14,4.43,4.14,4.40,98401333,431957664.000
2014-02-11,4.39,4.43,4.35,4.38,42199803,188825472.000
2014-02-12,4.39,4.46,4.35,4.40,33189359,148859152.000
2014-02-13,4.39,4.39,4.26,4.27,55621094,245105744.000
2014-02-14,4.27,4.38,4.25,4.35,61341546,270414400.000
2014-02-17,4.39,4.41,4.31,4.35,59172580,261978784.000
2014-02-18,4.35,4.35,4.25,4.27,41137248,179846880.000
2014-02-19,4.26,4.35,4.22,4.30,43572409,190300512.000
2014-02-20,4.30,4.44,4.28,4.35,83206291,370777856.000
2014-02-21,4.35,4.35,4.25,4.31,45811027,200434640.000
2014-02-24,4.27,4.27,4.09,4.13,61706500,261332224.000
2014-02-25,4.14,4.19,4.03,4.07,56851061,239383408.000
2014-02-26,4.05,4.06,3.95,4.03,46122808,189200192.000
2014-02-27,4.04,4.17,3.99,4.11,82749612,344736512.000
2014-02-28,4.11,4.12,3.96,4.08,45546583,187944960.000
2014-03-03,4.05,4.20,4.02,4.15,60989312,257733376.000
2014-03-04,4.12,4.13,4.03,4.10,47641105,198172240.000
2014-03-05,4.11,4.19,4.06,4.09,36380232,153082160.000
2014-03-06,4.09,4.12,3.98,4.09,47129936,195443520.000
2014-03-07,4.09,4.15,4.07,4.10,38993409,163836608.000
2014-03-10,4.06,4.08,4.00,4.03,34823426,143650672.000
2014-03-11,4.01,4.06,3.98,4.05,29385312,120545296.000
2014-03-12,4.03,4.05,4.00,4.04,26762093,110110272.000
2014-03-13,4.04,4.11,4.02,4.09,32911460,136862592.000
2014-03-14,4.06,4.07,4.03,4.05,20966524,86787536.000
2014-03-17,4.06,4.13,4.02,4.13,39024926,162548032.000
2014-03-18,4.24,4.36,4.23,4.33,128609926,565939200.000
2014-03-19,4.31,4.34,4.24,4.30,56017688,245280080.000
2014-03-20,4.31,4.53,4.30,4.40,117312440,530320448.000
2014-03-21,4.39,4.57,4.36,4.38,200424616,919863744.000
2014-03-24,4.43,4.57,4.42,4.51,120910201,555203584.000
2014-03-25,4.49,4.49,4.41,4.47,40573074,183997216.000
2014-03-26,4.47,4.47,4.40,4.41,34909651,157694160.000
2014-03-27,4.43,4.46,4.37,4.38,36574474,164622480.000
2014-03-28,4.36,4.44,4.36,4.40,38455095,173092672.000
2014-03-31,4.43,4.47,4.36,4.42,41993517,189821952.000
2014-04-01,4.45,4.53,4.42,4.49,54230949,248347424.000
2014-04-02,4.51,4.59,4.48,4.56,72933611,338120032.000
2014-04-03,4.73,4.84,4.51,4.53,104022799,494288704.000
2014-04-04,4.53,4.57,4.44,4.53,35764949,164214608.000
2014-04-08,4.51,4.63,4.49,4.59,52351741,243775408.000
2014-04-09,4.62,4.70,4.58,4.65,62357852,294997824.000
2014-04-10,4.64,4.81,4.56,4.74,110921195,531137856.000
2014-04-11,4.73,4.73,4.59,4.61,75995020,359282912.000
2014-04-14,4.61,4.61,4.53,4.56,40676966,189406896.000
2014-04-15,4.55,4.55,4.41,4.44,53585637,243512336.000
2014-04-16,4.42,4.49,4.41,4.43,29532907,133997192.000
2014-04-17,4.44,4.47,4.40,4.43,23865600,108071464.000
2014-04-18,4.43,4.43,4.23,4.32,91066555,399815456.000
2014-04-21,4.25,4.30,4.19,4.21,48305587,209232496.000
2014-04-22,4.19,4.22,4.16,4.21,28135980,120239144.000
2014-04-23,4.20,4.31,4.18,4.29,70806963,309049696.000
2014-04-24,4.27,4.30,4.23,4.28,24637213,107577568.000
2014-04-25,4.28,4.33,4.24,4.25,23145193,101063464.000
2014-04-28,4.21,4.24,4.16,4.18,30263782,129459096.000
2014-04-29,4.17,4.20,4.12,4.20,35409567,150277728.000
2014-04-30,4.18,4.20,4.14,4.17,30333565,129091344.000
2014-05-05,4.37,4.39,4.22,4.24,79582684,346906560.000
2014-05-06,4.25,4.32,4.25,4.30,40594556,178087280.000
2014-05-07,4.30,4.45,4.27,4.37,76646254,341943936.000
2014-05-08,4.35,4.44,4.32,4.33,44017563,196635760.000
2014-05-09,4.33,4.35,4.25,4.28,31387703,137836928.000
2014-05-12,4.35,4.38,4.29,4.35,52091963,230415504.000
2014-05-13,4.35,4.40,4.33,4.34,34944084,155456640.000
2014-05-14,4.34,4.36,4.31,4.33,19806805,87678328.000
2014-05-15,4.33,4.35,4.23,4.24,24031385,105129536.000
2014-05-16,4.23,4.26,4.20,4.24,19397157,83659392.000
2014-05-19,4.24,4.25,4.13,4.15,25348498,107767824.000
2014-05-20,4.18,4.21,4.16,4.18,16319788,69638288.000
2014-05-21,4.18,4.22,4.12,4.22,16418670,70121824.000
2014-05-22,4.21,4.25,4.17,4.17,24221534,103918792.000
2014-05-23,4.17,4.19,4.15,4.18,12913211,55034836.000
2014-05-26,4.21,4.23,4.18,4.20,20466548,87779088.000
2014-05-27,4.20,4.23,4.17,4.18,24885889,106598144.000
2014-05-28,4.19,4.20,4.14,4.20,26433490,112630024.000
2014-05-29,4.20,4.22,4.14,4.15,24420647,104069304.000
2014-05-30,4.15,4.17,4.11,4.13,23404293,98784680.000
2014-06-03,4.13,4.16,4.10,4.11,25727453,108372760.000
2014-06-04,4.11,4.14,4.06,4.08,27370044,114098616.000
2014-06-05,4.11,4.12,4.08,4.12,23518234,98492824.000
2014-06-06,4.11,4.12,4.08,4.09,17940087,75151664.000
2014-06-09,4.10,4.12,4.06,4.07,26186091,109474160.000
2014-06-10,4.11,4.16,4.09,4.15,42028625,177582320.000
2014-06-11,4.15,4.18,4.12,4.16,33839252,143335056.000
2014-06-12,4.16,4.19,4.13,4.16,42881474,182246320.000
2014-06-13,4.17,4.32,4.16,4.29,91134868,396421024.000
2014-06-16,4.32,4.37,4.29,4.35,60972713,270395552.000
2014-06-17,4.36,4.36,4.28,4.35,43106242,190068784.000
2014-06-18,4.33,4.34,4.26,4.29,27023494,118473728.000
2014-06-19,4.31,4.37,4.25,4.27,39442660,173494864.000
2014-06-20,4.27,4.29,4.23,4.28,30822628,134186120.000
2014-06-23,4.34,4.37,4.23,4.29,36554750,160733312.000
2014-06-24,4.31,4.31,4.25,4.26,23268761,101407536.000
2014-06-25,4.28,4.28,4.21,4.22,21879212,94541184.000
2014-06-26,4.23,4.27,4.22,4.24,18841395,81794224.000
2014-06-27,4.25,4.35,4.22,4.32,46362527,203809168.000
2014-06-30,4.32,4.45,4.32,4.41,63597332,286222304.000
2014-07-01,4.42,4.45,4.37,4.41,36179263,162737104.000
2014-07-02,4.40,4.47,4.40,4.46,45452539,205845680.000
2014-07-03,4.46,4.52,4.42,4.47,37459267,171355120.000
2014-07-04,4.48,4.56,4.48,4.49,38540746,177137840.000
2014-07-07,4.57,4.69,4.54,4.63,94688503,446385600.000
2014-07-08,4.63,4.66,4.56,4.62,45428580,213364720.000
2014-07-09,4.61,4.68,4.57,4.57,42168539,198713600.000
2014-07-10,4.58,4.62,4.51,4.54,34087237,157986672.000
2014-07-11,4.54,4.69,4.53,4.66,58677390,277413888.000
2014-07-14,4.71,4.76,4.65,4.72,43492456,208713744.000
2014-07-15,4.71,4.72,4.63,4.66,34443399,164330960.000
2014-07-16,4.64,4.66,4.51,4.53,57531032,267363104.000
2014-07-17,4.52,4.60,4.52,4.56,26669942,123941960.000
2014-07-18,4.53,4.61,4.52,4.55,28315409,132102672.000
2014-07-21,4.54,4.70,4.53,4.70,56512771,266592208.000
2014-07-22,4.69,4.77,4.65,4.74,59799643,287449184.000
2014-07-23,4.76,5.00,4.74,4.97,151370726,751122048.000
2014-07-24,4.91,5.12,4.89,5.04,100591832,514882944.000
2014-07-25,5.04,5.08,4.98,5.07,64424699,330807712.000
2014-07-28,5.08,5.17,5.05,5.16,99327916,517231392.000
2014-07-29,5.25,5.25,5.15,5.21,90817516,471792832.000
2014-07-30,5.19,5.19,5.08,5.10,83713889,429206304.000
2014-07-31,5.11,5.21,5.09,5.19,52019125,267732880.000
2014-08-01,5.18,5.19,5.11,5.14,52897358,273084544.000
2014-08-04,5.15,5.38,5.15,5.36,84071863,444018816.000
2014-08-05,5.38,5.39,5.26,5.30,47597598,252592640.000
2014-08-06,5.30,5.30,5.18,5.24,41000334,214437360.000
2014-08-07,5.27,5.27,5.10,5.12,64204493,331333376.000
2014-08-08,5.12,5.17,5.05,5.07,47950535,243816416.000
2014-08-11,5.11,5.20,5.07,5.19,47180948,243741056.000
2014-08-12,5.19,5.20,5.13,5.16,36964433,190360064.000
2014-08-13,5.16,5.19,5.05,5.12,55835601,285155200.000
2014-08-14,5.10,5.18,5.09,5.13,42842201,220685872.000
2014-08-15,5.12,5.30,5.11,5.22,60710570,316960672.000
2014-08-18,5.24,5.34,5.19,5.23,59834354,313998176.000
2014-08-19,5.24,5.25,5.14,5.16,36609145,189395840.000
2014-08-20,5.16,5.18,5.11,5.13,34061114,175050304.000
2014-08-21,5.13,5.15,5.06,5.08,35235991,179132992.000
2014-08-22,5.10,5.15,5.05,5.08,50761327,258153472.000
2014-08-25,5.18,5.24,5.11,5.13,72254983,373209472.000
2014-08-26,5.15,5.15,5.03,5.05,44491623,225794528.000
2014-08-27,5.05,5.09,5.04,5.06,19211384,97370448.000
2014-08-28,5.06,5.10,5.04,5.05,23457355,118919600.000
2014-08-29,5.09,5.13,5.05,5.12,31328765,159674448.000
2014-09-01,5.13,5.17,5.11,5.15,34483821,177353840.000
2014-09-02,5.14,5.21,5.11,5.20,59248767,306003456.000
2014-09-03,5.20,5.24,5.20,5.22,56312374,293847968.000
2014-09-05,5.39,5.47,5.28,5.33,109165172,583582272.000
2014-09-09,5.33,5.38,5.27,5.33,49146545,262049120.000
2014-09-10,5.35,5.42,5.28,5.37,55139822,295865856.000
2014-09-11,5.39,5.43,5.28,5.32,62859093,336614560.000
2014-09-12,5.31,5.34,5.28,5.33,33677409,178754384.000
2014-09-15,5.31,5.34,5.25,5.31,48125271,254821504.000
2014-09-16,5.33,5.41,5.24,5.25,75389262,400978144.000
2014-09-17,5.25,5.31,5.21,5.26,42482517,223211104.000
2014-09-18,5.26,5.28,5.20,5.24,37321191,195373568.000
2014-09-19,5.26,5.29,5.21,5.26,34540465,181122464.000
2014-09-22,5.24,5.24,5.06,5.09,57357861,294321632.000
2014-09-23,5.11,5.14,5.07,5.11,42722118,218282016.000
2014-09-24,5.10,5.23,5.09,5.22,60583662,313912672.000
2014-09-25,5.24,5.34,5.22,5.27,64562843,341159040.000
2014-09-26,5.25,5.26,5.21,5.24,28269902,147940112.000
2014-09-29,5.24,5.30,5.22,5.27,45199451,237246864.000
2014-09-30,5.27,5.29,5.23,5.26,33214934,174561920.000
2014-10-08,5.26,5.33,5.25,5.30,68282772,361353664.000
2014-10-09,5.30,5.32,5.26,5.30,69928270,370007264.000
2014-10-10,5.28,5.28,5.20,5.23,67443068,352977344.000
2014-10-13,5.23,5.25,5.16,5.21,47825396,248923792.000
2014-10-14,5.23,5.33,5.23,5.29,97031179,512900960.000
2014-10-15,5.29,5.32,5.25,5.29,56390842,298321952.000
2014-10-16,5.27,5.82,5.25,5.82,436249694,2500109312.000
2014-10-17,5.78,5.89,5.59,5.77,415945143,2396984064.000
2014-10-20,5.74,5.75,5.62,5.68,139698901,791699328.000
2014-10-21,5.76,5.76,5.58,5.62,124215090,702296832.000
2014-10-22,5.66,5.76,5.60,5.68,144331132,819005568.000
2014-10-23,5.71,6.21,5.67,5.89,327212967,1941484800.000
2014-10-24,5.91,6.17,5.76,5.80,260621123,1554524800.000
2014-12-31,6.38,6.38,6.38,6.38,3152321,20111808.000
2015-01-05,7.02,7.02,7.02,7.02,2122193,14897795.000
2015-01-06,7.72,7.72,7.72,7.72,11686424,90219192.000
2015-01-07,8.49,8.49,8.49,8.49,7732103,65645552.000
2015-01-08,9.34,9.34,9.34,9.34,15937412,148855424.000
2015-01-09,10.27,10.27,10.27,10.27,222549749,2285585920.000
2015-01-12,10.56,10.98,10.00,10.13,929122647,9746778112.000
2015-01-13,9.93,10.59,9.93,10.54,514150502,5269578240.000
2015-01-14,10.72,10.73,10.15,10.22,377164333,3917323776.000
2015-01-15,10.07,11.24,10.01,11.24,604046985,6517503488.000
2015-01-16,11.50,12.36,11.25,12.36,774557219,9291629568.000
2015-01-19,11.73,12.41,11.13,12.05,882191689,10421819392.000
2015-01-20,12.21,13.26,12.20,13.26,637798149,8205782528.000
2015-01-21,13.99,14.59,13.57,13.94,925709836,13075134464.000
2015-01-22,13.91,14.65,13.61,14.23,585150541,8197309440.000
2015-01-23,14.15,14.25,13.78,13.84,381624313,5326230016.000
2015-01-26,13.90,14.50,13.90,13.97,427904286,6067278336.000
2015-01-27,14.26,14.39,13.60,14.04,375448594,5239963136.000
2015-01-28,13.90,13.90,13.50,13.52,270736169,3706492416.000
2015-01-29,13.40,14.05,13.35,13.64,282900564,3892689152.000
2015-01-30,13.50,13.53,12.45,12.56,479318907,6134991872.000
2015-02-02,11.80,11.98,11.30,11.31,405463228,4709638656.000
2015-02-03,11.42,11.74,11.35,11.59,283738657,3274827008.000
2015-02-04,11.61,12.35,11.46,11.95,368309002,4349639168.000
2015-02-05,12.05,12.08,11.40,11.42,243392794,2851563008.000
2015-02-06,11.30,11.53,10.85,11.06,236462718,2641562880.000
2015-02-09,11.01,11.45,10.82,11.35,244406953,2736743424.000
2015-02-10,11.28,11.76,11.19,11.62,251965599,2900016896.000
2015-02-11,11.62,11.63,11.34,11.51,159438322,1829228672.000
2015-02-12,11.56,12.66,11.51,12.21,389950384,4745626624.000
2015-02-13,12.15,12.30,11.93,12.11,202974315,2455064320.000
2015-02-16,12.12,12.20,11.93,12.07,148594027,1794469888.000
2015-02-17,12.18,12.50,12.18,12.22,153933290,1894303488.000
2015-02-25,12.42,12.46,11.95,12.07,126357605,1538268800.000
2015-02-26,11.95,12.53,11.27,12.22,262082933,3130196224.000
2015-02-27,12.10,12.27,12.00,12.12,142422815,1727439488.000
2015-03-02,12.19,12.19,12.00,12.05,158832035,1914357888.000
2015-03-03,12.00,12.00,11.68,11.70,180615997,2125926656.000
2015-03-04,11.65,12.15,11.61,11.85,146825825,1751133824.000
2015-03-05,11.75,13.04,11.55,12.68,317138904,3918453504.000
2015-03-06,13.00,13.65,12.80,13.64,527516801,7059449856.000
2015-03-10,13.80,14.48,12.99,13.14,431564246,5896020480.000
2015-03-11,13.25,13.43,12.86,12.95,213445158,2782194688.000
2015-03-12,12.94,12.98,12.51,12.83,192860153,2454807552.000
2015-03-13,12.91,13.20,12.65,12.95,178606072,2316393728.000
2015-03-16,12.96,13.08,12.70,12.97,181232638,2337596672.000
2015-03-17,12.97,13.25,12.95,13.08,222124625,2905718272.000
2015-03-18,13.17,14.39,13.11,14.39,561485649,7753702400.000
2015-03-19,14.68,15.68,14.00,14.93,666954243,9923658752.000
2015-03-20,15.04,15.29,14.60,14.82,375863136,5581999616.000
2015-03-23,14.90,15.43,14.84,15.16,373063664,5642391552.000
2015-03-24,15.25,15.26,14.38,14.89,376656522,5577284096.000
2015-03-25,14.70,16.20,14.40,15.72,441399547,6733483520.000
2015-03-26,15.89,17.29,15.61,17.29,649399563,10836953088.000
2015-03-27,17.58,17.74,16.76,16.99,395280791,6772048896.000
2015-04-07,18.69,18.69,18.69,18.69,31429975,587426240.000
2015-04-08,20.56,20.56,20.56,20.56,21850156,449239200.000
2015-04-09,22.62,22.62,20.72,22.61,689228400,15239959552.000
2015-04-10,22.56,22.60,21.50,22.27,339112341,7537735168.000
数据来源:通达信
