600109 国金证券 日线 前复权
      日期	    开盘	    最高	    最低	    收盘	    成交量	    成交额
2011-03-02,7.71,7.78,7.60,7.64,3202437,49825776.000
2011-03-03,7.68,7.80,7.59,7.61,3989261,62469160.000
2011-03-04,7.58,7.76,7.58,7.74,3008833,46946920.000
2011-03-07,7.77,7.97,7.77,7.89,8314736,133204280.000
2011-03-08,7.92,7.98,7.82,7.86,5380874,86187776.000
2011-03-09,7.92,8.04,7.88,7.92,5175859,83655936.000
2011-03-10,7.89,7.89,7.71,7.72,4083518,64332524.000
2011-03-11,7.71,7.93,7.63,7.67,4399823,69512808.000
2011-03-14,7.66,7.90,7.58,7.85,4360863,68720384.000
2011-03-15,7.77,7.99,7.63,7.73,6028704,95048200.000
2011-03-16,7.74,7.81,7.64,7.78,3582429,56373352.000
2011-03-17,7.68,7.74,7.52,7.55,3892619,60378968.000
2011-03-18,7.60,7.87,7.60,7.70,3615358,56611684.000
2011-03-21,7.67,7.76,7.57,7.58,3275107,50805212.000
2011-03-22,7.63,7.83,7.43,7.73,3486046,54070884.000
2011-03-23,7.68,7.88,7.64,7.82,8005962,126572072.000
2011-03-24,7.80,7.80,7.70,7.74,3765443,59240912.000
2011-03-25,7.73,7.87,7.73,7.82,5206988,82770312.000
2011-03-28,7.83,7.95,7.83,7.85,6210557,99689104.000
2011-03-29,7.91,8.01,7.84,7.85,9036473,145488928.000
2011-03-30,7.80,7.84,7.59,7.60,5440941,84916264.000
2011-03-31,7.59,7.67,7.47,7.51,3027905,46477752.000
2011-04-01,7.51,7.64,7.48,7.63,2101442,32376530.000
2011-04-06,7.60,7.95,7.53,7.83,9453953,149115440.000
2011-04-07,7.82,7.85,7.74,7.79,4134029,65356952.000
2011-04-08,7.80,7.90,7.75,7.85,5230593,83361504.000
2011-04-11,7.88,7.93,7.78,7.83,7134668,113970016.000
2011-04-12,7.80,8.17,7.78,8.07,14577019,237376064.000
2011-04-13,8.11,8.36,8.00,8.32,17191404,286176416.000
2011-04-14,8.34,8.35,8.07,8.11,10531989,175203552.000
2011-04-15,8.08,8.27,8.01,8.17,7996519,132038600.000
2011-04-18,8.08,8.19,8.00,8.13,6434597,106009808.000
2011-04-19,8.02,8.06,7.78,7.80,7523502,120608640.000
2011-04-20,7.83,7.88,7.76,7.77,4151539,65859168.000
2011-04-21,7.82,8.12,7.79,8.00,7220577,117282040.000
2011-04-22,7.96,7.97,7.82,7.90,4584710,73445368.000
2011-04-25,7.85,7.90,7.66,7.71,4321289,67933984.000
2011-04-26,7.73,7.77,7.57,7.58,3904991,60837808.000
2011-04-27,7.58,7.68,7.46,7.54,3308123,50946376.000
2011-04-28,7.55,7.68,7.46,7.48,3525011,54287012.000
2011-04-29,7.47,7.56,7.46,7.55,4040283,61457584.000
2011-05-03,7.53,7.55,7.39,7.55,2775273,42161652.000
2011-05-04,7.52,7.52,7.06,7.07,8771694,129251728.000
2011-05-05,7.07,7.16,7.03,7.06,2128498,30690148.000
2011-05-09,7.06,7.19,7.01,7.09,2569585,37108728.000
2011-05-10,7.09,7.16,7.03,7.14,2631713,38005904.000
2011-05-11,7.10,7.18,7.03,7.10,2695381,38952120.000
2011-05-12,7.04,7.04,6.88,6.91,4290980,60632992.000
2011-05-13,6.93,7.62,6.93,7.51,21496983,328145568.000
2011-05-16,7.42,7.47,7.34,7.40,5036647,75687728.000
2011-05-17,7.38,7.64,7.30,7.47,17966268,271468448.000
2011-05-18,7.37,7.37,7.18,7.28,10691525,157787264.000
2011-05-19,7.29,7.37,7.24,7.27,5359200,79477888.000
2011-05-20,7.15,7.29,7.15,7.19,3760140,55204072.000
2011-05-23,7.13,7.24,6.83,6.84,6467286,91718784.000
2011-05-24,6.84,6.89,6.75,6.86,3648822,50645188.000
2011-05-25,6.82,6.92,6.75,6.76,2716698,37741936.000
2011-05-26,6.83,7.18,6.79,6.85,5448898,77484400.000
2011-05-27,6.80,7.01,6.79,6.91,5037168,71123744.000
2011-05-30,6.88,7.00,6.78,6.91,3623797,50964748.000
2011-05-31,6.93,7.10,6.91,7.07,3916864,56083172.000
2011-06-01,7.04,7.04,6.96,7.02,3378684,48088240.000
2011-06-02,6.93,6.94,6.79,6.87,3607683,50359800.000
2011-06-03,6.84,6.99,6.84,6.95,2172431,30623184.000
2011-06-07,6.92,6.99,6.84,6.97,2611068,36807656.000
2011-06-08,6.93,6.95,6.83,6.91,2604480,36491724.000
2011-06-09,6.89,6.93,6.75,6.76,3020449,41997412.000
2011-06-10,6.74,6.84,6.71,6.77,2472776,34085476.000
2011-06-13,6.75,6.75,6.60,6.69,2441670,33094586.000
2011-06-14,6.72,6.93,6.66,6.83,3191761,44295644.000
2011-06-15,6.82,6.83,6.69,6.71,2266317,31192030.000
2011-06-16,6.66,6.77,6.60,6.62,2459505,33330996.000
2011-06-17,6.66,7.18,6.62,6.72,4108018,56952136.000
2011-06-20,6.63,6.89,6.63,6.81,3615781,49939376.000
2011-06-21,6.87,6.89,6.77,6.86,3530088,49113252.000
2011-06-22,6.87,6.87,6.73,6.74,2475968,34213040.000
2011-06-23,6.71,6.92,6.68,6.86,3282999,45551692.000
2011-06-24,6.83,7.37,6.81,7.18,13743865,200098864.000
2011-06-27,7.13,7.23,7.05,7.12,7947131,115286640.000
2011-06-28,7.08,7.52,7.07,7.37,12920890,193443424.000
2011-06-29,7.42,7.42,6.98,7.07,9698636,141464096.000
2011-06-30,7.07,7.28,7.06,7.15,6493849,94688768.000
2011-07-01,7.12,7.20,7.07,7.09,4380273,63462072.000
2011-07-04,7.14,7.36,7.14,7.26,7250947,107062464.000
2011-07-05,7.29,7.30,7.18,7.24,3798872,55822368.000
2011-07-06,7.25,7.25,7.09,7.17,4361298,63470040.000
2011-07-07,7.22,7.27,7.11,7.12,4921836,71980088.000
2011-07-08,7.11,7.20,7.07,7.14,2854878,41416032.000
2011-07-11,7.11,7.15,7.02,7.13,2988212,43085124.000
2011-07-12,7.06,7.06,6.93,6.94,3786567,53811196.000
2011-07-13,6.97,7.08,6.93,7.06,3488997,49819996.000
2011-07-14,7.05,7.12,6.97,7.06,3233894,46286316.000
2011-07-15,7.02,7.12,6.97,7.11,4744633,68158384.000
2011-07-18,7.13,7.20,7.10,7.13,4595146,66819856.000
2011-07-19,7.07,7.07,6.91,7.00,3548164,50461108.000
2011-07-20,7.06,7.08,6.93,7.00,2790172,39770732.000
2011-07-21,6.98,7.05,6.92,6.94,2578556,36528032.000
2011-07-22,6.95,7.06,6.95,6.97,2540243,36190904.000
2011-07-25,6.91,6.91,6.63,6.69,4693883,64532692.000
2011-07-26,6.69,6.72,6.64,6.70,1749735,23809178.000
2011-07-27,6.65,6.77,6.64,6.74,2216145,30295952.000
2011-07-28,6.69,6.69,6.51,6.61,3983606,53585616.000
2011-07-29,6.61,6.84,6.54,6.68,4407565,60094588.000
2011-08-01,6.65,6.71,6.58,6.66,1925589,26104660.000
2011-08-02,6.63,6.63,6.52,6.59,2656519,35461296.000
2011-08-03,6.50,6.66,6.48,6.59,2077572,27882196.000
2011-08-04,6.63,6.75,6.63,6.68,3762447,51393220.000
2011-08-05,6.37,6.58,6.37,6.50,2766382,36621736.000
2011-08-08,6.38,6.52,5.88,6.04,4250541,53843844.000
2011-08-09,5.90,5.99,5.63,5.95,4131020,49304728.000
2011-08-10,6.07,6.12,5.95,5.96,3301935,40695844.000
2011-08-11,5.73,6.16,5.73,6.09,4337733,53395840.000
2011-08-12,6.08,6.16,6.05,6.06,3082517,38351028.000
2011-08-15,6.06,6.20,6.06,6.16,2837833,35488884.000
2011-08-16,6.20,6.22,6.08,6.12,2884245,36210420.000
2011-08-17,6.09,6.25,6.03,6.16,3269297,41136712.000
2011-08-18,6.10,6.17,5.97,5.98,2577572,31941844.000
2011-08-19,5.83,5.96,5.80,5.89,2293221,27520608.000
2011-08-22,5.95,6.02,5.81,5.86,1811405,21865968.000
2011-08-23,5.84,6.00,5.84,5.98,1784563,21699392.000
2011-08-24,6.04,6.10,5.94,5.95,2468831,30277820.000
2011-08-25,5.99,6.55,5.98,6.55,10989742,145153744.000
2011-08-26,7.13,7.20,6.80,6.95,39886460,568595328.000
2011-08-29,6.84,6.87,6.56,6.61,21414285,290722880.000
2011-08-30,6.68,6.73,6.45,6.47,15284420,205820064.000
2011-08-31,6.45,6.57,6.38,6.48,10220598,135143712.000
2011-09-01,6.49,6.78,6.24,6.33,13177914,173506320.000
2011-09-02,6.29,6.43,6.20,6.29,6573454,84632288.000
2011-09-05,6.19,6.32,6.15,6.21,5376246,68352296.000
2011-09-06,6.13,6.38,6.13,6.29,6213904,79393128.000
2011-09-07,6.37,6.75,6.31,6.54,15741372,209576576.000
2011-09-08,6.48,6.51,6.33,6.33,9496320,124135344.000
2011-09-09,6.32,6.71,6.32,6.46,11066281,147173120.000
2011-09-13,6.26,6.46,6.20,6.42,6310321,81546512.000
2011-09-14,6.49,6.63,6.31,6.60,9063703,120040504.000
2011-09-15,6.59,6.76,6.49,6.59,13533970,183063072.000
2011-09-16,6.62,6.67,6.38,6.40,8866080,117778176.000
2011-09-19,6.33,6.33,6.14,6.15,5514062,70033656.000
2011-09-20,6.18,6.35,6.13,6.27,5361540,68362928.000
2011-09-21,6.23,6.65,6.15,6.56,12242739,161477488.000
2011-09-22,6.44,6.47,6.25,6.26,17397218,224132896.000
2011-09-23,6.11,6.28,5.98,6.14,14863455,184440656.000
2011-09-26,6.08,6.15,5.93,5.94,7069767,86809760.000
2011-09-27,6.05,6.10,5.96,6.01,5662376,69677456.000
2011-09-28,6.05,6.08,5.81,5.84,5717175,69328752.000
2011-09-29,5.77,5.94,5.67,5.71,6459139,76526536.000
2011-09-30,5.75,5.85,5.70,5.77,3964562,46641456.000
2011-10-10,5.80,5.89,5.72,5.79,3097775,36710216.000
2011-10-11,6.18,6.38,5.99,6.14,28248731,363580480.000
2011-10-12,5.98,6.63,5.91,6.51,32221609,415286400.000
2011-10-13,6.37,6.52,6.29,6.42,22986816,298856800.000
2011-10-14,6.33,6.47,6.25,6.34,12256907,158533088.000
2011-10-17,6.32,6.43,6.27,6.33,8567722,110487376.000
2011-10-18,6.28,6.28,5.93,5.96,13098809,162290688.000
2011-10-19,6.01,6.19,5.95,6.02,7345189,90793712.000
2011-10-20,5.95,6.13,5.90,6.05,8801447,108236616.000
2011-10-21,6.08,6.12,5.91,5.99,5448679,67059740.000
2011-10-24,6.05,6.26,5.99,6.19,10066123,126179568.000
2011-10-25,6.18,6.34,6.08,6.28,11923990,151444032.000
2011-10-26,6.23,6.34,6.20,6.26,9908808,126978056.000
2011-10-27,6.25,6.32,6.19,6.27,6985303,88936856.000
2011-10-28,6.45,6.52,6.30,6.37,11420298,148385296.000
2011-10-31,6.39,6.42,6.27,6.29,8252688,106288608.000
2011-11-01,6.23,6.40,6.21,6.33,9177699,118400448.000
2011-11-02,6.23,6.53,6.09,6.45,16222028,206916688.000
2011-11-03,6.40,6.57,6.38,6.42,16690340,219838192.000
2011-11-04,6.49,6.49,6.35,6.41,9281883,121407360.000
2011-11-07,6.38,6.38,6.28,6.30,5356687,69006200.000
2011-11-08,6.32,6.41,6.28,6.30,4782943,61723108.000
2011-11-09,6.35,6.38,6.26,6.34,5843183,75340296.000
2011-11-10,6.27,6.48,6.22,6.27,11284062,145710816.000
2011-11-11,6.29,6.40,6.20,6.23,6494897,83275320.000
2011-11-15,6.32,6.32,6.23,6.26,7546697,96414400.000
2011-11-16,6.27,6.28,6.00,6.05,8322965,103991712.000
2011-11-17,6.00,6.08,6.00,6.04,4373775,53897816.000
2011-11-18,6.00,6.09,5.95,5.99,5994209,73531056.000
2011-11-21,5.99,6.02,5.93,6.02,2689053,32785752.000
2011-11-22,5.97,6.03,5.92,5.98,2796441,34108132.000
2011-11-23,5.99,6.01,5.82,5.83,3919009,47143672.000
2011-11-24,5.82,5.86,5.74,5.81,3082474,36502100.000
2011-11-25,5.82,5.87,5.77,5.78,2129858,25273728.000
2011-11-28,5.83,5.93,5.78,5.85,3356687,40096460.000
2011-11-29,5.94,5.94,5.83,5.90,3359267,40336792.000
2011-11-30,5.88,5.90,5.44,5.47,6689908,76921528.000
2011-12-01,5.75,5.77,5.60,5.62,6758037,78549280.000
2011-12-02,5.55,5.59,5.44,5.49,3228968,36263748.000
2011-12-05,5.48,5.51,5.39,5.44,2274833,25385808.000
2011-12-06,5.41,5.52,5.41,5.47,1778084,19856988.000
2011-12-07,5.47,5.53,5.45,5.51,1833665,20609526.000
2011-12-08,5.51,5.55,5.37,5.47,2952889,32937856.000
2011-12-09,5.40,5.45,5.38,5.41,1829657,20250640.000
2011-12-12,5.41,5.44,5.24,5.25,2696893,29410220.000
2011-12-13,5.18,5.25,5.11,5.12,3207309,33992240.000
2011-12-14,5.07,5.16,5.01,5.04,2281528,23705728.000
2011-12-15,5.02,5.03,4.80,4.82,3647559,36910988.000
2011-12-16,4.85,4.92,4.69,4.91,3794206,37424580.000
2011-12-19,4.86,4.86,4.68,4.83,2887354,28259828.000
2011-12-20,4.81,4.89,4.77,4.80,2229184,22104096.000
2011-12-21,4.87,4.89,4.69,4.70,2729012,26937248.000
2011-12-22,4.67,4.67,4.48,4.58,2764418,25984472.000
2011-12-23,4.59,4.75,4.54,4.67,2577130,24687124.000
2011-12-26,4.59,4.70,4.58,4.64,1606909,15346510.000
2011-12-27,4.64,4.88,4.60,4.69,4516896,44015356.000
2011-12-28,4.65,4.97,4.59,4.92,7738115,76429280.000
2011-12-29,4.84,4.88,4.80,4.81,3835372,38031280.000
2011-12-30,4.87,4.92,4.82,4.84,2597044,25852892.000
2012-01-04,4.88,4.92,4.59,4.60,2945068,28758156.000
2012-01-05,4.55,4.68,4.51,4.56,2853071,26947872.000
2012-01-06,4.56,4.75,4.50,4.73,3866793,36875032.000
2012-01-09,4.70,4.93,4.65,4.91,4774080,47447996.000
2012-01-10,4.86,5.10,4.86,5.07,8661281,88385784.000
2012-01-11,5.03,5.07,4.96,4.99,5565488,57171664.000
2012-01-12,4.92,5.02,4.92,4.94,3725988,37899236.000
2012-01-13,4.95,4.98,4.78,4.84,3938253,39225820.000
2012-01-16,4.78,4.91,4.71,4.72,2330727,23042852.000
2012-01-17,4.70,5.05,4.68,5.03,4919713,49555648.000
2012-01-18,5.01,5.30,4.95,4.96,6749359,70586496.000
2012-01-19,4.99,5.17,4.95,5.08,6606818,68643384.000
2012-01-20,5.14,5.15,5.02,5.09,4730568,49252456.000
2012-01-30,5.06,5.08,4.95,4.98,3167988,32410748.000
2012-01-31,4.99,5.02,4.93,4.99,1822003,18580268.000
2012-02-01,5.00,5.07,4.90,4.92,2147995,21857136.000
2012-02-02,4.94,5.04,4.90,5.04,3222464,32887990.000
2012-02-03,5.01,5.09,4.98,5.05,3626539,37423424.000
2012-02-06,5.05,5.12,4.99,5.04,3572517,36918528.000
2012-02-07,4.99,5.00,4.85,4.88,3760997,37867792.000
2012-02-08,4.87,5.12,4.86,5.06,4541744,46461776.000
2012-02-09,5.04,5.10,5.01,5.05,4439089,45981232.000
2012-02-10,5.03,5.20,5.03,5.09,7019509,73664200.000
2012-02-13,5.04,5.13,5.01,5.08,4684688,48625896.000
2012-02-14,5.04,5.16,5.02,5.09,4957001,51628480.000
2012-02-15,5.04,5.35,5.04,5.24,10988088,117488424.000
2012-02-16,5.19,5.25,5.13,5.19,6289978,66764708.000
2012-02-17,5.20,5.25,5.14,5.18,3981009,42374012.000
2012-02-21,5.19,5.24,5.09,5.24,5901203,62342864.000
2012-02-22,5.21,5.46,5.19,5.37,11342678,124091864.000
2012-02-23,5.37,5.65,5.33,5.43,10177780,113505032.000
2012-02-24,5.42,5.64,5.38,5.54,11333968,127815472.000
2012-02-27,5.59,5.77,5.58,5.58,14447573,167480608.000
2012-02-28,5.53,5.61,5.45,5.54,9717955,109973384.000
2012-02-29,5.51,5.52,5.42,5.43,5288167,58985464.000
2012-03-01,5.41,5.51,5.40,5.45,3449393,38519584.000
2012-03-02,5.46,5.63,5.46,5.62,8259808,93894944.000
2012-03-05,5.63,5.75,5.55,5.56,7225685,83358616.000
2012-03-06,5.53,5.56,5.43,5.45,5640412,63240024.000
2012-03-07,5.39,5.56,5.37,5.46,4417437,49417976.000
2012-03-08,5.49,6.02,5.49,6.02,23224735,280357440.000
2012-03-09,6.04,6.12,5.93,6.07,28312213,347817536.000
2012-03-12,6.03,6.06,5.91,5.98,12325670,150635056.000
2012-03-20,5.81,5.91,5.63,5.69,11631552,136835024.000
2012-03-21,5.77,5.91,5.68,5.79,8773699,103734528.000
2012-03-22,5.81,6.18,5.72,5.94,11853528,143668080.000
2012-03-23,5.88,6.10,5.77,5.83,11976142,144923648.000
2012-03-26,5.83,5.83,5.63,5.71,5504737,63958896.000
2012-03-27,5.77,5.81,5.63,5.64,4111130,48136568.000
2012-03-28,5.73,5.84,5.43,5.45,11141422,129656752.000
2012-03-29,5.33,5.39,5.19,5.26,7811082,84398464.000
2012-03-30,5.24,5.44,5.24,5.37,5822793,63602308.000
2012-04-05,5.42,5.87,5.30,5.65,9570188,109801320.000
2012-04-09,5.58,5.95,5.54,5.72,8317493,98187656.000
2012-04-10,5.63,5.87,5.49,5.86,7688112,89098064.000
2012-04-11,5.73,5.93,5.69,5.80,6690962,79234960.000
2012-04-12,5.81,6.12,5.74,6.02,14349514,174962000.000
2012-04-13,6.01,6.24,5.98,6.01,13792434,171582848.000
2012-04-16,5.92,6.12,5.91,6.03,7231578,89164952.000
2012-04-17,5.98,6.04,5.80,5.81,6547631,78543528.000
2012-04-18,5.86,6.25,5.82,6.17,11990324,148565440.000
2012-04-19,6.13,6.25,6.06,6.08,9429609,118464600.000
2012-04-20,6.09,6.70,6.05,6.70,36380623,482981632.000
2012-04-23,6.63,6.94,6.57,6.70,32524634,449301248.000
2012-04-24,6.55,6.83,6.33,6.61,21193118,284678976.000
2012-04-25,6.62,7.29,6.53,6.91,33024369,473564480.000
2012-04-26,6.91,7.21,6.62,6.97,29602847,418107872.000
2012-04-27,6.91,6.91,6.67,6.72,13960922,192439952.000
2012-05-02,7.02,7.22,6.80,6.81,24846601,355814720.000
2012-05-03,6.73,7.51,6.70,7.40,42448343,626853248.000
2012-05-04,7.31,7.41,7.18,7.38,24351555,360964416.000
2012-05-08,7.33,7.33,6.98,7.12,19305685,280177952.000
2012-05-09,6.98,7.20,6.91,6.96,12681957,181444448.000
2012-05-10,6.96,7.17,6.80,7.04,12954699,184712624.000
2012-05-11,7.02,7.15,6.84,6.86,11509316,163913424.000
2012-05-14,6.93,7.27,6.91,6.99,19589406,282461824.000
2012-05-15,6.85,7.14,6.78,7.10,11867096,168372944.000
2012-05-16,7.03,7.30,6.96,6.98,16067833,233674304.000
2012-05-17,7.03,7.64,7.01,7.54,29969909,450776224.000
2012-05-18,7.38,7.57,7.33,7.46,20283428,306069216.000
2012-05-21,7.33,7.41,7.08,7.16,11879738,174225712.000
2012-05-22,7.18,7.53,7.18,7.39,13112969,197342960.000
2012-05-23,7.35,7.63,7.30,7.56,18564821,282685440.000
2012-05-24,7.52,7.62,7.29,7.35,12174159,184037312.000
2012-05-25,7.34,7.57,7.27,7.35,10294268,154938432.000
2012-05-28,7.25,7.46,6.93,7.41,12470928,183314752.000
2012-05-29,7.41,7.81,7.33,7.60,22016713,340093760.000
2012-05-30,7.60,7.73,7.52,7.64,11009600,170878912.000
2012-05-31,7.54,7.81,7.53,7.58,11617289,181584160.000
2012-06-01,7.61,7.80,7.49,7.58,11540688,180041120.000
2012-06-04,7.42,7.75,7.33,7.41,11829891,180540064.000
2012-06-05,7.40,7.53,7.13,7.24,9826062,145632064.000
2012-06-06,7.20,7.39,7.14,7.21,5418768,79975296.000
2012-06-07,7.36,7.43,7.19,7.21,5967961,88858896.000
2012-06-08,7.36,7.49,7.21,7.30,11360866,169966688.000
2012-06-11,7.39,7.52,7.08,7.45,9734343,145114128.000
2012-06-12,7.36,7.47,7.29,7.32,4924838,73708272.000
2012-06-13,7.37,7.66,7.32,7.57,12064488,184605440.000
2012-06-14,7.50,7.57,7.38,7.41,8691023,132158704.000
2012-06-15,7.43,7.54,7.29,7.40,6583547,99340224.000
2012-06-18,7.46,7.75,7.46,7.62,12080778,187590368.000
2012-06-19,7.61,7.69,7.53,7.62,8453809,130972136.000
2012-06-20,7.66,7.69,7.47,7.48,6185555,95140328.000
2012-06-21,7.44,7.47,7.18,7.22,6984830,103659136.000
2012-06-25,7.21,7.21,6.71,6.85,9913141,138939216.000
2012-06-26,6.83,7.17,6.74,7.02,6183581,86880384.000
2012-06-27,6.98,7.08,6.88,6.96,3521099,49707380.000
2012-06-28,6.97,7.12,6.94,6.95,4979082,70688568.000
2012-06-29,6.88,7.17,6.81,7.12,7126320,101494208.000
2012-07-02,7.15,7.22,7.05,7.15,4397887,63385884.000
2012-07-03,7.16,7.20,6.98,7.03,5325504,76280384.000
2012-07-04,7.03,7.08,6.93,6.95,3619144,51010796.000
2012-07-05,6.87,6.88,6.38,6.52,11477139,151785376.000
2012-07-06,6.64,6.70,6.22,6.61,14028973,182755040.000
2012-07-09,6.50,6.52,6.18,6.19,11017284,141671328.000
2012-07-10,6.20,6.23,6.04,6.08,11122779,137590096.000
2012-07-11,5.99,6.13,5.92,6.07,8529043,104145776.000
2012-07-12,6.07,6.36,5.92,6.23,12815930,159540160.000
2012-07-13,6.19,6.35,6.14,6.27,7289182,92199264.000
2012-07-16,6.24,6.29,5.85,5.87,9315701,113228584.000
2012-07-17,5.83,6.13,5.78,6.00,10131238,122566208.000
2012-07-18,5.95,6.18,5.83,6.17,9953690,120963416.000
2012-07-19,6.13,6.56,6.10,6.30,20445581,262361088.000
2012-07-20,6.23,6.33,6.20,6.28,7715795,97861632.000
2012-07-23,6.18,6.20,5.93,6.13,8454089,104088336.000
2012-07-24,6.00,6.27,6.00,6.22,8784055,109830328.000
2012-07-25,6.20,6.21,6.03,6.05,5700954,70673464.000
2012-07-26,6.05,6.18,6.02,6.11,7445612,91876736.000
2012-07-27,6.12,6.16,6.03,6.08,6133300,75491880.000
2012-07-30,6.10,6.15,5.78,5.81,7526682,90228096.000
2012-07-31,5.80,5.81,5.62,5.69,5482287,63631232.000
2012-08-01,5.69,5.91,5.69,5.82,6826976,80391688.000
2012-08-02,5.81,5.84,5.65,5.74,6247854,72833248.000
2012-08-03,5.84,5.93,5.77,5.92,5598764,66274120.000
2012-08-06,5.88,6.13,5.85,6.12,9177859,111310720.000
2012-08-07,6.10,6.15,6.04,6.07,5578906,68743904.000
2012-08-08,6.13,6.19,6.05,6.09,6717951,83195512.000
2012-08-09,6.06,6.13,5.94,6.12,6559270,80194032.000
2012-08-10,6.10,6.11,5.94,5.96,7782534,94308608.000
2012-08-13,5.96,5.96,5.45,5.50,11510474,132111536.000
2012-08-14,5.44,5.51,5.28,5.44,8036006,87747328.000
2012-08-15,5.45,5.47,5.36,5.37,3584245,39285432.000
2012-08-16,5.37,5.47,5.28,5.33,5665628,61784440.000
2012-08-17,5.32,5.36,5.22,5.35,6186261,66200380.000
2012-08-20,5.30,5.41,5.23,5.37,4447961,47819684.000
2012-08-21,5.36,5.49,5.35,5.44,6482007,71568976.000
2012-08-22,5.46,5.47,5.28,5.34,5018834,54594368.000
2012-08-23,5.40,5.46,5.32,5.38,5094990,55584856.000
2012-08-24,5.38,5.40,5.26,5.26,3830741,41274268.000
2012-08-27,5.23,5.23,4.98,4.99,6717335,68811120.000
2012-08-28,4.99,5.50,4.99,5.31,10864085,116025832.000
2012-08-29,5.23,5.42,5.22,5.32,9145373,98974216.000
2012-08-30,5.31,5.86,5.30,5.86,34135498,393383968.000
2012-08-31,5.76,5.88,5.70,5.80,19591960,229595232.000
2012-09-03,5.75,6.04,5.74,5.85,25714287,307238688.000
2012-09-04,5.85,5.91,5.75,5.78,13799072,162587328.000
2012-09-05,5.72,6.02,5.68,5.88,14435703,171606704.000
2012-09-06,5.82,5.98,5.74,5.93,13505583,160534976.000
2012-09-07,6.02,6.53,6.02,6.53,36939958,474956608.000
2012-09-10,6.43,6.65,6.39,6.52,25500617,336307424.000
2012-09-11,6.49,6.55,6.34,6.54,12205841,158613664.000
2012-09-12,6.65,6.72,6.43,6.54,11580053,153335936.000
2012-09-13,6.49,6.55,6.33,6.34,9402285,122547304.000
2012-09-14,6.47,6.59,6.26,6.45,16117595,210115072.000
2012-09-17,6.39,6.43,6.06,6.07,14204704,178141840.000
2012-09-18,5.98,6.13,5.98,6.02,7783296,95339736.000
2012-09-19,6.08,6.35,6.04,6.30,15269128,192264992.000
2012-09-20,6.22,6.32,6.13,6.24,11540603,145108592.000
2012-09-21,6.25,6.59,6.09,6.41,18163349,235369360.000
2012-09-24,6.23,7.06,6.21,6.68,25004863,337469120.000
2012-09-25,6.59,6.84,6.54,6.65,18092357,244547328.000
2012-09-26,6.64,6.81,6.41,6.46,13466672,179404576.000
2012-09-27,6.42,7.11,6.38,7.11,40859864,573819712.000
2012-09-28,6.98,7.83,6.83,7.66,50639391,752732672.000
2012-10-08,7.52,8.05,7.50,7.69,36502227,568765056.000
2012-10-09,7.63,8.06,7.62,7.77,35985756,569102208.000
2012-10-10,7.68,7.75,7.51,7.72,22625753,348381856.000
2012-10-11,7.66,7.91,7.53,7.57,21981674,342082048.000
2012-10-12,7.62,7.74,7.30,7.64,21320896,324213952.000
2012-10-15,7.65,7.71,7.46,7.61,15211015,232504032.000
2012-10-16,7.62,7.80,7.52,7.58,20567709,318112832.000
2012-10-17,7.70,7.70,7.38,7.46,20167253,306950592.000
2012-10-18,7.43,7.60,7.39,7.49,16767364,253390464.000
2012-10-19,7.52,7.85,7.43,7.75,24260235,375047904.000
2012-10-22,7.68,7.97,7.65,7.80,21604642,340078112.000
2012-10-23,7.81,7.81,7.44,7.48,18190640,278532960.000
2012-10-24,7.40,7.60,7.34,7.37,12438547,187137328.000
2012-10-25,7.35,7.44,7.03,7.10,16035798,233116672.000
2012-10-26,7.10,7.21,6.94,7.10,14146497,202401984.000
2012-10-29,7.10,7.16,6.91,7.06,10132055,143980240.000
2012-10-30,7.08,7.20,6.95,6.99,12090289,172871936.000
2012-10-31,7.00,7.15,6.88,7.12,11490824,162855120.000
2012-11-01,7.15,7.78,7.11,7.56,30546849,460523264.000
2012-11-02,7.51,7.76,7.50,7.64,21663115,333416832.000
2012-11-05,7.59,7.68,7.50,7.53,12129292,185353504.000
2012-11-06,7.58,8.29,7.39,8.09,36620380,578654272.000
2012-11-07,7.98,8.12,7.83,7.91,23397134,376581728.000
2012-11-08,7.74,8.07,7.63,7.76,21676436,343357984.000
2012-11-09,7.68,7.77,7.55,7.66,13607328,210254832.000
2012-11-12,7.71,7.76,7.33,7.53,18014102,273410080.000
2012-11-13,7.52,7.52,7.02,7.03,16851386,246350816.000
2012-11-14,6.97,7.37,6.95,7.31,19965379,288457152.000
2012-11-15,7.17,7.36,7.07,7.09,14381867,208957904.000
2012-11-16,7.08,7.44,7.03,7.32,19133302,281481472.000
2012-11-19,7.31,7.73,7.28,7.64,25533799,390228704.000
2012-11-20,7.68,7.69,7.44,7.51,18618016,282928896.000
2012-11-21,7.50,7.93,7.46,7.81,33661683,524956992.000
2012-11-22,7.72,7.76,7.62,7.74,17935496,278398464.000
2012-11-23,7.72,7.82,7.56,7.58,18823884,290882176.000
2012-11-26,7.52,7.60,7.20,7.22,19183266,283104736.000
2012-11-27,7.08,7.38,7.08,7.14,17500200,256392576.000
2012-11-28,7.08,7.31,7.05,7.23,16048899,233943216.000
2012-11-29,7.24,7.31,6.50,6.50,25693196,356616128.000
2012-11-30,6.25,6.45,6.08,6.27,28505921,361470336.000
2012-12-03,6.25,6.37,5.95,5.98,17501911,218295520.000
2012-12-04,5.97,6.53,5.94,6.38,25106276,316029824.000
2012-12-05,6.32,7.02,6.28,6.77,37030618,503680384.000
2012-12-06,6.73,6.80,6.58,6.65,19449547,263032208.000
2012-12-07,6.68,6.91,6.64,6.78,24742631,339338304.000
2012-12-10,6.78,6.97,6.78,6.86,19546388,271334144.000
2012-12-11,6.80,6.92,6.76,6.78,14413509,199405712.000
2012-12-12,6.75,6.90,6.68,6.84,13942739,191338192.000
2012-12-13,6.79,6.85,6.66,6.70,9920441,134950992.000
2012-12-14,6.75,7.25,6.70,7.19,32604197,464937856.000
2012-12-17,7.26,7.49,7.08,7.30,35523085,520910464.000
2012-12-18,7.25,7.57,7.13,7.35,29471655,438791936.000
2012-12-19,7.28,7.42,7.21,7.26,14656053,215959552.000
2012-12-20,7.20,7.52,7.08,7.39,24549591,362835904.000
2012-12-21,7.38,7.46,7.20,7.24,17050244,251202960.000
2012-12-24,7.23,7.97,7.18,7.60,34568244,538667264.000
2012-12-25,7.47,7.97,7.39,7.75,36931956,576134208.000
2012-12-26,7.68,7.80,7.64,7.73,16799825,262005280.000
2012-12-27,7.78,8.02,7.72,7.76,25834449,410608736.000
2012-12-28,7.88,8.55,7.83,8.55,56352680,944173888.000
2012-12-31,8.81,8.96,8.55,8.85,48903834,864084416.000
2013-01-04,8.87,9.08,8.58,8.70,36782602,650718976.000
2013-01-07,8.63,8.78,8.57,8.74,24550170,429495200.000
2013-01-08,8.68,8.72,8.43,8.52,29717773,510156832.000
2013-01-09,8.48,8.68,8.33,8.54,23120239,396661504.000
2013-01-10,8.50,8.91,8.47,8.66,31694074,555443136.000
2013-01-11,8.60,8.66,8.18,8.22,25508313,432408704.000
2013-01-14,8.20,9.05,8.20,9.05,51043765,907030016.000
2013-01-15,9.15,9.24,8.94,9.03,40613114,741620288.000
2013-01-16,9.02,9.09,8.74,9.04,30753722,552814912.000
2013-01-17,8.97,9.28,8.83,9.07,33316043,609295552.000
2013-01-18,9.07,9.42,9.02,9.15,29041566,539385664.000
2013-01-21,9.10,9.24,8.98,9.14,17657671,323993696.000
2013-01-22,9.14,9.27,8.93,9.01,23926687,438059296.000
2013-01-23,8.95,8.98,8.68,8.92,19787339,352780672.000
2013-01-24,8.87,9.47,8.80,8.86,42393085,781960960.000
2013-01-25,8.79,8.91,8.53,8.60,19051722,334395808.000
2013-01-28,8.61,9.06,8.61,9.03,26483527,475575680.000
2013-01-29,9.03,9.40,8.93,9.13,30423363,563294336.000
2013-01-30,9.13,9.41,8.91,9.03,25685857,473309920.000
2013-01-31,9.08,9.33,8.94,9.12,17308731,317985504.000
2013-02-01,9.08,9.55,8.95,9.40,38884199,730702400.000
2013-02-04,9.44,9.59,9.10,9.14,33333762,624954816.000
2013-02-05,9.01,9.04,8.87,8.95,24008067,432818208.000
2013-02-06,9.02,9.33,8.91,9.14,21062428,388534656.000
2013-02-07,9.08,9.60,8.97,9.49,34631835,650228992.000
2013-02-08,9.45,9.53,9.25,9.47,22560451,427651520.000
2013-02-18,9.48,9.48,9.11,9.12,15290129,285127424.000
2013-02-19,9.10,9.19,8.97,9.04,12801836,233446832.000
2013-02-20,9.03,9.10,8.87,9.05,11174167,202481168.000
2013-02-21,8.97,8.97,8.37,8.50,16681161,290396544.000
2013-02-22,8.48,8.58,8.35,8.40,8769672,149981296.000
2013-02-25,8.52,8.68,8.50,8.53,9241272,159925456.000
2013-02-26,8.43,8.72,8.26,8.39,14069496,241937504.000
2013-02-27,8.47,8.75,8.45,8.62,13139941,228044592.000
2013-02-28,8.70,8.92,8.54,8.89,20638742,364947968.000
2013-03-01,8.88,8.97,8.67,8.80,15185520,270710112.000
2013-03-04,8.63,8.63,8.24,8.31,16869591,286141504.000
2013-03-05,8.31,8.68,8.30,8.66,18296369,313472416.000
2013-03-06,8.63,8.73,8.55,8.60,14925116,259885712.000
2013-03-07,8.72,8.77,8.33,8.44,14576270,252421088.000
2013-03-08,8.45,8.52,8.28,8.29,8131001,137565840.000
2013-03-11,8.26,8.37,8.13,8.18,7657568,127176136.000
2013-03-12,8.18,8.37,7.93,8.09,12122224,198940144.000
2013-03-13,8.09,8.13,7.83,7.89,10158275,162759248.000
2013-03-14,7.85,8.05,7.85,7.90,7210685,115592520.000
2013-03-15,7.91,8.20,7.68,7.91,14826219,238499200.000
2013-03-18,7.86,8.03,7.78,7.82,8712016,138375776.000
2013-03-19,7.85,8.10,7.73,8.01,11255430,180858656.000
2013-03-20,8.02,8.37,7.98,8.32,18150963,301527744.000
2013-03-21,8.33,8.40,8.20,8.29,11552826,193604016.000
2013-03-22,8.28,8.29,8.12,8.21,8704414,144385376.000
2013-03-25,8.18,8.30,8.08,8.10,7113235,117138104.000
2013-03-26,8.07,8.07,7.78,7.79,11813227,187710784.000
2013-03-27,7.78,7.96,7.71,7.81,7267683,115033800.000
2013-03-28,7.63,7.63,7.35,7.36,11909984,178696240.000
2013-03-29,7.43,7.56,7.32,7.47,7676768,115163048.000
2013-04-01,7.48,7.62,7.44,7.54,6357622,96856720.000
2013-04-02,7.57,7.70,7.45,7.63,9293604,142513728.000
2013-04-03,7.63,7.72,7.53,7.53,6297178,96532328.000
2013-04-08,7.26,7.40,7.15,7.37,8936934,131110584.000
2013-04-09,7.40,7.62,7.40,7.50,8010034,121750176.000
2013-04-10,7.43,7.47,7.25,7.35,7984347,118555744.000
2013-04-11,7.43,7.45,7.27,7.28,4577770,67977896.000
2013-04-12,7.32,7.48,7.27,7.33,9013226,134402880.000
2013-04-15,7.19,7.60,7.19,7.53,14478626,218509952.000
2013-04-16,7.44,7.84,7.41,7.77,17483545,270613440.000
2013-04-17,7.73,7.79,7.56,7.72,12920981,200355712.000
2013-04-18,7.66,7.82,7.58,7.70,12011453,187260704.000
2013-04-19,7.72,8.02,7.72,7.95,17528791,279596544.000
2013-04-22,7.88,7.96,7.84,7.90,9309267,148187344.000
2013-04-23,7.89,7.90,7.38,7.41,12649243,193554960.000
2013-04-24,7.45,7.72,7.33,7.62,11653309,177592208.000
2013-04-25,7.56,7.75,7.40,7.48,10036323,153096400.000
2013-04-26,7.47,7.57,7.33,7.35,7654903,115123296.000
2013-05-02,7.37,7.59,7.33,7.51,7115813,107686920.000
2013-05-03,7.57,7.82,7.55,7.71,12175771,190181456.000
2013-05-06,7.75,8.05,7.73,7.98,16015927,255530880.000
2013-05-07,7.93,7.94,7.74,7.86,9851223,155798784.000
2013-05-08,7.89,8.02,7.68,7.96,12181264,193080944.000
2013-05-09,7.92,7.98,7.67,7.95,14737937,233553104.000
2013-05-17,8.08,8.12,7.68,7.86,31278921,494476736.000
2013-05-20,7.85,8.08,7.79,7.93,22142559,355242912.000
2013-05-21,7.90,8.18,7.82,8.13,21299602,345215424.000
2013-05-22,8.12,8.15,8.03,8.06,20594609,335829568.000
2013-05-23,7.95,7.97,7.72,7.73,25360247,401601216.000
2013-05-24,7.74,7.82,7.66,7.72,13466659,210306816.000
2013-05-27,7.72,7.86,7.68,7.78,10902905,171666448.000
2013-05-28,7.79,7.99,7.71,7.99,17722153,281897472.000
2013-05-29,8.03,8.10,7.87,7.88,18649271,300340704.000
2013-05-30,7.87,8.00,7.83,7.89,13319797,213309504.000
2013-05-31,7.92,7.98,7.74,7.76,12266651,193690976.000
2013-06-03,7.76,7.86,7.68,7.69,11233814,175958704.000
2013-06-04,7.69,7.70,7.41,7.44,14289099,216351184.000
2013-06-05,7.46,7.51,7.36,7.42,8442366,126707248.000
2013-06-06,7.40,7.48,7.38,7.42,7632175,114545960.000
2013-06-07,7.42,7.54,6.97,7.03,16380439,238945488.000
2013-06-13,6.93,6.93,6.56,6.64,9582053,129605176.000
2013-06-14,6.69,6.76,6.64,6.69,5980515,81017032.000
2013-06-17,6.73,6.77,6.53,6.62,6773541,90846216.000
2013-06-18,6.71,6.73,6.62,6.68,5369618,72502952.000
2013-06-19,6.67,6.67,6.41,6.62,8549548,113010792.000
2013-06-20,6.53,6.59,6.34,6.36,5885535,77064144.000
2013-06-21,6.25,6.44,6.13,6.35,7411065,94889000.000
2013-06-24,6.33,6.33,5.81,5.86,9845094,120618144.000
2013-06-25,5.77,5.90,5.33,5.72,15493047,175632768.000
2013-06-26,5.73,5.88,5.57,5.72,10615941,122672328.000
2013-06-27,5.74,5.82,5.51,5.55,12329244,141694704.000
2013-06-28,5.53,5.92,5.44,5.68,14832983,171700288.000
2013-07-01,5.63,5.72,5.53,5.65,8490396,96837024.000
2013-07-02,5.63,5.80,5.55,5.69,10125024,116216680.000
2013-07-03,5.67,5.67,5.47,5.58,9766299,109286272.000
2013-07-04,5.54,5.72,5.39,5.64,12425303,140014336.000
2013-07-05,5.70,5.84,5.64,5.75,13338536,154224288.000
2013-07-08,5.65,5.71,5.45,5.47,10195545,114467104.000
2013-07-09,5.49,5.55,5.46,5.47,5555472,61449132.000
2013-07-10,5.48,5.77,5.46,5.74,12331210,140280512.000
2013-07-11,5.71,6.32,5.69,6.32,25656882,313725440.000
2013-07-12,6.43,6.58,6.19,6.20,43456041,560644032.000
2013-07-15,6.40,6.66,6.21,6.44,31849650,414138080.000
2013-07-16,6.32,6.48,6.28,6.44,16933837,217557760.000
2013-07-17,6.39,6.53,6.21,6.26,16071218,206214752.000
2013-07-18,6.20,6.33,6.09,6.15,12353939,153572448.000
2013-07-19,6.17,6.32,5.89,5.92,13734693,170040352.000
2013-07-22,5.86,6.06,5.78,6.05,10263995,122813024.000
2013-07-23,6.04,6.46,6.00,6.28,19472573,246389760.000
2013-07-24,6.19,6.28,6.06,6.21,14832484,184167376.000
2013-07-25,6.26,6.66,6.18,6.38,27940367,362473792.000
2013-07-26,6.33,6.42,6.16,6.25,15862831,200593520.000
2013-07-29,6.14,6.19,6.02,6.06,11060102,135664240.000
2013-07-30,6.07,6.43,6.05,6.20,21346275,267133696.000
2013-07-31,6.27,6.37,6.10,6.12,15450922,193832000.000
2013-08-01,6.16,6.35,6.13,6.31,17691471,222740768.000
2013-08-02,6.35,6.39,6.23,6.26,12909700,163158176.000
2013-08-05,6.22,6.35,6.22,6.34,12130525,153641264.000
2013-08-06,6.34,6.40,6.23,6.37,14423735,183446496.000
2013-08-07,6.31,6.46,6.28,6.30,17362085,222539296.000
2013-08-08,6.28,6.33,6.18,6.22,11220049,140759280.000
2013-08-09,6.26,6.33,6.15,6.24,10522873,132061728.000
2013-08-12,6.26,6.50,6.23,6.48,25375746,327070784.000
2013-08-13,6.51,6.51,6.40,6.44,14585942,189227520.000
2013-08-14,6.46,6.54,6.31,6.36,14595983,188868240.000
2013-08-15,6.30,6.42,6.26,6.26,9625054,122572640.000
2013-08-16,6.22,6.82,6.19,6.30,36758277,481362592.000
2013-08-19,6.06,6.18,6.00,6.13,19726389,241761584.000
2013-08-20,6.11,6.20,6.01,6.04,11661260,143335184.000
2013-08-21,6.06,6.12,6.03,6.10,6690758,81825872.000
2013-08-22,6.06,6.14,6.01,6.03,7187220,87861008.000
2013-08-23,6.07,6.09,5.81,5.89,10693082,128049320.000
2013-08-26,6.08,6.24,6.04,6.23,18967422,234287968.000
2013-08-27,6.19,6.27,6.16,6.26,10690435,133772064.000
2013-08-28,6.16,6.25,6.10,6.19,11629599,144436096.000
2013-08-29,6.29,6.46,6.25,6.29,15459682,197114112.000
2013-08-30,6.24,6.56,6.24,6.45,27223649,353553248.000
2013-09-02,6.45,6.59,6.34,6.51,17999357,234559232.000
2013-09-03,6.48,6.59,6.38,6.52,16848347,219318352.000
2013-09-04,6.52,6.52,6.35,6.41,12097322,156381728.000
2013-09-05,6.40,6.42,6.29,6.31,10843707,138296160.000
2013-09-06,6.28,6.42,6.27,6.36,9196885,117600624.000
2013-09-09,6.39,6.81,6.38,6.64,38394948,511784800.000
2013-09-10,6.65,6.85,6.59,6.84,29367787,395678464.000
2013-09-11,6.94,6.96,6.73,6.76,26756235,367897952.000
2013-09-12,6.72,7.11,6.72,6.90,26075272,363170976.000
2013-09-13,6.86,6.95,6.77,6.82,15031566,207300288.000
2013-09-16,6.84,6.88,6.69,6.72,14735818,200043040.000
2013-09-17,6.72,6.79,6.52,6.55,11778416,157524144.000
2013-09-18,6.57,6.63,6.48,6.60,8977902,118499424.000
2013-09-23,6.62,6.68,6.54,6.67,10262926,136717248.000
2013-09-24,6.64,6.64,6.46,6.47,11268965,147828912.000
2013-09-25,6.47,6.54,6.37,6.41,8375226,108863312.000
2013-09-26,6.42,6.45,6.29,6.30,8531690,109293904.000
2013-09-27,6.31,6.43,6.30,6.42,7109249,91257616.000
2013-09-30,6.43,6.43,6.36,6.38,5994801,77035144.000
2013-10-08,6.37,6.49,6.30,6.45,6954478,89783400.000
2013-10-09,6.44,6.52,6.37,6.49,7154737,92976800.000
2013-10-10,6.47,6.51,6.32,6.35,7356128,94598008.000
2013-10-11,6.40,6.59,6.38,6.55,12774929,167480560.000
2013-10-14,6.55,6.56,6.42,6.50,9710899,126710552.000
2013-10-15,6.52,6.54,6.42,6.49,7561381,98811416.000
2013-10-16,6.47,6.47,6.12,6.17,11884365,149828096.000
2013-10-17,6.21,6.31,6.13,6.14,9126837,113861376.000
2013-10-18,6.13,6.31,6.13,6.24,10424119,131185368.000
2013-10-21,6.29,6.37,6.18,6.34,7767670,98361208.000
2013-10-22,6.31,6.39,6.22,6.25,5430157,68781752.000
2013-10-23,6.29,6.41,6.22,6.24,6400869,81199432.000
2013-10-24,6.23,6.23,6.08,6.11,5806041,71626000.000
2013-10-25,6.11,6.20,6.02,6.06,5285415,64992472.000
2013-10-28,6.06,6.15,6.01,6.04,4370309,53414456.000
2013-10-29,6.10,6.26,5.91,6.11,9020986,110560304.000
2013-10-30,6.12,6.21,6.09,6.19,5952761,73678568.000
2013-10-31,6.20,6.25,6.12,6.17,5919375,73761992.000
2013-11-01,6.19,6.27,6.14,6.22,5196138,65134048.000
2013-11-04,6.22,6.34,6.22,6.25,5332460,67340248.000
2013-11-05,6.21,6.27,6.08,6.26,5970256,74335840.000
2013-11-06,6.21,6.27,6.14,6.14,4857463,60617504.000
2013-11-07,6.12,6.19,6.03,6.07,4577395,56134112.000
2013-11-08,6.04,6.09,5.92,5.93,4573548,55174476.000
2013-11-11,5.93,6.02,5.86,5.97,2924674,34968400.000
2013-11-12,5.98,6.09,5.97,5.99,4535651,54958968.000
2013-11-13,5.96,5.96,5.81,5.82,5276321,62368804.000
2013-11-14,5.86,5.94,5.81,5.91,3678886,43572204.000
2013-11-15,5.93,6.43,5.93,6.19,22282383,280599968.000
2013-11-18,6.31,6.73,6.26,6.70,33423448,435284544.000
2013-11-19,6.70,6.89,6.61,6.82,31697817,431809792.000
2013-11-20,6.85,6.95,6.62,6.87,19283654,263504624.000
2013-11-21,6.84,7.56,6.77,7.45,65184140,942855488.000
2013-11-22,7.45,8.04,7.36,7.80,61085244,948123456.000
2013-11-25,8.22,8.22,7.45,7.56,62156739,978385152.000
2013-11-26,7.55,8.30,7.54,8.00,51822480,832169344.000
2013-11-27,7.99,8.81,7.93,8.81,66013125,1134280960.000
2013-11-28,8.36,8.66,8.29,8.39,55528219,943319936.000
2013-11-29,8.42,8.61,8.21,8.41,32475727,547572480.000
2013-12-02,8.74,9.02,8.34,8.53,66840396,1171943168.000
2013-12-03,8.32,8.65,8.05,8.54,37623811,629944640.000
2013-12-04,8.44,8.70,8.36,8.45,28578747,488247936.000
2013-12-05,8.37,9.19,8.37,9.04,48287537,862595392.000
2013-12-06,8.91,9.22,8.80,8.92,33906952,612905600.000
2013-12-09,8.96,9.08,8.31,8.41,41451678,716204160.000
2013-12-10,8.34,8.46,8.11,8.35,27226515,453545600.000
2013-12-11,8.23,8.28,7.94,8.17,24467076,399220384.000
2013-12-12,8.15,8.51,8.08,8.36,26431097,442377248.000
2013-12-13,8.22,8.46,8.19,8.27,15003866,251284032.000
2013-12-16,8.34,8.36,7.61,7.76,30557310,481121376.000
2013-12-17,7.71,8.21,7.60,7.83,30115810,477238688.000
2013-12-18,7.78,8.05,7.78,7.89,20942409,332657632.000
2013-12-19,7.82,8.05,7.66,7.82,23595772,372440896.000
2013-12-20,7.76,7.94,7.61,7.64,18726976,291409120.000
2013-12-23,7.36,7.39,6.90,6.96,87421946,1242779904.000
2013-12-24,6.90,7.14,6.85,7.06,59033549,832901504.000
2013-12-25,7.01,7.71,6.99,7.69,71562192,1068761280.000
2013-12-26,7.66,8.03,7.58,7.83,56271219,889675136.000
2013-12-27,7.76,8.45,7.76,8.03,52391832,849755840.000
2013-12-30,8.03,8.51,8.00,8.49,43538009,724816320.000
2013-12-31,8.40,8.78,8.31,8.45,37310473,638995008.000
2014-01-02,8.38,8.54,8.21,8.45,25180941,423760832.000
2014-01-03,8.40,8.45,8.06,8.38,32656721,539289856.000
2014-01-06,8.28,8.59,8.15,8.36,54214608,918081024.000
2014-01-07,8.20,8.56,8.07,8.53,34704942,580841856.000
2014-01-08,8.54,9.33,8.54,9.21,77001545,1402724096.000
2014-01-09,9.24,9.62,9.24,9.44,48317168,920178304.000
2014-01-10,9.26,9.63,9.05,9.59,33800329,636397056.000
2014-01-13,9.52,9.69,9.06,9.08,31396818,593232896.000
2014-01-14,9.11,9.20,8.72,8.98,36486948,652956928.000
2014-01-15,8.98,9.79,8.94,9.73,38881721,723599040.000
2014-01-16,9.60,9.84,9.51,9.57,28762279,559241408.000
2014-01-17,9.46,10.02,9.41,9.88,34865522,684871104.000
2014-01-20,9.91,10.19,9.44,9.48,28758102,570842240.000
2014-01-21,9.53,10.15,9.31,9.74,38643164,755233408.000
2014-01-22,9.59,10.11,9.39,9.90,32666166,640897344.000
2014-01-23,9.81,10.01,9.70,9.81,23493517,465248000.000
2014-01-24,9.76,10.01,9.74,9.80,23362377,462991680.000
2014-01-27,9.79,9.80,9.21,9.22,42935965,809696512.000
2014-01-28,9.31,10.03,9.31,10.00,50477569,984898624.000
2014-01-29,10.12,11.01,10.05,11.01,40528722,861245952.000
2014-01-30,11.21,11.84,11.06,11.38,35112454,811492928.000
2014-02-07,11.52,12.52,11.36,12.52,39887549,959352640.000
2014-02-10,12.64,12.75,12.11,12.62,37183425,929481472.000
2014-02-11,12.62,12.71,12.11,12.39,36417665,907308928.000
2014-02-12,13.10,13.36,11.70,12.76,54289737,1356816128.000
2014-02-13,12.50,12.76,11.91,12.07,37228817,922205568.000
2014-02-14,12.12,12.35,11.90,12.13,21570780,526830720.000
2014-02-17,12.16,13.35,12.16,13.35,42723618,1110899456.000
2014-02-18,13.75,13.97,12.86,13.09,42551301,1140567936.000
2014-02-19,13.06,13.09,12.14,12.57,44816149,1122323584.000
2014-02-20,12.50,12.52,11.81,12.02,42268884,1027268608.000
2014-02-21,12.21,12.30,11.41,11.80,46476328,1094207872.000
2014-02-24,11.71,12.22,11.47,12.13,40128914,963603584.000
2014-02-25,12.14,12.16,10.91,10.91,45701183,1052615360.000
2014-02-26,10.36,10.76,10.01,10.48,63334319,1319396480.000
2014-02-27,10.47,10.74,9.77,9.91,67277227,1376918016.000
2014-02-28,9.96,10.52,9.79,10.22,77393821,1573388928.000
2014-03-04,10.10,10.10,9.65,9.99,59991068,1189328256.000
2014-03-05,10.11,10.40,9.96,10.21,48398182,987803776.000
2014-03-06,10.18,10.57,9.83,10.45,52569760,1085820672.000
2014-03-07,10.56,11.44,10.49,11.00,62238858,1377736576.000
2014-03-10,10.86,11.43,10.68,11.00,45740001,1022441984.000
2014-03-11,10.79,11.57,10.73,11.38,48044504,1089076352.000
2014-03-12,11.56,11.66,10.24,10.63,54511274,1190816768.000
2014-03-13,10.61,11.20,10.46,10.90,33826642,741664832.000
2014-03-14,10.76,11.29,10.51,11.03,34059265,746384384.000
2014-03-17,10.89,10.91,10.36,10.73,35025159,744319424.000
2014-03-18,10.74,10.84,10.34,10.39,32003289,673802048.000
2014-03-19,10.33,10.66,10.12,10.51,26677547,558475776.000
2014-03-20,10.44,10.62,9.85,9.88,29133822,599757248.000
2014-03-21,9.76,10.46,9.46,10.38,44568608,895153792.000
2014-03-24,10.31,11.25,10.17,11.01,52902366,1135050240.000
2014-03-25,10.89,11.16,10.81,10.89,28751390,633072512.000
2014-03-26,11.05,11.13,10.59,10.65,24702411,533098528.000
2014-03-27,10.58,10.58,9.87,10.09,42261697,867286848.000
2014-03-28,9.99,10.01,9.21,9.37,62931823,1203541504.000
2014-03-31,9.41,9.55,9.14,9.27,24449131,458611904.000
2014-04-01,9.32,9.44,9.20,9.43,20666752,387607680.000
2014-04-02,9.49,9.58,9.22,9.27,26913211,507166048.000
2014-04-03,9.36,9.58,9.31,9.39,32254056,610171200.000
2014-04-04,9.31,9.58,9.21,9.56,27710826,523273952.000
2014-04-08,9.44,9.85,9.43,9.82,34008574,658725568.000
2014-04-09,9.80,9.90,9.67,9.81,23000865,451073856.000
2014-04-10,9.88,10.60,9.72,10.32,57108649,1170863104.000
2014-04-11,10.26,10.79,10.17,10.54,54360416,1150297984.000
2014-04-14,10.69,10.94,10.57,10.77,40487631,874594752.000
2014-04-15,10.74,10.74,10.22,10.33,35807666,748757056.000
2014-04-16,10.22,10.56,10.21,10.29,24238481,504567808.000
2014-04-17,10.35,10.44,10.18,10.24,18645316,386015136.000
2014-04-18,10.15,10.49,10.11,10.39,21538952,447505216.000
2014-04-21,10.39,10.47,9.81,9.83,29957675,610859648.000
2014-04-22,9.77,9.99,9.31,9.85,38871003,754607104.000
2014-04-23,9.72,9.76,9.50,9.56,18235547,352471168.000
2014-04-24,9.61,9.98,9.56,9.67,25396599,498856192.000
2014-04-25,9.69,9.74,9.42,9.44,21824764,417938880.000
2014-04-28,9.33,9.43,8.99,9.04,20900502,382784384.000
2014-04-29,9.13,9.42,9.04,9.34,21933796,404484288.000
2014-04-30,9.29,9.58,9.25,9.49,18268858,345169056.000
2014-05-05,9.49,9.78,9.31,9.77,23038565,439661152.000
2014-05-06,9.68,9.88,9.62,9.71,20040357,390251968.000
2014-05-07,9.62,9.88,9.61,9.63,25124221,489389696.000
2014-05-08,9.63,9.99,9.56,9.72,29473817,578418880.000
2014-05-09,9.73,9.82,9.30,9.55,30996826,591157952.000
2014-05-12,9.85,10.17,9.62,10.10,54408678,1078481664.000
2014-05-13,10.06,10.08,9.87,9.97,34848898,694952576.000
2014-05-14,9.99,10.15,9.97,9.98,27783577,558377600.000
2014-05-15,10.00,10.05,9.64,9.68,27051725,529226176.000
2014-05-16,9.73,9.79,9.28,9.35,34388581,650308864.000
2014-05-19,9.30,9.30,8.91,9.07,28551757,518232096.000
2014-05-20,9.15,9.27,9.07,9.13,17443705,319053888.000
2014-05-21,9.01,9.27,8.96,9.22,21035990,385392256.000
2014-05-22,9.19,9.41,9.16,9.23,26495948,492501184.000
2014-05-23,9.26,9.31,9.14,9.28,16197273,298771104.000
2014-05-26,9.35,9.38,9.22,9.27,17181231,318579360.000
2014-05-27,9.28,9.29,9.06,9.07,19835030,363705120.000
2014-05-28,9.11,9.90,9.05,9.72,58788994,1112219520.000
2014-05-29,9.62,9.71,9.39,9.46,31073964,591434816.000
2014-05-30,9.43,9.93,9.40,9.77,49329983,961626176.000
2014-06-03,9.73,10.08,9.63,9.64,39974343,786279552.000
2014-06-04,9.64,9.64,9.40,9.63,20589178,391706304.000
2014-06-05,9.59,9.90,9.54,9.88,31838618,621828928.000
2014-06-06,9.88,9.98,9.64,9.90,36959948,726590080.000
2014-06-09,9.73,9.87,9.58,9.66,27409160,532274336.000
2014-06-10,9.78,10.37,9.62,10.19,65445339,1312238208.000
2014-06-11,10.01,10.21,10.00,10.15,33033714,668226048.000
2014-06-12,10.13,10.30,10.05,10.08,31920360,649730368.000
2014-06-13,10.10,10.58,10.06,10.27,58507000,1211253888.000
2014-06-16,10.23,10.50,10.18,10.28,38692719,798701376.000
2014-06-17,10.16,10.16,9.87,9.96,45438941,907546816.000
2014-06-18,9.90,10.08,9.84,9.91,20410818,406111776.000
2014-06-19,9.93,10.00,9.35,9.47,38208748,737074688.000
2014-06-20,9.46,9.52,9.14,9.44,30623168,572878080.000
2014-06-23,9.44,9.60,9.41,9.46,22265124,422807808.000
2014-06-24,9.46,9.65,9.44,9.65,23081984,441633408.000
2014-06-25,9.60,9.62,9.48,9.53,17134599,326763744.000
2014-06-26,9.54,9.85,9.53,9.66,30533598,592773888.000
2014-06-27,9.68,9.77,9.55,9.66,23468664,452767392.000
2014-06-30,9.68,10.13,9.61,9.94,42309308,834833536.000
2014-07-01,10.10,10.18,9.92,9.96,39611142,791969536.000
2014-07-02,9.99,10.30,9.98,10.24,47898328,969817984.000
2014-07-03,10.24,10.27,10.05,10.16,34729083,705785280.000
2014-07-04,10.16,10.19,9.97,9.98,25495866,512552672.000
2014-07-07,9.95,10.09,9.90,10.00,18105486,362018432.000
2014-07-08,9.96,10.03,9.84,9.99,23094295,459073760.000
2014-07-09,9.99,10.05,9.64,9.67,30040998,591249600.000
2014-07-10,9.65,9.71,9.55,9.60,23350111,449152608.000
2014-07-11,9.62,9.85,9.60,9.76,22890943,446419936.000
2014-07-14,9.80,10.21,9.71,10.16,42615911,852839616.000
2014-07-15,10.10,10.18,9.98,10.09,30334751,611150400.000
2014-07-16,10.07,10.29,9.95,10.02,29555833,597662528.000
2014-07-17,10.00,10.10,9.76,9.87,24389809,483634464.000
2014-07-18,9.76,10.08,9.76,9.98,26329688,524168096.000
2014-07-21,9.96,10.05,9.77,9.81,20352667,401004576.000
2014-07-22,9.78,10.14,9.78,10.04,38525942,771611008.000
2014-07-23,10.04,10.35,10.00,10.16,60139537,1228233216.000
2014-07-24,10.13,11.10,10.13,10.76,96655545,2069517184.000
2014-07-25,10.80,10.99,10.67,10.90,75257484,1632147712.000
2014-07-28,11.08,11.84,11.00,11.29,114743465,2605100288.000
2014-07-29,11.15,11.34,11.06,11.15,64097748,1427819392.000
2014-07-30,11.08,11.37,11.05,11.19,56341118,1264649984.000
2014-07-31,11.15,11.33,11.05,11.32,44468906,997685056.000
2014-08-01,11.25,11.31,10.84,10.90,53258109,1179372288.000
2014-08-04,11.00,11.32,10.93,11.27,52615898,1172998784.000
2014-08-05,11.31,11.38,11.14,11.29,40890122,919764032.000
2014-08-06,11.22,11.34,11.01,11.19,43199471,965953536.000
2014-08-07,11.10,11.20,10.83,10.86,49832841,1095217664.000
2014-08-08,10.88,11.05,10.85,10.91,32211639,704011776.000
2014-08-11,10.92,11.14,10.92,11.04,31229532,690484992.000
2014-08-12,11.08,11.08,10.93,11.00,23975821,526771456.000
2014-08-13,11.00,11.17,10.93,11.03,29694069,654584448.000
2014-08-14,11.03,11.04,10.85,10.87,25100442,549751936.000
2014-08-15,10.88,11.18,10.75,11.09,42644124,942503744.000
2014-08-18,11.15,11.23,11.02,11.12,35152565,780618816.000
2014-08-19,11.12,11.14,10.91,10.99,29220958,643014528.000
2014-08-20,10.96,11.07,10.90,10.95,23649864,519354944.000
2014-08-21,10.93,11.03,10.61,10.71,38629861,830833088.000
2014-08-22,10.71,10.81,10.66,10.78,23802524,510714432.000
2014-08-25,10.93,10.98,10.69,10.88,32101697,696676544.000
2014-08-26,10.85,10.93,10.64,10.66,20643412,444424544.000
2014-08-27,10.64,10.85,10.64,10.75,16712576,359028448.000
2014-08-28,10.83,11.26,10.78,11.11,69476711,1540428928.000
2014-08-29,11.10,11.13,10.91,11.13,29599358,653625792.000
2014-09-01,11.15,11.19,11.03,11.11,29061114,645622016.000
2014-09-02,11.18,11.43,11.06,11.42,64860801,1464075392.000
2014-09-03,11.43,11.57,11.29,11.35,51348535,1173201408.000
2014-09-04,11.40,11.50,11.22,11.44,54506554,1238594176.000
2014-09-05,11.44,11.58,11.32,11.40,43875390,1003519744.000
2014-09-09,11.36,11.42,11.20,11.22,33053196,744022528.000
2014-09-10,11.20,11.23,11.08,11.18,22815788,508751424.000
2014-09-11,11.20,11.99,11.16,11.57,91857911,2129155712.000
2014-09-12,11.46,11.58,11.36,11.57,39683222,910558400.000
2014-09-15,11.53,11.80,11.44,11.74,50855460,1182710400.000
2014-09-16,11.78,11.80,11.17,11.19,50323395,1152480768.000
2014-09-17,11.20,11.36,11.05,11.20,28099098,629996672.000
2014-09-30,11.75,12.09,11.56,11.68,68477511,1616794880.000
2014-10-08,11.74,11.88,11.47,11.88,46105329,1080839296.000
2014-10-09,11.84,11.99,11.70,11.83,34347170,813179840.000
2014-10-10,11.76,12.10,11.71,12.02,52678177,1261475200.000
2014-10-13,11.91,12.43,11.88,12.37,54448078,1330967936.000
2014-10-14,12.28,12.44,12.06,12.18,37216458,911850624.000
2014-10-15,12.26,12.79,12.20,12.65,56026871,1406065792.000
2014-10-16,12.50,12.81,12.31,12.33,45144053,1133373824.000
2014-10-17,12.49,12.78,12.30,12.54,57638649,1442830592.000
2014-10-20,12.68,12.73,12.35,12.38,38482910,960926784.000
2014-10-21,12.36,12.55,12.04,12.05,44001872,1082758272.000
2014-10-22,12.05,12.30,11.95,12.13,31475384,765433024.000
2014-10-23,12.14,12.15,11.88,12.01,27564629,662607872.000
2014-10-24,12.13,12.42,12.00,12.11,41738932,509677248.000
2014-10-27,11.65,11.70,11.32,11.44,75086881,865991936.000
2014-10-28,11.52,12.00,11.47,11.92,84389230,990138176.000
2014-10-29,12.01,12.64,11.92,12.29,140956989,1730725632.000
2014-10-30,12.35,12.46,12.17,12.25,81998252,1009320768.000
2014-10-31,12.42,12.90,12.33,12.76,151391753,1923253120.000
2014-11-03,12.91,13.14,12.67,12.83,130750918,1691478144.000
2014-11-04,13.00,13.10,12.69,12.85,86464553,1114884992.000
2014-11-05,12.85,13.40,12.52,13.16,135006448,1769600768.000
2014-11-06,13.10,13.23,12.88,13.05,67001926,873001344.000
2014-11-07,13.15,14.22,13.10,13.52,170987860,2327864064.000
2014-11-10,13.98,14.44,13.60,14.38,177020949,2474858240.000
2014-11-11,14.72,15.36,13.00,14.44,247227019,3632031488.000
2014-11-12,14.00,14.97,13.88,14.94,131530340,1906537600.000
2014-11-13,15.00,15.43,14.75,14.89,178749332,2704024320.000
2014-11-14,14.69,14.89,14.26,14.39,105022140,1522188800.000
2014-11-17,14.48,14.82,13.90,14.23,111928800,1605703424.000
2014-11-18,14.20,14.30,13.95,13.98,72524585,1019808064.000
2014-11-19,13.88,14.22,13.81,14.00,59097499,830175872.000
2014-11-20,14.00,14.48,13.86,14.33,84559856,1206180224.000
2014-11-21,14.29,15.30,14.07,15.19,154554085,2285907200.000
2014-11-24,15.65,16.47,15.31,16.09,211677441,3386198528.000
2014-11-25,16.09,16.17,15.74,15.89,103475634,1648952576.000
2014-11-26,16.02,17.15,16.02,16.78,170966766,2843771648.000
2014-11-27,16.76,17.67,16.44,17.47,189792093,3237397760.000
2014-11-28,17.29,17.84,16.76,17.07,170487842,2943341056.000
2014-12-01,17.15,17.59,16.45,16.89,153461956,2619001600.000
2014-12-02,16.65,18.50,16.55,18.30,212102886,3759017728.000
2014-12-03,18.35,19.76,17.49,18.31,269826741,5068501504.000
2014-12-04,18.00,20.14,17.75,20.14,290868627,5604300800.000
2014-12-05,20.39,22.15,19.00,22.14,386965866,8194140160.000
2014-12-08,22.00,24.24,20.15,23.60,347626256,8005242368.000
2014-12-09,22.99,25.57,21.24,21.27,410231964,9831215104.000
2014-12-10,20.90,21.98,19.14,20.57,306482606,6178590208.000
2014-12-11,19.75,20.11,18.68,18.82,212017378,4129580288.000
2014-12-12,18.61,20.08,18.61,19.18,189571770,3674138624.000
2014-12-15,19.12,19.65,18.69,19.58,133493522,2559276544.000
2014-12-16,19.62,21.54,19.41,21.54,280851766,5794098176.000
2014-12-17,22.20,22.78,20.50,21.79,311932065,6841377792.000
2014-12-18,21.00,21.48,19.80,19.90,168337500,3460977664.000
2014-12-19,19.90,20.34,18.20,19.58,174194568,3390406912.000
2014-12-22,19.65,20.30,18.54,19.80,163177033,3215323904.000
2014-12-23,19.74,20.19,19.46,19.52,113270252,2249923840.000
2014-12-24,19.70,19.88,17.78,18.28,163928341,3053580032.000
2014-12-25,18.36,19.16,17.91,18.84,155259467,2891144960.000
2014-12-26,18.80,20.69,18.52,20.54,261490112,5189151744.000
2014-12-29,20.90,21.12,19.25,19.68,206955015,4149293824.000
2014-12-30,19.58,20.24,19.00,19.61,159189125,3139116800.000
2014-12-31,19.55,20.50,19.30,19.79,170835309,3406172928.000
2015-01-05,20.00,20.01,18.80,19.45,158434983,3068777472.000
2015-01-06,19.00,19.47,18.58,19.05,137361304,2611415808.000
2015-01-07,18.98,20.15,18.90,19.45,149377315,2925390080.000
2015-01-08,19.47,19.55,18.57,18.80,117024992,2208987904.000
2015-01-09,18.67,19.32,18.55,18.68,122551601,2321194496.000
2015-01-12,18.75,19.08,18.34,18.62,97005436,1816460672.000
2015-01-13,18.80,19.10,18.45,18.83,81036399,1525541888.000
2015-01-14,18.80,19.09,18.55,18.78,71173870,1339751296.000
2015-01-15,18.69,19.25,18.46,19.19,111622939,2114277888.000
2015-01-16,19.18,19.29,18.77,18.97,87503805,1661289984.000
2015-01-19,17.07,17.27,17.07,17.07,78350600,1338383616.000
2015-01-20,16.02,16.66,15.65,16.06,180070668,2900218624.000
2015-01-21,16.27,17.34,16.27,17.10,155657704,2607417088.000
2015-01-22,17.20,17.27,16.72,17.13,96911395,1650416256.000
2015-01-23,17.21,18.00,17.21,17.37,114445457,2014243200.000
2015-01-26,17.40,17.50,17.04,17.23,68092711,1172650112.000
2015-01-27,17.20,17.35,16.70,17.05,71936807,1225825280.000
2015-01-28,17.04,17.45,16.93,17.15,81029578,1396933632.000
2015-01-29,16.80,16.98,16.50,16.62,63337404,1060100992.000
2015-01-30,16.72,16.94,16.50,16.56,47606492,794442112.000
2015-02-02,16.09,16.60,15.81,16.19,52570451,848828032.000
2015-02-03,16.49,16.78,16.23,16.72,71310353,1175615872.000
2015-02-04,16.77,17.09,16.50,16.60,65409653,1100099712.000
2015-02-05,17.19,17.30,16.50,16.67,83294426,1409910144.000
2015-02-06,16.57,16.99,16.41,16.73,55315726,925312768.000
2015-02-09,16.72,17.80,16.67,17.43,126050020,2179427328.000
2015-02-10,17.38,17.75,17.25,17.50,82126660,1436277376.000
2015-02-11,17.55,17.63,17.33,17.54,50798103,888029696.000
2015-02-12,17.45,17.57,17.12,17.40,56778332,986435904.000
2015-02-13,17.52,17.70,17.38,17.41,66582574,1167298304.000
2015-02-16,17.41,17.49,17.18,17.39,54195328,940677376.000
2015-02-17,17.42,17.90,17.42,17.59,64430874,1139744768.000
2015-02-25,17.69,18.60,17.47,17.99,115933928,2103986432.000
2015-02-26,17.83,19.79,17.78,19.79,187160374,3572279296.000
2015-02-27,20.40,21.71,20.20,21.00,349893457,7321480192.000
2015-03-02,21.66,22.52,20.91,21.02,316494900,6845766656.000
2015-03-03,20.99,21.65,20.82,21.13,207115052,4391636992.000
2015-03-04,21.23,21.37,20.12,20.61,167254126,3448302336.000
2015-03-05,20.75,22.28,20.50,21.80,264823153,5721472512.000
2015-03-06,21.51,21.86,20.81,20.93,147369546,3145250816.000
2015-03-09,19.80,20.40,19.20,20.16,172604775,3414070528.000
2015-03-10,20.14,22.06,20.01,21.08,174627290,3672221952.000
2015-03-11,21.22,22.89,21.20,22.66,281353506,6296543232.000
2015-03-12,22.60,23.26,22.17,22.91,218966276,4975982592.000
2015-03-13,23.30,23.80,22.22,22.68,192361700,4418202624.000
2015-03-16,22.68,23.50,22.10,23.15,203615664,4640498176.000
2015-03-17,23.69,24.20,23.10,23.47,233460525,5516499456.000
2015-03-18,23.40,24.00,22.86,23.32,218040161,5093715456.000
2015-03-19,23.22,24.68,23.11,24.41,263029717,6302736896.000
2015-03-20,24.72,26.82,23.85,25.79,285205300,7185566208.000
2015-03-23,25.88,27.40,25.58,27.05,224681367,5991773184.000
2015-03-24,27.27,27.37,25.65,26.35,192558427,5113102336.000
2015-03-25,26.20,27.15,25.68,25.82,161760904,4250282496.000
2015-03-26,25.65,26.63,25.01,25.60,135094340,3485176064.000
2015-03-27,25.59,26.08,25.46,25.65,93552158,2410115840.000
2015-03-30,25.65,26.45,25.40,26.12,133487429,3464016384.000
2015-03-31,26.50,27.36,25.49,25.54,216563335,5715430912.000
2015-04-01,25.25,26.00,25.10,25.72,156981102,4003468544.000
2015-04-02,25.80,25.88,24.91,25.20,148343741,3751511552.000
2015-04-03,25.06,25.78,24.80,25.50,146881773,3736098816.000
2015-04-07,25.95,26.10,25.38,25.99,168739257,4358467584.000
2015-04-08,26.02,27.76,25.83,27.16,279255692,7501471232.000
2015-04-09,27.60,29.06,26.50,26.61,252437994,6993406464.000
2015-04-10,26.16,26.50,25.56,26.36,157365382,4098512128.000
数据来源:通达信
