600036 招商银行 日线 前复权
      日期	    开盘	    最高	    最低	    收盘	    成交量	    成交额
2011-03-02,10.69,11.23,10.67,11.09,226096550,3029627392.000
2011-03-03,11.17,11.87,11.12,11.57,399308564,5586884096.000
2011-03-04,11.69,11.83,11.46,11.73,197261003,2789248256.000
2011-03-07,11.81,12.03,11.63,11.74,177077408,2536417024.000
2011-03-08,11.71,12.00,11.64,11.80,112446484,1611304448.000
2011-03-09,11.86,12.03,11.82,11.86,109743292,1588328832.000
2011-03-10,11.81,11.84,11.47,11.53,124087891,1750290816.000
2011-03-11,11.47,11.53,11.18,11.25,109841296,1512829312.000
2011-03-14,11.20,11.35,11.17,11.29,65739143,897940736.000
2011-03-15,11.20,11.27,10.96,11.11,107876563,1454391936.000
2011-03-16,11.15,11.41,11.06,11.29,75560107,1029474176.000
2011-03-17,11.17,11.20,11.03,11.12,60420558,815232320.000
2011-03-18,11.22,11.27,10.99,11.04,69249398,936462272.000
2011-03-21,11.10,11.24,11.06,11.16,55499355,752686272.000
2011-03-22,11.20,11.43,11.05,11.41,85747910,1176642560.000
2011-03-23,11.38,11.63,11.32,11.58,93674744,1310343296.000
2011-03-24,11.59,11.61,11.46,11.54,56794094,793623552.000
2011-03-25,11.57,11.88,11.54,11.80,120271098,1719538816.000
2011-03-28,11.84,12.07,11.69,11.74,100437625,1447242240.000
2011-03-29,11.71,12.05,11.63,11.80,134519290,1934315904.000
2011-03-30,11.78,11.99,11.72,11.78,85822363,1232672384.000
2011-03-31,11.79,11.80,11.58,11.62,71417885,1011476928.000
2011-04-01,11.52,11.92,11.47,11.82,98685204,1407150720.000
2011-04-06,11.88,12.29,11.88,12.23,171762544,2530008576.000
2011-04-07,12.22,12.32,12.14,12.22,102646536,1521323520.000
2011-04-08,12.20,12.35,12.15,12.32,67797483,1007369152.000
2011-04-11,12.31,12.65,12.31,12.38,138954905,2099312128.000
2011-04-12,12.33,12.49,12.16,12.23,70720022,1051558720.000
2011-04-13,12.14,12.68,12.14,12.66,111569263,1676616832.000
2011-04-14,12.70,12.84,12.61,12.66,123436353,1902494336.000
2011-04-15,12.55,12.77,12.43,12.55,70726484,1076534784.000
2011-04-18,12.44,12.61,12.39,12.49,62573078,944076032.000
2011-04-19,12.40,12.47,12.22,12.25,62974060,939570368.000
2011-04-20,12.28,12.36,11.97,12.10,77533288,1138480640.000
2011-04-21,12.15,12.25,12.03,12.09,66416892,974818176.000
2011-04-22,12.09,12.20,11.98,12.09,35329791,517354336.000
2011-04-25,12.04,12.30,11.97,12.09,72494091,1063584448.000
2011-04-26,12.13,12.22,12.05,12.15,74674894,1098458496.000
2011-04-27,12.19,12.35,11.92,12.01,76664686,1129952512.000
2011-04-28,12.08,12.39,12.05,12.12,81865272,1211753344.000
2011-04-29,12.18,12.21,11.63,11.93,85810795,1238689408.000
2011-05-03,11.96,12.01,11.80,11.90,31127794,449474304.000
2011-05-04,11.85,11.97,11.54,11.58,69988429,992113984.000
2011-05-05,11.56,11.73,11.48,11.63,52612078,739726848.000
2011-05-06,11.54,11.72,11.41,11.57,53093178,746452736.000
2011-05-09,11.61,11.66,11.50,11.54,27751487,389755936.000
2011-05-10,11.58,11.76,11.49,11.68,29700356,419991552.000
2011-05-11,11.69,11.71,11.54,11.57,24115193,339926624.000
2011-05-12,11.52,11.59,11.46,11.48,27520333,384622464.000
2011-05-13,11.46,11.62,11.38,11.59,39527551,550546496.000
2011-05-16,11.52,11.71,11.41,11.44,39913981,560148288.000
2011-05-17,11.44,11.67,11.34,11.59,38671729,541013952.000
2011-05-18,11.55,11.87,11.54,11.80,45618885,651189312.000
2011-05-19,11.82,11.86,11.74,11.74,29830448,426866560.000
2011-05-20,11.70,11.91,11.67,11.77,44220595,633299264.000
2011-05-23,11.71,11.74,11.36,11.46,43292355,605028224.000
2011-05-24,11.43,11.50,11.38,11.40,32163362,446632768.000
2011-05-25,11.38,11.45,11.17,11.19,32806921,450232864.000
2011-05-26,11.29,11.32,11.18,11.19,26485989,361555072.000
2011-05-27,11.23,11.48,11.19,11.36,56367325,774696000.000
2011-05-31,11.38,11.48,11.27,11.46,55729774,768496384.000
2011-06-01,11.41,11.48,11.34,11.37,38973263,539979456.000
2011-06-02,11.28,11.28,10.82,10.92,122061736,1624942208.000
2011-06-03,10.93,11.04,10.84,11.01,31611268,420003072.000
2011-06-07,10.96,11.08,10.93,11.05,22311387,298550848.000
2011-06-08,11.06,11.06,10.69,10.88,67581788,886466816.000
2011-06-09,10.84,10.86,10.65,10.65,42846693,559478784.000
2011-06-10,10.75,10.77,10.62,10.75,38630287,491407552.000
2011-06-13,10.70,10.89,10.60,10.79,25278135,323139872.000
2011-06-14,10.81,11.00,10.79,10.85,42184394,546605056.000
2011-06-15,10.85,10.94,10.77,10.80,23284410,299419264.000
2011-06-16,10.77,10.78,10.66,10.71,23380462,298141664.000
2011-06-17,10.71,10.84,10.68,10.71,27880334,356450176.000
2011-06-20,10.75,10.84,10.68,10.77,26222004,335005376.000
2011-06-21,10.81,10.94,10.72,10.88,35087910,453801024.000
2011-06-22,10.92,11.00,10.86,10.90,27237836,353638976.000
2011-06-23,10.89,11.11,10.80,11.05,35041467,454936896.000
2011-06-24,11.00,11.32,10.97,11.25,86811462,1156433152.000
2011-06-27,11.32,11.32,11.11,11.17,46197664,614574656.000
2011-06-28,11.20,11.22,10.94,11.07,53220606,696880320.000
2011-06-29,11.07,11.08,10.77,10.87,79739903,1032977088.000
2011-06-30,10.90,11.06,10.83,10.95,74071774,965357056.000
2011-07-01,10.99,11.00,10.77,10.87,87298477,1127688448.000
2011-07-04,10.93,11.28,10.90,11.27,96456029,1273450112.000
2011-07-05,11.27,11.34,11.12,11.17,56876051,758447104.000
2011-07-06,11.17,11.17,10.96,11.08,52994901,695769024.000
2011-07-07,11.24,11.38,11.07,11.13,114718104,1530107264.000
2011-07-08,11.18,11.36,11.13,11.29,59139178,790712384.000
2011-07-11,11.23,11.23,11.06,11.12,57881889,765076672.000
2011-07-12,11.03,11.03,10.83,10.90,68064651,882644544.000
2011-07-13,10.94,11.06,10.87,11.00,53137836,692721408.000
2011-07-14,11.00,11.04,10.84,10.94,71912105,933187328.000
2011-07-15,10.87,11.00,10.85,10.94,41104105,534507776.000
2011-07-18,10.94,11.01,10.90,10.92,49088207,638579392.000
2011-07-19,10.84,10.86,10.74,10.77,77469227,993779392.000
2011-07-20,10.84,10.85,10.70,10.71,64859679,828288832.000
2011-07-21,10.73,10.77,10.60,10.62,81932426,1036559232.000
2011-07-22,10.65,10.66,10.52,10.63,57635787,726367616.000
2011-07-25,10.55,10.58,10.35,10.37,86236499,1071213056.000
2011-07-26,10.38,10.48,10.31,10.38,50657725,626321664.000
2011-07-27,10.35,10.37,10.26,10.31,72612427,889699840.000
2011-07-28,10.25,10.25,10.10,10.13,75489139,912401728.000
2011-07-29,10.15,10.50,10.10,10.38,86750926,1063529536.000
2011-08-01,10.33,10.42,10.25,10.29,40604910,498769408.000
2011-08-02,10.21,10.27,10.13,10.25,32337060,391831808.000
2011-08-03,10.19,10.37,10.15,10.23,32229006,393209600.000
2011-08-04,10.30,10.39,10.17,10.19,48333222,589377536.000
2011-08-05,10.02,10.02,9.86,9.89,99245368,1174633472.000
2011-08-08,9.82,9.88,9.44,9.60,94267059,1084623232.000
2011-08-09,9.40,9.70,9.24,9.67,101535651,1149224832.000
2011-08-10,9.85,9.86,9.65,9.68,63088835,734433344.000
2011-08-11,9.53,9.86,9.49,9.80,60741780,704693568.000
2011-08-12,9.88,9.88,9.71,9.76,54753148,638384000.000
2011-08-15,9.79,10.14,9.71,10.08,94709016,1119030656.000
2011-08-16,10.07,10.24,9.98,10.04,68912448,829459584.000
2011-08-17,10.08,10.11,9.97,10.02,36353050,434332832.000
2011-08-18,10.02,10.07,9.74,9.77,32681206,385913760.000
2011-08-19,9.64,9.73,9.62,9.66,36594769,421094240.000
2011-08-22,9.65,9.88,9.62,9.71,36486105,421945760.000
2011-08-23,9.73,9.90,9.69,9.89,34187388,399552768.000
2011-08-24,9.94,10.02,9.77,9.78,32098712,378951968.000
2011-08-25,9.85,10.30,9.84,10.23,127237561,1533060480.000
2011-08-26,10.14,10.23,10.09,10.19,40715866,492170080.000
2011-08-29,10.05,10.05,9.81,9.89,72255195,850133376.000
2011-08-30,9.92,10.14,9.88,9.91,58796976,699691520.000
2011-08-31,9.93,10.07,9.87,9.96,36813860,436809536.000
2011-09-01,9.96,10.17,9.96,10.10,51720969,620439680.000
2011-09-02,10.08,10.11,9.91,10.01,31700081,377145824.000
2011-09-05,9.91,9.96,9.78,9.83,36752729,431142240.000
2011-09-06,9.72,9.88,9.65,9.74,41800911,484724384.000
2011-09-07,9.79,9.99,9.77,9.94,39818759,469015200.000
2011-09-08,10.00,10.02,9.91,9.92,28011338,332240896.000
2011-09-13,9.81,9.85,9.73,9.79,32540834,379196416.000
2011-09-14,9.83,9.86,9.63,9.75,33319946,386832032.000
2011-09-15,9.79,9.88,9.73,9.73,26375197,307732288.000
2011-09-16,9.83,9.87,9.71,9.79,35428141,413632576.000
2011-09-19,9.72,9.74,9.57,9.60,30138762,345454272.000
2011-09-20,9.65,9.70,9.53,9.61,20500925,234604576.000
2011-09-21,9.62,9.89,9.55,9.82,47294267,550827520.000
2011-09-22,9.74,9.78,9.49,9.51,54084038,619022144.000
2011-09-23,9.41,9.56,9.27,9.41,56306096,629316288.000
2011-09-26,9.35,9.49,9.10,9.15,54069873,596926400.000
2011-09-27,9.22,9.36,9.14,9.27,42284831,465927392.000
2011-09-28,9.32,9.39,9.18,9.21,24922199,275447808.000
2011-09-29,9.15,9.32,9.09,9.27,43731502,480333248.000
2011-09-30,9.27,9.45,9.25,9.28,51005396,568222016.000
2011-10-10,9.28,9.35,9.16,9.22,26532950,292021376.000
2011-10-11,9.55,9.62,9.27,9.39,72460591,818837120.000
2011-10-12,9.33,9.81,9.31,9.72,82798745,952485504.000
2011-10-13,9.71,9.79,9.59,9.76,53681928,621393856.000
2011-10-14,9.73,9.87,9.61,9.81,47011524,545351872.000
2011-10-17,9.82,10.07,9.80,9.98,63249728,750162944.000
2011-10-18,9.89,9.96,9.67,9.72,40850481,476284160.000
2011-10-19,9.75,9.86,9.71,9.78,27212250,316792192.000
2011-10-20,9.70,9.79,9.58,9.67,43347713,499537952.000
2011-10-21,9.70,9.87,9.62,9.79,42296760,492704000.000
2011-10-24,9.84,10.13,9.78,10.13,80177363,955623040.000
2011-10-25,10.11,10.25,9.97,10.19,86241769,1038634752.000
2011-10-26,10.15,10.24,10.08,10.11,74119112,896344576.000
2011-10-27,10.18,10.29,10.08,10.20,44089854,535015392.000
2011-10-28,10.34,10.55,10.30,10.37,91980726,1140038016.000
2011-10-31,10.35,10.38,10.13,10.17,50913577,618593536.000
2011-11-01,10.11,10.44,10.09,10.21,53255989,651811584.000
2011-11-02,10.08,10.42,10.05,10.41,47261457,576343232.000
2011-11-03,10.47,10.47,10.24,10.25,59635946,731536448.000
2011-11-04,10.38,10.42,10.23,10.31,37279003,457164448.000
2011-11-07,10.30,10.30,10.12,10.15,26839159,325681248.000
2011-11-08,10.13,10.24,10.09,10.18,30281583,366721312.000
2011-11-09,10.21,10.30,10.11,10.25,27911337,338819584.000
2011-11-10,10.15,10.22,10.02,10.05,40678420,488989728.000
2011-11-11,10.04,10.13,9.91,9.98,30271359,360964864.000
2011-11-14,10.07,10.21,10.02,10.14,31694809,381405952.000
2011-11-15,10.13,10.13,10.02,10.05,23329648,279112576.000
2011-11-16,10.02,10.04,9.70,9.78,56229305,659454208.000
2011-11-17,9.78,9.80,9.69,9.71,33839571,392361664.000
2011-11-18,9.67,9.78,9.54,9.60,35568970,408315712.000
2011-11-21,9.61,9.64,9.49,9.59,20878720,237493152.000
2011-11-22,9.56,9.72,9.54,9.70,28585633,328534176.000
2011-11-23,9.72,9.73,9.54,9.65,27610351,316909600.000
2011-11-24,9.57,9.78,9.57,9.73,32639601,377008704.000
2011-11-25,9.74,9.74,9.61,9.64,20753822,238738592.000
2011-11-28,9.68,9.74,9.58,9.62,25095237,288372192.000
2011-11-29,9.68,9.73,9.62,9.71,25737215,296483392.000
2011-11-30,9.66,9.70,9.39,9.41,36208630,410497600.000
2011-12-01,9.74,10.02,9.70,9.79,99629479,1166590336.000
2011-12-02,9.73,9.91,9.69,9.86,38206199,446493088.000
2011-12-05,9.88,10.04,9.76,9.97,51948409,615599552.000
2011-12-06,9.96,10.04,9.87,9.88,34166000,404861216.000
2011-12-07,9.90,10.07,9.87,9.99,44383860,527973504.000
2011-12-08,10.02,10.09,9.94,10.00,40248343,480143968.000
2011-12-09,9.91,10.07,9.91,10.00,35782723,426101024.000
2011-12-12,10.00,10.10,9.93,10.07,32076098,383094912.000
2011-12-13,10.05,10.08,9.74,9.79,51058775,602149248.000
2011-12-14,9.79,9.94,9.70,9.81,30408111,356305056.000
2011-12-15,9.79,9.88,9.57,9.58,43356655,502325984.000
2011-12-16,9.57,9.82,9.53,9.76,45706808,525062400.000
2011-12-19,9.64,9.82,9.46,9.79,38458276,440755776.000
2011-12-20,9.76,9.99,9.73,9.77,41819193,491358976.000
2011-12-21,9.87,10.05,9.72,9.73,39698385,468446048.000
2011-12-22,9.74,9.87,9.62,9.83,41291440,479151488.000
2011-12-23,9.81,9.96,9.73,9.82,35267900,413821888.000
2011-12-26,9.74,9.91,9.70,9.80,26645492,311157312.000
2011-12-27,9.80,9.88,9.76,9.82,32255697,377531968.000
2011-12-28,9.80,9.88,9.60,9.70,47014189,544702208.000
2011-12-29,9.68,9.82,9.63,9.79,31900991,369450304.000
2011-12-30,9.84,10.05,9.84,9.97,42877370,509489824.000
2012-01-04,10.04,10.17,9.77,9.80,52260617,620703168.000
2012-01-05,9.83,10.16,9.80,10.01,84084702,1006814656.000
2012-01-06,10.02,10.16,9.96,10.08,54038134,646295104.000
2012-01-09,10.07,10.51,10.00,10.41,96002009,1181631360.000
2012-01-10,10.41,10.60,10.28,10.56,89204562,1114071680.000
2012-01-11,10.56,10.64,10.43,10.50,38787032,484750528.000
2012-01-12,10.48,10.72,10.44,10.61,41419321,522004928.000
2012-01-13,10.59,10.69,10.38,10.50,48155120,603520192.000
2012-01-16,10.48,10.58,10.40,10.42,33593205,418936960.000
2012-01-17,10.47,10.77,10.21,10.75,80951394,1012433216.000
2012-01-18,10.68,10.74,10.45,10.53,61443583,772296704.000
2012-01-19,10.53,10.79,10.51,10.68,65060332,826982912.000
2012-01-20,10.76,10.94,10.69,10.94,74054727,954640960.000
2012-01-30,10.93,10.94,10.67,10.68,52378368,671158272.000
2012-01-31,10.68,10.76,10.54,10.64,30535747,386591232.000
2012-02-01,10.63,10.67,10.45,10.48,40128600,502870464.000
2012-02-02,10.52,10.83,10.46,10.83,58651509,744135872.000
2012-02-03,10.79,11.02,10.73,10.92,65138894,845123328.000
2012-02-06,10.93,10.99,10.71,10.82,56054581,721459200.000
2012-02-07,10.74,10.81,10.63,10.71,33547056,427096288.000
2012-02-08,10.68,10.98,10.66,10.93,43796313,565073280.000
2012-02-09,10.92,10.99,10.81,10.93,43379991,562029568.000
2012-02-10,10.87,10.95,10.77,10.84,50538733,652053632.000
2012-02-13,10.68,10.83,10.56,10.67,57035047,726979008.000
2012-02-14,10.66,10.67,10.57,10.65,44728209,564126720.000
2012-02-15,10.60,10.77,10.56,10.66,48476492,615152832.000
2012-02-16,10.68,10.77,10.60,10.63,48574036,615539008.000
2012-02-17,10.74,10.75,10.65,10.69,27399853,348684576.000
2012-02-20,10.88,10.89,10.66,10.67,49654691,635441472.000
2012-02-21,10.69,10.79,10.63,10.72,38936418,496018016.000
2012-02-22,10.77,10.77,10.61,10.75,65585852,833270400.000
2012-02-23,10.75,10.75,10.65,10.69,65599268,833923584.000
2012-02-24,10.69,10.84,10.64,10.83,89662443,1143936256.000
2012-02-27,10.85,10.95,10.77,10.78,88034299,1135169280.000
2012-02-28,10.81,10.95,10.80,10.88,93061009,1203983360.000
2012-02-29,10.88,10.92,10.79,10.83,52017314,671363072.000
2012-03-01,10.81,10.90,10.81,10.86,28275484,365423552.000
2012-03-02,10.86,10.99,10.83,10.97,60713474,788822656.000
2012-03-05,10.95,11.00,10.80,10.83,71204163,922752704.000
2012-03-06,10.81,10.81,10.55,10.58,77847493,985947648.000
2012-03-07,10.52,10.59,10.42,10.43,54436608,680404672.000
2012-03-08,10.48,10.57,10.42,10.48,51348546,640558272.000
2012-03-09,10.52,10.56,10.43,10.52,50386244,629237248.000
2012-03-12,10.49,10.52,10.31,10.38,70869695,875848128.000
2012-03-13,10.38,10.52,10.37,10.48,46724501,581687616.000
2012-03-14,10.56,10.64,10.29,10.35,95593639,1191708544.000
2012-03-15,10.36,10.47,10.25,10.27,57476750,709688384.000
2012-03-16,10.30,10.36,10.16,10.27,54969381,669730880.000
2012-03-19,10.27,10.27,10.12,10.19,54367340,659192768.000
2012-03-20,10.17,10.23,10.06,10.10,54458748,655607040.000
2012-03-21,10.16,10.17,10.02,10.08,44544964,534595712.000
2012-03-22,10.08,10.25,10.03,10.13,36292537,437511552.000
2012-03-23,10.09,10.15,10.05,10.13,31958564,384506336.000
2012-03-26,10.14,10.22,10.09,10.16,41347179,500165888.000
2012-03-27,10.19,10.22,10.09,10.11,28724476,346579584.000
2012-03-28,10.12,10.15,9.90,9.91,42069693,501731392.000
2012-03-29,9.92,10.04,9.90,9.93,51308345,608219840.000
2012-03-30,9.93,10.02,9.90,10.00,39187875,465360704.000
2012-04-05,9.96,10.04,9.71,9.95,57405900,676640960.000
2012-04-06,9.94,9.97,9.83,9.92,46468361,546424000.000
2012-04-09,9.86,9.90,9.75,9.81,25074587,293312096.000
2012-04-10,9.83,9.96,9.79,9.94,29250721,343351776.000
2012-04-11,9.87,9.99,9.83,9.89,41559167,489513056.000
2012-04-12,9.90,10.10,9.80,10.09,64752612,768293184.000
2012-04-13,10.09,10.19,10.02,10.08,45910102,551302528.000
2012-04-16,10.05,10.10,9.98,10.02,25471380,304097728.000
2012-04-17,10.00,10.04,9.93,9.96,22383407,265972784.000
2012-04-18,9.99,10.10,9.92,10.09,45899846,549010560.000
2012-04-19,10.08,10.08,10.01,10.05,45691192,546431744.000
2012-04-20,10.02,10.29,10.02,10.25,92190483,1117374080.000
2012-04-23,10.25,10.29,10.14,10.17,38660794,469866496.000
2012-04-24,10.17,10.55,10.15,10.34,95110505,1172356224.000
2012-04-25,10.31,10.42,10.27,10.31,51512921,633930880.000
2012-04-26,10.35,10.39,10.19,10.27,36400008,445601888.000
2012-04-27,10.33,10.40,10.19,10.25,35413878,432485760.000
2012-05-02,10.38,10.49,10.34,10.42,71651380,887759040.000
2012-05-03,10.43,10.46,10.32,10.38,45998853,567916032.000
2012-05-04,10.38,10.48,10.27,10.43,62054762,766768128.000
2012-05-07,10.35,10.47,10.34,10.44,64377121,795713536.000
2012-05-08,10.42,10.47,10.32,10.40,62407886,772462400.000
2012-05-09,10.33,10.33,10.14,10.19,76685775,933525568.000
2012-05-10,10.25,10.25,10.09,10.18,51752022,625641728.000
2012-05-11,10.14,10.22,10.09,10.10,35395383,427334208.000
2012-05-14,10.19,10.22,9.95,9.99,67202716,804800576.000
2012-05-15,9.96,9.99,9.89,9.95,55255360,653203840.000
2012-05-16,9.93,9.95,9.79,9.80,64746524,758737344.000
2012-05-17,9.83,9.94,9.79,9.91,42466887,498658784.000
2012-05-18,9.85,9.85,9.68,9.71,68483829,794050304.000
2012-05-21,9.73,9.80,9.68,9.78,46862803,544058560.000
2012-05-22,9.81,9.94,9.79,9.92,41172979,484634944.000
2012-05-23,9.91,9.93,9.83,9.86,38223073,449537344.000
2012-05-24,9.85,9.92,9.75,9.77,46652779,547128960.000
2012-05-25,9.79,9.81,9.73,9.75,30231103,350720896.000
2012-05-28,9.76,9.81,9.69,9.80,59127181,686073344.000
2012-05-29,9.79,9.92,9.73,9.90,61386996,718537024.000
2012-05-31,9.70,9.81,9.70,9.79,74554351,865981376.000
2012-06-01,9.83,9.85,9.75,9.80,59686818,696135360.000
2012-06-04,9.72,9.72,9.55,9.57,77398721,887681088.000
2012-06-05,9.60,9.75,9.56,9.69,62811449,722339072.000
2012-06-06,9.70,9.84,9.70,9.81,68970155,803030016.000
2012-06-07,9.95,9.95,9.79,9.80,48697205,550110912.000
2012-06-08,9.74,9.74,9.47,9.52,106658264,1167267840.000
2012-06-11,9.53,9.58,9.46,9.55,34551784,377823776.000
2012-06-12,9.52,9.52,9.34,9.43,47223603,510228256.000
2012-06-13,9.46,9.55,9.41,9.50,38013211,413336544.000
2012-06-14,9.46,9.51,9.39,9.47,43619884,472733952.000
2012-06-15,9.48,9.73,9.47,9.63,50297608,554896384.000
2012-06-18,9.72,9.72,9.61,9.63,26305041,291047328.000
2012-06-19,9.62,9.69,9.55,9.58,33400224,368734240.000
2012-06-20,9.62,9.69,9.56,9.62,27268925,301067904.000
2012-06-21,9.62,9.62,9.47,9.50,23749957,259603776.000
2012-06-25,9.50,9.63,9.48,9.58,54425437,598573056.000
2012-06-26,9.56,9.64,9.55,9.58,44724939,491873024.000
2012-06-27,9.56,9.59,9.48,9.50,29439687,321260672.000
2012-06-28,9.51,9.55,9.43,9.44,33836490,368182336.000
2012-06-29,9.45,9.59,9.40,9.52,38125964,414959840.000
2012-07-02,9.56,9.56,9.41,9.46,35434997,384038144.000
2012-07-03,9.46,9.58,9.43,9.50,31607869,344822240.000
2012-07-04,9.53,9.59,9.49,9.53,25727176,281476896.000
2012-07-05,9.51,9.55,9.42,9.46,29503142,320276256.000
2012-07-06,9.26,9.28,9.13,9.22,121860231,1284039808.000
2012-07-09,9.18,9.18,8.76,8.87,134789522,1380906496.000
2012-07-10,8.86,8.91,8.80,8.87,47869636,485118752.000
2012-07-11,8.87,8.87,8.72,8.79,50451462,507063584.000
2012-07-12,8.79,8.85,8.64,8.81,81043606,809607616.000
2012-07-13,8.80,8.93,8.74,8.88,46206288,468712544.000
2012-07-16,8.90,8.97,8.79,8.81,45861210,465617632.000
2012-07-17,8.81,8.89,8.80,8.88,29134030,295683232.000
2012-07-18,8.89,8.89,8.75,8.83,34429185,346515680.000
2012-07-19,8.83,8.87,8.77,8.82,44505822,449753600.000
2012-07-20,8.81,8.82,8.70,8.73,48634283,486155936.000
2012-07-23,8.69,8.69,8.39,8.47,78708705,763923584.000
2012-07-24,8.43,8.49,8.35,8.39,59762139,574182464.000
2012-07-25,8.37,8.44,8.35,8.38,29141798,279943232.000
2012-07-26,8.39,8.46,8.37,8.39,29695836,285606208.000
2012-07-27,8.41,8.62,8.41,8.53,53176024,518372384.000
2012-07-30,8.57,8.67,8.53,8.58,41689292,409827968.000
2012-07-31,8.61,8.71,8.60,8.67,41597059,412950976.000
2012-08-01,8.67,8.74,8.62,8.71,47866222,475037536.000
2012-08-02,8.70,8.80,8.68,8.75,41041273,410615264.000
2012-08-03,8.76,8.79,8.71,8.74,25274255,252693200.000
2012-08-06,8.74,8.80,8.72,8.75,30987052,310238144.000
2012-08-07,8.75,8.78,8.72,8.74,24008549,240145152.000
2012-08-08,8.75,8.81,8.75,8.80,28736017,289243520.000
2012-08-09,8.82,8.82,8.74,8.81,19473829,195833152.000
2012-08-10,8.82,8.91,8.81,8.88,27065385,275363360.000
2012-08-13,8.86,8.91,8.83,8.87,38715291,393494016.000
2012-08-14,8.88,8.94,8.85,8.88,31553215,321051648.000
2012-08-15,8.88,8.90,8.68,8.69,39470371,394577952.000
2012-08-16,8.64,8.71,8.61,8.67,19271916,190896624.000
2012-08-17,8.67,8.78,8.66,8.76,22324063,223357072.000
2012-08-20,8.68,8.76,8.58,8.64,25097469,247692960.000
2012-08-21,8.64,8.69,8.55,8.58,36439230,358531808.000
2012-08-22,8.59,8.65,8.58,8.64,33324351,328191872.000
2012-08-23,8.65,8.71,8.61,8.69,36770363,365020416.000
2012-08-24,8.64,8.73,8.63,8.67,32882966,327024448.000
2012-08-27,8.66,8.69,8.56,8.62,29524573,291275744.000
2012-08-28,8.60,8.80,8.58,8.75,33101509,329951808.000
2012-08-29,8.74,8.78,8.72,8.76,25836174,258866512.000
2012-08-30,8.65,8.87,8.65,8.85,40629378,410070208.000
2012-08-31,8.85,8.90,8.80,8.81,29287124,297407360.000
2012-09-03,8.79,8.84,8.74,8.75,37329440,374981792.000
2012-09-04,8.75,8.76,8.57,8.60,43905130,434354560.000
2012-09-05,8.60,8.60,8.37,8.49,62754362,606649280.000
2012-09-06,8.46,8.52,8.42,8.51,39391305,381180128.000
2012-09-07,8.53,8.89,8.53,8.87,94580852,948096832.000
2012-09-10,8.85,8.90,8.76,8.82,53268227,537083136.000
2012-09-11,8.81,8.84,8.74,8.84,34448599,346408416.000
2012-09-12,8.87,8.93,8.76,8.84,33366528,338007616.000
2012-09-13,8.83,8.91,8.75,8.84,42635812,431742848.000
2012-09-14,8.87,9.02,8.86,8.95,57192156,585483264.000
2012-09-17,8.95,8.96,8.83,8.85,47185018,480998592.000
2012-09-18,8.82,8.82,8.70,8.73,30412407,305847744.000
2012-09-19,8.72,8.73,8.59,8.63,36585950,362159968.000
2012-09-20,8.63,8.65,8.50,8.52,31522857,309091424.000
2012-09-21,8.52,8.63,8.47,8.58,33379500,327072224.000
2012-09-24,8.53,8.66,8.48,8.62,33853748,331137632.000
2012-09-25,8.62,8.64,8.57,8.63,18479084,181896720.000
2012-09-26,8.62,8.66,8.53,8.53,32514269,319732160.000
2012-09-27,8.57,8.89,8.53,8.81,50505901,505686112.000
2012-09-28,8.75,8.89,8.66,8.87,38923065,392264640.000
2012-10-08,8.87,9.04,8.83,8.88,33008415,337697952.000
2012-10-09,8.98,9.05,8.91,8.99,43262374,446295744.000
2012-10-10,8.99,8.99,8.89,8.92,23361347,238821184.000
2012-10-11,8.90,8.94,8.82,8.91,24139415,245864848.000
2012-10-12,8.95,9.07,8.93,9.04,40072715,414289792.000
2012-10-15,9.05,9.06,8.93,9.00,16006440,164776432.000
2012-10-16,8.99,9.06,8.92,9.00,22984285,236742800.000
2012-10-17,9.01,9.08,8.96,9.04,29565374,305863200.000
2012-10-18,9.10,9.20,9.04,9.16,37542685,393179680.000
2012-10-19,9.16,9.16,9.08,9.11,23865011,249625616.000
2012-10-22,9.05,9.21,9.04,9.17,28758213,301265376.000
2012-10-23,9.17,9.25,9.10,9.12,26894888,283013792.000
2012-10-24,9.08,9.16,9.08,9.13,21624867,226046400.000
2012-10-25,9.10,9.16,9.04,9.05,19555765,203931728.000
2012-10-26,9.05,9.10,8.90,8.98,24669423,253283840.000
2012-10-29,8.95,8.97,8.77,8.84,22386478,227127312.000
2012-10-30,8.85,8.94,8.74,8.80,30836095,310546560.000
2012-10-31,8.78,8.83,8.77,8.81,20997491,211535312.000
2012-11-01,8.81,9.08,8.81,8.99,42058917,432036384.000
2012-11-02,8.98,9.07,8.95,9.05,28451332,293882464.000
2012-11-05,9.05,9.16,9.01,9.10,26262182,273345088.000
2012-11-06,9.10,9.14,8.93,9.06,25616913,264401792.000
2012-11-07,9.06,9.06,8.96,9.03,16517277,170413968.000
2012-11-08,8.98,9.01,8.89,8.89,18380785,188188304.000
2012-11-09,8.88,8.95,8.87,8.92,21043505,214755728.000
2012-11-12,8.95,8.99,8.91,8.96,25317439,259350032.000
2012-11-13,8.96,8.97,8.77,8.79,19644727,198705312.000
2012-11-14,8.79,8.83,8.77,8.81,15939907,160559552.000
2012-11-15,8.78,8.81,8.75,8.76,15095665,151500496.000
2012-11-16,8.74,8.80,8.65,8.70,21561266,214485152.000
2012-11-19,8.70,8.72,8.64,8.67,17315197,171846496.000
2012-11-20,8.70,8.76,8.56,8.59,21542000,212747664.000
2012-11-21,8.59,8.69,8.58,8.68,22234439,219330192.000
2012-11-22,8.65,8.68,8.62,8.65,15471082,153066800.000
2012-11-23,8.69,8.78,8.64,8.76,28382847,283347360.000
2012-11-26,8.72,8.76,8.69,8.73,18615218,185783024.000
2012-11-27,8.71,8.78,8.70,8.71,31331198,313271104.000
2012-11-28,8.71,8.76,8.70,8.71,28175960,281582432.000
2012-11-29,8.73,8.77,8.71,8.72,18213096,182095456.000
2012-11-30,8.72,8.78,8.65,8.76,31279090,312092096.000
2012-12-03,8.75,8.76,8.59,8.66,35031520,347109888.000
2012-12-04,8.66,8.75,8.65,8.72,23933387,238259792.000
2012-12-05,8.74,9.12,8.71,9.09,108218768,1117951104.000
2012-12-06,9.08,9.22,9.06,9.12,65843849,689223040.000
2012-12-07,9.13,9.45,9.11,9.42,111933473,1198461184.000
2012-12-10,9.46,9.66,9.38,9.56,119013339,1301157120.000
2012-12-11,9.56,9.64,9.50,9.58,70145022,770027840.000
2012-12-12,9.58,9.77,9.56,9.63,67726906,751240832.000
2012-12-13,9.62,9.64,9.46,9.48,55584051,609383936.000
2012-12-14,9.53,10.23,9.52,10.19,165003971,1884483328.000
2012-12-17,10.23,10.39,10.13,10.19,114367595,1345018112.000
2012-12-18,10.17,10.51,10.13,10.31,123379959,1469876864.000
2012-12-19,10.31,10.48,10.27,10.34,95351145,1140126080.000
2012-12-20,10.27,10.51,10.27,10.44,82884413,988481600.000
2012-12-21,10.46,10.49,10.33,10.36,76221363,913082880.000
2012-12-24,10.40,10.79,10.37,10.66,109565552,1345537408.000
2012-12-25,10.63,11.25,10.63,11.10,132992447,1679327744.000
2012-12-26,11.09,11.24,11.03,11.11,87817696,1127460736.000
2012-12-27,11.17,11.31,10.94,10.96,86279794,1106929152.000
2012-12-28,10.98,11.28,10.97,11.26,84917360,1091049728.000
2012-12-31,11.26,11.97,11.26,11.93,153712026,2060790784.000
2013-01-04,11.99,12.12,11.59,11.74,150033642,2039552896.000
2013-01-07,11.72,12.00,11.55,11.80,99469543,1349911808.000
2013-01-08,11.85,12.00,11.57,11.80,103335613,1404489472.000
2013-01-09,11.69,11.82,11.56,11.72,96559071,1302109184.000
2013-01-10,11.72,11.89,11.61,11.75,89269431,1212029440.000
2013-01-11,11.74,11.84,11.43,11.53,92040123,1237367168.000
2013-01-14,11.44,12.12,11.44,12.01,157865880,2160111360.000
2013-01-15,11.97,12.04,11.82,11.97,106719958,1469440896.000
2013-01-16,11.93,11.99,11.58,11.74,90299892,1231280256.000
2013-01-17,11.74,11.75,11.46,11.48,117049830,1558604672.000
2013-01-18,11.60,11.72,11.47,11.61,110808831,1480397184.000
2013-01-21,11.65,11.89,11.56,11.78,114885955,1552341632.000
2013-01-22,11.78,12.22,11.63,12.15,175753485,2425268480.000
2013-01-23,12.06,12.24,11.93,12.15,89490096,1246132608.000
2013-01-24,12.15,12.57,11.76,11.86,196485221,2756418048.000
2013-01-25,11.92,12.00,11.65,11.69,90587116,1229494784.000
2013-01-28,11.72,12.43,11.72,12.30,151705864,2131062272.000
2013-01-29,12.31,12.83,12.18,12.66,190625562,2746660096.000
2013-01-30,12.66,12.69,12.32,12.47,127814353,1836901376.000
2013-01-31,12.51,12.56,12.17,12.40,116264671,1653013120.000
2013-02-01,12.32,12.86,12.27,12.81,168931689,2451809536.000
2013-02-04,12.80,13.01,12.54,12.63,165969012,2448320768.000
2013-02-05,12.49,12.61,12.32,12.49,121449786,1743222912.000
2013-02-06,12.49,12.59,12.26,12.46,93528960,1337984896.000
2013-02-07,12.46,12.46,11.90,12.26,162817793,2287383296.000
2013-02-08,12.21,12.30,12.03,12.18,93929728,1319909376.000
2013-02-18,12.26,12.38,12.03,12.10,86439411,1215568512.000
2013-02-19,12.08,12.20,11.91,12.00,80257524,1115544704.000
2013-02-20,12.03,12.07,11.66,12.01,110823616,1509286656.000
2013-02-21,11.86,11.87,11.25,11.62,130621607,1735828992.000
2013-02-22,11.59,11.62,11.29,11.35,81360028,1071160064.000
2013-02-25,11.42,11.52,11.29,11.33,70980507,929263424.000
2013-02-26,11.20,11.53,11.00,11.05,225425396,2929255168.000
2013-02-27,11.09,11.29,10.94,11.16,144114992,1843217536.000
2013-02-28,11.21,11.57,11.11,11.55,169686196,2213328384.000
2013-03-01,11.55,11.61,11.13,11.35,127952678,1676102144.000
2013-03-04,11.17,11.29,10.59,10.67,174787313,2202215936.000
2013-03-05,10.72,11.69,10.72,11.60,217489127,2799557376.000
2013-03-06,11.61,11.80,11.41,11.68,152953415,2050199168.000
2013-03-07,11.61,11.61,11.29,11.39,88818956,1171202304.000
2013-03-08,11.42,11.70,11.23,11.57,92994368,1230262784.000
2013-03-11,11.47,11.49,11.26,11.40,48343688,634664576.000
2013-03-12,11.40,11.55,11.08,11.21,69609902,906390208.000
2013-03-13,11.21,11.32,10.95,11.01,65982796,843335616.000
2013-03-14,10.99,11.19,10.91,11.01,47569824,603558016.000
2013-03-15,11.02,11.46,10.82,10.93,136157293,1735409920.000
2013-03-18,10.85,11.04,10.78,10.85,65953714,827700032.000
2013-03-19,10.83,11.01,10.83,10.95,54739579,686425536.000
2013-03-20,10.98,11.44,10.96,11.41,134323321,1745000320.000
2013-03-21,11.41,11.48,11.34,11.40,64556357,848701312.000
2013-03-22,11.46,11.51,11.34,11.40,44108735,579895296.000
2013-03-25,11.46,11.53,11.24,11.28,55900140,730187072.000
2013-03-26,11.21,11.25,10.94,11.03,61902647,786734144.000
2013-03-27,11.00,11.23,11.00,11.10,45729310,584254912.000
2013-03-28,10.78,10.78,10.19,10.55,126617155,1535552256.000
2013-03-29,10.60,11.07,10.54,10.98,102332903,1272875648.000
2013-04-01,10.86,10.96,10.73,10.78,41277653,513973440.000
2013-04-02,10.85,11.08,10.76,10.92,55765379,700652096.000
2013-04-03,10.95,11.28,10.94,11.11,63290889,808928704.000
2013-04-08,10.82,11.03,10.78,10.96,51753967,650242816.000
2013-04-09,11.03,11.11,10.88,10.94,48341348,611102720.000
2013-04-10,10.94,11.00,10.77,10.82,30295476,377830464.000
2013-04-11,10.92,10.99,10.75,10.77,33431483,416800096.000
2013-04-12,10.77,10.83,10.66,10.68,28710372,354460000.000
2013-04-15,10.70,10.78,10.60,10.65,33325316,408924576.000
2013-04-16,10.61,10.78,10.56,10.74,55597507,681018176.000
2013-04-17,10.72,10.74,10.53,10.58,43182874,525913408.000
2013-04-18,10.48,10.70,10.45,10.58,57567757,697392896.000
2013-04-19,10.62,11.16,10.57,10.97,159685249,1988992512.000
2013-04-22,10.89,10.99,10.88,10.94,59032937,742446976.000
2013-04-23,11.00,11.00,10.48,10.56,85782677,1047585600.000
2013-04-24,10.57,10.83,10.51,10.70,50028546,612410048.000
2013-04-25,10.65,10.74,10.51,10.63,49654384,605731456.000
2013-04-26,10.68,10.73,10.54,10.57,33018250,403023200.000
2013-05-02,10.53,10.54,10.40,10.53,46973420,565173888.000
2013-05-03,10.58,10.91,10.54,10.74,68956539,855915328.000
2013-05-06,10.78,11.00,10.77,10.89,50270560,630075264.000
2013-05-07,10.84,10.89,10.77,10.86,36789009,458536448.000
2013-05-08,10.85,11.00,10.82,10.87,54553571,683945984.000
2013-05-09,10.90,10.94,10.65,10.72,44652235,553251648.000
2013-05-10,10.78,11.11,10.76,11.08,97604084,1232382720.000
2013-05-13,11.07,11.47,10.94,11.46,174515142,2271013376.000
2013-05-14,11.45,11.60,11.38,11.57,152786050,2025053952.000
2013-05-15,11.57,11.85,11.51,11.80,109663142,1476330880.000
2013-05-16,11.76,12.09,11.64,12.03,151766853,2083974656.000
2013-05-17,12.03,12.09,11.82,12.03,101619270,1401815040.000
2013-05-20,12.03,12.23,11.84,12.03,124578797,1728294016.000
2013-05-21,11.97,11.98,11.69,11.78,106905782,1454002688.000
2013-05-22,11.79,12.15,11.79,12.14,140450104,1939563904.000
2013-05-23,12.06,12.10,11.73,11.74,104392717,1430513536.000
2013-05-24,11.78,11.91,11.65,11.73,55498940,752285760.000
2013-05-27,11.70,11.78,11.57,11.63,49964608,671859968.000
2013-05-28,11.59,11.97,11.57,11.94,85149220,1153115648.000
2013-05-29,11.97,12.05,11.79,11.81,59622733,819883072.000
2013-05-30,11.79,11.88,11.68,11.79,46826224,635522368.000
2013-05-31,11.80,11.99,11.74,11.79,45658535,624284288.000
2013-06-03,11.79,12.05,11.78,11.95,70140471,965797120.000
2013-06-04,11.92,12.05,11.80,11.93,78089914,1073577728.000
2013-06-05,11.93,11.94,11.46,11.60,61817060,832117504.000
2013-06-06,11.58,11.63,11.30,11.45,67156041,881621824.000
2013-06-07,11.45,11.58,11.38,11.44,68048619,898343488.000
2013-06-13,11.32,11.32,10.83,11.25,81035312,978996608.000
2013-06-14,11.19,11.23,11.08,11.16,58036665,708580352.000
2013-06-17,11.17,11.25,11.06,11.06,31388706,382560896.000
2013-06-18,11.10,11.24,11.09,11.15,34491029,422338624.000
2013-06-19,11.15,11.15,10.89,10.96,39840016,478168032.000
2013-06-20,10.94,10.94,10.47,10.53,63295614,736010496.000
2013-06-21,10.38,10.78,10.28,10.73,70320815,813131648.000
2013-06-24,10.66,10.66,9.92,10.07,118147118,1301685376.000
2013-06-25,9.96,10.15,9.27,10.06,128040668,1368236672.000
2013-06-26,10.15,10.16,9.73,9.84,93892918,1006917440.000
2013-06-27,9.91,10.11,9.86,10.06,72290048,783616960.000
2013-06-28,10.06,10.67,10.00,10.64,116872092,1327338624.000
2013-07-01,10.55,10.65,10.30,10.45,48482145,551215424.000
2013-07-02,10.45,10.52,10.14,10.31,63906564,714282176.000
2013-07-03,10.28,10.51,10.10,10.42,60519634,675330176.000
2013-07-04,10.35,10.54,10.21,10.33,53058539,599276032.000
2013-07-05,10.34,10.42,10.24,10.36,37591500,423780576.000
2013-07-08,10.25,10.31,10.11,10.15,46495080,514504512.000
2013-07-09,10.14,10.34,10.11,10.26,49418897,548827328.000
2013-07-10,10.30,10.42,10.18,10.40,41429765,463874272.000
2013-07-11,10.42,11.34,10.42,11.11,160521711,1916691200.000
2013-07-12,10.98,11.07,10.55,10.65,90111931,1063540480.000
2013-07-15,10.76,10.90,10.60,10.68,67469648,789286784.000
2013-07-16,10.67,10.67,10.48,10.66,61861194,712310016.000
2013-07-17,10.64,10.68,10.45,10.47,52624793,605064960.000
2013-07-18,10.43,10.55,10.22,10.28,53560319,599859968.000
2013-07-19,10.30,10.37,10.02,10.06,55832848,617765440.000
2013-07-22,9.87,10.03,9.76,10.00,56804354,610322304.000
2013-07-23,10.06,10.37,9.96,10.18,55201375,613854016.000
2013-07-24,10.00,10.16,9.85,10.04,64957735,703058432.000
2013-07-25,10.08,10.18,9.91,9.98,41472019,450453984.000
2013-07-26,9.96,9.96,9.83,9.91,30576489,328006272.000
2013-07-29,9.79,9.79,9.62,9.69,46625262,488458880.000
2013-07-30,9.77,9.95,9.72,9.85,49021261,521396800.000
2013-07-31,9.96,10.08,9.76,9.79,33973038,363813600.000
2013-08-01,9.86,10.04,9.81,10.02,47089860,508365088.000
2013-08-02,10.07,10.18,9.93,9.96,36088537,394147520.000
2013-08-05,9.97,10.04,9.89,10.00,29081460,313861664.000
2013-08-06,9.94,10.02,9.85,9.92,40097631,431419264.000
2013-08-07,9.92,10.05,9.87,9.89,38069382,411065824.000
2013-08-08,9.87,10.07,9.86,9.91,42651729,460570976.000
2013-08-09,9.99,10.04,9.74,9.86,42253602,452598144.000
2013-08-12,9.96,10.18,9.86,10.17,81975023,896354816.000
2013-08-13,10.17,10.31,10.14,10.25,65007181,723604800.000
2013-08-14,10.28,10.42,10.22,10.25,54414111,610890304.000
2013-08-15,10.25,10.33,10.15,10.16,39585571,442036384.000
2013-08-16,10.14,11.10,9.92,10.12,151349940,1708117888.000
2013-08-19,10.01,10.34,9.95,10.23,68019220,749488384.000
2013-08-20,10.20,10.43,10.10,10.15,81543907,910438144.000
2013-08-21,10.22,10.24,10.02,10.07,39480926,432670080.000
2013-08-22,10.04,10.25,10.02,10.05,46575028,512270688.000
2013-08-23,10.04,10.12,9.57,9.75,118158969,1255450624.000
2013-08-26,9.71,9.88,9.59,9.87,132250073,1391616256.000
2013-08-27,9.79,9.87,9.72,9.84,103525523,1096806144.000
2013-09-05,10.08,10.13,9.99,10.04,117901460,1260903552.000
2013-09-06,10.01,10.34,9.99,10.27,81162153,872375296.000
2013-09-09,10.43,11.06,10.39,10.96,226690991,2589324288.000
2013-09-10,10.96,11.14,10.82,11.01,138818280,1611118464.000
2013-09-11,10.99,11.22,10.91,11.00,136234354,1589758720.000
2013-09-12,10.99,11.57,10.86,11.29,192631522,2285150976.000
2013-09-13,11.24,11.41,11.09,11.20,114843023,1360865408.000
2013-09-16,11.36,11.38,10.88,11.03,105856388,1237443712.000
2013-09-17,11.13,11.13,10.56,10.57,110665606,1258523648.000
2013-09-18,10.63,10.70,10.46,10.53,67293585,757308672.000
2013-09-23,10.59,10.72,10.46,10.57,79801735,893657024.000
2013-09-24,10.58,10.58,10.20,10.26,82797426,905216768.000
2013-09-25,10.26,10.44,10.19,10.22,65975845,719786112.000
2013-09-26,10.20,10.21,9.99,10.14,60827755,650682176.000
2013-09-27,10.11,10.19,10.08,10.18,34902841,375127104.000
2013-09-30,10.26,10.35,10.22,10.30,42535131,464022336.000
2013-10-08,10.31,10.34,10.09,10.29,49739786,540080448.000
2013-10-09,10.28,10.48,10.20,10.34,49703417,544836800.000
2013-10-10,10.34,10.35,10.10,10.16,50014868,541470720.000
2013-10-11,10.27,10.40,10.19,10.32,74539537,814697856.000
2013-10-14,10.33,10.36,10.14,10.18,62165189,674276672.000
2013-10-15,10.21,10.23,10.08,10.11,57593115,619820032.000
2013-10-16,10.11,10.20,10.06,10.11,51254152,550416960.000
2013-10-17,10.16,10.18,9.97,9.98,45498178,486115168.000
2013-10-18,10.01,10.10,9.98,10.01,32417605,345615776.000
2013-10-21,10.01,10.18,9.93,10.14,48094672,513801824.000
2013-10-22,10.12,10.14,9.98,10.01,41517120,442237056.000
2013-10-23,10.06,10.28,10.01,10.06,64499410,693735296.000
2013-10-24,10.06,10.13,9.98,10.01,52902784,563986304.000
2013-10-25,9.98,10.16,9.93,9.99,64707867,690208832.000
2013-10-28,10.00,10.02,9.93,10.00,29512278,312652832.000
2013-10-29,10.02,10.44,10.02,10.23,138530887,1502964736.000
2013-10-30,10.28,10.30,10.13,10.29,78734196,855045312.000
2013-10-31,10.29,10.30,10.11,10.12,69779221,754370304.000
2013-11-01,10.25,10.33,10.17,10.29,68540522,746239936.000
2013-11-04,10.37,10.39,10.17,10.18,40641767,442218784.000
2013-11-05,10.17,10.17,9.96,10.13,64112426,685035392.000
2013-11-06,10.05,10.10,9.99,10.00,49210076,524440992.000
2013-11-07,10.00,10.09,9.99,10.08,38116328,406577728.000
2013-11-08,10.06,10.11,9.94,9.96,43305319,461067456.000
2013-11-11,9.98,10.03,9.89,9.91,42903448,453035072.000
2013-11-12,9.96,10.07,9.91,10.06,58961249,625010624.000
2013-11-13,9.97,10.00,9.70,9.71,85772647,892881152.000
2013-11-14,9.78,9.78,9.62,9.64,49775908,512375168.000
2013-11-15,9.69,9.91,9.67,9.73,77615898,808827136.000
2013-11-18,9.82,10.77,9.79,10.72,273536097,2978025984.000
2013-11-19,10.68,10.72,10.31,10.40,140792727,1563731712.000
2013-11-20,10.49,10.55,10.25,10.33,91608000,1006411328.000
2013-11-21,10.28,10.36,10.12,10.35,101948917,1107262464.000
2013-11-22,10.36,10.43,10.26,10.36,99751019,1093041280.000
2013-11-25,10.33,10.43,10.19,10.20,55419953,606068160.000
2013-11-26,10.22,10.29,10.18,10.21,45184778,489637504.000
2013-11-27,10.22,10.38,10.14,10.24,72902148,793518336.000
2013-11-28,10.27,10.45,10.22,10.31,71508499,784421760.000
2013-11-29,10.37,10.40,10.26,10.29,48143873,526013152.000
2013-12-02,10.28,10.63,10.26,10.52,130731773,1448882944.000
2013-12-03,10.48,10.53,10.39,10.48,58863295,652339456.000
2013-12-04,10.45,10.63,10.41,10.51,83213232,928299392.000
2013-12-05,10.51,10.53,10.37,10.42,62644771,691618304.000
2013-12-06,10.38,10.39,10.25,10.36,61369549,670861184.000
2013-12-09,10.36,10.39,10.26,10.28,50928252,556052416.000
2013-12-10,10.48,10.56,10.37,10.47,101602574,1124642432.000
2013-12-11,10.49,10.56,10.38,10.40,110548783,1225071488.000
2013-12-12,10.38,10.54,10.30,10.30,79924552,883957376.000
2013-12-13,10.14,10.22,10.03,10.08,97408282,1045591552.000
2013-12-16,10.09,10.20,9.99,10.00,87015742,932522240.000
2013-12-17,10.03,10.12,9.99,10.01,57884914,617628992.000
2013-12-18,10.01,10.24,10.00,10.17,74702559,803345536.000
2013-12-19,10.22,10.26,10.06,10.08,65703814,707572736.000
2013-12-20,10.11,10.13,9.68,9.71,103316528,1084806784.000
2013-12-23,9.79,9.83,9.63,9.65,78142541,808123264.000
2013-12-24,9.73,9.74,9.48,9.55,91931959,942523776.000
2013-12-25,9.59,9.69,9.47,9.69,94276714,958772160.000
2013-12-26,9.67,9.68,9.53,9.53,51417497,524651648.000
2013-12-27,9.59,9.79,9.54,9.69,70565493,727168128.000
2013-12-30,9.75,10.02,9.67,9.98,104179954,1085120256.000
2013-12-31,9.85,10.50,9.84,10.27,296546957,3237763072.000
2014-01-02,10.22,10.24,10.05,10.11,53256490,571763456.000
2014-01-03,10.03,10.06,9.78,9.89,58529809,615117120.000
2014-01-06,9.88,9.90,9.70,9.84,65397030,680128064.000
2014-01-07,9.71,9.92,9.66,9.90,54256386,566113088.000
2014-01-08,9.90,10.07,9.84,10.01,49293748,522881088.000
2014-01-09,9.99,10.14,9.99,10.08,48223379,515210304.000
2014-01-10,10.07,10.20,9.99,10.18,62914098,676364224.000
2014-01-13,10.20,10.36,10.11,10.26,77971600,848646208.000
2014-01-14,10.23,10.30,10.03,10.13,44867887,482287744.000
2014-01-15,10.10,10.13,9.91,9.97,35573395,377633056.000
2014-01-16,9.97,10.01,9.90,9.93,27592438,291872544.000
2014-01-17,9.91,9.96,9.79,9.95,51874534,543888512.000
2014-01-20,9.89,9.98,9.80,9.85,27537862,289251392.000
2014-01-21,9.92,10.06,9.86,9.91,25159217,266298800.000
2014-01-22,9.94,10.16,9.86,10.08,50123656,533545792.000
2014-01-23,10.05,10.09,9.87,9.90,38634112,408076160.000
2014-01-24,9.86,9.94,9.77,9.81,52264195,546511680.000
2014-01-27,9.78,9.81,9.66,9.71,47078702,486900288.000
2014-01-28,9.73,9.85,9.72,9.82,39757824,414104448.000
2014-01-29,9.86,9.94,9.82,9.89,28538161,299746176.000
2014-01-30,9.87,9.87,9.70,9.74,26539270,275494784.000
2014-02-07,9.68,9.75,9.62,9.71,32083538,329823168.000
2014-02-10,9.75,9.82,9.73,9.81,54295943,564956992.000
2014-02-11,9.78,10.12,9.71,9.95,108473385,1144880512.000
2014-02-12,9.95,10.03,9.86,9.89,53802791,566714752.000
2014-02-13,9.85,10.13,9.81,9.91,97138132,1027621696.000
2014-02-14,9.91,9.96,9.83,9.90,42266001,443898432.000
2014-02-17,9.98,10.02,9.85,9.89,61964770,652124672.000
2014-02-18,9.89,9.89,9.68,9.70,71937158,746349568.000
2014-02-19,9.70,9.97,9.66,9.89,109595304,1143138304.000
2014-02-20,9.89,9.99,9.72,9.73,66654632,697343040.000
2014-02-21,9.73,9.83,9.64,9.70,51432637,531421696.000
2014-02-24,9.65,9.65,9.43,9.46,84429835,854470080.000
2014-02-25,9.48,9.52,9.26,9.32,84310729,845056320.000
2014-02-26,9.28,9.46,9.27,9.40,42355051,422574592.000
2014-02-27,9.42,9.44,9.26,9.40,64157274,640432192.000
2014-02-28,9.38,9.44,9.21,9.31,62775982,623305280.000
2014-03-03,9.24,9.27,9.15,9.20,78309942,768373312.000
2014-03-04,9.18,9.18,9.04,9.13,74867861,727027904.000
2014-03-05,9.15,9.15,9.00,9.01,57911138,560459200.000
2014-03-06,9.00,9.16,8.98,9.11,54930368,532547456.000
2014-03-07,9.11,9.22,9.03,9.06,54820326,533628736.000
2014-03-10,8.99,9.01,8.83,8.85,70913113,675011712.000
2014-03-11,8.85,8.91,8.79,8.87,41346048,391277504.000
2014-03-12,8.84,9.05,8.80,8.99,58695529,560385920.000
2014-03-13,9.02,9.24,8.96,9.05,70061795,680872320.000
2014-03-14,9.02,9.02,8.88,8.94,57744624,551561344.000
2014-03-17,9.01,9.04,8.90,8.97,35278657,338292928.000
2014-03-18,8.96,9.06,8.94,8.97,44802741,430280096.000
2014-03-19,8.94,8.94,8.87,8.93,30535982,290635392.000
2014-03-20,8.93,9.01,8.83,8.84,36331308,346938432.000
2014-03-21,8.84,9.28,8.82,9.22,114371952,1111471744.000
2014-03-24,9.23,9.26,9.12,9.22,79845091,784583232.000
2014-03-25,9.22,9.28,9.14,9.17,41901549,410810464.000
2014-03-26,9.20,9.23,9.15,9.18,33632721,329655904.000
2014-03-27,9.18,9.31,9.05,9.17,72840167,714877696.000
2014-03-28,9.17,9.30,9.15,9.24,67562392,665062144.000
2014-03-31,9.23,9.28,9.10,9.20,53922086,529273312.000
2014-04-01,9.19,9.31,9.16,9.26,40553530,400451168.000
2014-04-02,9.26,9.39,9.24,9.35,46973144,466611136.000
2014-04-03,9.38,9.43,9.23,9.26,37611536,374082272.000
2014-04-04,9.22,9.34,9.18,9.33,28983715,286708992.000
2014-04-08,9.33,9.77,9.33,9.62,125647540,1279344640.000
2014-04-09,9.61,9.67,9.54,9.56,49546199,505351296.000
2014-04-10,9.58,9.96,9.51,9.79,125741022,1303872128.000
2014-04-11,9.78,9.83,9.68,9.77,83700450,867866624.000
2014-04-14,9.77,9.86,9.60,9.69,44536083,459224768.000
2014-04-15,9.63,9.65,9.39,9.44,55898830,565140288.000
2014-04-16,9.43,9.55,9.40,9.49,32300028,326676288.000
2014-04-17,9.53,9.57,9.45,9.47,24985543,252693872.000
2014-04-18,9.41,9.48,9.31,9.39,44941878,449241248.000
2014-04-21,9.34,9.44,9.20,9.22,45225074,449874816.000
2014-04-22,9.22,9.36,9.20,9.32,39771333,393671392.000
2014-04-23,9.31,9.41,9.29,9.31,39664468,395213888.000
2014-04-24,9.35,9.49,9.30,9.37,41519736,416229408.000
2014-04-25,9.46,9.62,9.37,9.45,72827004,738460736.000
2014-04-28,9.52,9.55,9.36,9.44,57743208,580640192.000
2014-04-29,9.46,9.53,9.37,9.49,55927383,562876288.000
2014-04-30,9.50,9.52,9.40,9.41,38465222,386563168.000
2014-05-05,9.38,9.40,9.17,9.32,56011294,554555904.000
2014-05-06,9.30,9.38,9.23,9.25,24992188,247781584.000
2014-05-07,9.25,9.30,9.23,9.24,33178236,327641184.000
2014-05-08,9.24,9.42,9.21,9.27,34742436,344841536.000
2014-05-09,9.31,9.36,9.27,9.29,28961356,287586112.000
2014-05-12,9.34,9.46,9.30,9.41,46585065,466818880.000
2014-05-13,9.41,9.42,9.34,9.37,24024603,240029856.000
2014-05-14,9.38,9.44,9.35,9.37,28490402,285183168.000
2014-05-15,9.37,9.42,9.34,9.36,26320372,263260416.000
2014-05-16,9.41,9.45,9.36,9.41,38020072,381636832.000
2014-05-19,9.38,9.40,9.17,9.24,50974452,503707200.000
2014-05-20,9.25,9.31,9.21,9.26,25492973,251840080.000
2014-05-21,9.19,9.35,9.19,9.33,20692494,205035392.000
2014-05-22,9.33,9.48,9.31,9.34,34599000,346700960.000
2014-05-23,9.37,9.46,9.34,9.45,25365522,254501408.000
2014-05-26,9.53,9.54,9.42,9.46,36080833,364689568.000
2014-05-27,9.46,9.55,9.43,9.49,40848482,413653728.000
2014-05-28,9.49,9.59,9.47,9.58,45123041,458678208.000
2014-05-29,9.60,9.63,9.53,9.53,39560877,403560352.000
2014-05-30,9.53,9.62,9.51,9.53,22071495,224765216.000
2014-06-03,9.52,9.65,9.45,9.56,36299531,369877120.000
2014-06-04,9.57,9.58,9.44,9.48,27462646,277448832.000
2014-06-05,9.50,9.56,9.41,9.54,39944413,403018016.000
2014-06-06,9.54,9.54,9.32,9.38,57542195,576728448.000
2014-06-09,9.34,9.52,9.34,9.38,42459304,426219840.000
2014-06-10,9.44,9.54,9.37,9.53,69402568,699032640.000
2014-06-11,9.50,9.57,9.45,9.50,37211958,376400128.000
2014-06-12,9.48,9.50,9.42,9.45,33885390,341458400.000
2014-06-13,9.44,9.65,9.43,9.60,71212184,725381632.000
2014-06-16,9.61,9.84,9.55,9.77,90740221,937827584.000
2014-06-17,9.76,9.76,9.65,9.70,50260416,518131488.000
2014-06-18,9.70,9.75,9.62,9.63,42768145,441140928.000
2014-06-19,9.68,9.70,9.53,9.57,44841298,458547136.000
2014-06-20,9.58,9.62,9.53,9.59,45240167,461205792.000
2014-06-23,9.59,9.60,9.47,9.48,41342112,419972064.000
2014-06-24,9.48,9.57,9.47,9.56,31811465,323067136.000
2014-06-25,9.56,9.57,9.49,9.52,30674436,310961056.000
2014-06-26,9.55,9.66,9.53,9.62,37108956,379071520.000
2014-06-27,9.59,9.64,9.54,9.56,40741151,415510400.000
2014-06-30,9.56,9.64,9.56,9.62,39066695,399105984.000
2014-07-01,9.63,9.66,9.58,9.61,33859662,346594400.000
2014-07-02,9.61,9.66,9.60,9.64,38268456,392486560.000
2014-07-03,9.65,9.73,9.63,9.72,55189522,569267392.000
2014-07-04,9.71,9.75,9.69,9.72,32935545,340479296.000
2014-07-07,9.72,9.74,9.68,9.70,32183068,332206208.000
2014-07-08,9.70,9.77,9.68,9.75,36679126,379699456.000
2014-07-09,9.74,9.75,9.60,9.62,50446107,519080032.000
2014-07-10,9.63,9.70,9.63,9.64,42521270,436831168.000
2014-07-11,9.65,9.74,9.63,9.69,48873743,473621408.000
2014-07-14,9.69,9.75,9.64,9.75,46443375,450155968.000
2014-07-15,9.75,9.79,9.71,9.78,44903197,437770976.000
2014-07-16,9.78,9.84,9.74,9.79,45693063,447191936.000
2014-07-17,9.79,9.79,9.71,9.74,29921279,291821824.000
2014-07-18,9.74,9.83,9.72,9.79,45872984,449290944.000
2014-07-21,9.79,9.82,9.75,9.81,30666747,300017760.000
2014-07-22,9.82,10.06,9.79,9.98,90924266,905711744.000
2014-07-23,9.97,10.13,9.96,10.07,78775425,794073408.000
2014-07-24,10.07,10.40,10.07,10.34,141612839,1460972672.000
2014-07-25,10.38,10.50,10.37,10.49,77555587,809852288.000
2014-07-28,10.58,11.03,10.58,10.97,178057210,1939612928.000
2014-07-29,10.98,11.14,10.91,11.03,106117117,1168891136.000
2014-07-30,11.03,11.17,10.92,10.99,88811450,979789760.000
2014-07-31,10.93,11.08,10.89,11.07,69895997,767160064.000
2014-08-01,11.03,11.32,10.99,11.02,96819251,1076877952.000
2014-08-04,11.02,11.25,11.00,11.25,81192514,904460992.000
2014-08-05,11.24,11.25,11.11,11.18,63237688,705835008.000
2014-08-06,11.10,11.10,10.90,10.98,85425499,938016192.000
2014-08-07,10.93,11.07,10.72,10.74,75661754,821957632.000
2014-08-08,10.79,10.85,10.69,10.83,58870029,633995200.000
2014-08-11,10.86,11.12,10.84,11.08,61489279,676379264.000
2014-08-12,10.98,11.03,10.87,10.91,56007016,611588224.000
2014-08-13,10.91,11.00,10.80,10.83,62901988,683507712.000
2014-08-14,10.83,10.93,10.67,10.74,90536118,972743104.000
2014-08-15,10.73,10.86,10.67,10.79,57498429,619359104.000
2014-08-18,10.80,10.88,10.76,10.80,48283316,521746272.000
2014-08-19,10.80,10.82,10.70,10.78,42085721,452326976.000
2014-08-20,10.74,10.78,10.68,10.72,35076989,375835712.000
2014-08-21,10.72,10.72,10.51,10.60,54942372,581428160.000
2014-08-22,10.56,10.73,10.53,10.71,40205574,429221792.000
2014-08-25,10.72,10.74,10.53,10.58,40054004,424399040.000
2014-08-26,10.58,10.64,10.53,10.60,37654564,398686432.000
2014-08-27,10.56,10.63,10.51,10.57,37205732,392871936.000
2014-08-28,10.57,10.57,10.43,10.47,53249298,558340416.000
2014-08-29,10.53,10.57,10.45,10.56,31151613,327255968.000
2014-09-01,10.59,10.61,10.50,10.54,44664646,471342240.000
2014-09-02,10.56,10.72,10.47,10.69,85066325,899627584.000
2014-09-03,10.68,10.84,10.66,10.78,82178689,885389888.000
2014-09-04,10.79,10.87,10.72,10.83,58184196,627802368.000
2014-09-05,10.86,10.95,10.85,10.93,71109742,775337088.000
2014-09-09,10.93,10.97,10.79,10.80,52675617,571253568.000
2014-09-10,10.70,10.79,10.66,10.71,47045210,504221920.000
2014-09-11,10.70,10.81,10.62,10.63,77092885,824640192.000
2014-09-12,10.61,10.70,10.58,10.69,37288834,396399552.000
2014-09-15,10.61,10.66,10.56,10.62,58219154,617237568.000
2014-09-16,10.63,10.75,10.56,10.58,83101208,884221952.000
2014-09-17,10.65,10.66,10.52,10.58,61592007,651655936.000
2014-09-18,10.53,10.66,10.49,10.57,77294558,816814720.000
2014-09-19,10.56,10.64,10.53,10.62,59631606,631467584.000
2014-09-22,10.56,10.57,10.32,10.36,78671055,820337536.000
2014-09-23,10.35,10.43,10.31,10.39,51796848,537216320.000
2014-09-24,10.34,10.60,10.33,10.57,85953089,901598400.000
2014-09-25,10.65,10.66,10.46,10.50,73618411,777900992.000
2014-09-26,10.47,10.51,10.40,10.45,42616236,444799616.000
2014-09-29,10.45,10.48,10.36,10.40,74808870,778930624.000
2014-09-30,10.41,10.44,10.36,10.39,53937511,560313600.000
2014-10-08,10.41,10.46,10.35,10.45,80876668,841797696.000
2014-10-09,10.45,10.54,10.40,10.45,81206641,849495680.000
2014-10-10,10.41,10.52,10.39,10.47,73045311,761639360.000
2014-10-13,10.41,10.47,10.35,10.42,65139327,676177856.000
2014-10-14,10.39,10.44,10.34,10.36,54272142,563688128.000
2014-10-15,10.34,10.42,10.31,10.42,52451447,543927104.000
2014-10-16,10.37,10.52,10.34,10.39,86060716,898740480.000
2014-10-17,10.39,10.45,10.32,10.37,57961760,601332608.000
2014-10-20,10.42,10.43,10.35,10.39,45123722,468389568.000
2014-10-21,10.39,10.42,10.36,10.37,51776718,537789440.000
2014-10-22,10.37,10.43,10.35,10.36,69087717,717813696.000
2014-10-23,10.36,10.44,10.35,10.39,73475820,764449856.000
2014-10-24,10.40,10.45,10.35,10.36,65830725,684756992.000
2014-10-27,10.33,10.34,10.13,10.16,89750548,918395776.000
2014-10-28,10.19,10.29,10.16,10.28,84195339,860058048.000
2014-10-29,10.29,10.45,10.27,10.38,94817770,981755264.000
2014-10-30,10.39,10.52,10.36,10.47,98486732,1027105408.000
2014-10-31,10.51,10.92,10.50,10.80,230966257,2473009920.000
2014-11-03,10.85,10.87,10.66,10.69,107585373,1153897984.000
2014-11-04,10.67,10.67,10.57,10.60,81087060,859952832.000
2014-11-05,10.58,10.62,10.50,10.51,58082464,612081152.000
2014-11-06,10.59,10.59,10.51,10.55,50113268,528946976.000
2014-11-07,10.55,10.79,10.51,10.57,142603809,1515546368.000
2014-11-10,10.74,10.80,10.60,10.76,139327822,1489651200.000
2014-11-11,10.79,11.24,10.77,11.02,373721125,4110827520.000
2014-11-12,10.91,11.00,10.81,10.99,138587203,1510470528.000
2014-11-13,11.02,11.16,10.91,10.97,154652996,1704236416.000
2014-11-14,10.93,10.98,10.78,10.92,88559223,962463808.000
2014-11-17,11.02,11.08,10.80,10.80,98593224,1075277824.000
2014-11-18,10.81,10.84,10.57,10.63,111028741,1185806976.000
2014-11-19,10.61,10.68,10.60,10.64,61748524,656843456.000
2014-11-20,10.60,10.69,10.55,10.59,87099943,924188544.000
2014-11-21,10.62,10.85,10.56,10.80,122719771,1314595712.000
2014-11-24,10.67,10.95,10.63,10.86,197935178,2134532992.000
2014-11-25,10.85,11.21,10.81,11.11,221952213,2438717440.000
2014-11-26,11.12,11.36,11.09,11.33,278657826,3133243136.000
2014-11-27,11.40,11.56,11.24,11.40,256569655,2924452608.000
2014-11-28,11.39,12.30,11.25,12.15,505203457,5995502080.000
2014-12-01,12.16,12.55,11.91,12.11,365772874,4468664320.000
2014-12-02,11.97,13.00,11.93,12.70,386134810,4800513024.000
2014-12-03,12.76,13.13,12.39,12.65,423086062,5419273728.000
2014-12-04,12.85,13.88,12.70,13.64,487620297,6530002432.000
2014-12-05,13.90,14.50,13.30,13.95,639778572,8897229824.000
2014-12-08,13.80,14.25,13.42,13.96,720427941,10009732096.000
2014-12-09,13.70,14.60,12.70,13.04,759492385,10657924096.000
2014-12-10,13.16,14.20,12.55,14.12,547208936,7346901504.000
2014-12-11,14.29,14.96,13.92,14.24,595906284,8598092800.000
2014-12-12,14.04,14.44,13.62,13.91,376947324,5295825408.000
2014-12-15,13.71,13.71,13.31,13.62,235485573,3178107392.000
2014-12-16,13.59,14.21,13.48,14.20,382798037,5336939520.000
2014-12-17,14.25,15.47,13.98,15.10,843193378,12458079232.000
2014-12-18,15.12,15.20,14.60,14.73,416116600,6197378560.000
2014-12-19,14.75,15.16,14.46,14.92,349429330,5197509632.000
2014-12-22,15.00,16.00,14.93,15.37,566435578,8786102272.000
2014-12-23,15.10,15.66,14.63,15.03,434808470,6650627072.000
2014-12-24,15.00,15.01,14.00,14.30,399070478,5760088576.000
2014-12-25,14.51,14.97,14.34,14.76,368029483,5389584896.000
2014-12-26,14.88,15.38,14.71,15.34,422937960,6383178752.000
2014-12-29,15.89,16.23,15.01,15.29,529036760,8302399488.000
2014-12-30,15.39,15.84,15.31,15.68,391195844,6098380288.000
2014-12-31,15.64,16.62,15.46,16.59,667128953,10694251520.000
2015-01-05,16.56,17.07,16.25,16.68,500187128,8302084608.000
2015-01-06,16.40,17.20,16.29,16.42,426877234,7100974592.000
2015-01-07,16.20,16.56,15.94,16.16,296169604,4806397440.000
2015-01-08,16.25,16.34,15.53,15.57,292921110,4621825024.000
2015-01-09,15.56,16.56,15.36,15.71,461363497,7356771840.000
2015-01-12,15.70,15.90,15.20,15.60,287002787,4465050112.000
2015-01-13,15.52,15.78,15.35,15.43,170251610,2646920704.000
2015-01-14,15.57,15.90,15.50,15.71,227140865,3573843456.000
2015-01-15,15.71,16.19,15.60,16.18,264684168,4216830720.000
2015-01-16,16.27,16.50,16.07,16.24,312550722,5096707072.000
2015-01-19,14.62,15.40,14.62,14.63,499040602,7432124928.000
2015-01-20,14.75,14.98,14.34,14.64,304480893,4468888064.000
2015-01-21,14.80,15.47,14.59,15.30,347044052,5208894976.000
2015-01-22,15.30,15.31,14.96,15.13,215666287,3267085568.000
2015-01-23,15.23,15.50,15.11,15.17,249422660,3814173184.000
2015-01-26,15.19,15.24,14.87,15.03,178096442,2671404544.000
2015-01-27,15.05,15.10,14.45,14.71,256941922,3785792768.000
2015-01-28,14.60,14.84,14.41,14.53,174144815,2541837312.000
2015-01-29,14.31,14.43,14.15,14.37,177530685,2541569536.000
2015-01-30,14.43,14.62,14.20,14.34,181808721,2625624576.000
2015-02-02,13.98,14.30,13.86,14.09,155786828,2200454400.000
2015-02-03,14.35,14.60,14.20,14.57,174884321,2516020224.000
2015-02-04,14.60,14.72,14.28,14.30,129621466,1886445056.000
2015-02-05,15.00,15.05,14.30,14.32,337061702,4973382144.000
2015-02-06,14.28,14.58,14.15,14.25,163835590,2356073472.000
2015-02-09,14.25,14.54,14.00,14.41,171924698,2454553600.000
2015-02-10,14.47,14.75,14.33,14.66,153525979,2238448128.000
2015-02-11,14.69,14.79,14.56,14.64,93584114,1372191488.000
2015-02-12,14.69,14.70,14.38,14.57,80748086,1173109248.000
2015-02-13,14.62,14.85,14.51,14.63,150471474,2211523584.000
2015-02-16,14.40,14.49,14.30,14.46,133387516,1920460672.000
2015-02-17,14.45,14.61,14.41,14.52,92371310,1343475200.000
2015-02-25,14.50,14.54,14.18,14.30,126747641,1821660416.000
2015-02-26,14.29,14.73,14.19,14.67,155956628,2262725632.000
2015-02-27,14.70,15.00,14.65,14.70,145616495,2157812736.000
2015-03-02,14.78,14.83,14.41,14.57,219237346,3192258816.000
2015-03-03,14.48,14.51,14.15,14.17,174417640,2494347008.000
2015-03-04,14.33,14.33,14.10,14.21,125920707,1787542400.000
2015-03-05,14.04,14.11,13.81,13.91,173548564,2421469952.000
2015-03-06,13.92,14.09,13.91,14.05,102177380,1432408192.000
2015-03-09,14.06,14.87,13.80,14.68,316125124,4551188992.000
2015-03-10,14.49,14.59,14.23,14.29,186295651,2677735424.000
2015-03-11,14.35,14.73,14.31,14.45,168184844,2440617984.000
2015-03-12,14.75,15.43,14.59,15.13,383002880,5746567168.000
2015-03-13,15.17,15.55,15.03,15.10,281304228,4299112448.000
2015-03-16,15.27,15.46,15.04,15.36,221860248,3387764736.000
2015-03-17,15.41,15.50,15.25,15.41,239492456,3679377664.000
2015-03-18,15.41,15.77,15.35,15.74,246058511,3827652096.000
2015-03-19,15.74,15.90,15.47,15.68,234590051,3665620480.000
2015-03-20,15.67,15.96,15.33,15.69,314995766,4929184256.000
2015-03-23,15.82,15.89,15.63,15.79,246274047,3881893376.000
2015-03-24,15.78,15.80,15.54,15.56,263719125,4123151616.000
2015-03-25,15.42,15.52,15.06,15.16,216753837,3310645760.000
2015-03-26,15.08,15.42,14.98,15.22,180799341,2750283776.000
2015-03-27,15.22,15.43,15.10,15.26,154287074,2350890752.000
2015-03-30,15.42,15.83,15.30,15.74,304476423,4760224256.000
2015-03-31,15.95,16.41,15.45,15.57,402562174,6407352320.000
2015-04-01,15.59,15.91,15.55,15.73,243966115,3830336768.000
2015-04-02,15.90,15.98,15.45,15.66,238955501,3744579584.000
数据来源:通达信
