600837 海通证券 日线 前复权
      日期	    开盘	    最高	    最低	    收盘	    成交量	    成交额
2011-03-02,9.73,9.79,9.56,9.69,67294874,686931840.000
2011-03-03,9.71,9.86,9.61,9.62,58044938,596232064.000
2011-03-04,9.63,9.88,9.60,9.85,61078361,629318848.000
2011-03-07,9.90,10.20,9.87,10.14,142797731,1516876800.000
2011-03-08,10.12,10.31,10.01,10.12,81299466,869366080.000
2011-03-09,10.21,10.41,10.08,10.17,76543290,824012288.000
2011-03-10,10.12,10.12,9.76,9.79,80665580,842111680.000
2011-03-11,9.76,9.85,9.61,9.65,68984246,709988288.000
2011-03-14,9.59,9.65,9.53,9.63,51893204,525994688.000
2011-03-15,9.57,9.63,9.15,9.37,92452720,913112384.000
2011-03-16,9.38,9.60,9.38,9.56,49507470,496650560.000
2011-03-17,9.43,9.51,9.29,9.36,44250480,440525952.000
2011-03-18,9.55,9.65,9.44,9.62,52778633,532865120.000
2011-03-21,9.61,9.68,9.36,9.44,58146587,582147840.000
2011-03-22,9.50,9.54,9.32,9.49,29530589,295202688.000
2011-03-23,9.46,9.66,9.43,9.63,44583939,451044544.000
2011-03-24,9.63,9.67,9.53,9.54,30540770,309071776.000
2011-03-25,9.57,9.77,9.53,9.71,61078593,624366400.000
2011-03-28,9.76,9.97,9.76,9.83,83268353,868002112.000
2011-03-29,9.86,9.96,9.69,9.71,63613325,659887360.000
2011-03-30,9.68,9.75,9.46,9.52,46638898,471355424.000
2011-03-31,9.55,9.65,9.50,9.51,30923836,311929120.000
2011-04-01,9.51,9.72,9.49,9.70,35941864,364375808.000
2011-04-06,9.66,10.09,9.63,9.93,90574649,943666560.000
2011-04-07,9.93,9.94,9.82,9.86,46017097,479179616.000
2011-04-08,9.86,10.01,9.82,9.95,40986096,429181216.000
2011-04-11,10.02,10.05,9.79,9.80,51121486,534348576.000
2011-04-12,9.77,9.88,9.71,9.79,45681885,471878528.000
2011-04-13,9.71,10.08,9.71,10.06,85343455,892199104.000
2011-04-14,10.05,10.09,9.91,9.93,70078166,739516800.000
2011-04-15,9.86,10.16,9.82,10.06,66126965,699092864.000
2011-04-18,10.00,10.11,9.88,9.98,54074099,570701952.000
2011-04-19,9.86,9.89,9.64,9.65,62069451,637700992.000
2011-04-20,9.66,9.74,9.60,9.65,30773821,314271200.000
2011-04-26,9.45,9.53,9.20,9.22,70121176,692663808.000
2011-04-27,9.28,9.36,9.16,9.24,30180327,296345120.000
2011-04-28,9.31,9.37,9.08,9.09,35367917,345276288.000
2011-04-29,9.10,9.21,9.05,9.18,34341353,332077056.000
2011-05-03,9.19,9.27,9.06,9.20,24896165,241597280.000
2011-05-04,9.19,9.19,8.86,8.86,45751715,435589568.000
2011-05-05,8.84,8.95,8.82,8.91,18980316,179086400.000
2011-05-06,8.85,8.97,8.81,8.89,21414886,201821680.000
2011-05-09,8.96,9.04,8.86,8.92,24294977,230256224.000
2011-05-10,8.93,9.02,8.86,9.01,36525382,346784512.000
2011-05-11,8.57,8.74,8.56,8.70,179050730,1646788480.000
2011-05-12,8.54,8.64,8.50,8.56,61335875,559096448.000
2011-05-13,8.59,8.78,8.55,8.68,86703359,798333376.000
2011-05-17,8.56,8.75,8.51,8.61,63755776,583615808.000
2011-05-18,8.62,8.74,8.56,8.69,47467467,437395584.000
2011-05-19,8.71,8.71,8.59,8.61,34760547,319135520.000
2011-05-20,8.61,8.64,8.57,8.61,21598125,197467904.000
2011-05-23,8.60,8.60,8.31,8.33,58861465,527503808.000
2011-05-24,8.32,8.39,8.28,8.36,27218021,241512720.000
2011-05-25,8.37,8.39,8.26,8.27,25112982,222546608.000
2011-05-26,8.33,8.57,8.31,8.41,52081706,468156032.000
2011-05-27,8.41,8.50,8.36,8.43,44045736,395671904.000
2011-05-30,8.38,8.53,8.27,8.37,29880048,267859392.000
2011-05-31,8.42,8.53,8.37,8.52,30156011,271719968.000
2011-06-01,8.51,8.51,8.39,8.42,30904512,277031872.000
2011-06-02,8.33,8.37,8.23,8.28,42257804,373563872.000
2011-06-03,8.28,8.40,8.28,8.39,28739160,255754240.000
2011-06-07,8.35,8.40,8.31,8.38,22881251,203506768.000
2011-06-08,8.32,8.39,8.24,8.37,29682453,262740688.000
2011-06-09,8.33,8.36,8.18,8.19,31903254,281293056.000
2011-06-10,8.17,8.28,8.08,8.15,44194780,384896736.000
2011-06-13,8.10,8.10,7.94,8.02,26108491,223151808.000
2011-06-14,8.01,8.22,8.01,8.11,41462379,359168128.000
2011-06-15,8.10,8.11,7.96,7.98,29942497,256702400.000
2011-06-16,7.91,7.94,7.81,7.81,32558347,273443424.000
2011-06-17,7.82,7.93,7.79,7.82,36844712,310017056.000
2011-06-20,7.81,7.88,7.79,7.85,27654689,231678512.000
2011-06-21,7.88,7.95,7.85,7.94,28572422,241228656.000
2011-06-22,7.96,7.98,7.88,7.92,22127211,187352144.000
2011-06-23,7.91,8.09,7.87,8.06,21716983,182148784.000
2011-06-24,8.03,8.85,8.02,8.57,118404845,1049225280.000
2011-06-27,8.51,8.63,8.46,8.51,59737042,533278592.000
2011-06-28,8.51,8.57,8.40,8.52,44429869,394496192.000
2011-06-29,8.51,8.56,8.41,8.41,36878707,327732064.000
2011-06-30,8.44,8.72,8.41,8.63,65322534,589033344.000
2011-07-01,8.67,8.75,8.62,8.64,46233791,419139648.000
2011-07-04,8.74,8.93,8.68,8.85,73530791,679802688.000
2011-07-05,8.85,8.91,8.81,8.86,34443039,318604992.000
2011-07-06,8.84,8.84,8.66,8.72,44184487,402811136.000
2011-07-07,8.79,8.86,8.64,8.65,46674897,425072640.000
2011-07-08,8.68,8.73,8.61,8.64,22588127,204252768.000
2011-07-11,8.64,8.71,8.53,8.67,30355234,273811232.000
2011-07-12,8.60,8.61,8.42,8.43,41208863,365464288.000
2011-07-13,8.46,8.64,8.45,8.59,26885548,240338960.000
2011-07-14,8.59,8.65,8.52,8.59,27977894,251122608.000
2011-07-15,8.59,8.65,8.48,8.59,30118421,269773984.000
2011-07-18,8.62,8.63,8.50,8.52,23742456,212157744.000
2011-07-19,8.49,8.52,8.42,8.45,19890651,176028288.000
2011-07-20,8.52,8.54,8.41,8.46,19966989,176926688.000
2011-07-21,8.46,8.51,8.37,8.37,20679059,182226720.000
2011-07-22,8.44,8.54,8.38,8.52,32663992,290011104.000
2011-07-25,8.44,8.46,8.14,8.19,31418160,272390144.000
2011-07-26,8.20,8.24,8.11,8.16,15397775,131942696.000
2011-07-27,8.08,8.18,8.02,8.15,21281706,181252848.000
2011-07-28,8.07,8.08,7.95,8.00,24079054,202258512.000
2011-07-29,8.00,8.26,7.96,8.13,26996697,229392336.000
2011-08-01,8.16,8.24,8.06,8.17,18166363,155390016.000
2011-08-02,8.09,8.09,7.97,8.04,16312462,137139168.000
2011-08-03,7.98,8.12,7.95,8.01,17269023,145619632.000
2011-08-04,8.07,8.13,8.00,8.02,12300096,103856288.000
2011-08-05,7.82,7.89,7.76,7.82,29786937,245110992.000
2011-08-08,7.75,7.82,7.31,7.54,50383955,403036512.000
2011-08-09,7.31,7.51,7.22,7.42,52416231,405737024.000
2011-08-10,7.56,7.60,7.43,7.45,29123152,230623776.000
2011-08-11,7.31,7.86,7.27,7.67,61562515,495534176.000
2011-08-12,7.67,7.73,7.59,7.60,41109714,330187712.000
2011-08-15,7.63,7.76,7.57,7.75,37513981,303169536.000
2011-08-16,7.75,7.82,7.62,7.66,30748144,249542752.000
2011-08-17,7.66,7.82,7.64,7.78,32981790,268188672.000
2011-08-18,7.78,7.78,7.61,7.62,26271130,212399456.000
2011-08-19,7.46,7.61,7.42,7.53,24256924,191920416.000
2011-08-22,7.61,7.69,7.45,7.48,21652672,172098464.000
2011-08-23,7.51,7.69,7.50,7.65,22980557,183706256.000
2011-08-24,7.69,7.74,7.60,7.61,24970863,201393952.000
2011-08-25,7.67,7.99,7.63,7.96,76815147,635089920.000
2011-08-26,7.90,8.01,7.86,7.91,48012959,399120128.000
2011-08-29,7.87,7.87,7.65,7.68,43697559,354579456.000
2011-08-30,7.76,7.85,7.63,7.64,35102497,285737248.000
2011-08-31,7.65,7.73,7.60,7.66,21892240,176297952.000
2011-09-01,7.71,7.80,7.61,7.66,23745904,191926832.000
2011-09-02,7.68,7.70,7.55,7.57,22112322,177106064.000
2011-09-05,7.51,7.51,7.31,7.35,31292750,243282256.000
2011-09-06,7.30,7.38,7.27,7.36,18642691,144059984.000
2011-09-07,7.40,7.66,7.37,7.53,29960263,236786640.000
2011-09-08,7.57,7.59,7.47,7.47,18874049,149157152.000
2011-09-09,7.56,7.86,7.54,7.57,40410955,324629568.000
2011-09-13,7.42,7.70,7.40,7.69,45544135,363965504.000
2011-09-14,7.72,7.84,7.57,7.82,52108756,422628512.000
2011-09-15,7.81,7.92,7.72,7.80,72775640,598930688.000
2011-09-19,7.62,7.70,7.55,7.56,25160951,201238208.000
2011-09-20,7.57,7.72,7.53,7.66,31274518,250817552.000
2011-09-21,7.65,7.94,7.54,7.90,82786886,680116160.000
2011-09-22,7.81,7.83,7.63,7.65,42800416,347418016.000
2011-09-23,7.49,7.74,7.43,7.71,36005667,287354816.000
2011-09-26,7.59,7.79,7.42,7.49,35820675,285872608.000
2011-09-27,7.60,7.74,7.54,7.67,48635681,391623904.000
2011-09-28,7.71,7.80,7.56,7.61,37304873,301605280.000
2011-09-29,7.56,7.72,7.52,7.62,38717987,311298560.000
2011-09-30,7.65,7.66,7.48,7.52,26659681,212090192.000
2011-10-10,7.55,7.61,7.49,7.51,21192393,168074416.000
2011-10-11,7.83,7.91,7.56,7.67,56522725,459650048.000
2011-10-12,7.66,8.48,7.60,8.48,221133114,1926222976.000
2011-10-13,8.48,8.71,8.42,8.54,142000677,1268419456.000
2011-10-14,8.46,8.57,8.39,8.52,76769164,680968768.000
2011-10-17,8.50,8.68,8.40,8.59,91091530,814745664.000
2011-10-18,8.46,8.49,8.05,8.15,100291655,864591936.000
2011-10-19,8.21,8.39,8.07,8.20,87471304,752821248.000
2011-10-20,8.11,8.26,7.98,8.13,62731427,533181120.000
2011-10-21,8.13,8.26,8.01,8.14,57215306,489995872.000
2011-10-24,8.23,8.86,8.17,8.71,174076725,1556436608.000
2011-10-25,8.61,8.83,8.49,8.69,125069406,1131630208.000
2011-10-26,8.56,8.94,8.55,8.64,119329664,1093518080.000
2011-10-27,8.75,8.78,8.57,8.67,61997317,560935808.000
2011-10-28,8.91,8.92,8.72,8.86,118258197,1090489472.000
2011-10-31,8.91,8.96,8.66,8.71,79182625,727333504.000
2011-11-01,8.61,8.99,8.56,8.90,108460989,997277568.000
2011-11-02,8.70,9.20,8.67,9.11,128878940,1200679424.000
2011-11-03,9.16,9.35,8.89,8.91,130242112,1236777984.000
2011-11-04,9.02,9.10,8.84,8.97,82078773,765867648.000
2011-11-07,8.88,8.90,8.69,8.71,84341395,772731840.000
2011-11-08,8.78,8.81,8.52,8.63,71756245,652954048.000
2011-11-09,8.68,8.78,8.55,8.77,77274243,700572928.000
2011-11-10,8.65,8.72,8.58,8.65,63148305,571168768.000
2011-11-11,8.65,8.73,8.57,8.60,58964959,532052128.000
2011-11-14,8.66,8.82,8.63,8.75,57410134,523436864.000
2011-11-15,8.76,8.76,8.52,8.56,68542521,616842880.000
2011-11-16,8.58,8.60,8.22,8.27,74227290,649674368.000
2011-11-17,8.26,8.34,8.18,8.21,39007742,337025536.000
2011-11-18,8.16,8.41,8.14,8.20,60696450,525060800.000
2011-11-21,8.19,8.28,8.08,8.26,44424041,379417792.000
2011-11-22,8.17,8.32,8.15,8.29,40379187,349092384.000
2011-11-23,8.30,8.36,7.81,7.84,75456857,629489344.000
2011-11-24,7.76,7.87,7.68,7.79,35173185,287190688.000
2011-11-25,7.79,7.79,7.61,7.64,41406454,333946176.000
2011-11-28,7.69,7.80,7.66,7.70,44897004,364515744.000
2011-11-29,7.81,7.86,7.74,7.81,36134617,296375008.000
2011-11-30,7.76,7.84,7.47,7.52,55884873,447282400.000
2011-12-01,7.89,8.06,7.82,7.83,103046744,860197376.000
2011-12-02,7.81,7.94,7.77,7.81,41398234,340881056.000
2011-12-05,7.85,7.88,7.59,7.64,38830435,313208960.000
2011-12-06,7.66,7.81,7.61,7.75,41790868,338832864.000
2011-12-07,7.80,7.94,7.76,7.92,45637311,376355168.000
2011-12-08,7.89,8.08,7.75,8.04,62279547,518964384.000
2011-12-09,7.93,8.06,7.90,7.92,33880688,283467744.000
2011-12-12,7.93,7.94,7.76,7.87,23050947,189460752.000
2011-12-13,7.81,7.86,7.51,7.57,48807888,391496160.000
2011-12-14,7.53,7.62,7.47,7.61,33447146,265073824.000
2011-12-15,7.54,7.63,7.47,7.48,29097894,231067104.000
2011-12-16,7.53,7.66,7.25,7.62,45277494,355606528.000
2011-12-19,7.51,7.60,7.29,7.53,33870561,265222432.000
2011-12-20,7.52,7.61,7.34,7.37,36624605,287130688.000
2011-12-21,7.48,7.51,7.08,7.13,32173889,248299312.000
2011-12-22,7.10,7.10,6.78,6.95,42529774,312299040.000
2011-12-23,6.94,7.11,6.86,6.95,34121642,251346640.000
2011-12-26,6.89,6.94,6.77,6.78,31998554,231744896.000
2011-12-27,6.77,6.99,6.66,6.80,45941408,331201120.000
2011-12-28,6.73,7.01,6.69,6.95,46171739,334155904.000
2011-12-29,6.90,6.98,6.87,6.95,33695853,246765936.000
2011-12-30,6.99,7.08,6.97,7.02,29853580,221452368.000
2012-01-04,7.12,7.12,6.71,6.73,29169079,212962256.000
2012-01-05,6.71,6.85,6.66,6.69,38837730,277546144.000
2012-01-06,6.75,7.09,6.68,6.91,47833723,345988704.000
2012-01-09,6.91,7.25,6.85,7.23,64292260,480187648.000
2012-01-10,7.18,7.60,7.15,7.54,77134080,601257600.000
2012-01-11,7.52,7.59,7.39,7.46,37530297,295198400.000
2012-01-12,7.40,7.59,7.38,7.46,30229571,238038704.000
2012-01-13,7.50,7.53,7.22,7.32,35595234,277312064.000
2012-01-16,7.24,7.45,7.22,7.25,29562903,229226368.000
2012-01-17,7.26,7.83,7.26,7.76,63226381,502511584.000
2012-01-18,7.75,8.16,7.65,7.68,78637909,651409792.000
2012-01-19,7.64,8.10,7.64,7.99,77557207,647426048.000
2012-01-20,8.05,8.41,7.89,8.21,95031833,812899200.000
2012-01-30,8.21,8.25,7.95,7.97,49050724,415641920.000
2012-01-31,7.97,8.06,7.89,7.97,24144942,201952592.000
2012-02-01,7.95,8.04,7.65,7.71,37721626,309221440.000
2012-02-02,7.78,8.16,7.67,8.14,66007009,546010496.000
2012-02-03,8.07,8.23,7.94,8.08,64151678,544635648.000
2012-02-06,8.16,8.22,8.00,8.06,61542581,523299456.000
2012-02-07,7.97,8.00,7.76,7.82,52811472,434669952.000
2012-02-08,7.82,8.48,7.77,8.28,91152779,780256192.000
2012-02-09,8.23,8.39,8.15,8.18,70689649,611480768.000
2012-02-10,8.14,8.52,8.11,8.26,79336232,695284736.000
2012-02-13,8.16,8.41,8.06,8.16,62655872,539156672.000
2012-02-14,8.19,8.22,8.01,8.10,50684323,429764800.000
2012-02-15,8.06,8.36,8.02,8.27,68011035,587542656.000
2012-02-16,8.25,8.29,8.09,8.21,60202491,517217536.000
2012-02-17,8.30,8.33,8.16,8.23,37944873,328047552.000
2012-02-20,8.41,8.42,8.13,8.17,55016321,478636768.000
2012-02-21,8.19,8.33,8.11,8.31,55545985,478925440.000
2012-02-22,8.30,8.62,8.26,8.56,105491365,936896064.000
2012-02-23,8.52,8.64,8.44,8.50,48312694,431120192.000
2012-02-24,8.50,8.75,8.47,8.70,87650472,791749824.000
2012-02-27,8.75,9.00,8.62,8.70,139836401,1297883904.000
2012-02-28,8.72,8.85,8.60,8.75,69924181,638438656.000
2012-02-29,8.70,8.74,8.54,8.57,41272147,372595808.000
2012-03-01,8.52,8.68,8.52,8.60,38679246,348708544.000
2012-03-02,8.66,8.95,8.63,8.92,106571989,981062976.000
2012-03-05,8.96,9.17,8.96,9.00,102082077,967158912.000
2012-03-06,8.97,9.06,8.84,8.91,59419938,554404160.000
2012-03-07,8.81,9.10,8.77,8.99,61122412,571391808.000
2012-03-08,9.03,9.39,9.03,9.28,102658418,991706752.000
2012-03-09,9.34,9.36,9.19,9.31,62877343,607946048.000
2012-03-12,9.23,9.43,9.05,9.21,64248596,619062912.000
2012-03-13,9.15,9.41,9.10,9.22,51887014,498938048.000
2012-03-14,9.31,9.45,8.89,8.97,108519406,1040093568.000
2012-03-15,9.00,9.09,8.81,8.96,54681466,510715264.000
2012-03-16,8.95,9.29,8.95,9.21,62818411,598494208.000
2012-03-19,9.11,9.27,9.05,9.19,40910377,391720576.000
2012-03-20,9.13,9.18,8.67,8.75,70695094,653673856.000
2012-03-21,8.86,8.91,8.58,8.64,70484882,642415616.000
2012-03-22,8.67,8.87,8.63,8.73,58066342,529822816.000
2012-03-23,8.70,8.86,8.60,8.65,41897305,381640096.000
2012-03-26,8.65,8.71,8.56,8.64,34408365,310374592.000
2012-03-27,8.69,8.74,8.50,8.60,32889282,296714496.000
2012-03-28,8.51,8.71,8.36,8.39,59110708,527291200.000
2012-03-29,8.37,8.63,8.12,8.42,58265599,512455584.000
2012-03-30,8.48,8.66,8.43,8.62,47256406,423641696.000
2012-04-05,8.58,9.52,8.53,9.32,214015858,2069889920.000
2012-04-06,9.17,9.44,9.17,9.42,105489572,1025771968.000
2012-04-09,9.37,9.51,9.28,9.31,54501229,531882432.000
2012-04-10,9.31,9.48,9.05,9.42,78139509,754845952.000
2012-04-11,9.31,9.62,9.27,9.40,91275473,899488192.000
2012-04-12,9.42,9.91,9.40,9.83,193726369,1944496768.000
2012-04-13,9.79,10.12,9.78,9.80,156881656,1618349952.000
2012-04-16,9.76,10.01,9.72,9.84,66565869,682533696.000
2012-04-17,9.84,9.91,9.50,9.50,94254670,942439936.000
2012-04-18,9.51,10.00,9.43,9.92,155050545,1574420992.000
2012-04-19,9.91,9.96,9.63,9.70,122435945,1247764608.000
2012-04-20,9.71,10.16,9.61,9.94,167176510,1715465344.000
2012-04-23,9.98,9.99,9.66,9.69,109186640,1113713664.000
2012-04-24,9.61,9.84,9.29,9.54,155966808,1548895744.000
2012-04-25,9.51,9.73,9.39,9.51,98777369,981544832.000
2012-04-26,9.54,9.79,9.39,9.63,87758593,877513984.000
2012-04-27,9.59,9.72,9.42,9.50,63396234,628749184.000
2012-05-02,9.87,9.91,9.65,9.73,116488458,1183813120.000
2012-05-03,9.74,10.05,9.71,9.93,121944262,1252207360.000
2012-05-04,9.93,9.97,9.72,9.92,83036436,850434048.000
2012-05-07,9.86,9.93,9.66,9.80,80555036,821649152.000
2012-05-08,9.81,9.85,9.46,9.62,102767985,1024871680.000
2012-05-09,9.51,9.63,9.39,9.47,76322620,755393472.000
2012-05-10,9.48,9.57,9.40,9.47,46610130,459891200.000
2012-05-11,9.43,9.46,9.23,9.31,57684132,562312640.000
2012-05-14,9.37,9.62,9.29,9.37,82562210,812289600.000
2012-05-15,9.29,9.61,9.26,9.59,68644291,675759424.000
2012-05-16,9.53,9.73,9.38,9.42,73064771,728128448.000
2012-05-17,9.44,9.91,9.38,9.86,131187112,1324957952.000
2012-05-18,9.74,9.90,9.59,9.67,82430773,836181760.000
2012-05-21,9.62,9.77,9.45,9.54,55031525,550374080.000
2012-05-22,9.61,9.85,9.60,9.80,73160135,740426496.000
2012-05-23,9.79,10.05,9.74,9.98,111915725,1154029568.000
2012-05-24,9.98,10.04,9.70,9.79,58243907,597521152.000
2012-05-25,9.79,9.87,9.51,9.63,64951886,654274688.000
2012-05-28,9.53,9.79,9.47,9.76,49173412,493173408.000
2012-05-29,9.77,10.11,9.74,10.00,109422529,1136957952.000
2012-05-30,9.97,10.15,9.93,10.07,69682127,730102976.000
2012-05-31,9.95,10.21,9.92,10.06,49429622,517490368.000
2012-06-01,10.08,10.41,10.06,10.24,82887103,884764992.000
2012-06-04,10.02,10.28,9.78,9.80,72446597,752505088.000
2012-06-05,9.86,9.93,9.59,9.67,54272448,548814080.000
2012-06-06,9.72,9.83,9.61,9.71,39494731,398878688.000
2012-06-07,9.84,9.93,9.66,9.75,44369701,452902464.000
2012-06-08,9.91,10.01,9.75,9.79,53939417,554075200.000
2012-06-11,9.86,10.14,9.82,10.11,54257688,564677440.000
2012-06-12,10.02,10.09,9.91,9.98,32044887,333232448.000
2012-06-13,10.05,10.24,9.89,10.13,65075853,683907200.000
2012-06-14,10.09,10.18,9.91,9.92,45124806,470658464.000
2012-06-15,9.99,10.06,9.72,9.83,53800140,552374336.000
2012-06-18,9.90,10.08,9.87,10.01,33183263,344278656.000
2012-06-19,9.98,10.01,9.81,9.86,30033818,309037504.000
2012-06-20,9.87,9.92,9.68,9.69,45902281,466300480.000
2012-06-21,9.69,9.73,9.29,9.31,63366867,623790976.000
2012-06-25,9.29,9.29,8.80,8.87,98859867,923463040.000
2012-06-26,8.81,9.10,8.78,9.01,43781190,409059520.000
2012-06-27,9.01,9.14,8.96,8.98,33482240,316056896.000
2012-06-29,8.80,9.30,8.77,9.24,46937313,445149152.000
2012-07-02,9.30,9.41,9.17,9.24,43211106,417931328.000
2012-07-03,9.25,9.34,9.08,9.15,33929589,325662208.000
2012-07-04,9.16,9.24,9.06,9.13,23665494,225231568.000
2012-07-05,9.02,9.09,8.66,8.73,51916344,477675872.000
2012-07-06,8.86,9.07,8.61,8.99,64137412,591006336.000
2012-07-09,8.87,8.98,8.71,8.74,38460521,355618528.000
2012-07-10,8.71,8.92,8.69,8.84,33171531,306313792.000
2012-07-11,8.80,9.09,8.80,9.05,47056817,441114368.000
2012-07-12,9.01,9.47,9.00,9.37,63799796,615740928.000
2012-07-13,9.35,9.59,9.32,9.36,47529543,466731232.000
2012-07-16,9.46,9.46,9.10,9.23,40218491,385870848.000
2012-07-17,9.14,9.72,9.14,9.44,53487302,528334464.000
2012-07-18,9.47,9.63,9.26,9.60,49599456,489379968.000
2012-07-19,9.51,9.86,9.47,9.66,63823958,645163072.000
2012-07-20,9.61,9.70,9.47,9.53,29656617,294992576.000
2012-07-23,9.51,9.53,9.26,9.41,36166754,354471968.000
2012-07-24,9.36,9.57,9.30,9.48,37962606,373182656.000
2012-07-25,9.41,9.51,9.37,9.41,19975751,196417632.000
2012-07-26,9.39,9.54,9.19,9.21,41470576,404353472.000
2012-07-27,9.21,9.34,8.91,9.05,40967186,389376512.000
2012-07-30,9.05,9.21,8.91,8.99,31941232,301308416.000
2012-07-31,9.01,9.23,8.99,9.18,28806590,275050656.000
2012-08-01,9.22,9.53,9.20,9.44,36073078,353785344.000
2012-08-02,9.37,9.48,9.28,9.33,30117604,294056288.000
2012-08-03,9.45,9.48,9.17,9.43,30788559,298333248.000
2012-08-06,9.40,9.59,9.30,9.51,42888457,422978816.000
2012-08-07,9.45,9.63,9.40,9.42,29998571,296631072.000
2012-08-08,9.52,9.63,9.40,9.45,42733185,423524416.000
2012-08-09,9.42,9.51,9.21,9.44,39707853,386232256.000
2012-08-10,9.42,9.43,9.26,9.35,28860121,280649568.000
2012-08-13,9.31,9.31,8.43,8.51,134709422,1236305408.000
2012-08-14,8.50,8.56,8.11,8.41,83772457,724430528.000
2012-08-15,8.34,8.37,8.19,8.23,44997995,389788704.000
2012-08-16,8.25,8.37,8.19,8.21,45229477,391098400.000
2012-08-17,8.24,8.25,8.09,8.22,25455358,213627024.000
2012-08-20,8.12,8.26,7.99,8.23,39291029,328538432.000
2012-08-21,8.23,8.34,8.18,8.24,36370866,309329728.000
2012-08-22,8.27,8.30,8.20,8.28,33658096,286099584.000
2012-08-23,8.33,8.43,8.26,8.34,35400813,303831840.000
2012-08-24,8.33,8.37,8.19,8.27,24756392,210912272.000
2012-08-27,8.21,8.27,7.81,7.83,69272228,567808576.000
2012-08-28,7.86,8.09,7.81,7.94,35792731,293009536.000
2012-08-29,7.91,8.00,7.81,7.83,26597080,215880880.000
2012-08-30,7.78,8.15,7.78,8.05,51880145,427236704.000
2012-08-31,8.06,8.14,7.98,8.02,29303297,243696128.000
2012-09-03,7.95,8.43,7.95,8.40,69842763,596135552.000
2012-09-04,8.41,8.48,8.28,8.30,38258195,329742624.000
2012-09-05,8.28,8.49,8.26,8.38,24068635,207827040.000
2012-09-06,8.35,8.56,8.35,8.43,24774266,215194352.000
2012-09-07,8.54,9.18,8.54,9.04,121319554,1112944384.000
2012-09-10,9.06,9.12,8.95,9.03,61256687,568227456.000
2012-09-11,8.98,8.98,8.78,8.93,51637681,469197408.000
2012-09-12,9.01,9.10,8.75,8.93,38786576,354320512.000
2012-09-13,8.89,9.09,8.85,8.86,36697576,338145056.000
2012-09-14,9.03,9.07,8.86,8.93,53835256,496729152.000
2012-09-17,8.90,8.96,8.56,8.57,44221362,396796064.000
2012-09-18,8.46,8.69,8.36,8.49,33573359,293829472.000
2012-09-19,8.52,8.66,8.46,8.60,32189090,283818528.000
2012-09-20,8.50,8.55,8.26,8.40,31703328,274229120.000
2012-09-21,8.35,8.56,8.23,8.42,32584334,282038368.000
2012-09-24,8.29,8.71,8.28,8.58,35090779,308028448.000
2012-09-25,8.56,8.87,8.56,8.72,47000182,421856288.000
2012-09-26,8.71,8.81,8.54,8.62,29829000,265536768.000
2012-09-27,8.65,9.24,8.64,9.18,112097629,1037568256.000
2012-09-28,9.07,9.38,9.02,9.34,83902947,798526080.000
2012-10-08,9.34,9.47,9.21,9.25,38174943,365478432.000
2012-10-09,9.35,9.62,9.32,9.58,59991836,586413504.000
2012-10-10,9.53,9.61,9.47,9.55,29914154,292363360.000
2012-10-11,9.51,9.55,9.26,9.34,46893693,452075104.000
2012-10-12,9.38,9.55,9.12,9.31,51868184,494033152.000
2012-10-15,9.34,9.48,9.16,9.36,31220694,298941920.000
2012-10-16,9.34,9.48,9.27,9.36,32410727,311756032.000
2012-10-17,9.42,9.45,9.14,9.28,35378451,337593440.000
2012-10-18,9.28,9.42,9.16,9.40,49243470,470147776.000
2012-10-19,9.37,9.43,9.26,9.29,28319147,271195456.000
2012-10-22,9.26,9.36,9.22,9.35,30712171,293098688.000
2012-10-23,9.35,9.36,9.07,9.11,43274308,407312608.000
2012-10-24,9.08,9.13,8.94,8.96,37817640,350901312.000
2012-10-25,8.97,9.02,8.76,8.81,54216573,494893664.000
2012-10-26,8.82,8.84,8.58,8.64,39927504,356605248.000
2012-10-29,8.64,8.68,8.42,8.50,30867352,270991712.000
2012-10-30,8.51,8.66,8.45,8.52,45610463,400481760.000
2012-10-31,8.53,8.71,8.48,8.66,35254966,310674752.000
2012-11-01,8.74,8.98,8.71,8.91,51807950,472485184.000
2012-11-02,8.93,9.00,8.84,8.96,30602042,280677696.000
2012-11-05,8.93,9.03,8.81,8.90,25304130,231269792.000
2012-11-06,8.92,8.96,8.66,8.91,44887550,405739648.000
2012-11-07,8.87,8.91,8.76,8.80,30589990,277298240.000
2012-11-08,8.70,8.70,8.51,8.52,38114067,337269472.000
2012-11-09,8.50,8.53,8.42,8.45,36558645,318617120.000
2012-11-12,8.47,8.53,8.35,8.50,29973367,260120624.000
2012-11-13,8.49,8.49,8.13,8.20,48333965,410296704.000
2012-11-14,8.23,8.29,8.14,8.25,27292667,230708224.000
2012-11-15,8.16,8.29,8.05,8.06,25693576,215808384.000
2012-11-16,8.05,8.15,7.96,8.03,29445305,244110752.000
2012-11-19,8.03,8.21,8.00,8.17,36669685,306478688.000
2012-11-20,8.22,8.23,8.05,8.06,25436250,213751936.000
2012-11-21,8.08,8.38,8.07,8.36,44847394,380399040.000
2012-11-22,8.31,8.37,8.25,8.32,27164418,232438800.000
2012-11-23,8.37,8.47,8.30,8.37,28389785,245135200.000
2012-11-26,8.30,8.40,8.25,8.27,16640315,142140272.000
2012-11-27,8.25,8.26,8.14,8.15,19944593,168269680.000
2012-11-28,8.12,8.17,7.98,8.02,29821202,247905392.000
2012-11-29,8.06,8.18,7.49,7.53,71466252,575772352.000
2012-11-30,7.58,7.71,7.31,7.67,56181678,437635744.000
2012-12-03,7.64,7.86,7.58,7.66,41504793,331750720.000
2012-12-04,7.65,7.96,7.59,7.91,44289652,355527744.000
2012-12-05,7.92,8.70,7.88,8.46,145899300,1265229440.000
2012-12-06,8.42,8.52,8.33,8.37,51996514,450197472.000
2012-12-07,8.42,8.74,8.36,8.65,73656413,652086208.000
2012-12-10,8.72,8.91,8.69,8.70,73351743,663535552.000
2012-12-11,8.67,8.74,8.58,8.59,39494905,351133792.000
2012-12-12,8.63,8.71,8.53,8.62,36659787,324981728.000
2012-12-13,8.58,8.64,8.52,8.55,25889252,228179856.000
2012-12-14,8.63,9.16,8.55,9.04,135709020,1250562176.000
2012-12-17,9.05,9.27,9.01,9.13,100056504,939305728.000
2012-12-18,9.13,9.40,8.99,9.08,90912924,857601344.000
2012-12-19,9.08,9.19,9.03,9.08,52312542,488218528.000
2012-12-20,9.06,9.31,9.00,9.27,58201811,547242240.000
2012-12-21,9.29,9.42,9.15,9.18,58072604,552058688.000
2012-12-24,9.18,9.42,9.16,9.31,52534496,502960960.000
2012-12-25,9.26,9.76,9.24,9.59,79759975,781083200.000
2012-12-26,9.58,9.69,9.42,9.53,47612986,465772704.000
2012-12-27,9.53,9.64,9.28,9.32,56815061,550289280.000
2012-12-28,9.39,9.88,9.29,9.81,121272380,1191646208.000
2012-12-31,9.86,10.04,9.80,10.01,104236670,1059586112.000
2013-01-04,10.14,10.26,9.86,10.02,92456497,957110592.000
2013-01-07,9.93,10.18,9.87,10.02,40514185,415471040.000
2013-01-08,9.98,10.01,9.70,9.79,59743502,600370624.000
2013-01-09,9.78,9.86,9.58,9.69,52833303,526728000.000
2013-01-10,9.67,9.91,9.54,9.65,71252620,710370816.000
2013-01-11,9.66,9.73,9.25,9.35,78590096,761979136.000
2013-01-14,9.35,10.16,9.24,10.02,131823112,1319266560.000
2013-01-15,9.99,10.16,9.96,10.04,63796175,657197056.000
2013-01-16,10.02,10.03,9.61,9.82,83208450,836057088.000
2013-01-17,9.81,9.97,9.64,9.78,51616094,517427520.000
2013-01-18,9.86,10.11,9.70,9.93,65961639,670194048.000
2013-01-21,9.96,10.12,9.88,10.04,74378170,763206784.000
2013-01-22,10.04,10.16,9.86,9.93,84523588,865224704.000
2013-01-23,9.83,10.10,9.81,10.04,71618949,732636864.000
2013-01-24,10.05,10.45,10.01,10.13,152262247,1595485312.000
2013-01-25,10.07,10.21,9.90,9.94,51490695,529094944.000
2013-01-28,10.01,10.79,10.00,10.77,164324432,1769409152.000
2013-01-29,10.79,11.61,10.76,11.57,202093871,2322401024.000
2013-01-30,11.64,11.86,11.33,11.60,130582375,1547297920.000
2013-01-31,11.56,11.73,11.44,11.66,90378444,1068849152.000
2013-02-01,11.56,12.46,11.48,12.30,170692865,2097250560.000
2013-02-04,12.36,12.85,11.97,12.23,150510003,1915136000.000
2013-02-05,12.07,12.25,11.81,12.08,104438109,1282638592.000
2013-02-06,12.11,12.80,12.06,12.51,131787467,1684455296.000
2013-02-07,12.64,13.16,12.21,13.05,230706173,2994820608.000
2013-02-08,13.02,13.26,12.76,13.03,129688144,1720151168.000
2013-02-18,13.04,13.13,12.34,12.36,112754937,1450199040.000
2013-02-19,12.26,12.41,11.83,11.94,138524636,1698740480.000
2013-02-20,11.96,12.06,11.61,12.01,126779996,1533296128.000
2013-02-21,11.84,11.84,11.02,11.26,218141832,2539689984.000
2013-02-22,11.22,11.41,11.13,11.26,96639792,1113174272.000
2013-02-25,11.40,11.54,11.22,11.37,96418325,1122129664.000
2013-02-26,11.16,11.70,10.92,11.21,139981072,1628148480.000
2013-02-27,11.31,11.80,11.31,11.61,148826680,1756174976.000
2013-02-28,11.83,12.33,11.53,12.27,201313845,2464718592.000
2013-03-01,12.22,12.49,11.97,12.43,137872969,1721002624.000
2013-03-04,12.12,12.13,11.36,11.62,200118922,2401653760.000
2013-03-05,11.74,12.41,11.56,12.36,185374991,2251504128.000
2013-03-06,12.36,12.39,12.09,12.22,154154647,1922829696.000
2013-03-07,12.36,12.46,11.61,11.79,190429989,2345930752.000
2013-03-08,11.81,11.89,11.36,11.46,102889899,1213837696.000
2013-03-11,11.38,11.54,11.09,11.32,77214971,891377856.000
2013-03-12,11.32,11.58,11.09,11.25,96192600,1111436928.000
2013-03-13,11.26,11.29,10.76,10.94,100325425,1124337920.000
2013-03-14,10.85,11.08,10.77,10.88,104802232,1170356736.000
2013-03-15,10.89,11.29,10.40,10.91,196685099,2179887616.000
2013-03-18,10.73,10.74,10.39,10.59,157125969,1696531840.000
2013-03-19,10.59,10.74,10.33,10.60,115418991,1246241280.000
2013-03-20,10.64,11.40,10.62,11.35,200686875,2269733888.000
2013-03-21,11.35,11.45,11.19,11.33,112722786,1301753472.000
2013-03-22,11.29,11.37,11.16,11.24,65382793,752038400.000
2013-03-25,11.30,11.41,10.91,10.99,84696325,959442752.000
2013-03-26,10.88,10.88,10.45,10.51,143022575,1547300224.000
2013-03-27,10.52,10.78,10.42,10.62,96650840,1047673408.000
2013-03-28,10.34,10.34,9.94,9.99,156623145,1612509824.000
2013-03-29,10.00,10.07,9.82,9.87,82637907,839855168.000
2013-04-01,9.88,10.03,9.82,9.90,69762880,708843776.000
2013-04-02,9.95,10.10,9.80,10.01,112758151,1150425600.000
2013-04-03,10.04,10.10,9.85,9.86,69175272,704686144.000
2013-04-08,9.59,9.75,9.52,9.69,81439104,802519168.000
2013-04-09,9.74,10.02,9.74,9.91,110707501,1123360000.000
2013-04-10,9.91,9.98,9.74,9.86,64814759,655399296.000
2013-04-11,10.06,10.16,9.86,9.87,67232582,687003008.000
2013-04-12,9.86,10.01,9.71,9.72,58475172,589813248.000
2013-04-15,9.65,9.95,9.58,9.76,68087505,680334592.000
2013-04-16,9.66,10.21,9.65,10.14,126765817,1294336768.000
2013-04-17,10.14,10.27,9.97,10.16,100714926,1045821440.000
2013-04-18,10.06,10.36,9.98,10.21,84815386,885482560.000
2013-04-19,10.28,10.82,10.26,10.67,172656426,1867601024.000
2013-04-22,10.60,10.77,10.48,10.65,91049537,987764352.000
2013-04-23,10.62,10.63,9.97,10.00,116496093,1217156864.000
2013-04-24,10.01,10.54,9.88,10.37,122062783,1278792832.000
2013-04-25,10.33,10.61,10.03,10.42,110371469,1173333504.000
2013-04-26,10.46,10.63,10.42,10.47,88582416,953904448.000
2013-05-02,10.38,10.63,10.29,10.53,71543096,768522880.000
2013-05-03,10.64,11.11,10.64,10.96,162438489,1817801856.000
2013-05-06,11.05,11.15,10.91,11.06,111793027,1261881216.000
2013-05-07,11.03,11.03,10.68,10.87,123299444,1363832448.000
2013-05-08,10.87,11.00,10.57,10.70,116388644,1278299136.000
2013-05-09,10.68,10.70,10.42,10.69,90904848,980751168.000
2013-05-10,10.61,10.83,10.54,10.66,68872745,753532032.000
2013-05-13,10.66,10.73,10.40,10.46,87941203,946183808.000
2013-05-14,10.41,10.49,10.24,10.31,75976064,803679424.000
2013-05-15,10.36,10.45,10.28,10.40,44505182,472450720.000
2013-05-16,10.39,10.84,10.25,10.79,119540346,1302353408.000
2013-05-17,10.79,11.22,10.69,11.13,157003777,1757855872.000
2013-05-20,11.21,11.48,11.07,11.29,155653470,1797369600.000
2013-05-21,11.25,11.36,11.02,11.19,104179072,1188482688.000
2013-05-22,11.25,11.36,11.06,11.15,100605284,1153131648.000
2013-05-23,11.03,11.20,10.87,10.90,117204917,1319505664.000
2013-05-24,11.01,11.05,10.81,11.01,88406705,989143360.000
2013-05-27,10.94,11.31,10.86,11.23,127458157,1456398208.000
2013-05-28,11.24,11.84,11.19,11.78,207991504,2451126528.000
2013-05-29,11.86,12.01,11.65,11.67,156137187,1885694592.000
2013-05-30,11.64,12.19,11.64,12.02,154078456,1890327040.000
2013-05-31,12.07,12.20,11.84,11.87,98509600,1207235072.000
2013-06-03,11.92,12.19,11.84,11.87,112909626,1380486272.000
2013-06-04,11.83,11.84,11.42,11.46,124525799,1470207488.000
2013-06-05,11.54,11.69,11.46,11.56,85577063,1010973440.000
2013-06-06,11.46,11.67,11.35,11.46,83820590,983731520.000
2013-06-07,11.47,11.83,11.21,11.32,174956775,2061541632.000
2013-06-13,10.96,10.97,10.43,10.72,136470596,1500656768.000
2013-06-14,10.79,10.88,10.56,10.72,105155658,1151021824.000
2013-06-17,10.71,10.76,10.38,10.43,78680990,846134272.000
2013-06-18,10.52,10.70,10.41,10.57,70545269,761937152.000
2013-06-19,10.53,10.53,10.12,10.37,90650246,957839744.000
2013-06-20,10.25,10.34,10.01,10.15,80409270,839536192.000
2013-06-21,9.78,10.25,9.76,10.03,108698284,1115767936.000
2013-06-24,9.93,9.99,9.00,9.01,154038119,1490494464.000
2013-06-25,8.88,9.22,8.09,9.14,186908698,1664322432.000
2013-06-26,9.09,9.16,8.78,8.97,115631931,1069231552.000
2013-06-27,9.06,9.19,8.74,8.78,111914641,1034585856.000
2013-06-28,8.85,9.38,8.74,9.14,134882443,1260405248.000
2013-07-01,9.05,9.18,8.96,9.16,72797831,680036416.000
2013-07-02,9.17,9.36,8.91,9.26,91894266,861853184.000
2013-07-03,9.16,9.18,8.96,9.05,74061460,687847744.000
2013-07-04,8.91,9.41,8.78,9.27,107453801,1013076992.000
2013-07-05,9.27,9.52,9.25,9.26,110532844,1063189376.000
2013-07-08,9.08,9.47,8.98,9.10,96231328,909218496.000
2013-07-09,9.11,9.33,9.06,9.12,69840512,656258752.000
2013-07-10,9.13,9.75,9.04,9.71,135225348,1308362880.000
2013-07-11,9.76,10.71,9.76,10.69,299596685,3179734272.000
2013-07-12,10.55,10.90,10.30,10.32,194632371,2111180928.000
2013-07-15,10.64,11.16,10.35,10.74,194893571,2139646080.000
2013-07-16,10.61,10.85,10.48,10.82,113682978,1240211456.000
2013-07-17,10.97,11.12,10.56,10.57,110279413,1208901504.000
2013-07-18,10.48,10.63,10.14,10.26,120774292,1259314432.000
2013-07-19,10.33,10.44,9.87,9.97,125093734,1287167872.000
2013-07-22,9.79,10.24,9.70,10.18,94283132,960213184.000
2013-07-23,10.27,10.82,10.16,10.77,176337350,1893751040.000
2013-07-24,10.61,10.71,10.33,10.56,138679529,1479943936.000
2013-07-25,10.64,10.83,10.49,10.69,126713662,1368681344.000
2013-07-26,10.56,10.73,10.46,10.57,80422750,861184640.000
2013-07-29,10.38,10.39,10.02,10.04,107488131,1105970816.000
2013-07-30,10.14,10.60,9.99,10.32,122015213,1276276352.000
2013-07-31,10.58,10.76,10.34,10.40,108293097,1158771200.000
2013-08-01,10.49,11.10,10.36,11.08,209831675,2306564096.000
2013-08-02,11.16,11.24,10.88,10.94,121065768,1350399232.000
2013-08-05,10.96,11.17,10.84,11.16,99692815,1112260608.000
2013-08-06,11.08,11.29,10.89,11.18,103521884,1159418112.000
2013-08-07,11.18,11.53,10.94,10.98,142220915,1612710784.000
2013-08-08,10.92,11.01,10.67,10.82,117358908,1281376512.000
2013-08-09,10.86,11.03,10.67,11.01,127319375,1400014208.000
2013-08-12,11.04,11.50,11.01,11.48,214726763,2454270464.000
2013-08-13,11.43,11.54,11.32,11.47,126098828,1455772544.000
2013-08-14,11.49,11.67,11.19,11.28,123208700,1423210368.000
2013-08-15,11.27,11.41,11.04,11.06,106888305,1212070400.000
2013-08-16,11.02,12.18,10.88,11.10,327934326,3790108928.000
2013-08-19,10.68,11.00,10.54,10.87,217841189,2369829888.000
2013-08-20,10.83,11.02,10.38,10.51,198587647,2150097664.000
2013-08-21,10.57,10.66,10.41,10.60,131061081,1396998656.000
2013-08-22,10.52,10.78,10.48,10.59,121794168,1310849536.000
2013-08-23,10.66,10.75,10.20,10.38,128838269,1364394624.000
2013-08-26,10.67,11.31,10.57,11.23,245531444,2704414720.000
2013-08-27,11.18,11.33,11.09,11.30,189113015,2141307520.000
2013-08-28,11.19,11.30,10.95,11.09,193829916,2182161152.000
2013-08-29,11.37,11.44,11.07,11.19,164893660,1877603072.000
2013-08-30,11.10,11.68,10.95,11.46,272999401,3144093440.000
2013-09-02,11.47,11.63,11.30,11.49,171758296,1989958912.000
2013-09-03,11.53,11.62,11.31,11.53,149550292,1733844480.000
2013-09-04,11.49,11.59,11.32,11.38,119007057,1374872192.000
2013-09-05,11.35,11.41,11.16,11.22,94558494,1075769216.000
2013-09-06,11.18,11.64,11.17,11.47,157096187,1811616896.000
2013-09-09,11.63,12.63,11.52,12.47,501454662,6186985472.000
2013-09-10,12.38,12.98,12.24,12.91,374049261,4735488000.000
2013-09-11,12.88,13.02,12.55,12.61,283231415,3650558464.000
2013-09-12,12.61,13.57,12.57,13.15,343436316,4533886976.000
2013-09-13,13.03,13.23,12.83,12.93,196998099,2584064000.000
2013-09-16,13.10,13.15,12.55,12.68,167314738,2158209280.000
2013-09-17,12.68,12.79,12.30,12.34,179201430,2266314752.000
2013-09-18,12.33,12.54,12.13,12.51,158918466,1980404608.000
2013-09-23,12.48,12.78,12.39,12.76,145086653,1842223488.000
2013-09-24,12.67,12.76,12.17,12.43,154627240,1938919680.000
2013-09-25,12.37,12.65,12.19,12.25,124300597,1556417664.000
2013-09-26,12.37,12.45,12.02,12.04,141668361,1741842432.000
2013-09-27,12.00,12.58,12.00,12.57,137841270,1708877184.000
2013-09-30,12.60,12.62,12.37,12.39,100790069,1268501120.000
2013-10-08,12.28,12.58,12.08,12.49,126279718,1574458112.000
2013-10-09,12.36,12.59,12.26,12.54,117089299,1470320384.000
2013-10-10,12.54,12.58,11.79,11.86,232139141,2837328128.000
2013-10-11,12.02,12.26,11.88,12.09,162216189,1976118656.000
2013-10-14,12.10,12.17,11.78,11.94,149546830,1803662336.000
2013-10-15,12.00,12.01,11.76,11.92,105097227,1263680256.000
2013-10-16,11.83,11.83,11.46,11.51,126364813,1483075712.000
2013-10-17,11.63,11.73,11.39,11.51,122216760,1429118720.000
2013-10-18,11.49,11.93,11.49,11.73,127983042,1519787264.000
2013-10-21,11.74,12.00,11.61,11.96,118442833,1417176192.000
2013-10-22,11.96,11.96,11.59,11.68,110618806,1314653824.000
2013-10-23,11.73,12.07,11.61,11.71,135213800,1613641728.000
2013-10-24,11.65,11.71,11.44,11.47,89845593,1047348544.000
2013-10-25,11.46,11.68,11.29,11.33,101785637,1180795776.000
2013-10-28,11.34,11.47,11.23,11.42,71500932,820298688.000
2013-10-29,11.42,11.78,11.23,11.63,163690944,1906419200.000
2013-10-30,11.63,11.76,11.49,11.70,109823040,1290695680.000
2013-10-31,11.73,11.73,11.53,11.55,75214847,882101952.000
2013-11-01,11.61,11.82,11.48,11.72,116466739,1375802880.000
2013-11-04,11.78,11.85,11.59,11.63,54286558,639890496.000
2013-11-05,11.51,11.61,11.33,11.49,89584596,1037466368.000
2013-11-06,11.43,11.50,11.16,11.18,102068951,1168335616.000
2013-11-07,11.16,11.23,10.83,10.85,136142843,1515825664.000
2013-11-08,10.73,10.78,9.95,10.08,267981375,2805430528.000
2013-11-11,10.12,10.27,9.91,10.16,105973434,1084537344.000
2013-11-12,10.18,10.33,10.15,10.26,97452464,1009978752.000
2013-11-13,10.14,10.17,9.78,9.80,123902913,1245961728.000
2013-11-14,9.83,9.94,9.65,9.93,97446503,968033728.000
2013-11-15,9.96,10.94,9.93,10.63,299054303,3208768256.000
2013-11-18,10.77,11.61,10.72,11.58,344994113,3878884352.000
2013-11-19,11.48,11.53,11.20,11.35,184349471,2109562240.000
2013-11-20,11.50,11.58,11.27,11.46,111417272,1283183872.000
2013-11-21,11.30,11.42,11.09,11.35,136541731,1556135168.000
2013-11-22,11.48,11.66,11.33,11.38,145365375,1687795968.000
2013-11-25,11.28,11.56,11.09,11.22,120220224,1376260224.000
2013-11-26,11.18,11.40,11.15,11.23,97268725,1109447040.000
2013-11-27,11.22,11.68,11.17,11.61,155404511,1807732864.000
2013-11-28,11.55,11.87,11.48,11.59,145119741,1713833600.000
2013-11-29,11.65,11.71,11.54,11.64,70760712,829541120.000
2013-12-02,12.04,12.53,11.79,12.29,327313177,4020709376.000
2013-12-03,12.19,12.31,11.99,12.22,135146018,1657862784.000
2013-12-04,12.21,12.46,12.13,12.27,148943796,1852138496.000
2013-12-05,12.20,12.43,12.18,12.29,113299321,1410589568.000
2013-12-06,12.13,12.15,11.77,11.82,184949849,2221940224.000
2013-12-09,11.84,12.06,11.78,11.82,76382589,916928960.000
2013-12-10,11.82,11.93,11.71,11.76,73399962,875506240.000
2013-12-11,11.67,11.67,11.17,11.31,120884563,1389747840.000
2013-12-12,11.25,11.40,11.13,11.23,78397378,892415616.000
2013-12-13,11.08,11.43,11.03,11.37,73204812,835240960.000
2013-12-16,11.48,11.53,11.04,11.13,75340106,854780608.000
2013-12-17,11.14,11.31,11.02,11.17,64337689,727325888.000
2013-12-18,11.20,11.32,11.14,11.22,50877466,577485248.000
2013-12-19,11.30,11.38,11.17,11.21,66399855,757146496.000
2013-12-20,11.21,11.25,10.71,10.79,84383906,937757120.000
2013-12-23,10.80,11.02,10.62,10.88,67099442,734971072.000
2013-12-24,10.93,11.06,10.79,10.91,56843790,628750784.000
2013-12-25,10.96,11.08,10.88,11.06,56930581,633346880.000
2013-12-26,11.05,11.05,10.87,10.94,51478182,569085568.000
2013-12-27,10.96,11.15,10.93,11.09,84622974,947155776.000
2013-12-30,11.17,11.17,10.99,11.02,57041701,637714624.000
2013-12-31,10.94,11.23,10.92,11.20,105408907,1186204928.000
2014-01-02,11.16,11.21,11.05,11.09,54352541,611336896.000
2014-01-03,11.01,11.04,10.61,10.65,108482506,1178743168.000
2014-01-06,10.61,10.83,10.38,10.77,84584295,905088768.000
2014-01-07,10.59,10.77,10.55,10.64,36443070,392415104.000
2014-01-08,10.68,10.87,10.62,10.69,51870392,563911744.000
2014-01-09,10.65,10.75,10.38,10.39,61991921,662584512.000
2014-01-10,10.26,10.26,10.03,10.07,76531989,783139520.000
2014-01-13,10.03,10.18,9.98,10.04,49689963,505547008.000
2014-01-14,10.05,10.23,10.02,10.17,43803289,448712160.000
2014-01-15,10.18,10.18,9.94,10.04,54662372,555034304.000
2014-01-16,10.05,10.17,9.98,10.11,55985178,571185216.000
2014-01-17,10.03,10.18,9.94,10.15,62535668,635193344.000
2014-01-20,10.07,10.16,10.01,10.07,32605679,332929696.000
2014-01-21,10.08,10.40,10.08,10.32,59075048,615584768.000
2014-01-22,10.33,10.69,10.29,10.64,86936363,928817472.000
2014-01-23,10.61,10.65,10.45,10.51,57376506,612103744.000
2014-01-24,10.47,10.70,10.41,10.60,52215272,560005376.000
2014-01-27,10.48,10.53,10.24,10.29,55030051,577050816.000
2014-01-28,10.37,10.47,10.26,10.31,43182787,451757312.000
2014-01-29,10.37,10.42,10.26,10.35,37066208,387766752.000
2014-01-30,10.30,10.31,10.15,10.17,31926878,329924224.000
2014-02-07,10.04,10.23,9.98,10.22,39687210,405528256.000
2014-02-10,10.27,10.54,10.26,10.47,76049800,803989888.000
2014-02-11,10.47,10.69,10.40,10.53,89607080,956782400.000
2014-02-12,10.58,10.62,10.43,10.50,66806272,709816192.000
2014-02-13,10.57,10.62,10.42,10.44,79584455,845654464.000
2014-02-14,10.43,10.50,10.37,10.47,50581208,533828032.000
2014-02-17,10.57,10.61,10.42,10.50,72700135,770574016.000
2014-02-18,10.50,10.50,10.08,10.11,121472934,1254017536.000
2014-02-19,10.09,10.28,9.99,10.19,91459203,936445120.000
2014-02-20,10.19,10.28,9.96,9.99,86839408,886287744.000
2014-02-21,9.92,9.98,9.73,9.82,97069045,966879552.000
2014-02-24,9.77,9.77,9.46,9.53,95124065,918661952.000
2014-02-25,9.57,9.64,9.29,9.32,97372883,933603776.000
2014-02-26,9.27,9.33,8.99,9.16,86464796,802220096.000
2014-02-27,9.26,9.29,9.04,9.10,80645881,747839552.000
2014-02-28,9.13,9.54,9.07,9.47,113320895,1070238272.000
2014-03-03,9.43,9.47,9.29,9.34,70190592,665779712.000
2014-03-04,9.36,9.43,9.24,9.34,64624448,610245504.000
2014-03-05,9.38,9.41,9.15,9.18,55556304,522397728.000
2014-03-06,9.17,9.32,9.01,9.24,66022525,614781248.000
2014-03-07,9.18,9.32,9.11,9.16,56025861,522426688.000
2014-03-10,9.07,9.08,8.79,8.79,78817178,714706112.000
2014-03-11,8.79,8.96,8.69,8.88,74878984,669172992.000
2014-03-12,8.79,8.97,8.76,8.91,66504167,596766272.000
2014-03-13,8.94,9.11,8.89,8.97,61954886,565421696.000
2014-03-14,8.93,8.99,8.82,8.90,49697829,447827168.000
2014-03-17,8.96,9.00,8.83,8.94,37674875,340003072.000
2014-03-18,8.96,8.99,8.88,8.91,37786038,341892352.000
2014-03-19,8.87,8.87,8.75,8.80,38973922,347328544.000
2014-03-20,8.80,8.94,8.70,8.71,48938355,438537280.000
2014-03-21,8.69,9.31,8.65,9.23,126015341,1156278016.000
2014-03-24,9.23,9.62,9.20,9.42,159940487,1521548160.000
2014-03-25,9.38,9.59,9.33,9.38,104861660,1003055808.000
2014-03-26,9.54,9.58,9.26,9.30,68892218,652497152.000
2014-03-27,9.28,9.45,9.12,9.24,81800801,768382656.000
2014-03-28,9.22,9.36,9.18,9.26,55405779,520166208.000
2014-03-31,9.30,9.32,9.08,9.12,48326493,448841984.000
2014-04-01,9.11,9.26,9.10,9.22,37900135,352937088.000
2014-04-02,9.24,9.33,9.18,9.28,42163467,395194368.000
2014-04-03,9.34,9.53,9.25,9.27,90242203,859876224.000
2014-04-04,9.23,9.40,9.20,9.39,44971797,424480672.000
2014-04-08,9.35,9.72,9.33,9.69,137047438,1330967552.000
2014-04-09,9.69,9.74,9.54,9.58,73672231,716065216.000
2014-04-10,9.60,10.42,9.51,10.04,250069066,2525086720.000
2014-04-11,10.04,10.23,9.90,9.99,154740271,1571563264.000
2014-04-14,9.98,10.05,9.79,9.90,80727815,807476160.000
2014-04-15,9.83,9.84,9.66,9.68,73392683,722624896.000
2014-04-16,9.68,9.93,9.66,9.77,72321919,718470976.000
2014-04-17,9.86,9.91,9.72,9.77,48421436,481074272.000
2014-04-18,9.71,9.85,9.58,9.77,55481586,547217280.000
2014-04-21,9.69,9.85,9.48,9.48,61644974,603162048.000
2014-04-22,9.46,9.54,9.35,9.53,67823452,648555008.000
2014-04-23,9.53,9.55,9.43,9.44,36741267,352764992.000
2014-04-24,9.41,9.63,9.39,9.45,49476453,475826400.000
2014-04-25,9.49,9.57,9.37,9.39,46846157,449408160.000
2014-04-28,9.38,9.45,9.14,9.16,50722115,476045120.000
2014-04-29,9.16,9.33,9.08,9.28,49987903,466079200.000
2014-04-30,9.21,9.27,9.16,9.23,35944343,335711392.000
2014-05-05,9.18,9.32,9.09,9.29,38215586,355181600.000
2014-05-06,9.25,9.36,9.21,9.26,41559966,390923072.000
2014-05-07,9.25,9.32,9.20,9.26,33124754,311140640.000
2014-05-08,9.28,9.49,9.23,9.30,60132606,570295040.000
2014-05-09,9.31,9.39,9.19,9.35,47117397,444552960.000
2014-05-12,9.55,9.70,9.39,9.63,114792091,1111965824.000
2014-05-13,9.59,9.65,9.56,9.62,43183154,419912576.000
2014-05-14,9.68,9.76,9.61,9.62,50059279,490326528.000
2014-05-15,9.64,9.67,9.42,9.45,50106936,483435424.000
2014-05-16,9.49,9.51,9.25,9.27,60200780,570003840.000
2014-05-19,9.20,9.23,8.99,9.00,57312768,527097216.000
2014-05-20,9.07,9.13,9.00,9.06,29864731,274062112.000
2014-05-21,9.02,9.15,8.94,9.14,46414507,426895968.000
2014-05-22,9.13,9.30,9.09,9.17,48018050,447621088.000
2014-05-23,9.16,9.26,9.12,9.25,28371565,264488064.000
2014-05-26,9.28,9.32,9.15,9.21,35679846,333109088.000
2014-05-27,9.20,9.23,9.08,9.09,33476675,310417696.000
2014-05-28,9.13,9.29,9.07,9.25,58895764,548294336.000
2014-05-29,9.25,9.29,9.10,9.11,44616595,415582112.000
2014-05-30,9.11,9.21,9.03,9.12,56212185,518702400.000
2014-06-03,9.14,9.25,9.08,9.09,44577790,413837248.000
2014-06-04,9.09,9.10,8.96,8.98,41009666,374505824.000
2014-06-05,9.01,9.09,8.98,9.08,36080685,330367232.000
2014-06-06,9.08,9.10,8.93,8.98,36105525,328842560.000
2014-06-09,8.93,9.06,8.91,8.95,34298908,312206112.000
2014-06-10,9.00,9.13,8.95,9.12,67536352,619946368.000
2014-06-11,9.06,9.11,9.03,9.05,37340867,342800736.000
2014-06-12,9.05,9.11,9.02,9.04,24474685,224690272.000
2014-06-13,9.04,9.23,9.02,9.19,67839448,629134592.000
2014-06-16,9.19,9.27,9.13,9.21,63798586,595580608.000
2014-06-17,9.23,9.23,9.15,9.15,35765354,328145408.000
2014-06-18,9.15,9.18,9.11,9.15,28649186,262133168.000
2014-06-19,9.15,9.18,8.95,8.99,48659839,440884320.000
2014-06-20,9.00,9.08,8.94,9.05,34918034,314313568.000
2014-06-23,9.03,9.09,9.02,9.05,26438903,239330736.000
2014-06-24,9.05,9.08,9.01,9.08,29902804,270748480.000
2014-06-25,9.07,9.07,9.00,9.03,20857027,188339856.000
2014-06-26,9.05,9.15,9.03,9.10,46727304,425770272.000
2014-06-27,9.09,9.14,9.04,9.11,37437928,340196736.000
2014-06-30,9.14,9.20,9.09,9.15,39289493,359273536.000
2014-07-01,9.18,9.18,9.10,9.12,25981947,237146320.000
2014-07-02,9.12,9.20,9.10,9.18,42289310,387124736.000
2014-07-03,9.17,9.26,9.13,9.22,48034340,442563968.000
2014-07-04,9.24,9.25,9.16,9.17,27611779,253870208.000
2014-07-07,9.17,9.21,9.13,9.16,25366768,232403968.000
2014-07-08,9.15,9.18,9.08,9.14,27252295,248706256.000
2014-07-09,9.14,9.16,8.98,8.99,47656212,431959648.000
2014-07-10,8.99,9.02,8.96,8.97,39039299,350919104.000
2014-07-11,8.96,9.08,8.95,9.01,28712052,258963200.000
2014-07-14,9.01,9.13,9.00,9.12,40885605,370646496.000
2014-07-15,9.10,9.16,9.07,9.10,50528731,459686560.000
2014-07-16,9.10,9.21,9.08,9.11,42497291,388200448.000
2014-07-17,9.10,9.12,9.00,9.06,36260891,327978144.000
2014-07-18,9.03,9.16,9.00,9.10,53638530,487603744.000
2014-07-21,9.09,9.11,9.00,9.03,36800016,332340896.000
2014-07-22,9.01,9.18,9.01,9.13,69761985,636848000.000
2014-07-23,9.17,9.47,9.15,9.34,133431788,1243676544.000
2014-07-24,9.32,9.70,9.32,9.60,180424517,1726419328.000
2014-07-25,9.62,9.68,9.51,9.68,100592560,965173952.000
2014-07-28,9.80,10.28,9.71,10.07,259435086,2590767616.000
2014-07-29,10.00,10.14,9.96,10.00,119830393,1201859200.000
2014-07-30,10.00,10.14,9.91,9.99,112097118,1124009728.000
2014-07-31,9.97,10.10,9.89,10.04,89998052,898658112.000
2014-08-01,10.00,10.08,9.79,9.81,114577151,1138310144.000
2014-08-04,9.86,10.24,9.85,10.23,168576696,1700605696.000
2014-08-05,10.23,10.26,10.06,10.13,97223873,985895552.000
2014-08-06,10.10,10.24,9.98,10.12,97187673,981582336.000
2014-08-07,10.12,10.21,9.93,9.95,88380479,886434432.000
2014-08-08,10.00,10.04,9.90,9.95,52166286,519917472.000
2014-08-11,10.00,10.18,10.00,10.11,78608711,795369792.000
2014-08-12,10.09,10.15,10.05,10.11,52489112,530030176.000
2014-08-13,10.11,10.29,10.06,10.17,96061272,975493184.000
2014-08-14,10.14,10.20,9.99,10.01,62043420,626018560.000
2014-08-15,10.03,10.21,10.00,10.15,87769888,890048192.000
2014-08-18,10.19,10.27,10.12,10.17,72979952,743411072.000
2014-08-19,10.17,10.19,9.97,10.06,90986855,916146560.000
2014-08-20,10.04,10.06,9.96,9.99,62134374,621594240.000
2014-08-21,9.99,10.01,9.80,9.87,72875009,720636288.000
2014-08-22,9.89,9.97,9.82,9.88,73182331,723182528.000
2014-08-25,9.93,9.94,9.76,9.79,66673811,654706560.000
2014-08-26,9.77,9.84,9.69,9.72,54664534,533224384.000
2014-08-27,9.72,9.81,9.71,9.73,37518148,365882816.000
2014-08-28,9.73,9.80,9.65,9.66,45053058,437600640.000
2014-08-29,9.72,9.82,9.67,9.82,36001413,350909792.000
2014-09-01,9.82,9.87,9.77,9.85,42453328,417126400.000
2014-09-02,9.86,10.06,9.82,10.04,92536579,919737664.000
2014-09-03,10.05,10.13,10.01,10.06,81857179,824147200.000
2014-09-04,10.10,10.24,10.05,10.21,114608175,1163292160.000
2014-09-05,10.29,10.54,10.28,10.37,151454281,1577314176.000
2014-09-09,10.39,10.42,10.24,10.29,74549864,768301056.000
2014-09-10,10.23,10.24,10.11,10.16,74478531,757076608.000
2014-09-11,10.16,10.44,10.13,10.18,117397501,1204976896.000
2014-09-12,10.14,10.25,10.08,10.24,59900350,608911936.000
2014-09-15,10.27,10.27,10.12,10.25,67521506,689266880.000
2014-09-16,10.33,10.38,10.00,10.03,116066178,1183965952.000
2014-09-17,10.07,10.11,9.96,10.03,68754734,689045440.000
2014-09-18,10.00,10.18,9.94,10.09,73775626,742227840.000
2014-09-19,10.10,10.16,10.04,10.13,48594409,491308608.000
2014-09-22,10.10,10.13,9.88,9.91,62972252,629487488.000
2014-09-23,9.93,10.11,9.91,10.05,55010723,550898176.000
2014-09-24,10.00,10.48,9.98,10.39,172367000,1773484544.000
2014-09-25,10.45,10.49,10.22,10.29,118232311,1226072832.000
2014-09-26,10.29,10.34,10.21,10.27,69330966,712260224.000
2014-09-29,10.33,10.45,10.27,10.34,96582850,999237184.000
2014-09-30,10.37,10.39,10.27,10.32,64375099,664140160.000
2014-10-08,10.36,10.39,10.26,10.37,74149694,764990272.000
2014-10-09,10.36,10.41,10.26,10.30,80191042,828219776.000
2014-10-10,10.25,10.34,10.16,10.18,99801021,1019590464.000
2014-10-13,10.12,10.14,10.03,10.10,70359408,708149312.000
2014-10-14,10.06,10.17,9.98,10.04,76611544,771807360.000
2014-10-15,10.08,10.35,10.04,10.27,136647949,1396909568.000
2014-10-16,10.18,10.33,10.11,10.12,111562585,1139288576.000
2014-10-17,10.15,10.29,10.04,10.24,109776970,1118749312.000
2014-10-20,10.25,10.33,10.20,10.27,82076286,843028480.000
2014-10-21,10.26,10.43,10.23,10.25,121046638,1250778752.000
2014-10-22,10.26,10.37,10.13,10.14,86033735,881724864.000
2014-10-23,10.12,10.21,10.06,10.09,71982870,728314048.000
2014-10-24,10.09,10.16,9.97,10.00,59477381,598001408.000
2014-10-27,9.84,9.84,9.68,9.72,84187981,820445056.000
2014-10-28,9.73,9.97,9.73,9.96,73894174,728364352.000
2014-10-29,10.02,10.40,9.95,10.19,145410145,1478610816.000
2014-10-30,10.18,10.29,10.14,10.23,106115971,1084796160.000
2014-10-31,10.28,10.69,10.24,10.64,282227072,2958674432.000
2014-11-03,10.66,10.80,10.53,10.59,227600919,2429384192.000
2014-11-04,10.53,10.71,10.51,10.64,147052107,1560088448.000
2014-11-05,10.65,10.89,10.53,10.71,214822241,2305997312.000
2014-11-06,10.71,10.74,10.44,10.53,216353837,2283196416.000
2014-11-07,10.62,11.30,10.55,10.88,418099445,4569883648.000
2014-11-10,11.21,11.33,10.94,11.27,350314144,3895963136.000
2014-11-11,11.60,12.10,11.33,11.66,531121617,6252743680.000
2014-11-12,11.52,12.38,11.48,12.35,416081090,4957327360.000
2014-11-13,12.22,12.43,11.92,12.02,373296504,4569127936.000
2014-11-14,11.93,12.28,11.72,12.15,299297801,3596298752.000
2014-11-17,12.39,12.40,11.77,11.82,263010734,3162340352.000
2014-11-18,11.72,11.96,11.53,11.58,200132637,2343277568.000
2014-11-19,11.54,11.65,11.42,11.44,126163465,1456878976.000
2014-11-20,11.48,11.74,11.44,11.65,145388116,1690382464.000
2014-11-21,11.65,12.76,11.57,12.61,410323919,5022441984.000
2014-11-24,13.00,13.80,12.91,13.54,581651339,7771174400.000
2014-11-25,13.49,13.88,13.30,13.56,332138502,4526236672.000
2014-11-26,13.75,14.45,13.75,14.17,412989380,5801497600.000
2014-11-27,14.27,14.80,13.89,14.79,512523182,7362216960.000
2014-11-28,14.50,14.89,14.08,14.46,487405842,7041180160.000
2014-12-01,14.59,15.35,14.32,14.91,513446019,7636725760.000
2014-12-02,14.68,16.38,14.58,16.28,523182971,8127779840.000
2014-12-03,16.35,17.53,15.78,16.30,653420149,10912958464.000
2014-12-05,17.93,17.93,17.93,17.93,143218921,2567915264.000
2014-12-08,19.21,19.72,18.86,19.72,403342970,7873728512.000
2014-12-09,21.50,21.69,19.91,21.17,840832633,17969299456.000
2014-12-10,22.00,22.60,19.74,21.72,1188818850,25349902336.000
2014-12-11,20.29,21.21,19.55,19.55,818997131,16764362752.000
2014-12-12,19.16,21.09,19.11,19.86,692392961,13909701632.000
2014-12-15,19.58,20.65,19.21,20.40,477291084,9481468928.000
2014-12-16,20.55,22.44,20.41,22.44,917633930,19953432576.000
2014-12-17,23.60,24.68,22.06,24.33,1027949988,24250273792.000
2014-12-18,23.50,24.08,22.63,22.67,605148270,14101475328.000
2014-12-19,22.80,23.21,21.32,22.51,539766715,12134165504.000
2014-12-22,22.51,22.69,21.10,22.00,468325492,10327693312.000
2014-12-23,22.00,22.79,21.81,22.10,382800555,8555552768.000
2014-12-24,22.47,22.63,19.91,20.10,500437080,10441533440.000
2014-12-25,20.20,21.21,19.66,20.94,419731573,8619284480.000
2014-12-26,20.96,23.03,20.83,23.03,637879908,14170046464.000
2014-12-29,23.95,24.06,22.11,22.46,607904233,13944370176.000
2014-12-30,22.66,24.50,22.09,23.88,673102890,15872799744.000
2014-12-31,23.80,24.99,23.28,24.06,613444051,14868814848.000
2015-01-05,24.19,24.43,23.00,23.88,510608698,12169308160.000
2015-01-06,23.30,24.16,22.96,23.52,423255692,9970040832.000
2015-01-07,23.52,25.38,23.42,24.31,537338666,13183221760.000
2015-01-08,24.35,24.58,23.05,23.33,381297423,8989155328.000
2015-01-09,23.44,24.84,23.06,23.48,485382814,11607987200.000
2015-01-12,23.60,23.90,22.50,22.76,423581821,9800087552.000
2015-01-13,22.61,22.84,21.74,21.83,312810717,6913338880.000
2015-01-14,22.03,22.48,21.76,22.29,230842736,5109354496.000
2015-01-15,22.14,23.16,21.83,23.09,296799207,6691337728.000
2015-01-16,23.30,23.46,22.66,23.03,258893642,5983950336.000
2015-01-19,20.73,20.73,20.73,20.73,36995900,766924992.000
2015-01-20,18.71,19.50,18.66,18.90,694410622,13150836736.000
2015-01-21,19.30,20.79,19.12,20.79,639065592,12804966400.000
2015-01-22,20.98,21.39,20.52,21.33,457002662,9602118656.000
2015-01-23,21.73,22.64,21.37,21.71,429106140,9412989952.000
2015-01-26,21.79,21.81,21.07,21.39,232370222,4970374656.000
2015-01-27,21.40,21.60,20.53,21.10,265658616,5607781376.000
2015-01-28,20.81,21.67,20.64,20.92,272299653,5758615552.000
2015-01-29,20.32,20.68,20.10,20.25,216193492,4396114432.000
2015-01-30,20.50,20.65,19.80,19.87,180471931,3640491776.000
2015-02-02,19.19,19.92,19.05,19.44,212026687,4117373952.000
2015-02-03,19.86,20.82,19.60,20.63,296908207,5984730112.000
2015-02-04,20.73,21.19,20.18,20.21,286677764,5962454016.000
2015-02-05,21.23,21.30,20.19,20.22,353291792,7339793920.000
2015-02-06,20.20,21.00,20.20,20.86,329028967,6817203712.000
2015-02-09,20.65,22.19,20.57,21.73,434002909,9306101760.000
2015-02-10,21.60,22.33,21.43,22.03,304456937,6678672384.000
2015-02-11,22.15,22.19,21.70,22.14,189654019,4167103232.000
2015-02-12,22.09,22.13,21.62,21.88,143171781,3134945024.000
2015-02-13,22.03,22.36,21.69,21.71,226178498,4986961408.000
2015-02-16,21.71,21.84,21.28,21.60,156000834,3368400896.000
2015-02-17,21.74,22.15,21.59,21.72,152306586,3326111232.000
2015-02-25,21.79,21.79,20.91,21.04,160532542,3411798528.000
2015-02-26,21.00,22.06,20.51,21.97,285273610,6132152320.000
2015-02-27,21.98,22.39,21.67,21.76,194098835,4273842688.000
2015-03-02,22.23,22.44,21.79,21.90,258991839,5712905728.000
2015-03-03,21.65,21.75,20.80,20.82,277427414,5860135424.000
2015-03-04,20.97,21.06,20.54,20.71,142689128,2964818432.000
2015-03-05,20.51,20.98,20.25,20.63,182197416,3756113152.000
2015-03-06,20.75,21.28,20.66,20.74,182480440,3825584640.000
2015-03-09,19.99,20.69,19.52,20.37,239699122,4784752128.000
2015-03-10,20.20,20.79,20.06,20.19,175686976,3573465088.000
2015-03-11,20.32,20.69,20.11,20.17,147412146,3006447616.000
2015-03-12,20.39,20.96,20.19,20.70,196164001,4039917568.000
2015-03-13,20.88,21.21,20.58,20.70,174930944,3655900928.000
2015-03-16,20.73,21.28,20.46,21.18,235005430,4928662016.000
2015-03-17,21.64,21.84,21.26,21.73,323627543,6981497856.000
2015-03-18,22.00,22.43,21.91,22.34,336568376,7467592704.000
2015-03-19,22.35,22.35,21.96,22.07,223610866,4952757248.000
2015-03-20,22.11,24.18,21.81,23.38,529958756,12220874752.000
2015-03-23,23.56,23.97,23.18,23.66,363985189,8577222656.000
2015-03-24,23.60,23.69,22.79,23.04,325713580,7554933760.000
2015-03-25,23.10,23.62,22.68,22.76,307904467,7120976384.000
2015-03-26,22.50,23.12,22.30,22.63,207304869,4702905856.000
2015-03-27,22.64,23.18,22.61,22.81,176709984,4050025472.000
2015-03-30,23.05,23.64,22.72,23.36,346460318,8062047232.000
2015-03-31,23.85,24.88,23.27,23.41,456796668,10998661120.000
2015-04-01,23.70,25.05,23.53,24.80,534733754,13049363456.000
2015-04-02,25.38,25.48,24.02,24.55,440569036,10863746048.000
2015-04-03,25.08,26.96,24.70,26.90,669773666,17267621888.000
2015-04-07,26.85,27.14,26.00,26.99,535770276,14212580352.000
2015-04-08,27.00,28.42,26.45,27.78,566689480,15611158528.000
2015-04-09,28.48,29.46,27.30,27.42,638901600,18105939968.000
2015-04-10,27.20,27.75,26.88,27.44,380048382,10355977216.000
数据来源:通达信
