600028 中国石化 日线 前复权
      日期	    开盘	    最高	    最低	    收盘	    成交量	    成交额
2011-03-02,5.69,5.76,5.67,5.72,59758492,512379072.000
2011-03-03,5.73,5.79,5.64,5.72,99914933,857510208.000
2011-03-04,5.72,5.88,5.69,5.84,115278862,1001606720.000
2011-03-07,5.84,5.98,5.82,5.91,121218097,1071838464.000
2011-03-08,5.92,5.92,5.79,5.85,71957492,629477760.000
2011-03-09,5.85,5.95,5.84,5.86,67400510,594807360.000
2011-03-10,5.85,5.86,5.72,5.74,53904016,468326144.000
2011-03-11,5.72,5.75,5.67,5.69,37740056,324145824.000
2011-03-14,5.66,5.76,5.64,5.69,39048925,333873696.000
2011-03-15,5.65,5.68,5.49,5.59,54046702,453364064.000
2011-03-16,5.58,5.65,5.58,5.63,35542174,300857888.000
2011-03-17,5.61,5.79,5.56,5.70,90700034,778906752.000
2011-03-18,5.75,5.77,5.65,5.69,29886123,256752640.000
2011-03-21,5.71,5.75,5.67,5.70,34627382,296776768.000
2011-03-22,5.72,5.74,5.63,5.70,28383942,243037664.000
2011-03-23,5.72,5.72,5.65,5.72,58535851,500755616.000
2011-03-24,5.70,5.79,5.68,5.72,56467046,487018592.000
2011-03-25,5.72,5.79,5.70,5.78,61778360,533871136.000
2011-03-28,5.76,5.84,5.75,5.77,63217330,548664640.000
2011-03-29,5.77,5.79,5.67,5.68,52811764,454621088.000
2011-03-30,5.67,5.80,5.62,5.76,60313104,517507264.000
2011-03-31,5.73,5.75,5.64,5.67,31844379,272195808.000
2011-04-01,5.65,5.71,5.63,5.69,34577729,294736640.000
2011-04-06,5.69,5.83,5.68,5.81,79071433,684396864.000
2011-04-07,5.88,5.92,5.79,5.81,86150968,754771264.000
2011-04-08,5.80,5.95,5.76,5.91,89711477,790678336.000
2011-04-11,5.92,6.00,5.83,5.86,81847317,727056000.000
2011-04-12,5.85,6.02,5.78,5.92,95486868,844964032.000
2011-04-13,5.89,5.95,5.85,5.95,53645455,473759648.000
2011-04-14,5.94,5.96,5.89,5.89,53359334,472893376.000
2011-04-15,5.89,6.00,5.86,5.95,76772496,682219584.000
2011-04-18,5.94,6.19,5.92,6.07,132821264,1206083584.000
2011-04-19,6.03,6.09,5.93,6.01,52180707,467687520.000
2011-04-20,6.01,6.07,5.90,5.94,43348826,386025536.000
2011-04-21,5.97,5.98,5.91,5.94,31760407,281891168.000
2011-04-22,5.90,5.94,5.78,5.82,61190237,536252864.000
2011-04-25,5.81,5.82,5.72,5.74,42065888,363537504.000
2011-04-26,5.74,5.78,5.65,5.66,60556432,518752800.000
2011-04-27,5.69,5.73,5.66,5.69,37810251,323990400.000
2011-04-28,5.72,5.78,5.65,5.66,43983050,377501248.000
2011-04-29,5.70,5.77,5.67,5.75,42281656,363835200.000
2011-05-03,5.75,5.81,5.71,5.79,27761321,240634272.000
2011-05-04,5.75,5.78,5.57,5.62,46762729,399612288.000
2011-05-05,5.62,5.72,5.56,5.71,37775404,319954176.000
2011-05-06,5.61,5.69,5.59,5.63,33114511,280851904.000
2011-05-09,5.63,5.66,5.56,5.59,28375135,239811200.000
2011-05-10,5.62,5.63,5.59,5.61,12887710,108892480.000
2011-05-11,5.61,5.63,5.56,5.57,33581791,282546880.000
2011-05-12,5.55,5.55,5.44,5.51,60293230,500205600.000
2011-05-16,5.51,5.55,5.47,5.48,31912189,265978352.000
2011-05-17,5.49,5.52,5.45,5.47,23623468,195845584.000
2011-05-18,5.47,5.54,5.45,5.51,26743402,222155760.000
2011-05-19,5.52,5.55,5.49,5.49,18254676,151983088.000
2011-05-20,5.49,5.52,5.47,5.49,16254570,134860240.000
2011-05-23,5.48,5.49,5.34,5.35,38069820,310777760.000
2011-05-24,5.34,5.36,5.22,5.33,34558820,277786592.000
2011-05-25,5.34,5.34,5.24,5.27,45316420,362955424.000
2011-05-26,5.29,5.32,5.22,5.26,40494423,324018464.000
2011-05-27,5.28,5.30,5.25,5.26,30558349,244963664.000
2011-05-30,5.25,5.29,5.21,5.25,19690665,157177344.000
2011-05-31,5.25,5.32,5.24,5.31,20133642,161448752.000
2011-06-01,5.30,5.30,5.25,5.28,19920918,159437360.000
2011-06-02,5.24,5.26,5.15,5.15,37477304,296234016.000
2011-06-03,5.16,5.23,5.15,5.19,26956852,212896208.000
2011-06-07,5.19,5.30,5.15,5.28,25647646,204519344.000
2011-06-08,5.27,5.30,5.22,5.29,18476782,147979952.000
2011-06-09,5.29,5.29,5.21,5.23,19827991,158126512.000
2011-06-10,5.25,5.26,5.20,5.23,15328263,122001032.000
2011-06-13,5.22,5.24,5.16,5.20,15900946,125848240.000
2011-06-14,5.20,5.39,5.20,5.36,43926964,354863392.000
2011-06-15,5.35,5.37,5.31,5.32,17432980,141338192.000
2011-06-16,5.32,5.34,5.28,5.29,27357624,220862336.000
2011-06-17,5.29,5.39,5.27,5.38,36952660,299219424.000
2011-06-20,5.36,5.42,5.33,5.38,41743667,335669216.000
2011-06-21,5.41,5.41,5.35,5.39,21731579,174277328.000
2011-06-22,5.39,5.41,5.35,5.40,18698957,149874112.000
2011-06-23,5.39,5.44,5.35,5.44,16421323,132110632.000
2011-06-24,5.42,5.55,5.39,5.53,45710460,372610944.000
2011-06-27,5.53,5.68,5.52,5.53,34782783,287348672.000
2011-06-28,5.53,5.55,5.45,5.50,20417591,166372288.000
2011-06-29,5.50,5.59,5.46,5.47,46998514,386368704.000
2011-06-30,5.50,5.59,5.47,5.54,40618606,334197728.000
2011-07-01,5.56,5.56,5.49,5.50,20358760,167259344.000
2011-07-04,5.51,5.59,5.50,5.58,51532083,424379104.000
2011-07-05,5.58,5.62,5.55,5.59,28631513,236934032.000
2011-07-06,5.59,5.60,5.50,5.55,23495740,193453344.000
2011-07-07,5.55,5.57,5.44,5.46,44579147,364232896.000
2011-07-08,5.47,5.48,5.42,5.43,33880677,274867424.000
2011-07-11,5.42,5.49,5.42,5.45,34284421,277791520.000
2011-07-12,5.42,5.43,5.36,5.37,30992684,248664976.000
2011-07-13,5.37,5.42,5.37,5.41,23851178,191978192.000
2011-07-14,5.41,5.42,5.35,5.40,37736547,302736512.000
2011-07-15,5.38,5.42,5.37,5.41,19957074,160647408.000
2011-07-18,5.42,5.42,5.38,5.39,20942582,168466064.000
2011-07-19,5.36,5.40,5.35,5.36,28276178,226615296.000
2011-07-20,5.39,5.39,5.32,5.34,27565054,219906800.000
2011-07-21,5.35,5.35,5.25,5.28,29494548,233182912.000
2011-07-22,5.29,5.30,5.25,5.27,19372832,152854224.000
2011-07-25,5.25,5.25,5.14,5.15,34206740,266159824.000
2011-07-26,5.15,5.21,5.12,5.19,22115535,171025040.000
2011-07-27,5.17,5.19,5.12,5.18,38056664,293882144.000
2011-07-28,5.13,5.18,5.11,5.16,21148334,162929776.000
2011-07-29,5.15,5.24,5.12,5.19,25526294,197908832.000
2011-08-01,5.19,5.20,5.15,5.17,14303531,110985704.000
2011-08-02,5.13,5.15,5.05,5.09,25482342,194489792.000
2011-08-03,5.05,5.10,5.04,5.05,17116647,130342472.000
2011-08-04,5.06,5.11,5.05,5.06,12104109,92299472.000
2011-08-05,4.98,4.98,4.89,4.91,30110562,223800592.000
2011-08-08,4.85,4.89,4.63,4.65,49053128,352384032.000
2011-08-09,4.57,4.66,4.49,4.63,45482433,317383456.000
2011-08-10,4.70,4.73,4.65,4.67,28483986,202952848.000
2011-08-11,4.59,4.71,4.59,4.70,25031310,177602272.000
2011-08-12,4.72,4.75,4.70,4.72,26405635,189123648.000
2011-08-15,4.74,4.79,4.66,4.77,25969490,186438512.000
2011-08-16,4.76,4.78,4.72,4.75,23093392,166379792.000
2011-08-17,4.74,4.75,4.72,4.72,16214437,116502624.000
2011-08-18,4.72,4.73,4.64,4.65,23311180,165938928.000
2011-08-19,4.57,4.61,4.52,4.60,24451237,170287632.000
2011-08-22,4.59,4.64,4.55,4.58,14595943,102137072.000
2011-08-23,4.59,4.72,4.55,4.71,19417819,136881872.000
2011-08-24,4.72,4.72,4.65,4.69,18467330,131552272.000
2011-08-25,4.70,4.86,4.69,4.85,41718817,303265696.000
2011-08-26,4.82,4.89,4.77,4.85,26963458,196780816.000
2011-08-29,4.85,4.91,4.77,4.89,36162270,264485360.000
2011-08-30,4.90,5.04,4.86,4.87,33988759,253868848.000
2011-08-31,4.88,4.92,4.83,4.87,16565872,121830432.000
2011-09-01,4.88,4.92,4.83,4.84,15292325,112618976.000
2011-09-02,4.84,4.85,4.73,4.75,15748214,113779504.000
2011-09-05,4.72,4.74,4.62,4.64,16004703,113483432.000
2011-09-06,4.60,4.73,4.59,4.64,20415245,144985584.000
2011-09-07,4.67,4.73,4.65,4.72,22223068,158321376.000
2011-09-08,4.74,4.74,4.69,4.70,10499265,75095032.000
2011-09-09,4.71,4.76,4.67,4.70,11043777,79017088.000
2011-09-13,4.65,4.69,4.61,4.67,13855793,97993536.000
2011-09-14,4.68,4.71,4.62,4.69,14245455,101144440.000
2011-09-15,4.69,4.73,4.68,4.72,15624949,111804048.000
2011-09-16,4.74,4.76,4.73,4.75,15053670,108321704.000
2011-09-19,4.76,4.76,4.69,4.69,14658843,103584216.000
2011-09-20,4.69,4.75,4.67,4.71,20176695,142215184.000
2011-09-21,4.72,4.85,4.67,4.84,37517643,267948816.000
2011-09-22,4.78,4.79,4.68,4.69,20871204,147965488.000
2011-09-23,4.63,4.69,4.59,4.68,22398775,155688368.000
2011-09-26,4.63,4.69,4.59,4.59,18032025,125176344.000
2011-09-27,4.64,4.65,4.59,4.63,18722850,129712968.000
2011-09-28,4.65,4.66,4.57,4.61,19752567,136929120.000
2011-09-29,4.58,4.65,4.55,4.62,17468349,121101200.000
2011-09-30,4.62,4.65,4.59,4.62,17023915,117944368.000
2011-10-10,4.62,4.63,4.58,4.59,12585035,87013840.000
2011-10-11,4.65,4.68,4.52,4.56,36540490,252767088.000
2011-10-13,4.65,4.72,4.62,4.70,40043032,280361408.000
2011-10-14,4.69,4.72,4.65,4.71,20673648,145059872.000
2011-10-17,4.70,4.75,4.69,4.74,20431182,144338432.000
2011-10-18,4.71,4.72,4.63,4.63,23575701,164708448.000
2011-10-19,4.65,4.69,4.62,4.65,12130419,84624520.000
2011-10-20,4.61,4.65,4.59,4.63,28376389,197264064.000
2011-10-21,4.64,4.65,4.57,4.59,17901122,124199216.000
2011-10-24,4.60,4.72,4.59,4.72,31591325,220158048.000
2011-10-25,4.71,4.78,4.67,4.75,25141827,178053072.000
2011-10-26,4.74,4.79,4.72,4.75,28314834,201584064.000
2011-10-27,4.77,4.80,4.75,4.77,19119054,136341648.000
2011-10-28,4.81,4.84,4.75,4.83,42400212,304271424.000
2011-10-31,4.82,4.82,4.75,4.78,28671204,204773984.000
2011-11-01,4.75,4.82,4.74,4.79,31917925,228538688.000
2011-11-02,4.75,4.85,4.72,4.85,35100264,251216512.000
2011-11-03,4.85,4.89,4.83,4.84,35251426,255311280.000
2011-11-04,4.88,5.04,4.87,4.99,86874502,641878208.000
2011-11-07,4.97,5.10,4.95,5.00,44537554,332212800.000
2011-11-08,5.00,5.18,4.98,5.12,90025636,681740288.000
2011-11-09,5.12,5.18,5.05,5.09,42929303,324500768.000
2011-11-10,5.04,5.06,4.98,4.99,30593418,227868768.000
2011-11-11,4.98,5.09,4.98,5.05,21997850,164747296.000
2011-11-14,5.09,5.16,5.09,5.12,18179452,137993504.000
2011-11-15,5.12,5.14,5.06,5.13,17754643,134107400.000
2011-11-16,5.09,5.11,4.93,4.95,32924592,244273536.000
2011-11-17,4.97,4.99,4.93,4.94,14706056,108408944.000
2011-11-18,4.92,4.92,4.84,4.85,17940177,130318568.000
2011-11-21,4.85,4.90,4.85,4.89,9079051,65926264.000
2011-11-22,4.85,4.92,4.83,4.89,15533265,113107176.000
2011-11-23,4.90,4.90,4.85,4.87,12459266,90511456.000
2011-11-24,4.83,4.91,4.82,4.90,11314256,82167792.000
2011-11-25,4.89,4.90,4.85,4.87,17697104,128451552.000
2011-11-28,4.87,4.91,4.85,4.85,12687941,92187480.000
2011-11-29,4.89,4.95,4.85,4.92,13908645,101628432.000
2011-11-30,4.91,4.92,4.74,4.75,20863540,150171264.000
2011-12-01,4.86,4.99,4.80,4.90,31709425,232025760.000
2011-12-02,4.89,4.92,4.77,4.82,14470085,104346304.000
2011-12-05,4.83,4.90,4.78,4.88,20800093,150700448.000
2011-12-06,4.86,4.99,4.86,4.99,27787049,204359168.000
2011-12-07,5.00,5.05,4.98,5.03,26361116,196460496.000
2011-12-08,5.03,5.05,4.96,4.99,8652895,64378680.000
2011-12-09,4.98,5.01,4.92,4.98,10083448,74330392.000
2011-12-12,4.96,4.96,4.85,4.85,11216897,81920760.000
2011-12-13,4.85,4.88,4.73,4.78,24207316,173339312.000
2011-12-14,4.78,4.78,4.65,4.73,25631200,180656432.000
2011-12-16,4.69,4.89,4.66,4.82,41432749,293591680.000
2011-12-19,4.79,4.79,4.66,4.74,33623133,237777888.000
2011-12-20,4.72,4.87,4.71,4.77,31510309,226275728.000
2011-12-21,4.81,4.84,4.72,4.75,17329088,123596336.000
2011-12-22,4.72,4.78,4.66,4.69,31614010,223472032.000
2011-12-23,4.70,4.77,4.69,4.75,9266873,65700152.000
2011-12-26,4.71,4.79,4.69,4.78,15957279,113317232.000
2011-12-27,4.77,4.79,4.69,4.72,11864533,84216384.000
2011-12-28,4.70,4.79,4.70,4.75,27565971,195986048.000
2011-12-29,4.75,4.80,4.72,4.77,17180430,122318728.000
2011-12-30,4.81,4.83,4.75,4.81,27298170,195829664.000
2012-01-04,4.89,5.01,4.88,4.95,52818138,389557568.000
2012-01-05,4.92,5.06,4.90,4.99,47888457,356528608.000
2012-01-06,5.05,5.09,4.94,5.04,39465447,293562912.000
2012-01-09,5.05,5.29,4.99,5.25,74396015,567375168.000
2012-01-10,5.17,5.31,5.13,5.28,73542406,570806656.000
2012-01-11,5.28,5.34,5.18,5.21,39298475,305532640.000
2012-01-12,5.20,5.24,5.14,5.18,30545148,234110192.000
2012-01-13,5.19,5.20,5.09,5.15,31027759,236473968.000
2012-01-16,5.14,5.15,5.07,5.09,22287819,168639424.000
2012-01-17,5.08,5.36,5.04,5.24,57861998,443173952.000
2012-01-18,5.23,5.25,5.10,5.12,43695592,334653696.000
2012-01-19,5.13,5.24,5.12,5.18,40746187,312011776.000
2012-01-20,5.18,5.25,5.15,5.24,42451662,326312992.000
2012-01-30,5.25,5.32,5.17,5.21,47473301,367782752.000
2012-01-31,5.22,5.26,5.20,5.25,21558522,166811312.000
2012-02-01,5.25,5.39,5.22,5.28,42775193,335156800.000
2012-02-02,5.29,5.35,5.25,5.33,37243446,290786400.000
2012-02-03,5.32,5.32,5.22,5.29,48543937,377395712.000
2012-02-06,5.29,5.31,5.23,5.27,28192837,219393376.000
2012-02-07,5.23,5.25,5.12,5.17,30492164,233361504.000
2012-02-08,5.22,5.29,5.12,5.27,71692608,550392768.000
2012-02-09,5.23,5.25,5.17,5.20,43981062,339015168.000
2012-02-10,5.18,5.22,5.15,5.19,28641272,219874976.000
2012-02-13,5.13,5.19,5.12,5.17,29577368,225641888.000
2012-02-14,5.17,5.22,5.15,5.18,26808206,205817712.000
2012-02-15,5.17,5.25,5.15,5.22,29300854,225811408.000
2012-02-16,5.23,5.24,5.13,5.16,26524851,203411328.000
2012-02-17,5.17,5.22,5.14,5.14,25322830,193811984.000
2012-02-20,5.19,5.21,5.12,5.13,40419523,308893536.000
2012-02-21,5.12,5.12,5.03,5.09,65818392,494124608.000
2012-02-22,5.07,5.12,5.05,5.12,44689541,336762752.000
2012-02-23,5.11,5.16,5.09,5.12,57674799,437171776.000
2012-02-24,5.13,5.16,5.06,5.15,79082131,598697600.000
2012-02-27,5.17,5.28,5.15,5.20,105054560,808352640.000
2012-02-28,5.19,5.22,5.17,5.21,51889212,398651104.000
2012-02-29,5.20,5.21,5.14,5.15,40094017,306718112.000
2012-03-01,5.13,5.15,5.10,5.11,32951812,250060160.000
2012-03-02,5.12,5.19,5.11,5.17,43803021,333748480.000
2012-03-05,5.19,5.19,5.10,5.11,30433385,231717568.000
2012-03-06,5.12,5.14,5.01,5.02,52321959,392559328.000
2012-03-07,4.99,5.06,4.98,5.00,34941770,260313504.000
2012-03-08,5.02,5.07,4.99,5.05,26100103,195088752.000
2012-03-09,5.05,5.10,5.05,5.09,31919500,240315664.000
2012-03-12,5.08,5.08,5.01,5.04,27094454,202615280.000
2012-03-13,5.03,5.11,5.02,5.09,32869203,247566880.000
2012-03-14,5.11,5.19,5.05,5.06,89584050,680348672.000
2012-03-15,5.08,5.19,5.06,5.10,75249158,572179712.000
2012-03-16,5.12,5.19,5.09,5.18,43496558,331670464.000
2012-03-19,5.18,5.18,5.08,5.16,33657436,256147792.000
2012-03-20,5.21,5.22,5.09,5.13,48261842,368155744.000
2012-03-21,5.12,5.14,5.05,5.07,26103245,196576256.000
2012-03-22,5.05,5.06,5.00,5.02,17973996,134281792.000
2012-03-23,5.02,5.05,4.98,5.00,19908149,148237152.000
2012-03-26,5.00,5.04,4.99,5.01,10433271,77687840.000
2012-03-27,5.04,5.06,5.00,5.02,19517779,146130752.000
2012-03-28,5.02,5.04,4.85,4.86,29348535,214947312.000
2012-03-29,4.85,4.87,4.76,4.77,33876887,243129472.000
2012-03-30,4.79,4.82,4.78,4.82,17889436,128255312.000
2012-04-05,4.80,4.84,4.76,4.82,36890614,264474304.000
2012-04-06,4.83,4.83,4.77,4.81,37695915,270178624.000
2012-04-09,4.80,4.81,4.77,4.78,17191949,122855296.000
2012-04-10,4.78,4.81,4.73,4.80,21055125,149967728.000
2012-04-11,4.77,4.82,4.74,4.80,19112776,136497760.000
2012-04-12,4.80,4.90,4.79,4.88,37672180,272734304.000
2012-04-13,4.88,4.90,4.85,4.88,18880600,137051568.000
2012-04-16,4.85,4.89,4.84,4.88,13543257,98265784.000
2012-04-17,4.88,4.89,4.83,4.85,15600448,113145736.000
2012-04-18,4.87,4.91,4.82,4.89,33920635,246122688.000
2012-04-19,4.89,4.89,4.82,4.85,37060768,268083200.000
2012-04-20,4.85,4.95,4.82,4.94,55123206,402086112.000
2012-04-23,4.92,4.92,4.87,4.88,27771383,202649984.000
2012-04-24,4.86,4.95,4.82,4.89,56362264,410048640.000
2012-04-25,4.87,4.92,4.84,4.89,41721836,303278688.000
2012-04-26,4.89,4.91,4.85,4.89,26793212,194711136.000
2012-04-27,4.83,4.86,4.80,4.81,38577664,277682176.000
2012-05-02,4.86,4.95,4.85,4.93,57816119,422307008.000
2012-05-03,4.92,4.93,4.89,4.92,18782670,137408336.000
2012-05-04,4.92,4.93,4.86,4.88,40500651,294972960.000
2012-05-07,4.88,4.91,4.85,4.89,44020299,320166304.000
2012-05-08,4.89,4.90,4.82,4.86,42491919,307314208.000
2012-05-09,4.82,4.84,4.75,4.75,50422992,360231392.000
2012-05-10,4.75,4.78,4.75,4.76,33037955,235071408.000
2012-05-14,4.77,4.79,4.69,4.70,51140335,361878016.000
2012-05-15,4.69,4.71,4.67,4.67,22815282,160213472.000
2012-05-16,4.67,4.69,4.60,4.62,37420573,260766656.000
2012-05-17,4.62,4.71,4.61,4.69,20889051,145847472.000
2012-05-18,4.67,4.67,4.59,4.61,24699288,171225504.000
2012-05-21,4.62,4.67,4.59,4.65,25821767,179571296.000
2012-05-22,4.67,4.70,4.65,4.68,23398089,164117376.000
2012-05-23,4.68,4.69,4.64,4.66,21444230,150105616.000
2012-05-24,4.67,4.68,4.60,4.64,20359222,141578192.000
2012-05-25,4.64,4.67,4.62,4.66,15476493,107846728.000
2012-05-28,4.68,4.68,4.60,4.65,31228771,210702672.000
2012-05-29,4.65,4.66,4.62,4.66,52462656,354615168.000
2012-05-30,4.64,4.67,4.62,4.65,28297826,191268192.000
2012-05-31,4.62,4.62,4.56,4.58,27294237,182594224.000
2012-06-01,4.58,4.61,4.58,4.59,21567396,144495408.000
2012-06-04,4.57,4.57,4.42,4.43,43257741,283568960.000
2012-06-05,4.45,4.47,4.42,4.44,18639597,121057616.000
2012-06-06,4.45,4.46,4.42,4.44,16894893,109915472.000
2012-06-07,4.47,4.49,4.42,4.42,18810753,122512544.000
2012-06-08,4.46,4.46,4.40,4.40,14081621,91204920.000
2012-06-11,4.42,4.49,4.41,4.45,27850995,181852144.000
2012-06-12,4.44,4.45,4.40,4.42,16428352,106339616.000
2012-06-13,4.43,4.44,4.35,4.41,41933963,269713440.000
2012-06-14,4.39,4.40,4.36,4.37,22129192,142033664.000
2012-06-15,4.38,4.44,4.35,4.43,31092262,200010288.000
2012-06-18,4.43,4.45,4.39,4.42,22028289,142657056.000
2012-06-19,4.41,4.41,4.34,4.38,28353342,181430768.000
2012-06-20,4.39,4.39,4.37,4.39,15121662,97175928.000
2012-06-21,4.38,4.39,4.35,4.36,40471971,259266240.000
2012-06-25,4.35,4.37,4.34,4.34,26247104,167693216.000
2012-06-26,4.33,4.35,4.29,4.32,25301713,160423008.000
2012-06-27,4.32,4.35,4.30,4.32,13950530,88611160.000
2012-06-28,4.32,4.34,4.27,4.28,12696778,80364416.000
2012-06-29,4.26,4.29,4.20,4.29,22508170,140939424.000
2012-07-02,4.32,4.33,4.24,4.25,18442218,115951488.000
2012-07-03,4.25,4.30,4.23,4.26,15560943,97693800.000
2012-07-04,4.28,4.30,4.24,4.25,17117895,107446864.000
2012-07-05,4.25,4.25,4.13,4.14,29824824,184099712.000
2012-07-06,4.13,4.15,4.05,4.12,36986630,224289200.000
2012-07-09,4.10,4.10,3.89,3.90,58625790,345964288.000
2012-07-10,3.91,3.95,3.86,3.93,40740426,236427072.000
2012-07-11,3.92,3.93,3.89,3.92,23604269,137270448.000
2012-07-12,3.92,4.00,3.88,3.94,61537912,360578592.000
2012-07-13,3.95,4.05,3.94,4.02,41575997,246638624.000
2012-07-16,4.02,4.05,3.99,3.99,24030212,143014320.000
2012-07-17,3.99,4.02,3.99,4.01,15164717,90058440.000
2012-07-18,4.01,4.05,3.99,4.05,16643051,99086408.000
2012-07-19,4.05,4.17,4.05,4.15,37921341,231065744.000
2012-07-20,4.15,4.16,4.10,4.12,23825611,145219680.000
2012-07-23,4.09,4.11,4.05,4.07,14323509,86364672.000
2012-07-24,4.05,4.14,4.04,4.11,17691394,107156600.000
2012-07-25,4.09,4.14,4.09,4.09,19465812,118265152.000
2012-07-26,4.09,4.12,4.09,4.11,13595350,82562312.000
2012-07-27,4.12,4.15,4.11,4.14,20577593,125441232.000
2012-07-30,4.15,4.19,4.12,4.13,15394011,94348240.000
2012-07-31,4.13,4.15,4.08,4.09,12348588,74943504.000
2012-08-01,4.09,4.14,4.06,4.09,17419008,105450352.000
2012-08-02,4.09,4.09,4.00,4.02,15617028,93507672.000
2012-08-03,4.02,4.12,4.02,4.12,20432605,123296304.000
2012-08-06,4.12,4.15,4.11,4.13,13624918,83177032.000
2012-08-07,4.12,4.19,4.12,4.15,22640976,139008560.000
2012-08-08,4.15,4.20,4.12,4.13,20081770,122922232.000
2012-08-09,4.13,4.19,4.12,4.17,14703296,90248976.000
2012-08-10,4.19,4.19,4.13,4.15,17656238,108601088.000
2012-08-13,4.14,4.19,4.14,4.15,14397621,88456528.000
2012-08-14,4.15,4.21,4.14,4.20,24556567,151600336.000
2012-08-15,4.20,4.21,4.14,4.15,12435516,76469040.000
2012-08-16,4.15,4.19,4.15,4.15,9948843,61232452.000
2012-08-17,4.15,4.23,4.15,4.20,26258956,162770064.000
2012-08-20,4.18,4.21,4.13,4.15,10754067,65936848.000
2012-08-21,4.15,4.20,4.14,4.17,15516837,95602336.000
2012-08-22,4.18,4.19,4.08,4.10,12312414,75236656.000
2012-08-23,4.10,4.15,4.06,4.11,16241270,98704800.000
2012-08-24,4.09,4.12,4.05,4.07,15364598,92752112.000
2012-08-27,4.05,4.07,3.99,3.99,18908901,112865648.000
2012-08-28,3.99,4.29,3.99,4.23,51496761,317632704.000
2012-08-29,4.19,4.19,4.08,4.09,29965555,182484784.000
2012-08-30,4.06,4.13,4.06,4.12,18848030,114214536.000
2012-08-31,4.09,4.15,4.07,4.09,13653353,82964952.000
2012-09-03,4.10,4.12,4.05,4.09,29863369,180215136.000
2012-09-04,4.08,4.18,4.08,4.14,28469165,173519968.000
2012-09-05,4.13,4.13,4.08,4.09,12807267,77597104.000
2012-09-06,4.09,4.12,4.05,4.07,18348036,110273912.000
2012-09-07,4.09,4.24,4.05,4.19,60846281,373101728.000
2012-09-10,4.19,4.23,4.16,4.22,29454096,182095104.000
2012-09-11,4.22,4.22,4.14,4.16,24682907,151679984.000
2012-09-12,4.19,4.19,4.14,4.17,14474681,88867008.000
2012-09-13,4.16,4.18,4.15,4.15,11832570,72637952.000
2012-09-14,4.18,4.21,4.15,4.16,20702556,127491024.000
2012-09-17,4.18,4.19,4.09,4.12,17239356,104021544.000
2012-09-18,4.12,4.14,4.08,4.09,12750619,75986280.000
2012-09-19,4.09,4.12,4.08,4.09,11082034,65916444.000
2012-09-20,4.08,4.09,3.98,4.02,20805499,122550232.000
2012-09-21,4.01,4.10,3.99,4.09,19871964,117550512.000
2012-09-24,4.05,4.07,3.99,4.05,12827987,75235320.000
2012-09-25,4.03,4.07,4.01,4.06,11015573,64768692.000
2012-09-26,4.07,4.07,3.99,4.00,14809217,86604400.000
2012-09-27,4.00,4.17,3.97,4.08,33514637,198050528.000
2012-09-28,4.05,4.13,4.04,4.12,21519153,128013688.000
2012-10-08,4.11,4.14,4.10,4.12,18688650,111923984.000
2012-10-09,4.15,4.33,4.15,4.27,65231300,402555744.000
2012-10-10,4.28,4.32,4.24,4.29,25332613,156864352.000
2012-10-11,4.28,4.35,4.25,4.27,20025949,124763264.000
2012-10-12,4.29,4.35,4.19,4.21,38379249,236354880.000
2012-10-15,4.22,4.25,4.19,4.24,10512668,64188548.000
2012-10-16,4.24,4.26,4.21,4.22,12953249,79476320.000
2012-10-17,4.24,4.32,4.24,4.31,34407020,213694368.000
2012-10-18,4.31,4.41,4.30,4.39,47874608,301930048.000
2012-10-19,4.39,4.45,4.38,4.42,33670819,215284640.000
2012-10-22,4.39,4.45,4.38,4.44,20754115,132390896.000
2012-10-23,4.43,4.43,4.32,4.36,24314956,153157824.000
2012-10-24,4.33,4.39,4.33,4.37,10263986,64737876.000
2012-10-25,4.35,4.41,4.29,4.30,15240548,95847384.000
2012-10-26,4.32,4.34,4.25,4.26,13480910,83653912.000
2012-10-29,4.26,4.33,4.25,4.32,14441499,89967104.000
2012-10-30,4.31,4.35,4.27,4.29,13975486,87002584.000
2012-10-31,4.29,4.34,4.26,4.31,16189769,100903152.000
2012-11-01,4.31,4.45,4.30,4.42,31407285,199757104.000
2012-11-02,4.43,4.47,4.40,4.45,18712845,119806904.000
2012-11-05,4.44,4.47,4.42,4.45,12819758,82149880.000
2012-11-06,4.45,4.45,4.35,4.41,13848731,87881664.000
2012-11-07,4.40,4.45,4.38,4.44,10776540,68794904.000
2012-11-08,4.41,4.41,4.36,4.36,9469377,59905444.000
2012-11-09,4.35,4.38,4.31,4.33,7492942,46944576.000
2012-11-12,4.34,4.38,4.29,4.32,18249617,113819824.000
2012-11-13,4.31,4.32,4.24,4.28,19173373,118725224.000
2012-11-14,4.28,4.31,4.25,4.29,11894078,73652144.000
2012-11-15,4.28,4.32,4.25,4.25,15638165,97054784.000
2012-11-16,4.25,4.25,4.12,4.16,20790625,125962512.000
2012-11-19,4.17,4.22,4.16,4.18,9293804,56497680.000
2012-11-20,4.18,4.22,4.12,4.15,14714860,88800960.000
2012-11-21,4.15,4.23,4.13,4.22,10657703,64579668.000
2012-11-22,4.22,4.22,4.15,4.16,16055727,97563088.000
2012-11-23,4.20,4.24,4.16,4.18,15982909,97258640.000
2012-11-26,4.19,4.21,4.16,4.19,11725040,71237424.000
2012-11-27,4.19,4.22,4.13,4.15,22363593,135467888.000
2012-11-28,4.13,4.18,4.10,4.17,18369490,110598104.000
2012-11-29,4.16,4.18,4.11,4.11,16903947,101311976.000
2012-11-30,4.12,4.16,4.11,4.15,10043491,60308892.000
2012-12-03,4.15,4.24,4.14,4.22,23948836,145997904.000
2012-12-04,4.22,4.25,4.19,4.22,17425994,106357864.000
2012-12-05,4.22,4.40,4.22,4.35,59999211,375558336.000
2012-12-06,4.35,4.39,4.30,4.33,25134208,157349216.000
2012-12-07,4.31,4.45,4.31,4.43,39845137,252107296.000
2012-12-10,4.44,4.46,4.39,4.44,35345658,226023904.000
2012-12-11,4.43,4.44,4.37,4.39,23274036,147992960.000
2012-12-12,4.39,4.42,4.34,4.39,21225085,134134128.000
2012-12-13,4.38,4.38,4.32,4.35,22344868,140189120.000
2012-12-14,4.36,4.56,4.33,4.54,62715336,404861920.000
2012-12-17,4.52,4.69,4.50,4.60,57900455,384147904.000
2012-12-18,4.61,4.67,4.55,4.59,36702049,242747888.000
2012-12-19,4.59,4.66,4.57,4.61,28067575,186251568.000
2012-12-20,4.61,4.73,4.58,4.69,38354606,257303760.000
2012-12-21,4.69,4.71,4.59,4.64,38366268,255786464.000
2012-12-24,4.65,4.68,4.59,4.59,16006652,106238328.000
2012-12-25,4.59,4.75,4.57,4.72,52801260,354679424.000
2012-12-26,4.72,4.83,4.69,4.79,40368346,276453312.000
2012-12-27,4.82,4.84,4.70,4.74,32007935,217542528.000
2012-12-28,4.76,4.77,4.66,4.75,45161637,305231200.000
2012-12-31,4.75,4.92,4.72,4.84,51955356,358031872.000
2013-01-04,4.87,4.92,4.82,4.87,36630894,255149664.000
2013-01-07,4.86,4.91,4.79,4.81,31424962,217434320.000
2013-01-08,4.82,4.93,4.82,4.83,51556884,358549792.000
2013-01-09,4.83,4.89,4.79,4.82,35857621,247877216.000
2013-01-10,4.81,4.95,4.79,4.93,65767672,458726976.000
2013-01-11,4.93,4.99,4.82,4.85,57294519,403079904.000
2013-01-14,4.86,4.99,4.83,4.99,54188922,381989568.000
2013-01-15,4.96,5.05,4.89,4.95,58946809,417031904.000
2013-01-16,4.95,4.95,4.74,4.82,68640465,475081760.000
2013-01-17,4.80,4.81,4.69,4.72,62679112,424089376.000
2013-01-18,4.74,4.79,4.73,4.79,37819809,258326576.000
2013-01-21,4.79,4.87,4.75,4.81,35742516,246202720.000
2013-01-22,4.81,4.81,4.71,4.76,46892579,318932352.000
2013-01-23,4.75,4.83,4.75,4.82,35482504,242950864.000
2013-01-24,4.81,4.96,4.76,4.84,75031251,521294304.000
2013-01-25,4.83,4.88,4.76,4.79,44201808,304709280.000
2013-01-28,4.82,4.94,4.79,4.90,43832997,305420832.000
2013-01-29,4.89,4.91,4.84,4.89,39694262,276409568.000
2013-01-30,4.89,4.99,4.85,4.99,71111840,501042272.000
2013-01-31,4.98,5.01,4.91,4.95,39477608,279436032.000
2013-02-01,4.92,5.00,4.89,4.96,35800325,252227792.000
2013-02-04,4.97,5.01,4.89,4.94,63776266,450001600.000
2013-02-05,4.86,4.87,4.74,4.82,111744616,766918592.000
2013-02-06,4.82,4.83,4.79,4.82,39659319,273068928.000
2013-02-07,4.82,4.87,4.78,4.82,62344482,429879232.000
2013-02-08,4.82,4.93,4.81,4.92,58215993,405266496.000
2013-02-18,4.94,5.06,4.90,5.02,82175128,587137088.000
2013-02-19,5.02,5.14,4.99,5.02,95457046,689314304.000
2013-02-20,5.02,5.16,5.01,5.12,73830945,536909824.000
2013-02-21,5.11,5.12,4.93,4.96,59995827,427779360.000
2013-02-22,4.95,4.97,4.86,4.89,44999852,315315776.000
2013-02-25,4.92,5.10,4.92,5.03,68734142,492455904.000
2013-02-26,4.98,5.07,4.95,5.00,52318697,374413184.000
2013-02-27,4.99,5.03,4.92,4.97,24736614,175408096.000
2013-02-28,4.97,5.13,4.93,5.08,49198317,354420224.000
2013-03-01,5.04,5.09,4.99,5.06,35827230,257978272.000
2013-03-04,5.08,5.13,4.97,5.01,67099190,484007040.000
2013-03-05,5.02,5.05,4.91,5.02,46409690,329221632.000
2013-03-06,5.02,5.12,4.96,5.10,41424934,297069248.000
2013-03-07,5.17,5.29,5.06,5.14,52018587,382375040.000
2013-03-08,5.17,5.25,5.11,5.20,46567908,344050688.000
2013-03-11,5.17,5.22,5.12,5.17,18902394,138764576.000
2013-03-12,5.18,5.40,5.17,5.26,76764423,575218432.000
2013-03-13,5.27,5.38,5.24,5.26,62391721,469738240.000
2013-03-14,5.22,5.31,5.16,5.24,37118792,275851200.000
2013-03-15,5.23,5.35,5.21,5.31,43849455,329179744.000
2013-03-18,5.28,5.32,5.02,5.02,55227465,404603552.000
2013-03-19,5.02,5.23,5.02,5.17,53617013,392528256.000
2013-03-20,5.15,5.27,5.15,5.22,45748034,340019168.000
2013-03-21,5.21,5.34,5.16,5.30,72121328,537810368.000
2013-03-22,5.29,5.46,5.29,5.45,98785465,758197440.000
2013-03-25,5.43,5.44,5.32,5.36,54407311,414269728.000
2013-03-26,5.36,5.36,5.15,5.24,48730136,361800640.000
2013-03-27,5.26,5.42,5.22,5.26,66584234,502645376.000
2013-03-28,5.22,5.25,5.13,5.22,41149737,304301280.000
2013-03-29,5.23,5.26,5.19,5.20,21177810,156776240.000
2013-04-01,5.19,5.22,5.14,5.19,28045610,206241312.000
2013-04-02,5.18,5.19,5.06,5.09,41295592,300805376.000
2013-04-03,5.10,5.15,5.05,5.09,27229602,197379904.000
2013-04-08,5.04,5.09,4.99,5.05,32179364,230624384.000
2013-04-09,5.09,5.10,5.02,5.05,31201633,225058160.000
2013-04-10,5.05,5.08,5.00,5.02,32822755,235127024.000
2013-04-11,5.03,5.08,5.02,5.04,25700311,184880160.000
2013-04-12,5.04,5.07,4.94,4.95,29348326,208656896.000
2013-04-15,4.90,4.94,4.75,4.79,48541085,335457600.000
2013-04-16,4.75,4.85,4.74,4.80,31072341,213591840.000
2013-04-17,4.81,4.82,4.74,4.79,16721324,114300896.000
2013-04-18,4.76,4.85,4.74,4.76,23843374,162875296.000
2013-04-19,4.79,4.91,4.76,4.85,38925152,269755456.000
2013-04-22,4.84,4.89,4.79,4.82,31594230,218033280.000
2013-04-23,4.82,4.82,4.59,4.62,55443252,371960544.000
2013-04-24,4.63,4.73,4.63,4.70,28374411,190354192.000
2013-04-25,4.70,4.76,4.65,4.73,28122815,190139040.000
2013-04-26,4.72,4.75,4.65,4.69,18534969,125026960.000
2013-05-02,4.68,4.69,4.64,4.65,19665058,131494456.000
2013-05-03,4.67,4.75,4.66,4.72,27332850,184931248.000
2013-05-06,4.75,4.85,4.72,4.82,31526766,216144080.000
2013-05-07,4.82,4.82,4.75,4.79,22288932,152426000.000
2013-05-08,4.80,4.85,4.76,4.79,28242039,193924960.000
2013-05-09,4.79,4.81,4.67,4.68,45120567,304719872.000
2013-05-10,4.69,4.71,4.59,4.65,60444661,402280672.000
2013-05-13,4.65,4.73,4.63,4.66,30060813,201422880.000
2013-05-14,4.67,4.67,4.58,4.60,37625404,248433824.000
2013-05-15,4.60,4.62,4.58,4.61,14908557,98424280.000
2013-05-16,4.61,4.65,4.58,4.65,26995578,179328896.000
2013-05-17,4.65,4.75,4.63,4.73,38856570,262012656.000
2013-05-20,4.74,4.86,4.73,4.83,40683641,279747712.000
2013-05-21,4.81,4.82,4.75,4.79,31029794,212738912.000
2013-05-22,4.79,4.82,4.75,4.76,23834721,162898288.000
2013-05-23,4.74,4.75,4.71,4.71,29376265,198820336.000
2013-05-24,4.72,4.75,4.65,4.67,35602159,239110544.000
2013-05-27,4.66,4.72,4.65,4.69,27082559,181661312.000
2013-05-28,4.69,4.75,4.66,4.75,33847750,228358224.000
2013-05-29,4.75,4.79,4.74,4.75,32195841,219421280.000
2013-05-30,4.74,4.74,4.68,4.71,38113378,257085584.000
2013-05-31,4.72,4.73,4.69,4.70,22114974,149429200.000
2013-06-03,4.69,4.73,4.66,4.70,22660310,152693552.000
2013-06-04,4.70,4.72,4.66,4.69,26327245,177215120.000
2013-06-05,4.68,4.72,4.66,4.68,16055323,107962184.000
2013-06-06,4.68,4.69,4.65,4.68,19974731,133825616.000
2013-06-07,4.68,4.68,4.59,4.59,26481187,175835712.000
2013-06-13,4.57,4.57,4.29,4.43,45364687,288909920.000
2013-06-14,4.42,4.45,4.34,4.35,50033996,315844160.000
2013-06-17,4.36,4.42,4.35,4.40,38508548,243514560.000
2013-06-18,4.42,4.42,4.37,4.40,23417536,148423024.000
2013-06-19,4.44,4.44,4.29,4.35,32647331,152449696.000
2013-06-20,4.33,4.38,4.16,4.17,38478375,176725920.000
2013-06-21,4.12,4.21,4.06,4.12,46773174,208416672.000
2013-06-24,4.12,4.14,3.84,3.88,69930841,302721472.000
2013-06-25,3.87,3.93,3.73,3.86,62868124,262636320.000
2013-06-26,3.86,3.88,3.72,3.77,59105978,243369408.000
2013-06-27,3.80,3.83,3.75,3.78,48526420,200102960.000
2013-06-28,3.78,3.90,3.77,3.85,60142916,249374640.000
2013-07-01,3.82,3.96,3.82,3.94,67563957,285013120.000
2013-07-02,3.94,3.94,3.81,3.91,79692018,334346176.000
2013-07-03,3.88,3.94,3.77,3.92,107829581,452373152.000
2013-07-04,3.88,3.93,3.84,3.89,56541281,238551120.000
2013-07-05,3.89,3.93,3.85,3.86,49533732,208620000.000
2013-07-08,3.85,3.86,3.79,3.81,40966840,170154704.000
2013-07-09,3.80,4.01,3.79,4.00,125256487,533970336.000
2013-07-10,4.00,4.36,3.98,4.28,184187228,825271488.000
2013-07-11,4.25,4.41,4.23,4.32,188369883,876096576.000
2013-07-12,4.30,4.30,4.18,4.26,81345689,372820032.000
2013-07-15,4.26,4.29,4.19,4.23,61998481,283163776.000
2013-07-16,4.23,4.23,4.10,4.17,67761846,303423296.000
2013-07-17,4.15,4.25,4.10,4.12,84745253,381599648.000
2013-07-18,4.11,4.13,4.03,4.07,66667540,292985856.000
2013-07-19,4.10,4.14,4.01,4.12,75464903,332537632.000
2013-07-22,4.05,4.15,4.02,4.12,61540000,272044064.000
2013-07-23,4.09,4.18,4.08,4.15,79216376,354819392.000
2013-07-24,4.12,4.15,4.07,4.10,36931677,163835264.000
2013-07-25,4.12,4.13,4.01,4.05,66258945,290532512.000
2013-07-26,4.02,4.04,3.99,4.02,37183405,161800624.000
2013-07-29,3.98,4.00,3.90,3.93,40415655,172753024.000
2013-07-30,3.96,4.04,3.93,4.04,52510554,226750128.000
2013-07-31,4.03,4.07,4.02,4.05,27533078,120611184.000
2013-08-01,4.07,4.12,4.05,4.10,34945088,154526208.000
2013-08-02,4.12,4.15,4.07,4.11,23229945,103191736.000
2013-08-05,4.12,4.13,4.04,4.13,33421697,147568576.000
2013-08-06,4.10,4.13,4.07,4.11,35860024,158622528.000
2013-08-07,4.10,4.12,4.04,4.06,43740058,192977344.000
2013-08-08,4.05,4.07,4.02,4.04,26416419,115506216.000
2013-08-09,4.06,4.08,4.00,4.06,34578219,151492160.000
2013-08-12,4.07,4.21,4.06,4.20,63810648,285536128.000
2013-08-13,4.20,4.23,4.16,4.21,37012924,167340960.000
2013-08-14,4.22,4.24,4.18,4.20,36587148,166169792.000
2013-08-15,4.20,4.23,4.16,4.17,26343549,119263016.000
2013-08-16,4.17,4.62,4.12,4.19,123948082,573333312.000
2013-08-19,4.14,4.19,4.13,4.17,47809564,214554832.000
2013-08-20,4.16,4.18,4.08,4.10,50360041,224456864.000
2013-08-21,4.12,4.12,4.06,4.10,29116738,128469016.000
2013-08-22,4.08,4.11,4.05,4.07,25221945,111076112.000
2013-08-23,4.09,4.10,4.00,4.03,32884210,143818784.000
2013-08-26,4.05,4.16,4.03,4.10,49335286,218098800.000
2013-08-27,4.10,4.11,4.06,4.07,31127862,137354944.000
2013-08-28,4.07,4.13,4.07,4.11,51349644,227605760.000
2013-08-29,4.13,4.14,4.08,4.10,32166983,142403952.000
2013-08-30,4.09,4.12,4.05,4.08,55704996,245753088.000
2013-09-02,4.08,4.10,4.04,4.08,39266207,172753920.000
2013-09-03,4.08,4.13,4.07,4.12,43417738,192418432.000
2013-09-04,4.11,4.16,4.09,4.14,45147020,201063040.000
2013-09-05,4.14,4.15,4.09,4.14,34999770,155824848.000
2013-09-06,4.13,4.19,4.12,4.17,42577711,191014128.000
2013-09-09,4.17,4.33,4.17,4.28,104670002,479769472.000
2013-09-10,4.28,4.34,4.22,4.32,93173706,430451584.000
2013-09-11,4.33,4.45,4.32,4.36,116493413,547513600.000
2013-09-12,4.39,4.44,4.31,4.40,98058126,452018368.000
2013-09-13,4.39,4.41,4.30,4.34,54888159,251586016.000
2013-09-16,4.34,4.36,4.31,4.34,35267534,161156736.000
2013-09-17,4.33,4.34,4.22,4.23,44210839,199572832.000
2013-09-18,4.24,4.28,4.20,4.22,38366635,171574144.000
2013-09-23,4.24,4.27,4.22,4.25,31869500,143101456.000
2013-09-24,4.27,4.31,4.23,4.25,42892530,193229984.000
2013-09-25,4.24,4.25,4.21,4.21,42309575,189278048.000
2013-09-26,4.21,4.24,4.16,4.17,39142275,173177952.000
2013-09-27,4.17,4.21,4.16,4.20,29475827,130318256.000
2013-09-30,4.19,4.21,4.17,4.20,20322464,90043008.000
2013-10-08,4.17,4.24,4.17,4.23,31243383,138830928.000
2013-10-09,4.22,4.25,4.20,4.25,22452762,100258384.000
2013-10-10,4.25,4.25,4.17,4.20,31797632,141256176.000
2013-10-11,4.21,4.27,4.20,4.23,37966222,169778688.000
2013-10-14,4.23,4.24,4.19,4.21,37494536,166806480.000
2013-10-15,4.21,4.22,4.17,4.18,36800896,162922272.000
2013-10-16,4.18,4.19,4.13,4.14,35272011,155009600.000
2013-10-17,4.15,4.17,4.12,4.14,28038849,123060872.000
2013-10-18,4.14,4.15,4.12,4.13,20040632,87654984.000
2013-10-21,4.13,4.18,4.13,4.16,27522362,121102448.000
2013-10-22,4.16,4.17,4.14,4.15,18661082,81975544.000
2013-10-23,4.15,4.19,4.12,4.12,24417022,107115816.000
2013-10-24,4.12,4.14,4.07,4.08,36404091,157768096.000
2013-10-25,4.08,4.09,4.01,4.03,32590148,139856480.000
2013-10-28,4.04,4.06,4.00,4.04,21375902,91169904.000
2013-10-29,4.04,4.16,4.03,4.10,69716579,302580224.000
2013-10-30,4.13,4.26,4.11,4.25,106879884,477208672.000
2013-10-31,4.27,4.32,4.21,4.27,70538529,318412672.000
2013-11-01,4.25,4.32,4.23,4.29,53605861,242939952.000
2013-11-04,4.30,4.31,4.26,4.28,30970546,139969984.000
2013-11-05,4.28,4.43,4.25,4.38,119384064,550990912.000
2013-11-06,4.46,4.60,4.39,4.48,187806791,893860608.000
2013-11-07,4.47,4.55,4.41,4.55,100785683,477434496.000
2013-11-08,4.49,4.55,4.42,4.54,78734528,372483104.000
2013-11-11,4.51,4.54,4.45,4.53,55448956,262262368.000
2013-11-12,4.50,4.54,4.49,4.52,47326010,225303600.000
2013-11-13,4.48,4.49,4.38,4.44,84040519,393109280.000
2013-11-14,4.43,4.44,4.37,4.40,39500986,183416176.000
2013-11-15,4.38,4.54,4.37,4.52,101240860,475024192.000
2013-11-18,4.54,4.71,4.51,4.70,108663580,528394816.000
2013-11-19,4.68,4.86,4.68,4.71,94423358,473371648.000
2013-11-20,4.77,4.80,4.63,4.69,54998730,270450880.000
2013-11-21,4.67,4.81,4.57,4.78,81621598,401283616.000
2013-11-22,4.77,4.85,4.69,4.81,117965000,592933248.000
2013-11-25,4.61,4.72,4.58,4.61,160309734,782365888.000
2013-11-26,4.56,4.59,4.45,4.48,107289177,510936576.000
2013-11-27,4.48,4.51,4.42,4.48,88936077,418545024.000
2013-11-28,4.49,4.61,4.46,4.56,99906612,478548288.000
2013-11-29,4.56,4.56,4.51,4.54,41449184,197881680.000
2013-12-02,4.53,4.79,4.46,4.77,190615575,923689280.000
2013-12-03,4.71,4.75,4.66,4.69,95191914,471003264.000
2013-12-04,4.68,4.74,4.67,4.70,66962396,330871136.000
2013-12-05,4.69,4.71,4.67,4.69,40618052,199996160.000
2013-12-06,4.68,4.69,4.61,4.68,38989751,190670752.000
2013-12-09,4.68,4.78,4.65,4.71,62769273,311211968.000
2013-12-10,4.70,4.72,4.59,4.61,60646992,296662016.000
2013-12-11,4.60,4.60,4.43,4.50,78091950,371253184.000
2013-12-12,4.47,4.63,4.46,4.57,60613672,290087168.000
2013-12-13,4.51,4.59,4.49,4.51,39402927,187876640.000
2013-12-16,4.51,4.54,4.44,4.46,33952453,160033120.000
2013-12-17,4.45,4.49,4.44,4.45,28635930,134790480.000
2013-12-18,4.45,4.48,4.41,4.43,28714399,134493584.000
2013-12-19,4.44,4.48,4.36,4.37,35977062,167856944.000
2013-12-20,4.38,4.41,4.27,4.31,53271822,244575200.000
2013-12-23,4.31,4.42,4.26,4.37,29134382,133398000.000
2013-12-24,4.38,4.40,4.28,4.33,31969970,146514752.000
2013-12-25,4.33,4.37,4.30,4.34,22612136,103621632.000
2013-12-26,4.35,4.35,4.18,4.24,69155214,310090368.000
2013-12-27,4.24,4.28,4.17,4.24,37525309,167896608.000
2013-12-30,4.26,4.27,4.18,4.19,36003650,160270128.000
2013-12-31,4.17,4.26,4.17,4.24,42844251,190660096.000
2014-01-02,4.22,4.25,4.20,4.22,34716699,154753024.000
2014-01-03,4.19,4.20,4.11,4.14,38122924,167269664.000
2014-01-06,4.12,4.25,4.06,4.24,65410498,287064992.000
2014-01-07,4.19,4.21,4.15,4.16,44528748,196608512.000
2014-01-08,4.17,4.22,4.12,4.15,34388978,151525264.000
2014-01-09,4.16,4.20,4.12,4.16,23632146,103877376.000
2014-01-10,4.15,4.21,4.15,4.18,27551966,121901960.000
2014-01-13,4.19,4.25,4.15,4.24,44062053,194906640.000
2014-01-14,4.22,4.36,4.21,4.35,70843769,321860960.000
2014-01-15,4.34,4.42,4.30,4.41,46615533,214491856.000
2014-01-16,4.40,4.41,4.36,4.38,21152927,97724384.000
2014-01-17,4.37,4.44,4.35,4.42,49037516,227295632.000
2014-01-20,4.42,4.42,4.26,4.38,29532573,135411568.000
2014-01-21,4.34,4.41,4.32,4.37,20238643,93314768.000
2014-01-22,4.36,4.42,4.35,4.41,37143152,171704848.000
2014-01-23,4.37,4.38,4.30,4.34,37685572,172644128.000
2014-01-24,4.33,4.37,4.31,4.36,28579969,131036464.000
2014-01-27,4.33,4.33,4.25,4.28,33444632,151081072.000
2014-01-28,4.30,4.32,4.24,4.25,23967045,108546376.000
2014-01-29,4.25,4.28,4.23,4.25,29583164,133056808.000
2014-01-30,4.25,4.26,4.21,4.22,14031345,62795768.000
2014-02-07,4.20,4.24,4.16,4.23,16970613,75340032.000
2014-02-10,4.23,4.28,4.22,4.28,47180281,212095696.000
2014-02-11,4.27,4.33,4.24,4.30,53933480,244034096.000
2014-02-12,4.30,4.34,4.26,4.28,34119023,154707776.000
2014-02-13,4.29,4.30,4.26,4.26,28434569,128511712.000
2014-02-14,4.26,4.30,4.25,4.29,19865903,89747456.000
2014-02-17,4.30,4.34,4.27,4.33,53158948,241369088.000
2014-02-18,4.32,4.35,4.27,4.29,55271300,251198096.000
2014-02-19,4.28,4.61,4.26,4.46,147369873,689405504.000
2014-02-20,4.81,4.93,4.81,4.93,185242557,954290688.000
2014-02-21,4.86,4.91,4.56,4.77,256515738,1287051264.000
2014-02-24,4.67,4.73,4.45,4.58,128373998,618562752.000
2014-02-25,4.56,4.78,4.50,4.65,125441712,616473664.000
2014-02-26,4.73,4.84,4.68,4.83,122661001,615082752.000
2014-02-27,4.87,5.34,4.75,5.17,352995983,1899719040.000
2014-02-28,5.06,5.23,5.02,5.13,175352141,940423616.000
2014-03-03,5.10,5.30,5.07,5.14,216635065,1178743168.000
2014-03-04,5.14,5.23,5.00,5.09,112207270,598876672.000
2014-03-05,5.08,5.09,4.85,4.86,124387014,647555072.000
2014-03-06,4.88,5.06,4.78,4.98,114113251,590534912.000
2014-03-07,5.02,5.33,5.00,5.11,201532164,1090925952.000
2014-03-10,5.06,5.11,4.91,4.96,115462900,605702464.000
2014-03-11,4.94,5.04,4.90,4.98,65268134,339716032.000
2014-03-12,4.92,4.95,4.58,4.73,138048950,690868160.000
2014-03-13,4.73,4.82,4.69,4.74,74086871,370176352.000
2014-03-14,4.70,4.82,4.67,4.73,50573484,252470144.000
2014-03-17,4.86,4.90,4.75,4.83,57622968,291899424.000
2014-03-18,4.83,4.86,4.76,4.78,45506370,229004608.000
2014-03-19,4.78,4.85,4.76,4.81,46367977,233632384.000
2014-03-20,4.80,4.95,4.76,4.83,88102430,449708960.000
2014-03-21,4.78,5.04,4.77,5.00,114838577,592863744.000
2014-03-24,4.95,5.00,4.86,4.98,85468205,441835040.000
2014-03-25,5.02,5.06,4.89,4.93,65329930,339501856.000
2014-03-26,4.96,4.96,4.85,4.91,44445669,228491488.000
2014-03-27,4.87,4.90,4.79,4.80,54118908,275579584.000
2014-03-28,4.83,4.84,4.75,4.78,60217069,303199648.000
2014-03-31,4.79,4.85,4.76,4.79,50777153,255799088.000
2014-04-01,4.79,4.81,4.76,4.80,36243324,181921840.000
2014-04-02,4.83,4.88,4.80,4.85,50375360,256238464.000
2014-04-03,4.85,4.88,4.74,4.83,96443745,485664896.000
2014-04-04,4.77,4.80,4.75,4.80,45096297,226255296.000
2014-04-08,4.78,5.01,4.78,4.90,179521499,927567808.000
2014-04-09,4.92,5.10,4.90,5.07,139505322,733805760.000
2014-04-10,5.09,5.18,5.03,5.12,120429500,643380608.000
2014-04-11,5.12,5.23,5.05,5.08,91303149,490221536.000
2014-04-14,5.08,5.20,5.04,5.20,79394542,425921120.000
2014-04-15,5.17,5.20,5.04,5.05,76548512,410378112.000
2014-04-16,5.04,5.10,4.96,5.02,52937852,278256352.000
2014-04-17,5.00,5.04,4.96,5.00,51814932,271276192.000
2014-04-18,4.99,5.01,4.92,4.99,38687595,201236256.000
2014-04-21,4.95,5.04,4.89,4.89,43474088,225821008.000
2014-04-22,4.87,5.02,4.86,4.99,77728754,403957216.000
2014-04-23,4.97,5.07,4.95,4.98,49151777,257671024.000
2014-04-24,4.96,5.01,4.93,4.95,23845552,123870520.000
2014-04-25,4.98,4.99,4.80,4.83,57564448,294466112.000
2014-04-28,4.85,4.90,4.76,4.83,49208381,249993648.000
2014-04-29,4.80,4.80,4.69,4.78,70704004,351978016.000
2014-04-30,4.76,4.84,4.74,4.78,35694256,179560032.000
2014-05-05,4.77,4.83,4.71,4.80,42037776,210583264.000
2014-05-06,4.79,4.81,4.76,4.79,21550092,108199112.000
2014-05-07,4.77,4.78,4.69,4.70,43761702,217345152.000
2014-05-08,4.69,4.78,4.67,4.72,38591572,191293776.000
2014-05-09,4.73,4.75,4.70,4.72,29535957,146439664.000
2014-05-12,4.75,4.85,4.72,4.83,59391502,298894592.000
2014-05-13,4.84,4.95,4.82,4.86,65110773,333198144.000
2014-05-14,4.82,4.92,4.82,4.89,33517636,171426112.000
2014-05-15,4.88,4.88,4.79,4.79,25230513,127796440.000
2014-05-16,4.79,4.82,4.77,4.79,22241598,111845184.000
2014-05-19,4.79,4.80,4.67,4.75,45671762,226666080.000
2014-05-20,4.75,4.80,4.74,4.76,23281112,116528704.000
2014-05-21,4.76,4.87,4.75,4.87,46017727,233676496.000
2014-05-22,4.86,4.90,4.82,4.85,31761011,162189312.000
2014-05-23,4.84,4.87,4.82,4.87,15899686,80798952.000
2014-05-26,4.89,4.89,4.81,4.83,23388107,118766736.000
2014-05-27,4.83,4.85,4.79,4.80,27706040,140176672.000
2014-05-28,4.80,4.85,4.78,4.83,29076545,147056336.000
2014-05-29,4.84,4.89,4.83,4.87,45841325,234163488.000
2014-05-30,4.88,4.90,4.83,4.86,33916872,173107040.000
2014-06-03,4.90,5.01,4.87,4.95,42362756,213252064.000
2014-06-04,4.95,4.95,4.90,4.95,26282617,131738832.000
2014-06-05,4.92,4.95,4.89,4.94,23310552,116765880.000
2014-06-06,4.95,4.95,4.91,4.94,20864361,104712528.000
2014-06-09,4.91,4.98,4.90,4.93,15700066,79045632.000
2014-06-10,4.94,5.05,4.90,5.02,62743852,318423616.000
2014-06-11,4.99,5.05,4.98,5.03,29797728,152293008.000
2014-06-12,5.03,5.03,4.96,4.99,25586460,129893056.000
2014-06-13,4.99,5.05,4.99,5.04,35904914,183791520.000
2014-06-16,5.04,5.12,5.04,5.12,74630073,387188608.000
2014-06-17,5.11,5.11,5.07,5.09,31067271,160737584.000
2014-06-18,5.08,5.09,5.02,5.03,30873279,158725024.000
2014-06-19,5.03,5.06,4.95,4.99,37444835,190508496.000
2014-06-20,4.98,5.02,4.93,5.00,27793120,141251872.000
2014-06-23,5.01,5.04,4.96,4.97,26869535,136833120.000
2014-06-24,4.97,5.01,4.96,4.98,20203547,102423744.000
2014-06-25,4.97,5.12,4.97,5.09,74509487,384508128.000
2014-06-26,5.08,5.17,5.06,5.12,62695119,326270912.000
2014-06-27,5.12,5.17,5.07,5.15,61018242,318675904.000
2014-06-30,5.17,5.21,5.09,5.18,59494559,312409952.000
2014-07-01,5.13,5.13,4.98,5.01,115126357,589159040.000
2014-07-02,5.02,5.03,4.99,5.02,45746226,233078592.000
2014-07-03,5.01,5.01,4.96,5.00,51796548,262856304.000
2014-07-04,4.99,5.01,4.93,4.97,69092907,348819136.000
2014-07-07,4.96,4.99,4.92,4.95,61135934,307539680.000
2014-07-08,4.94,4.97,4.92,4.96,57907422,291240864.000
2014-07-09,4.95,4.95,4.89,4.89,54149641,271008384.000
2014-07-10,4.89,4.91,4.87,4.87,35677737,177698048.000
2014-07-11,4.88,4.92,4.86,4.91,31347443,156295744.000
2014-07-14,4.91,4.95,4.86,4.94,41881971,209378768.000
2014-07-15,4.94,4.95,4.91,4.92,34870046,174909168.000
2014-07-16,4.92,4.93,4.90,4.91,45466396,227333600.000
2014-07-17,4.91,4.91,4.86,4.89,44575715,221858512.000
2014-07-18,4.88,4.89,4.86,4.88,45283589,224878592.000
2014-07-21,4.87,4.88,4.80,4.80,65098477,320064448.000
2014-07-22,4.80,4.91,4.80,4.90,87148558,431867296.000
2014-07-23,4.89,4.95,4.88,4.93,76649613,384660928.000
2014-07-24,4.94,5.01,4.94,4.99,85219134,432501952.000
2014-07-25,4.99,5.03,4.97,5.02,65093598,331011648.000
2014-07-28,5.04,5.14,5.02,5.12,134957313,699184064.000
2014-07-29,5.10,5.15,5.08,5.08,88920818,461987936.000
2014-07-30,5.11,5.26,5.11,5.14,179571872,947274176.000
2014-07-31,5.11,5.14,5.06,5.13,73144266,378752544.000
2014-08-01,5.09,5.15,5.07,5.08,68414605,355312608.000
2014-08-04,5.08,5.21,5.07,5.20,104250549,546219328.000
2014-08-05,5.19,5.21,5.12,5.15,59010420,309434048.000
2014-08-06,5.13,5.14,5.09,5.13,54531080,283606240.000
2014-08-07,5.13,5.14,5.02,5.06,75401982,389143040.000
2014-08-08,5.07,5.15,5.05,5.15,81782071,424982944.000
2014-08-11,5.15,5.23,5.13,5.20,93833686,495729664.000
2014-08-12,5.22,5.25,5.17,5.20,58124618,307861856.000
2014-08-13,5.22,5.24,5.15,5.19,63650738,336221536.000
2014-08-14,5.19,5.19,5.13,5.13,48026126,252730176.000
2014-08-15,5.14,5.20,5.12,5.18,43267832,227454560.000
2014-08-18,5.17,5.24,5.17,5.18,67588200,357198848.000
2014-08-19,5.20,5.35,5.13,5.32,190964234,1017722688.000
2014-08-20,5.26,5.33,5.23,5.27,125909551,675444480.000
2014-08-21,5.27,5.27,5.18,5.23,66773642,354138944.000
2014-08-22,5.23,5.23,5.18,5.21,68466461,362171904.000
2014-08-25,5.22,5.38,5.22,5.34,214962359,1163610624.000
2014-08-26,5.34,5.43,5.30,5.34,106869861,582935680.000
2014-08-27,5.41,5.41,5.29,5.35,68342302,372373856.000
2014-08-28,5.35,5.55,5.34,5.43,106860219,593204160.000
2014-08-29,5.44,5.49,5.40,5.44,52502681,290115552.000
2014-09-01,5.43,5.50,5.41,5.46,54703148,303112064.000
2014-09-02,5.46,5.49,5.40,5.48,70765959,391535072.000
2014-09-03,5.49,5.63,5.46,5.60,109135628,615711552.000
2014-09-04,5.60,5.63,5.54,5.60,90869704,515198400.000
2014-09-05,5.61,5.67,5.58,5.65,96280550,550829248.000
2014-09-09,5.65,5.66,5.58,5.61,61880538,353381792.000
2014-09-10,5.58,5.60,5.47,5.54,90980995,511308288.000
2014-09-11,5.52,5.59,5.49,5.51,73255778,411569536.000
2014-09-12,5.51,5.57,5.42,5.55,73876964,412590880.000
2014-09-15,5.64,5.65,5.46,5.51,276445372,1554642560.000
2014-09-16,5.48,5.48,5.34,5.36,185164506,1017318016.000
2014-09-17,5.36,5.36,5.29,5.34,89622802,484676064.000
2014-09-18,5.32,5.37,5.29,5.33,81151218,439606944.000
2014-09-19,5.34,5.35,5.29,5.35,65307589,353382784.000
2014-09-22,5.33,5.33,5.20,5.24,118775835,633743616.000
2014-09-23,5.22,5.26,5.18,5.25,73794247,392375776.000
2014-09-24,5.26,5.33,5.22,5.32,92110212,487242112.000
2014-09-25,5.33,5.37,5.32,5.33,97383314,519872608.000
2014-09-26,5.32,5.33,5.28,5.31,52045495,275709056.000
2014-09-29,5.31,5.35,5.28,5.31,80411398,426882208.000
2014-09-30,5.32,5.32,5.27,5.30,79993236,423083776.000
2014-10-08,5.31,5.32,5.22,5.29,105867574,557318144.000
2014-10-09,5.29,5.34,5.27,5.31,108529950,575894784.000
2014-10-10,5.29,5.32,5.26,5.27,75511698,398905184.000
2014-10-13,5.25,5.26,5.16,5.19,106490319,553793920.000
2014-10-14,5.20,5.24,5.18,5.20,58589511,305090944.000
2014-10-15,5.19,5.21,5.16,5.20,67814289,351228320.000
2014-10-16,5.17,5.24,5.16,5.19,78869243,409738208.000
2014-10-17,5.19,5.19,5.12,5.15,79155989,407673856.000
2014-10-20,5.15,5.17,5.14,5.16,48710195,251106304.000
2014-10-21,5.16,5.17,5.11,5.12,52184022,267907488.000
2014-10-22,5.13,5.15,5.11,5.12,50481570,258894192.000
2014-10-23,5.11,5.12,5.05,5.07,68728449,348953888.000
2014-10-24,5.07,5.09,5.04,5.05,39992533,202525872.000
2014-10-27,5.04,5.04,4.99,5.02,56085979,280961568.000
2014-10-28,5.02,5.09,5.01,5.09,67067786,338833056.000
2014-10-29,5.09,5.16,5.06,5.15,93521058,477839616.000
2014-10-30,5.13,5.22,5.11,5.18,136533908,704443584.000
2014-10-31,5.17,5.29,5.16,5.27,206047776,1077026048.000
2014-11-03,5.27,5.27,5.23,5.25,117736597,617214400.000
2014-11-04,5.22,5.25,5.18,5.22,110753063,576932160.000
2014-11-05,5.22,5.23,5.16,5.17,88370431,458487424.000
2014-11-06,5.18,5.20,5.15,5.16,74526263,385359040.000
2014-11-07,5.16,5.21,5.12,5.16,110540715,570706432.000
2014-11-10,5.17,5.26,5.14,5.26,162756338,848955584.000
2014-11-11,5.26,5.43,5.24,5.33,354791514,1890753024.000
2014-11-12,5.28,5.30,5.23,5.29,152183774,801657472.000
2014-11-13,5.29,5.36,5.27,5.31,172482957,915383296.000
2014-11-14,5.30,5.30,5.21,5.24,111363074,583111104.000
2014-11-17,5.25,5.27,5.19,5.20,97132348,506268896.000
2014-11-18,5.18,5.19,5.09,5.11,113039258,579185472.000
2014-11-19,5.09,5.11,5.06,5.08,72800494,369664352.000
2014-11-20,5.07,5.10,5.06,5.09,55189668,280404992.000
2014-11-21,5.10,5.12,5.06,5.12,86486414,440263648.000
2014-11-24,5.15,5.20,5.12,5.17,152959669,789347904.000
2014-11-25,5.16,5.20,5.13,5.19,141993943,732024512.000
2014-11-26,5.17,5.28,5.16,5.27,271122000,1414243072.000
2014-11-27,5.29,5.33,5.22,5.28,215190752,1134524416.000
2014-11-28,5.23,5.42,5.21,5.39,444420422,2362656512.000
2014-12-01,5.41,5.57,5.37,5.41,454834985,2484040192.000
2014-12-02,5.41,5.65,5.34,5.63,502765112,2770787072.000
2014-12-03,5.69,5.91,5.54,5.68,586157050,3356608768.000
2014-12-04,5.70,6.25,5.58,6.25,848207874,5074823168.000
2014-12-05,6.22,6.78,6.00,6.56,1471220469,9378705408.000
2014-12-08,6.30,6.58,6.15,6.43,1155371892,7377729024.000
2014-12-09,6.28,6.48,5.79,5.90,1231388929,7599305216.000
2014-12-10,5.85,5.95,5.66,5.88,564993778,3272165888.000
2014-12-11,5.79,5.82,5.68,5.76,461944381,2658469120.000
2014-12-12,5.75,5.84,5.72,5.76,358546562,2069465984.000
2014-12-15,5.75,5.76,5.65,5.75,308960206,1761687168.000
2014-12-16,5.73,5.90,5.70,5.90,522874083,3045694976.000
2014-12-17,5.91,6.07,5.82,6.01,629754087,3738061568.000
2014-12-18,6.05,6.13,5.94,5.98,485257328,2921513472.000
2014-12-19,5.94,6.33,5.85,6.22,720191745,4377313280.000
2014-12-22,6.28,6.66,6.25,6.35,1033422731,6617669120.000
2014-12-23,6.27,6.31,6.01,6.03,493233225,3036285184.000
2014-12-24,6.06,6.10,5.80,5.86,447006894,2646207232.000
2014-12-25,5.88,6.01,5.84,6.00,390664908,2320192512.000
2014-12-26,6.00,6.19,5.95,6.17,515090107,3130606336.000
2014-12-29,6.38,6.50,6.19,6.25,734613245,4662062080.000
2014-12-30,6.24,6.35,6.15,6.26,427391988,2670108672.000
2014-12-31,6.29,6.51,6.22,6.49,696007603,4455350784.000
2015-01-05,6.59,7.14,6.45,7.14,1186499645,8139851264.000
2015-01-06,7.18,7.22,6.81,7.00,1089998433,7634184704.000
2015-01-07,6.91,7.26,6.76,7.18,787315301,5489033728.000
2015-01-08,7.09,7.41,6.83,6.85,819090235,5822718464.000
2015-01-09,6.78,7.03,6.64,6.73,603203747,4120401664.000
2015-01-12,6.64,6.73,6.52,6.57,342106901,2267761408.000
2015-01-13,6.56,6.73,6.50,6.58,291014900,1924842624.000
2015-01-14,6.58,6.66,6.51,6.58,244587549,1612551424.000
2015-01-15,6.63,6.95,6.56,6.90,433880937,2925548032.000
2015-01-16,6.85,7.04,6.83,6.93,493614190,3416397056.000
2015-01-19,6.53,6.74,6.24,6.24,588669382,3795939584.000
2015-01-20,6.27,6.44,6.19,6.32,405835783,2565096192.000
2015-01-21,6.31,6.70,6.24,6.60,506850477,3275543040.000
2015-01-22,6.58,6.64,6.52,6.58,327285907,2153629696.000
2015-01-23,6.60,6.82,6.55,6.60,428526896,2854996224.000
2015-01-26,6.58,6.70,6.52,6.67,281930774,1861576448.000
2015-01-27,6.67,6.72,6.38,6.48,394545028,2580314368.000
2015-01-28,6.43,6.46,6.31,6.34,307168322,1958554112.000
2015-01-29,6.20,6.21,6.05,6.16,604762591,3711845120.000
2015-01-30,6.14,6.17,6.02,6.03,502445638,3057447936.000
2015-02-02,5.98,6.00,5.85,5.87,441451116,2613810944.000
2015-02-03,5.93,6.02,5.88,6.01,519816188,3087658240.000
2015-02-04,6.03,6.11,5.91,5.92,481230239,2901319936.000
2015-02-05,6.03,6.03,5.82,5.83,421405990,2495139840.000
2015-02-06,5.81,5.82,5.65,5.69,464727377,2661121792.000
2015-02-09,5.62,5.72,5.55,5.68,457007365,2575007232.000
2015-02-10,5.63,5.75,5.61,5.74,499062183,2833973248.000
2015-02-11,5.74,5.74,5.67,5.70,333182312,1899424000.000
2015-02-12,5.70,5.86,5.64,5.83,454096297,2611097344.000
2015-02-13,5.85,5.92,5.82,5.84,415021006,2433724928.000
2015-02-16,5.85,5.89,5.81,5.87,239464165,1401012992.000
2015-02-17,5.88,5.92,5.87,5.89,248451878,1464141184.000
2015-02-25,6.06,6.19,6.02,6.09,919770406,5625850368.000
2015-02-26,6.06,6.14,5.98,6.13,494122088,2993120512.000
2015-02-27,6.10,6.40,6.08,6.32,771479718,4821539328.000
2015-03-02,6.28,6.28,6.18,6.26,530492332,3306996992.000
2015-03-03,6.21,6.22,6.01,6.03,483644500,2954049792.000
2015-03-04,6.03,6.14,5.97,6.08,389003293,2362151424.000
2015-03-05,6.01,6.05,5.90,5.95,404835582,2416030976.000
2015-03-06,5.94,6.02,5.92,5.96,232007973,1385329152.000
2015-03-09,6.00,6.12,5.95,6.11,456849443,2759675392.000
2015-03-10,6.10,6.10,6.02,6.04,278327526,1687011584.000
2015-03-11,6.03,6.15,6.01,6.06,317362114,1928344704.000
2015-03-12,6.08,6.20,6.03,6.16,492428426,3016035072.000
2015-03-13,6.17,6.27,6.14,6.17,462138234,2867389696.000
2015-03-16,6.18,6.24,6.13,6.24,512670480,3177196032.000
2015-03-17,6.26,6.35,6.22,6.34,801711500,5033431552.000
2015-03-18,6.34,6.43,6.28,6.42,742749756,4726774784.000
2015-03-19,6.41,6.54,6.36,6.42,689576656,4437441536.000
2015-03-20,6.40,6.48,6.34,6.41,694904539,4452966400.000
2015-03-23,6.36,6.44,6.31,6.43,1015170519,6475950592.000
2015-03-24,6.45,6.47,6.27,6.37,815499338,5199721472.000
2015-03-25,6.36,6.37,6.23,6.26,546337574,3437382144.000
2015-03-26,6.25,6.46,6.20,6.44,972991515,6211595264.000
2015-03-27,6.46,6.48,6.34,6.37,508854481,3252205568.000
2015-03-30,6.35,6.51,6.34,6.49,858380304,5528736256.000
2015-03-31,6.52,6.58,6.40,6.41,828587597,5390063104.000
2015-04-01,6.38,6.50,6.37,6.47,590570290,3792914176.000
2015-04-02,6.52,6.56,6.42,6.48,671376076,4359572480.000
2015-04-03,6.43,6.46,6.39,6.45,536571297,3449871616.000
2015-04-07,6.49,6.68,6.47,6.66,1063139113,6974008832.000
2015-04-08,6.69,6.79,6.55,6.74,1155811544,7718480384.000
2015-04-09,6.68,6.78,6.55,6.67,852473963,5694398464.000
2015-04-10,6.66,6.73,6.63,6.71,667060860,4457166336.000
数据来源:通达信
