601288 农业银行 日线 前复权
      日期	    开盘	    最高	    最低	    收盘	    成交量	    成交额
2011-03-03,2.11,2.18,2.10,2.15,552478297,1471257216.000
2011-03-04,2.14,2.17,2.14,2.16,223421790,597488832.000
2011-03-07,2.16,2.20,2.16,2.18,359118041,968748416.000
2011-03-08,2.18,2.19,2.16,2.18,149308016,402090848.000
2011-03-09,2.18,2.20,2.16,2.17,178657619,482920384.000
2011-03-10,2.17,2.18,2.13,2.14,134664037,359229120.000
2011-03-11,2.13,2.15,2.12,2.12,124263500,329569088.000
2011-03-14,2.11,2.13,2.10,2.11,135093810,355687520.000
2011-03-15,2.11,2.12,2.08,2.11,192229630,503268032.000
2011-03-16,2.10,2.13,2.10,2.12,110482208,290647680.000
2011-03-17,2.11,2.11,2.09,2.10,123115710,322148672.000
2011-03-18,2.11,2.12,2.10,2.11,118883772,312711008.000
2011-03-21,2.11,2.13,2.10,2.13,120722286,317872128.000
2011-03-22,2.13,2.14,2.11,2.14,154554689,409820128.000
2011-03-23,2.13,2.16,2.13,2.15,138797825,370386144.000
2011-03-24,2.15,2.16,2.14,2.16,117044652,312496256.000
2011-03-25,2.16,2.19,2.15,2.18,310371791,836316608.000
2011-03-28,2.19,2.22,2.18,2.20,363428356,990547392.000
2011-03-29,2.19,2.26,2.18,2.22,349966896,959689728.000
2011-03-30,2.23,2.25,2.20,2.23,237817162,653972480.000
2011-03-31,2.23,2.26,2.20,2.24,224126136,617135104.000
2011-04-01,2.24,2.28,2.23,2.27,210775008,585497216.000
2011-04-06,2.27,2.36,2.26,2.34,591280432,1680666112.000
2011-04-07,2.34,2.39,2.32,2.35,339076066,976058752.000
2011-04-08,2.34,2.35,2.31,2.34,133550821,380314496.000
2011-04-11,2.34,2.38,2.34,2.35,240611112,693642560.000
2011-04-12,2.34,2.36,2.32,2.32,133115724,380423808.000
2011-04-13,2.31,2.38,2.30,2.38,162740750,464399200.000
2011-04-14,2.38,2.48,2.37,2.44,483372792,1434704384.000
2011-04-15,2.44,2.48,2.42,2.46,233277065,694725952.000
2011-04-18,2.45,2.49,2.43,2.46,252996171,755336384.000
2011-04-19,2.44,2.45,2.39,2.39,160453093,470493056.000
2011-04-20,2.40,2.43,2.37,2.42,167188631,488434304.000
2011-04-21,2.43,2.44,2.39,2.40,170416645,499617536.000
2011-04-22,2.40,2.41,2.35,2.36,115207274,333473568.000
2011-04-25,2.36,2.39,2.34,2.36,138948720,400896608.000
2011-04-26,2.35,2.38,2.34,2.36,111671679,321634624.000
2011-04-27,2.37,2.42,2.36,2.38,226640521,661362496.000
2011-04-28,2.40,2.49,2.38,2.44,397912092,1183250560.000
2011-04-29,2.43,2.44,2.36,2.42,224555634,652935488.000
2011-05-03,2.40,2.41,2.37,2.40,110364915,321157472.000
2011-05-04,2.38,2.39,2.31,2.34,156344053,450222432.000
2011-05-05,2.32,2.42,2.31,2.41,231634234,670348608.000
2011-05-06,2.38,2.42,2.36,2.40,137392838,401458944.000
2011-05-09,2.40,2.42,2.36,2.37,72581796,210632272.000
2011-05-10,2.37,2.41,2.35,2.41,66342608,192236736.000
2011-05-11,2.40,2.41,2.37,2.39,68241722,198725024.000
2011-05-12,2.38,2.39,2.34,2.36,70266177,203040272.000
2011-05-13,2.36,2.39,2.32,2.38,102669660,294965664.000
2011-05-16,2.37,2.39,2.34,2.36,106519735,307041184.000
2011-05-17,2.36,2.38,2.32,2.37,127319294,365756288.000
2011-05-18,2.36,2.41,2.35,2.40,98916091,287402016.000
2011-05-19,2.40,2.43,2.39,2.40,89248160,261508896.000
2011-05-20,2.40,2.42,2.39,2.41,72741915,212983616.000
2011-05-23,2.40,2.41,2.34,2.35,103939624,299716928.000
2011-05-24,2.34,2.36,2.32,2.33,104104796,297517088.000
2011-05-25,2.33,2.34,2.25,2.26,168256693,471437888.000
2011-05-26,2.27,2.30,2.26,2.28,163296891,457262240.000
2011-05-27,2.28,2.30,2.25,2.26,128491024,359145408.000
2011-05-30,2.25,2.33,2.24,2.32,135059370,381157600.000
2011-05-31,2.30,2.33,2.29,2.32,128988238,365306912.000
2011-06-01,2.34,2.34,2.30,2.32,132291057,375967936.000
2011-06-02,2.29,2.31,2.21,2.25,214605252,593849152.000
2011-06-03,2.24,2.29,2.24,2.28,172621507,480962880.000
2011-06-07,2.27,2.28,2.24,2.26,98117957,272271808.000
2011-06-09,2.24,2.25,2.19,2.21,196066432,535193856.000
2011-06-10,2.21,2.23,2.18,2.21,99907002,271763424.000
2011-06-13,2.20,2.22,2.17,2.21,107736510,291790176.000
2011-06-14,2.20,2.23,2.19,2.21,170790768,466514272.000
2011-06-15,2.20,2.21,2.19,2.19,78918732,214590864.000
2011-06-16,2.18,2.20,2.17,2.19,105282410,284479200.000
2011-06-17,2.21,2.21,2.18,2.18,48619015,129117664.000
2011-06-20,2.18,2.19,2.15,2.18,126521062,332456032.000
2011-06-21,2.17,2.21,2.17,2.19,103744398,274929536.000
2011-06-22,2.19,2.26,2.18,2.24,139957213,375587072.000
2011-06-23,2.23,2.27,2.22,2.27,89116028,241031120.000
2011-06-24,2.26,2.34,2.25,2.33,168321173,466503008.000
2011-06-27,2.33,2.34,2.31,2.34,107279219,299312960.000
2011-06-28,2.33,2.34,2.31,2.33,116087491,323670432.000
2011-06-29,2.33,2.34,2.30,2.32,142343351,395380672.000
2011-06-30,2.31,2.34,2.30,2.34,110024209,306652256.000
2011-07-01,2.34,2.35,2.26,2.28,161490024,445271808.000
2011-07-04,2.29,2.32,2.27,2.31,133470600,367823264.000
2011-07-05,2.31,2.31,2.27,2.28,110641726,304055488.000
2011-07-06,2.28,2.28,2.21,2.24,217111704,584537152.000
2011-07-07,2.25,2.27,2.19,2.21,285278025,763537472.000
2011-07-08,2.22,2.24,2.19,2.23,147643439,395555040.000
2011-07-11,2.22,2.24,2.20,2.22,84512601,226337072.000
2011-07-12,2.21,2.22,2.17,2.20,192768526,510497792.000
2011-07-13,2.21,2.25,2.20,2.25,204725635,550570048.000
2011-07-14,2.24,2.25,2.22,2.24,148721830,400973568.000
2011-07-15,2.24,2.26,2.21,2.24,168332399,454436256.000
2011-07-18,2.24,2.27,2.23,2.27,243729955,661308992.000
2011-07-19,2.26,2.27,2.24,2.26,132658658,360476288.000
2011-07-20,2.26,2.28,2.24,2.26,129115720,350683424.000
2011-07-21,2.25,2.26,2.22,2.25,155456442,418908960.000
2011-07-22,2.24,2.25,2.22,2.23,102860412,276592928.000
2011-07-25,2.22,2.23,2.17,2.18,134785804,358015648.000
2011-07-26,2.18,2.21,2.17,2.19,149280144,394957792.000
2011-07-27,2.18,2.20,2.17,2.19,73722265,195043840.000
2011-07-28,2.18,2.19,2.17,2.18,58993545,155565296.000
2011-07-29,2.18,2.26,2.17,2.22,134114067,358571456.000
2011-08-01,2.21,2.24,2.19,2.22,57426465,153636352.000
2011-08-02,2.20,2.21,2.18,2.19,33675014,89295360.000
2011-08-03,2.18,2.21,2.17,2.21,96388135,255751600.000
2011-08-04,2.21,2.21,2.19,2.20,23902908,63458064.000
2011-08-05,2.17,2.18,2.15,2.16,83635466,219373200.000
2011-08-08,2.15,2.16,2.11,2.12,134383131,348849408.000
2011-08-09,2.09,2.13,2.07,2.13,139385365,356557920.000
2011-08-10,2.15,2.16,2.11,2.13,131527658,342178656.000
2011-08-11,2.09,2.17,2.08,2.16,130443633,339673216.000
2011-08-12,2.17,2.17,2.14,2.16,90820763,237620016.000
2011-08-15,2.16,2.19,2.13,2.18,144515949,379242976.000
2011-08-16,2.18,2.20,2.16,2.17,87528569,231019456.000
2011-08-17,2.16,2.19,2.16,2.17,59964976,157957168.000
2011-08-18,2.17,2.18,2.12,2.13,82376013,214913488.000
2011-08-19,2.09,2.13,2.08,2.11,86512040,221871072.000
2011-08-22,2.11,2.13,2.10,2.11,64927425,167085424.000
2011-08-23,2.12,2.14,2.10,2.14,49217214,127054848.000
2011-08-24,2.14,2.15,2.12,2.12,45265590,117625272.000
2011-08-25,2.13,2.20,2.13,2.18,211875661,558981696.000
2011-08-26,2.18,2.19,2.14,2.16,134682577,353725600.000
2011-08-29,2.15,2.15,2.12,2.14,113925870,295869632.000
2011-08-30,2.15,2.18,2.13,2.14,147188366,384754528.000
2011-08-31,2.13,2.15,2.12,2.15,89444724,232158208.000
2011-09-01,2.14,2.16,2.13,2.14,56096452,145877520.000
2011-09-02,2.13,2.14,2.11,2.12,70232786,181338704.000
2011-09-05,2.11,2.12,2.09,2.09,115272789,295776032.000
2011-09-06,2.09,2.10,2.07,2.10,113208803,288070464.000
2011-09-07,2.10,2.13,2.09,2.12,104233254,267757392.000
2011-09-08,2.12,2.13,2.11,2.12,53784020,138618768.000
2011-09-09,2.12,2.14,2.11,2.12,67459075,174213760.000
2011-09-13,2.10,2.12,2.09,2.11,54968842,140773344.000
2011-09-14,2.11,2.12,2.07,2.10,113628346,289610432.000
2011-09-15,2.09,2.10,2.08,2.08,90680229,230868448.000
2011-09-16,2.09,2.10,2.08,2.09,82412915,210017696.000
2011-09-19,2.08,2.09,2.05,2.06,94923091,239747232.000
2011-09-20,2.06,2.08,2.05,2.07,54731290,138046912.000
2011-09-21,2.07,2.12,2.06,2.10,141000552,360258048.000
2011-09-22,2.08,2.10,2.05,2.06,102458078,258935488.000
2011-09-23,2.04,2.05,2.01,2.05,161772730,402610816.000
2011-09-26,2.04,2.05,2.00,2.02,83000210,206298048.000
2011-09-27,2.03,2.04,2.00,2.02,94188726,233429888.000
2011-09-28,2.03,2.04,1.99,2.01,84269434,208091248.000
2011-09-29,2.00,2.01,1.98,2.00,75190040,184776224.000
2011-09-30,2.00,2.02,1.98,2.00,130944175,322135136.000
2011-10-10,1.99,2.02,1.97,2.01,111113139,272211040.000
2011-10-11,2.09,2.12,2.04,2.06,214753056,543984000.000
2011-10-12,2.05,2.14,2.04,2.12,299782688,768931136.000
2011-10-13,2.11,2.14,2.08,2.13,151881829,389246912.000
2011-10-14,2.11,2.15,2.08,2.14,165999875,426718912.000
2011-10-17,2.13,2.15,2.12,2.15,129111710,335204352.000
2011-10-18,2.12,2.17,2.10,2.16,216712374,561545600.000
2011-10-19,2.14,2.15,2.13,2.13,77799164,202397760.000
2011-10-20,2.12,2.13,2.08,2.09,75762719,194318032.000
2011-10-21,2.10,2.13,2.08,2.12,76512113,196758848.000
2011-10-24,2.12,2.19,2.12,2.17,179725146,470987872.000
2011-10-25,2.17,2.21,2.16,2.20,142416917,377086080.000
2011-10-26,2.19,2.23,2.18,2.19,143202895,381972544.000
2011-10-27,2.20,2.22,2.19,2.22,96478613,257687216.000
2011-10-28,2.23,2.26,2.21,2.22,188242367,507374880.000
2011-10-31,2.22,2.24,2.21,2.22,95929904,257103696.000
2011-11-01,2.20,2.23,2.18,2.21,94303176,251323568.000
2011-11-02,2.18,2.22,2.17,2.22,86583329,229497104.000
2011-11-03,2.22,2.22,2.19,2.20,168736545,449649760.000
2011-11-04,2.21,2.22,2.19,2.21,123715707,329377504.000
2011-11-07,2.20,2.21,2.17,2.18,57665749,152757008.000
2011-11-08,2.18,2.19,2.16,2.18,69175903,182232816.000
2011-11-09,2.18,2.21,2.17,2.20,90277224,238965040.000
2011-11-10,2.18,2.19,2.16,2.17,71983594,189202816.000
2011-11-11,2.16,2.19,2.16,2.19,48040029,126538360.000
2011-11-14,2.19,2.22,2.18,2.20,93231495,248127808.000
2011-11-15,2.20,2.20,2.16,2.18,62708012,165232240.000
2011-11-16,2.18,2.18,2.12,2.13,73819136,192623328.000
2011-11-17,2.13,2.14,2.12,2.13,32704233,84691040.000
2011-11-18,2.12,2.13,2.09,2.09,50680352,130042200.000
2011-11-21,2.10,2.10,2.07,2.08,28932644,73492392.000
2011-11-22,2.07,2.09,2.06,2.08,31302508,79482392.000
2011-11-23,2.09,2.10,2.07,2.10,48604369,123468072.000
2011-11-24,2.08,2.12,2.07,2.11,47586261,121835760.000
2011-11-25,2.10,2.11,2.07,2.08,27175679,69178512.000
2011-11-28,2.07,2.10,2.07,2.09,24454148,62251080.000
2011-11-29,2.10,2.12,2.09,2.11,41291475,105813704.000
2011-11-30,2.11,2.12,2.07,2.08,68929752,176132144.000
2011-12-01,2.12,2.17,2.10,2.14,115558319,299696320.000
2011-12-02,2.12,2.13,2.09,2.12,44245054,113682072.000
2011-12-05,2.12,2.14,2.11,2.14,67092920,173882800.000
2011-12-06,2.13,2.14,2.09,2.10,46944501,120574304.000
2011-12-07,2.09,2.12,2.09,2.11,26414722,67834128.000
2011-12-08,2.11,2.13,2.09,2.12,40819536,105039176.000
2011-12-09,2.11,2.14,2.11,2.13,43889359,113578680.000
2011-12-12,2.13,2.14,2.11,2.11,23646341,61025040.000
2011-12-13,2.11,2.13,2.07,2.08,72010616,185134832.000
2011-12-14,2.08,2.09,2.06,2.08,31752090,80564936.000
2011-12-15,2.08,2.09,2.05,2.07,44753622,113002312.000
2011-12-16,2.06,2.12,2.05,2.11,98782104,251193232.000
2011-12-19,2.09,2.11,2.06,2.10,77553658,197608800.000
2011-12-20,2.10,2.13,2.09,2.12,57551864,147816912.000
2011-12-21,2.12,2.15,2.11,2.14,110575173,286884032.000
2011-12-22,2.13,2.16,2.12,2.14,127337875,330566336.000
2011-12-23,2.13,2.15,2.12,2.12,75772729,196594512.000
2011-12-26,2.12,2.13,2.11,2.12,44124221,113750448.000
2011-12-27,2.12,2.14,2.11,2.13,49399179,127537992.000
2011-12-28,2.12,2.13,2.09,2.13,77180219,198844256.000
2011-12-29,2.12,2.14,2.11,2.14,47704610,123674976.000
2011-12-30,2.14,2.16,2.13,2.16,101892067,265189584.000
2012-01-04,2.16,2.17,2.13,2.14,79900877,208896544.000
2012-01-05,2.14,2.20,2.14,2.19,143180844,378868160.000
2012-01-06,2.18,2.21,2.18,2.20,79769708,211840160.000
2012-01-09,2.19,2.22,2.17,2.22,89918279,239344896.000
2012-01-10,2.21,2.24,2.20,2.23,87197728,233754704.000
2012-01-11,2.23,2.24,2.21,2.21,76799623,206008080.000
2012-01-12,2.21,2.22,2.19,2.19,93682230,249596592.000
2012-01-13,2.19,2.20,2.18,2.19,69265138,183878400.000
2012-01-17,2.19,2.24,2.18,2.23,122383769,326730912.000
2012-01-18,2.23,2.24,2.20,2.23,126405639,339461952.000
2012-01-19,2.23,2.25,2.22,2.24,94004676,253916832.000
2012-01-20,2.25,2.27,2.23,2.26,152252180,412517344.000
2012-01-30,2.27,2.27,2.21,2.22,116110753,312947744.000
2012-01-31,2.23,2.24,2.21,2.24,108784369,291857152.000
2012-02-01,2.23,2.25,2.22,2.22,68407516,184259152.000
2012-02-02,2.23,2.27,2.22,2.27,109422766,296519840.000
2012-02-03,2.27,2.30,2.26,2.29,131592821,360612320.000
2012-02-06,2.29,2.30,2.27,2.29,65516666,179869824.000
2012-02-07,2.28,2.29,2.25,2.26,54997159,149949696.000
2012-02-08,2.26,2.31,2.25,2.29,72550673,199172576.000
2012-02-09,2.29,2.30,2.26,2.27,51126614,139719168.000
2012-02-10,2.26,2.29,2.25,2.26,82018900,223715728.000
2012-02-13,2.25,2.26,2.24,2.25,60565215,164014640.000
2012-02-14,2.25,2.25,2.23,2.24,57386848,154930016.000
2012-02-15,2.24,2.26,2.24,2.24,71977356,194801008.000
2012-02-16,2.24,2.25,2.23,2.23,55656638,150089120.000
2012-02-17,2.24,2.25,2.23,2.24,41841835,113204496.000
2012-02-20,2.27,2.28,2.25,2.26,79268548,216279248.000
2012-02-21,2.26,2.27,2.25,2.26,33052260,89963696.000
2012-02-22,2.26,2.27,2.24,2.26,80748309,218980192.000
2012-02-23,2.26,2.26,2.25,2.25,59718982,162052720.000
2012-02-24,2.25,2.28,2.24,2.28,127666831,347006528.000
2012-02-27,2.28,2.29,2.26,2.28,148939340,407709728.000
2012-02-28,2.27,2.30,2.27,2.30,112472639,309419808.000
2012-02-29,2.29,2.30,2.27,2.29,59775487,164003936.000
2012-03-01,2.28,2.29,2.27,2.28,35428077,97169680.000
2012-03-02,2.28,2.29,2.27,2.28,74282562,203751216.000
2012-03-05,2.29,2.29,2.26,2.27,108813408,297624960.000
2012-03-06,2.27,2.28,2.24,2.25,75021591,203736496.000
2012-03-07,2.24,2.25,2.22,2.23,86397075,232791568.000
2012-03-08,2.23,2.26,2.23,2.25,77402381,209339600.000
2012-03-09,2.25,2.26,2.23,2.25,89240714,241321744.000
2012-03-12,2.24,2.25,2.23,2.24,76810303,206918304.000
2012-03-13,2.25,2.26,2.23,2.25,69344541,187976928.000
2012-03-14,2.26,2.28,2.24,2.24,157718963,428756704.000
2012-03-15,2.24,2.26,2.20,2.21,230373275,621654464.000
2012-03-16,2.21,2.22,2.20,2.22,119618890,319721280.000
2012-03-19,2.21,2.22,2.18,2.19,133559682,354730848.000
2012-03-20,2.19,2.20,2.16,2.16,129373956,340791936.000
2012-03-21,2.17,2.18,2.15,2.16,135760404,355773440.000
2012-03-22,2.16,2.19,2.16,2.19,169436626,446258720.000
2012-03-23,2.19,2.20,2.17,2.18,109588917,289625216.000
2012-03-26,2.18,2.20,2.18,2.20,99912905,264515984.000
2012-03-27,2.20,2.20,2.19,2.19,68922578,182779360.000
2012-03-28,2.19,2.21,2.19,2.19,95292174,253326960.000
2012-03-29,2.19,2.20,2.18,2.19,81570084,215946448.000
2012-03-30,2.18,2.22,2.18,2.22,96216187,255435904.000
2012-04-05,2.20,2.21,2.17,2.19,140306189,371017408.000
2012-04-06,2.19,2.20,2.17,2.18,44463978,117426056.000
2012-04-09,2.17,2.19,2.17,2.17,25765501,67821832.000
2012-04-10,2.17,2.19,2.17,2.18,33085724,87320152.000
2012-04-11,2.18,2.20,2.17,2.18,73589257,194501600.000
2012-04-12,2.18,2.22,2.18,2.22,90991517,242298720.000
2012-04-13,2.21,2.23,2.21,2.22,62169651,166614384.000
2012-04-16,2.21,2.22,2.20,2.20,49999477,133489640.000
2012-04-17,2.20,2.22,2.20,2.22,52758440,140902304.000
2012-04-18,2.22,2.26,2.21,2.25,108941300,294550400.000
2012-04-19,2.24,2.26,2.24,2.25,59553641,161329936.000
2012-04-20,2.25,2.28,2.24,2.27,78028687,212170224.000
2012-04-23,2.27,2.27,2.25,2.25,47812201,130024696.000
2012-04-24,2.26,2.29,2.25,2.28,91645537,250534976.000
2012-04-25,2.27,2.28,2.26,2.28,47160130,128911232.000
2012-04-26,2.27,2.29,2.26,2.27,48934619,133423552.000
2012-04-27,2.27,2.28,2.26,2.26,53652242,146129872.000
2012-05-02,2.28,2.28,2.26,2.27,124189592,339059872.000
2012-05-03,2.27,2.27,2.25,2.27,61399868,167023360.000
2012-05-04,2.27,2.29,2.26,2.27,99328053,271352832.000
2012-05-07,2.27,2.28,2.26,2.27,81140966,221749632.000
2012-05-08,2.27,2.30,2.26,2.30,104131459,285364288.000
2012-05-09,2.29,2.29,2.26,2.26,75335044,205883952.000
2012-05-10,2.27,2.29,2.26,2.28,55757365,152488400.000
2012-05-11,2.27,2.29,2.26,2.27,65724987,179590000.000
2012-05-14,2.27,2.27,2.22,2.23,79791979,215838832.000
2012-05-15,2.23,2.24,2.21,2.23,64827769,173923088.000
2012-05-16,2.23,2.24,2.20,2.21,73893485,197565248.000
2012-05-17,2.21,2.25,2.20,2.24,56869820,152741024.000
2012-05-18,2.22,2.23,2.18,2.19,86998188,231640352.000
2012-05-21,2.21,2.21,2.18,2.19,60731201,161301120.000
2012-05-22,2.20,2.20,2.19,2.20,35815030,95100416.000
2012-05-23,2.20,2.21,2.19,2.19,26776547,71126864.000
2012-05-24,2.19,2.20,2.18,2.19,35709596,94628320.000
2012-05-25,2.19,2.20,2.18,2.18,30339232,80460664.000
2012-05-28,2.19,2.21,2.19,2.20,59969289,159273504.000
2012-05-29,2.20,2.23,2.19,2.23,56048991,149678912.000
2012-05-30,2.22,2.23,2.21,2.23,52553200,140802336.000
2012-05-31,2.21,2.22,2.18,2.18,74093492,196877216.000
2012-06-01,2.19,2.21,2.19,2.19,38416578,102195304.000
2012-06-04,2.19,2.20,2.15,2.15,72754086,191653552.000
2012-06-05,2.16,2.17,2.15,2.16,37305089,97795432.000
2012-06-06,2.17,2.18,2.16,2.18,28350647,74669768.000
2012-06-07,2.18,2.19,2.16,2.17,36282797,95696112.000
2012-06-11,2.16,2.17,2.15,2.16,101420992,265645488.000
2012-06-12,2.16,2.16,2.14,2.15,57605537,150400656.000
2012-06-13,2.16,2.17,2.15,2.16,76652213,200400560.000
2012-06-14,2.16,2.17,2.14,2.16,64759303,169062848.000
2012-06-15,2.16,2.21,2.15,2.19,92104704,243480352.000
2012-06-18,2.20,2.21,2.19,2.21,51567766,137480256.000
2012-06-19,2.21,2.22,2.19,2.21,62349031,166439600.000
2012-06-20,2.24,2.24,2.21,2.22,45339877,115849368.000
2012-06-21,2.22,2.23,2.20,2.21,73693713,187559376.000
2012-06-25,2.21,2.23,2.20,2.21,52361850,133621928.000
2012-06-26,2.21,2.23,2.21,2.22,35417862,90227072.000
2012-06-27,2.22,2.23,2.21,2.23,37428907,95468928.000
2012-06-28,2.23,2.24,2.22,2.22,36529432,93616960.000
2012-06-29,2.22,2.26,2.22,2.26,66279119,170797984.000
2012-07-02,2.25,2.26,2.24,2.25,50291950,129756120.000
2012-07-03,2.25,2.26,2.24,2.24,29959284,77208384.000
2012-07-04,2.24,2.25,2.23,2.24,36893152,94729544.000
2012-07-05,2.23,2.24,2.23,2.24,35687036,91615912.000
2012-07-06,2.22,2.23,2.21,2.22,33654474,85901120.000
2012-07-09,2.22,2.24,2.17,2.18,77200225,196074048.000
2012-07-10,2.18,2.19,2.16,2.17,45583100,114142760.000
2012-07-11,2.17,2.18,2.14,2.15,50195771,124921512.000
2012-07-12,2.15,2.16,2.12,2.13,77542197,191233984.000
2012-07-13,2.13,2.15,2.13,2.14,35168221,86780168.000
2012-07-16,2.15,2.15,2.13,2.15,60706404,150161728.000
2012-07-17,2.15,2.17,2.14,2.16,44781615,111298216.000
2012-07-18,2.17,2.18,2.15,2.16,37963582,94859776.000
2012-07-19,2.17,2.18,2.16,2.16,31775166,79383848.000
2012-07-20,2.16,2.17,2.14,2.16,29811444,74093528.000
2012-07-23,2.15,2.16,2.12,2.13,34312905,84743016.000
2012-07-24,2.14,2.14,2.11,2.11,42578451,104499624.000
2012-07-25,2.11,2.13,2.11,2.12,21008247,51371212.000
2012-07-26,2.11,2.13,2.11,2.12,24477789,60068584.000
2012-07-27,2.13,2.16,2.12,2.15,39118738,96730216.000
2012-07-30,2.15,2.18,2.14,2.16,42110058,105079696.000
2012-07-31,2.17,2.19,2.16,2.19,41806791,104970952.000
2012-08-01,2.18,2.19,2.17,2.17,29344715,73745456.000
2012-08-02,2.17,2.19,2.17,2.18,23973558,60150164.000
2012-08-03,2.18,2.20,2.18,2.19,22008294,55523392.000
2012-08-06,2.19,2.20,2.17,2.17,41906372,105235856.000
2012-08-07,2.18,2.19,2.17,2.17,30272213,75807272.000
2012-08-08,2.17,2.20,2.17,2.18,48305563,121856672.000
2012-08-09,2.18,2.20,2.18,2.20,34423182,86869968.000
2012-08-10,2.20,2.21,2.19,2.20,31022693,78647176.000
2012-08-13,2.19,2.21,2.19,2.20,44744665,113574336.000
2012-08-14,2.20,2.22,2.20,2.21,66267072,168674464.000
2012-08-15,2.21,2.22,2.18,2.18,34835796,88009992.000
2012-08-16,2.18,2.20,2.18,2.19,14674016,36929576.000
2012-08-17,2.19,2.20,2.17,2.18,39085931,98199512.000
2012-08-20,2.17,2.19,2.15,2.17,30300170,75585704.000
2012-08-21,2.16,2.17,2.15,2.15,53374096,132665120.000
2012-08-22,2.15,2.16,2.14,2.16,39645032,98186312.000
2012-08-23,2.15,2.16,2.14,2.15,55291012,137063632.000
2012-08-24,2.15,2.15,2.14,2.15,49099642,121555024.000
2012-08-27,2.14,2.17,2.14,2.16,53157117,132158664.000
2012-08-28,2.16,2.18,2.15,2.16,30847823,77043992.000
2012-08-29,2.17,2.18,2.15,2.17,20337365,50627680.000
2012-08-30,2.15,2.17,2.15,2.16,62700580,156143456.000
2012-08-31,2.16,2.16,2.14,2.15,41167558,102074504.000
2012-09-03,2.14,2.15,2.12,2.12,49676139,122287488.000
2012-09-04,2.12,2.13,2.11,2.12,46764250,114482280.000
2012-09-05,2.12,2.12,2.08,2.09,66445984,161032496.000
2012-09-06,2.09,2.10,2.08,2.10,35686776,86172928.000
2012-09-07,2.10,2.17,2.09,2.16,141317729,348722912.000
2012-09-10,2.15,2.16,2.13,2.15,56756851,140452240.000
2012-09-11,2.14,2.14,2.11,2.14,38935765,95517168.000
2012-09-12,2.14,2.15,2.11,2.13,40304758,98985512.000
2012-09-13,2.12,2.14,2.11,2.12,30664298,75332416.000
2012-09-14,2.13,2.16,2.12,2.15,62367161,154088048.000
2012-09-17,2.14,2.16,2.12,2.13,52193167,128960176.000
2012-09-18,2.13,2.13,2.11,2.11,27545157,67379736.000
2012-09-19,2.11,2.12,2.09,2.11,56159665,136685488.000
2012-09-20,2.09,2.11,2.08,2.10,54102910,131155720.000
2012-09-21,2.09,2.10,2.08,2.08,62289792,150625248.000
2012-09-24,2.08,2.09,2.07,2.08,58130945,140051216.000
2012-09-25,2.08,2.09,2.07,2.08,22952187,55224984.000
2012-09-26,2.07,2.08,2.05,2.07,35919504,86034432.000
2012-09-27,2.06,2.13,2.06,2.12,89659988,218146512.000
2012-09-28,2.10,2.14,2.10,2.13,72986064,178359952.000
2012-10-08,2.12,2.14,2.11,2.14,45962506,112792488.000
2012-10-09,2.14,2.18,2.13,2.16,74725680,186064576.000
2012-10-10,2.16,2.16,2.13,2.15,44281337,109675024.000
2012-10-11,2.15,2.17,2.13,2.16,48436140,119885064.000
2012-10-12,2.16,2.19,2.16,2.17,62289692,156021008.000
2012-10-15,2.17,2.19,2.16,2.18,42645468,106985960.000
2012-10-16,2.18,2.19,2.16,2.17,31706070,79218752.000
2012-10-17,2.17,2.19,2.17,2.18,35832285,89947664.000
2012-10-18,2.19,2.20,2.17,2.18,62636077,157733392.000
2012-10-19,2.18,2.19,2.17,2.19,48359775,121613024.000
2012-10-22,2.18,2.20,2.17,2.19,39921766,100669472.000
2012-10-23,2.19,2.20,2.18,2.18,20417420,51423392.000
2012-10-24,2.18,2.19,2.17,2.18,28275591,70945336.000
2012-10-25,2.17,2.19,2.16,2.17,30565002,76598304.000
2012-10-26,2.17,2.19,2.13,2.14,41716092,103694016.000
2012-10-29,2.15,2.15,2.13,2.14,32231244,79662800.000
2012-10-30,2.14,2.16,2.13,2.15,46823373,115817760.000
2012-10-31,2.15,2.18,2.14,2.17,34747620,86516208.000
2012-11-01,2.17,2.21,2.17,2.20,72312788,182520992.000
2012-11-02,2.20,2.24,2.19,2.22,88186665,224221696.000
2012-11-05,2.22,2.24,2.20,2.23,48054403,122566472.000
2012-11-06,2.23,2.24,2.20,2.24,66408069,169617248.000
2012-11-07,2.23,2.25,2.22,2.24,34792580,89354328.000
2012-11-08,2.23,2.25,2.20,2.24,51590735,131693312.000
2012-11-09,2.23,2.25,2.22,2.25,65293173,167540432.000
2012-11-12,2.23,2.26,2.23,2.25,74618339,192478912.000
2012-11-13,2.25,2.25,2.22,2.24,74274020,190646336.000
2012-11-14,2.24,2.27,2.23,2.25,71584579,184864272.000
2012-11-15,2.24,2.27,2.23,2.25,62201524,160295808.000
2012-11-16,2.24,2.25,2.20,2.25,76516212,195627984.000
2012-11-19,2.23,2.25,2.21,2.23,39947497,102256024.000
2012-11-20,2.23,2.24,2.21,2.24,33755716,86347928.000
2012-11-21,2.23,2.26,2.23,2.25,38529844,99283080.000
2012-11-22,2.25,2.26,2.24,2.25,26906430,69414376.000
2012-11-23,2.26,2.27,2.24,2.25,56000387,144810928.000
2012-11-26,2.24,2.28,2.23,2.28,49269456,127556736.000
2012-11-27,2.27,2.29,2.26,2.28,54074587,141082208.000
2012-11-28,2.28,2.31,2.27,2.31,78748551,206354720.000
2012-11-29,2.31,2.32,2.29,2.31,66760891,176335008.000
2012-11-30,2.30,2.32,2.27,2.27,51548022,135805296.000
2012-12-03,2.27,2.29,2.25,2.28,44719671,115975128.000
2012-12-04,2.27,2.28,2.25,2.25,58950078,153184544.000
2012-12-05,2.26,2.31,2.25,2.29,128807896,336307072.000
2012-12-06,2.29,2.30,2.27,2.29,77340557,202659776.000
2012-12-07,2.29,2.32,2.28,2.29,194680417,511144128.000
2012-12-10,2.30,2.34,2.29,2.34,144023798,380876448.000
2012-12-11,2.32,2.36,2.32,2.34,75300462,201508496.000
2012-12-12,2.34,2.36,2.33,2.35,93613906,250756176.000
2012-12-13,2.35,2.36,2.33,2.35,61081373,163479456.000
2012-12-14,2.35,2.47,2.35,2.46,191904263,530947584.000
2012-12-17,2.45,2.47,2.39,2.41,158831873,437070944.000
2012-12-18,2.40,2.46,2.38,2.44,191191081,526175296.000
2012-12-19,2.43,2.45,2.40,2.42,99547092,274450528.000
2012-12-20,2.42,2.43,2.39,2.41,60827694,166533264.000
2012-12-21,2.41,2.43,2.37,2.38,112759693,307656224.000
2012-12-24,2.39,2.42,2.38,2.40,54838548,149796000.000
2012-12-25,2.40,2.50,2.39,2.47,143619829,400844192.000
2012-12-26,2.47,2.47,2.42,2.44,107126546,296052384.000
2012-12-27,2.43,2.45,2.40,2.41,109688219,301428736.000
2012-12-28,2.41,2.45,2.40,2.43,165537699,455348640.000
2012-12-31,2.43,2.48,2.42,2.47,178108658,495313792.000
2013-01-04,2.50,2.57,2.47,2.56,368017259,1055235904.000
2013-01-07,2.55,2.57,2.53,2.54,139115899,400317184.000
2013-01-08,2.55,2.56,2.49,2.51,103867372,295654592.000
2013-01-09,2.51,2.52,2.47,2.49,101774321,287554368.000
2013-01-10,2.49,2.50,2.48,2.49,124676468,351421856.000
2013-01-11,2.49,2.49,2.44,2.46,98337578,274844032.000
2013-01-14,2.45,2.54,2.44,2.51,201038834,567769088.000
2013-01-15,2.51,2.53,2.49,2.51,181549522,513996576.000
2013-01-16,2.50,2.50,2.43,2.45,147653427,411938304.000
2013-01-17,2.45,2.45,2.42,2.44,83781233,231529888.000
2013-01-18,2.45,2.49,2.44,2.47,93251278,260399008.000
2013-01-21,2.48,2.48,2.43,2.45,149396644,414922816.000
2013-01-22,2.44,2.55,2.43,2.48,300367081,844795008.000
2013-01-23,2.48,2.51,2.46,2.50,231953813,653407424.000
2013-01-24,2.50,2.58,2.49,2.53,424746568,1217478144.000
2013-01-25,2.52,2.53,2.47,2.49,181620525,514305856.000
2013-01-28,2.49,2.59,2.48,2.58,390946991,1124930176.000
2013-01-29,2.57,2.60,2.55,2.58,313601945,908397248.000
2013-01-30,2.59,2.69,2.58,2.68,558564709,1661433088.000
2013-01-31,2.69,2.78,2.68,2.75,502788908,1542566144.000
2013-02-01,2.74,2.82,2.71,2.81,388129256,1202759168.000
2013-02-04,2.81,2.95,2.80,2.90,501872987,1614986624.000
2013-02-05,2.87,2.89,2.82,2.86,343187375,1093831040.000
2013-02-06,2.86,2.91,2.83,2.87,233170779,745610496.000
2013-02-07,2.86,2.88,2.75,2.81,315462031,990458048.000
2013-02-08,2.80,2.83,2.76,2.77,233158698,725853056.000
2013-02-18,2.79,2.84,2.75,2.76,253638924,794786176.000
2013-02-19,2.76,2.78,2.71,2.74,153695983,471430368.000
2013-02-20,2.74,2.76,2.68,2.72,182687910,555142912.000
2013-02-21,2.70,2.71,2.57,2.62,304538788,899360832.000
2013-02-22,2.61,2.61,2.55,2.58,140840005,410501280.000
2013-02-25,2.57,2.62,2.55,2.57,113446564,330343072.000
2013-02-26,2.56,2.65,2.53,2.54,210810749,618109120.000
2013-02-27,2.55,2.62,2.54,2.60,182134519,530276576.000
2013-02-28,2.61,2.69,2.58,2.67,224303301,666391232.000
2013-03-01,2.67,2.68,2.57,2.62,143711219,425484928.000
2013-03-04,2.56,2.62,2.47,2.52,252133397,722470528.000
2013-03-05,2.52,2.68,2.51,2.64,284866650,828992128.000
2013-03-06,2.64,2.65,2.58,2.61,198033012,582177856.000
2013-03-07,2.59,2.60,2.52,2.54,151992957,439762752.000
2013-03-08,2.55,2.58,2.52,2.54,106002985,304208704.000
2013-03-11,2.53,2.54,2.49,2.52,113421953,322332160.000
2013-03-12,2.51,2.55,2.47,2.49,147414033,418276928.000
2013-03-13,2.48,2.51,2.44,2.47,137056845,383820672.000
2013-03-14,2.46,2.51,2.45,2.51,125330023,352081408.000
2013-03-15,2.51,2.56,2.47,2.54,197468499,564087616.000
2013-03-18,2.52,2.53,2.47,2.47,122096977,344937120.000
2013-03-19,2.48,2.50,2.46,2.48,115664743,324261824.000
2013-03-20,2.48,2.58,2.48,2.56,217933889,626229120.000
2013-03-21,2.56,2.58,2.53,2.55,94853933,273727264.000
2013-03-22,2.55,2.56,2.53,2.55,63032306,181191424.000
2013-03-25,2.56,2.59,2.56,2.57,73721207,213916272.000
2013-03-26,2.56,2.57,2.50,2.53,107099867,306508672.000
2013-03-27,2.54,2.56,2.48,2.49,174173086,495851424.000
2013-03-28,2.47,2.47,2.31,2.37,396446248,1067750976.000
2013-03-29,2.37,2.39,2.36,2.37,90165202,244257088.000
2013-04-01,2.36,2.38,2.35,2.35,83033786,223222000.000
2013-04-02,2.35,2.38,2.34,2.36,86506218,232918336.000
2013-04-03,2.38,2.43,2.37,2.40,129304479,352956672.000
2013-04-08,2.37,2.39,2.36,2.38,100115775,270890528.000
2013-04-09,2.39,2.41,2.39,2.39,84066400,229251040.000
2013-04-10,2.39,2.40,2.38,2.38,74964121,203995568.000
2013-04-11,2.40,2.41,2.36,2.37,62444115,169528496.000
2013-04-12,2.38,2.39,2.37,2.38,48095717,130242384.000
2013-04-15,2.39,2.40,2.38,2.39,98561691,268210992.000
2013-04-16,2.39,2.40,2.37,2.38,64064773,173837536.000
2013-04-17,2.39,2.39,2.35,2.36,71236875,191983584.000
2013-04-18,2.35,2.37,2.34,2.36,59191017,159070032.000
2013-04-19,2.37,2.43,2.36,2.41,128326069,350434880.000
2013-04-22,2.41,2.42,2.39,2.40,70838481,193668912.000
2013-04-23,2.40,2.41,2.35,2.36,75154022,202884864.000
2013-04-24,2.36,2.41,2.35,2.41,114833392,312241664.000
2013-04-25,2.41,2.41,2.36,2.38,116132266,314680480.000
2013-04-26,2.39,2.39,2.35,2.36,98526496,265189440.000
2013-05-02,2.36,2.38,2.33,2.37,116325999,311891200.000
2013-05-03,2.37,2.41,2.37,2.39,104708757,285196832.000
2013-05-06,2.39,2.42,2.38,2.39,90823085,247971808.000
2013-05-07,2.39,2.41,2.39,2.40,63628732,173651104.000
2013-05-08,2.41,2.43,2.40,2.42,85803032,235798432.000
2013-05-09,2.42,2.43,2.40,2.41,59961270,164517792.000
2013-05-10,2.41,2.43,2.39,2.41,102102390,279260864.000
2013-05-13,2.41,2.41,2.38,2.40,68128350,185628256.000
2013-05-14,2.39,2.40,2.36,2.37,83140144,225070256.000
2013-05-15,2.38,2.38,2.36,2.38,26566646,71793424.000
2013-05-16,2.37,2.40,2.36,2.39,74500587,202233264.000
2013-05-17,2.39,2.43,2.38,2.42,166120263,454307584.000
2013-05-20,2.43,2.47,2.42,2.43,112160845,311214688.000
2013-05-21,2.43,2.45,2.42,2.43,69171978,190779824.000
2013-05-22,2.43,2.45,2.41,2.43,60604011,167257984.000
2013-05-23,2.42,2.43,2.38,2.40,109718453,299669280.000
2013-05-24,2.40,2.41,2.38,2.40,95862456,261342048.000
2013-05-27,2.39,2.40,2.38,2.39,87805765,238780720.000
2013-05-28,2.38,2.42,2.38,2.41,155911476,424869440.000
2013-05-29,2.42,2.43,2.40,2.41,135766490,372133632.000
2013-05-30,2.40,2.42,2.40,2.40,127680505,349311904.000
2013-05-31,2.40,2.42,2.40,2.40,83002608,227337328.000
2013-06-03,2.40,2.42,2.39,2.41,109532023,300406336.000
2013-06-04,2.41,2.42,2.40,2.40,109128883,298943840.000
2013-06-05,2.40,2.42,2.40,2.41,96319277,263784976.000
2013-06-06,2.41,2.42,2.39,2.39,70882302,193927280.000
2013-06-07,2.40,2.41,2.37,2.37,73833499,200550112.000
2013-06-13,2.36,2.37,2.32,2.36,167106854,445669376.000
2013-06-14,2.35,2.39,2.34,2.38,127995524,344050848.000
2013-06-17,2.38,2.39,2.34,2.34,75311072,202839184.000
2013-06-18,2.37,2.38,2.34,2.36,66292716,178215904.000
2013-06-19,2.36,2.37,2.33,2.34,57537475,153832192.000
2013-06-20,2.34,2.34,2.26,2.27,117388580,307844160.000
2013-06-21,2.26,2.28,2.23,2.24,97462493,251967504.000
2013-06-24,2.24,2.25,2.14,2.15,174631476,436416736.000
2013-06-25,2.14,2.21,2.10,2.18,180370689,446450048.000
2013-06-26,2.19,2.20,2.14,2.19,156376937,390549312.000
2013-06-27,2.19,2.26,2.18,2.23,189908200,484874272.000
2013-06-28,2.25,2.30,2.20,2.28,215581054,525116512.000
2013-07-01,2.27,2.32,2.23,2.31,123624058,303264672.000
2013-07-02,2.31,2.35,2.29,2.32,124937306,311567424.000
2013-07-03,2.32,2.32,2.26,2.29,111485860,274387808.000
2013-07-04,2.27,2.31,2.27,2.29,67818764,167596208.000
2013-07-05,2.30,2.30,2.29,2.30,35214164,87140032.000
2013-07-08,2.29,2.31,2.27,2.31,83033739,205588304.000
2013-07-09,2.30,2.33,2.29,2.31,52090541,129861136.000
2013-07-10,2.31,2.34,2.30,2.33,73986954,185032112.000
2013-07-11,2.33,2.43,2.32,2.39,126513662,323263936.000
2013-07-12,2.38,2.39,2.33,2.33,124340934,316190240.000
2013-07-15,2.34,2.37,2.32,2.34,103686284,261112192.000
2013-07-16,2.32,2.36,2.31,2.35,82071867,206333472.000
2013-07-17,2.34,2.39,2.34,2.36,68861489,175598672.000
2013-07-18,2.36,2.38,2.33,2.34,81118256,205767728.000
2013-07-19,2.35,2.38,2.33,2.34,80342455,203265920.000
2013-07-22,2.32,2.35,2.31,2.34,78505680,197446096.000
2013-07-23,2.35,2.37,2.33,2.35,79473005,201591232.000
2013-07-24,2.35,2.36,2.32,2.34,77398045,194974704.000
2013-07-25,2.35,2.36,2.33,2.33,58800876,148111472.000
2013-07-26,2.33,2.34,2.30,2.30,58016460,145019968.000
2013-07-29,2.30,2.30,2.24,2.26,66468869,162960944.000
2013-07-30,2.27,2.31,2.25,2.27,79840707,196396896.000
2013-07-31,2.29,2.30,2.26,2.27,41718736,102439392.000
2013-08-01,2.27,2.31,2.26,2.30,70328756,173541712.000
2013-08-02,2.31,2.32,2.28,2.28,56825599,140840688.000
2013-08-05,2.29,2.30,2.27,2.29,34822578,85716760.000
2013-08-06,2.28,2.30,2.27,2.29,54746828,134721408.000
2013-08-07,2.28,2.30,2.27,2.27,53456699,131546008.000
2013-08-08,2.27,2.29,2.26,2.27,50788274,124712240.000
2013-08-09,2.28,2.28,2.26,2.28,51368078,125916120.000
2013-08-12,2.28,2.32,2.27,2.31,82349744,203885648.000
2013-08-13,2.31,2.32,2.29,2.31,96002156,238523568.000
2013-08-14,2.32,2.33,2.31,2.31,66726859,166918288.000
2013-08-15,2.32,2.33,2.30,2.30,55277205,137947024.000
2013-08-16,2.31,2.55,2.29,2.32,227717881,575640320.000
2013-08-19,2.32,2.34,2.31,2.32,73750902,184801184.000
2013-08-20,2.32,2.35,2.31,2.33,80998623,202904672.000
2013-08-21,2.34,2.34,2.30,2.31,54302556,135696016.000
2013-08-22,2.31,2.32,2.29,2.30,63501802,157868928.000
2013-08-23,2.31,2.31,2.26,2.29,75195991,185354608.000
2013-08-26,2.28,2.31,2.27,2.30,74301859,183589360.000
2013-08-27,2.30,2.31,2.27,2.29,59343598,146308848.000
2013-08-28,2.29,2.29,2.27,2.27,68146750,167559072.000
2013-08-29,2.29,2.29,2.26,2.28,59228809,145486704.000
2013-08-30,2.27,2.29,2.27,2.29,67333885,165540080.000
2013-09-02,2.29,2.29,2.27,2.28,87987064,216555200.000
2013-09-03,2.29,2.31,2.28,2.31,81638965,202103824.000
2013-09-04,2.30,2.31,2.28,2.30,67247682,166480416.000
2013-09-05,2.30,2.30,2.28,2.29,54577931,134620032.000
2013-09-06,2.28,2.30,2.28,2.29,73339281,181157408.000
2013-09-09,2.32,2.54,2.32,2.54,652657229,1724344320.000
2013-09-10,2.57,2.57,2.44,2.50,434423280,1160276736.000
2013-09-11,2.48,2.49,2.44,2.46,253900226,671314368.000
2013-09-12,2.46,2.56,2.43,2.49,498535985,1332753536.000
2013-09-13,2.46,2.48,2.43,2.45,212479183,560167872.000
2013-09-16,2.46,2.47,2.43,2.45,137279816,360898528.000
2013-09-17,2.44,2.45,2.36,2.37,150837737,389683360.000
2013-09-18,2.38,2.39,2.35,2.36,107176377,273063776.000
2013-09-23,2.37,2.40,2.37,2.38,87058699,222987520.000
2013-09-24,2.38,2.38,2.33,2.34,158177544,399175616.000
2013-09-25,2.34,2.35,2.33,2.34,74729566,188472288.000
2013-09-26,2.33,2.34,2.30,2.31,113412603,282394112.000
2013-09-27,2.31,2.32,2.30,2.31,67336710,167810384.000
2013-09-30,2.31,2.33,2.31,2.32,51735274,129242736.000
2013-10-08,2.31,2.33,2.29,2.33,102511304,255282640.000
2013-10-09,2.32,2.33,2.31,2.33,70254663,175723104.000
2013-10-10,2.33,2.33,2.30,2.30,86991702,216421408.000
2013-10-11,2.32,2.34,2.30,2.33,156052869,389718528.000
2013-10-14,2.33,2.33,2.31,2.33,96617087,241764512.000
2013-10-15,2.32,2.33,2.31,2.31,67168731,167618688.000
2013-10-16,2.31,2.32,2.30,2.31,76399323,190001744.000
2013-10-17,2.32,2.33,2.31,2.31,63216227,158074288.000
2013-10-18,2.31,2.33,2.30,2.31,70740221,176430000.000
2013-10-21,2.31,2.34,2.30,2.33,93050184,232863136.000
2013-10-22,2.33,2.33,2.31,2.32,60978571,152406752.000
2013-10-23,2.32,2.35,2.31,2.32,100231888,251555936.000
2013-10-24,2.32,2.33,2.30,2.30,88537461,220122176.000
2013-10-25,2.30,2.34,2.30,2.30,157899194,394393600.000
2013-10-28,2.31,2.32,2.30,2.31,83874962,208838016.000
2013-10-29,2.32,2.41,2.32,2.36,246150664,624805056.000
2013-10-30,2.35,2.40,2.34,2.39,143111671,365371328.000
2013-10-31,2.39,2.39,2.36,2.37,92830237,236716528.000
2013-11-01,2.38,2.40,2.33,2.38,143969859,368032160.000
2013-11-04,2.39,2.40,2.36,2.38,77765394,199245808.000
2013-11-05,2.36,2.38,2.34,2.38,84573366,214826176.000
2013-11-06,2.36,2.37,2.35,2.35,60966205,154817856.000
2013-11-07,2.36,2.37,2.35,2.37,62301763,158200368.000
2013-11-08,2.36,2.38,2.35,2.37,75763661,193307344.000
2013-11-11,2.37,2.38,2.36,2.37,60539691,154460128.000
2013-11-12,2.37,2.39,2.37,2.37,62335386,159559616.000
2013-11-13,2.37,2.38,2.33,2.34,79285970,200576656.000
2013-11-14,2.34,2.35,2.33,2.34,69984574,176398848.000
2013-11-15,2.34,2.37,2.34,2.36,85882650,217816400.000
2013-11-18,2.36,2.42,2.35,2.41,168711180,433184576.000
2013-11-19,2.41,2.41,2.38,2.40,118013232,303988288.000
2013-11-20,2.40,2.41,2.38,2.41,82630763,213083984.000
2013-11-21,2.39,2.45,2.38,2.44,145150090,375905120.000
2013-11-22,2.44,2.45,2.42,2.42,103053083,269630944.000
2013-11-25,2.42,2.45,2.41,2.42,69730643,181951680.000
2013-11-26,2.42,2.43,2.41,2.41,39787386,103504688.000
2013-11-27,2.41,2.43,2.40,2.41,50118638,130225488.000
2013-11-28,2.42,2.45,2.41,2.44,78515605,205361264.000
2013-11-29,2.45,2.45,2.43,2.44,64896395,170112224.000
2013-12-02,2.44,2.50,2.44,2.49,162731810,431870304.000
2013-12-03,2.48,2.50,2.46,2.48,102204920,271403936.000
2013-12-04,2.47,2.50,2.46,2.48,99424703,264133936.000
2013-12-05,2.48,2.48,2.43,2.46,82654490,217680656.000
2013-12-06,2.44,2.46,2.43,2.46,90672203,238073664.000
2013-12-09,2.46,2.46,2.43,2.43,74080791,194118752.000
2013-12-10,2.43,2.45,2.42,2.43,55477823,144976304.000
2013-12-11,2.42,2.44,2.37,2.39,95646137,246098160.000
2013-12-12,2.38,2.39,2.36,2.37,81003132,206430736.000
2013-12-13,2.36,2.37,2.34,2.35,82596805,209322144.000
2013-12-16,2.36,2.37,2.34,2.35,64550023,163572848.000
2013-12-17,2.36,2.36,2.33,2.36,93901607,236937872.000
2013-12-18,2.35,2.35,2.34,2.35,46034969,116151120.000
2013-12-19,2.35,2.35,2.33,2.34,80112715,201692224.000
2013-12-20,2.34,2.34,2.26,2.27,142569916,354088768.000
2013-12-23,2.29,2.30,2.27,2.29,67986908,167878336.000
2013-12-24,2.29,2.30,2.28,2.28,52862514,130463272.000
2013-12-25,2.29,2.30,2.28,2.29,38640846,95292448.000
2013-12-26,2.28,2.29,2.24,2.26,69320929,169672688.000
2013-12-27,2.26,2.30,2.25,2.28,99197709,243832912.000
2013-12-30,2.29,2.30,2.27,2.28,67745326,166797680.000
2013-12-31,2.28,2.32,2.27,2.30,77204467,191125648.000
2014-01-02,2.30,2.30,2.27,2.29,58007158,143059488.000
2014-01-03,2.28,2.29,2.26,2.28,65319035,160306368.000
2014-01-06,2.28,2.28,2.23,2.26,103628249,251799952.000
2014-01-07,2.24,2.25,2.23,2.25,62578367,151461184.000
2014-01-08,2.24,2.25,2.23,2.24,80706713,195345376.000
2014-01-09,2.24,2.25,2.23,2.23,62909567,151940704.000
2014-01-10,2.23,2.24,2.21,2.23,91387731,219846240.000
2014-01-13,2.22,2.24,2.21,2.23,67092204,161369664.000
2014-01-14,2.23,2.24,2.22,2.23,60804750,146415024.000
2014-01-15,2.23,2.24,2.21,2.21,61573127,147586352.000
2014-01-16,2.21,2.22,2.18,2.20,121063060,287050432.000
2014-01-17,2.19,2.20,2.17,2.18,67601324,159441344.000
2014-01-20,2.18,2.20,2.17,2.18,59263005,140303680.000
2014-01-21,2.19,2.20,2.18,2.19,52002070,123117936.000
2014-01-22,2.19,2.22,2.19,2.21,118387537,282175296.000
2014-01-23,2.20,2.20,2.18,2.18,80176963,190007568.000
2014-01-24,2.18,2.20,2.18,2.19,66719628,158055728.000
2014-01-27,2.18,2.19,2.17,2.18,48672063,114855264.000
2014-01-28,2.19,2.20,2.18,2.19,72620764,172146864.000
2014-01-29,2.20,2.22,2.19,2.22,68347386,163177024.000
2014-01-30,2.21,2.22,2.19,2.20,33810844,80524568.000
2014-02-07,2.19,2.19,2.17,2.19,52286491,123542056.000
2014-02-10,2.19,2.21,2.19,2.20,94072423,223925520.000
2014-02-11,2.20,2.24,2.19,2.23,175977031,422409664.000
2014-02-12,2.22,2.24,2.21,2.23,92337401,222048944.000
2014-02-13,2.22,2.25,2.21,2.23,119629365,288029376.000
2014-02-14,2.23,2.23,2.21,2.23,66736373,160181568.000
2014-02-17,2.23,2.23,2.22,2.22,61490710,147881296.000
2014-02-18,2.22,2.23,2.20,2.20,66523489,158780592.000
2014-02-19,2.20,2.25,2.19,2.23,143612592,344063424.000
2014-02-20,2.22,2.24,2.19,2.20,120760769,289235232.000
2014-02-21,2.20,2.21,2.19,2.20,61346535,145904976.000
2014-02-24,2.19,2.19,2.15,2.17,108632662,255211392.000
2014-02-25,2.17,2.18,2.15,2.16,98793217,231436032.000
2014-02-26,2.15,2.17,2.14,2.16,69147661,161699008.000
2014-02-27,2.16,2.17,2.14,2.16,96786673,226151392.000
2014-02-28,2.16,2.16,2.14,2.15,75320115,175688848.000
2014-03-03,2.16,2.16,2.14,2.15,104470687,243347520.000
2014-03-04,2.14,2.16,2.13,2.16,106243284,247214880.000
2014-03-05,2.15,2.16,2.14,2.14,53351922,124000504.000
2014-03-06,2.14,2.15,2.13,2.14,55706964,129327056.000
2014-03-07,2.15,2.16,2.14,2.15,71083237,165369440.000
2014-03-10,2.14,2.15,2.10,2.11,89045402,204907696.000
2014-03-11,2.11,2.11,2.10,2.11,64490541,147325552.000
2014-03-12,2.11,2.12,2.09,2.11,90609177,206872224.000
2014-03-13,2.12,2.26,2.11,2.18,273061306,645265728.000
2014-03-14,2.17,2.20,2.14,2.18,184976226,433875488.000
2014-03-17,2.17,2.18,2.15,2.16,94974164,222266704.000
2014-03-18,2.16,2.16,2.14,2.16,93141226,217275648.000
2014-03-19,2.15,2.16,2.14,2.15,56793853,132144672.000
2014-03-20,2.15,2.17,2.14,2.15,96472241,225817360.000
2014-03-21,2.15,2.24,2.14,2.22,306111540,729938880.000
2014-03-24,2.23,2.24,2.20,2.22,172079569,412987488.000
2014-03-25,2.21,2.23,2.20,2.22,91715585,219660240.000
2014-03-26,2.22,2.23,2.21,2.22,101473574,243881520.000
2014-03-27,2.22,2.25,2.20,2.22,116135826,279295392.000
2014-03-28,2.22,2.27,2.22,2.25,136644447,331737088.000
2014-03-31,2.25,2.26,2.23,2.24,95415444,231781984.000
2014-04-01,2.24,2.26,2.23,2.24,55792290,135405456.000
2014-04-02,2.25,2.26,2.24,2.26,64383049,156321120.000
2014-04-03,2.26,2.26,2.18,2.21,190123974,455949632.000
2014-04-04,2.20,2.23,2.19,2.22,65625517,157119072.000
2014-04-08,2.22,2.28,2.21,2.26,172573022,419845152.000
2014-04-09,2.26,2.27,2.25,2.27,76897135,187962224.000
2014-04-10,2.26,2.31,2.25,2.28,160322901,393646784.000
2014-04-11,2.28,2.30,2.27,2.29,134009772,330214048.000
2014-04-14,2.29,2.30,2.27,2.29,61366797,151045728.000
2014-04-15,2.27,2.28,2.24,2.25,68512987,167110672.000
2014-04-16,2.25,2.27,2.24,2.26,54125128,131841776.000
2014-04-17,2.27,2.27,2.25,2.26,40772855,99412072.000
2014-04-18,2.25,2.25,2.23,2.24,76094499,183960480.000
2014-04-21,2.24,2.26,2.22,2.22,67548038,163600224.000
2014-04-22,2.22,2.24,2.22,2.23,55624172,133921656.000
2014-04-23,2.23,2.24,2.22,2.24,54581486,131324736.000
2014-04-24,2.23,2.24,2.22,2.22,51559030,124134224.000
2014-04-25,2.23,2.25,2.22,2.23,86433812,208540176.000
2014-04-28,2.23,2.25,2.22,2.24,92814167,224233088.000
2014-04-29,2.24,2.26,2.23,2.25,85845206,207904656.000
2014-04-30,2.25,2.26,2.23,2.24,47872942,115707336.000
2014-05-05,2.23,2.23,2.20,2.21,106293750,254313056.000
2014-05-06,2.21,2.22,2.20,2.21,63954878,152813248.000
2014-05-07,2.20,2.21,2.20,2.20,46398822,110709632.000
2014-05-08,2.21,2.23,2.20,2.21,51441079,123195400.000
2014-05-09,2.22,2.24,2.21,2.22,78057644,187861760.000
2014-05-12,2.23,2.26,2.22,2.24,93779086,227191456.000
2014-05-13,2.24,2.26,2.24,2.25,63140502,153562000.000
2014-05-14,2.25,2.26,2.24,2.25,38293172,93116536.000
2014-05-15,2.25,2.26,2.25,2.26,44806888,109172704.000
2014-05-16,2.26,2.28,2.25,2.27,73314380,179277104.000
2014-05-19,2.27,2.27,2.24,2.26,57990499,141172048.000
2014-05-20,2.26,2.27,2.25,2.27,69663649,170000336.000
2014-05-21,2.26,2.28,2.25,2.28,48794715,119346616.000
2014-05-22,2.27,2.30,2.27,2.28,52063589,128238944.000
2014-05-23,2.28,2.29,2.27,2.29,31764281,78182800.000
2014-05-26,2.29,2.30,2.28,2.28,43154995,106464512.000
2014-05-27,2.28,2.30,2.27,2.29,56066897,138503472.000
2014-05-28,2.29,2.32,2.28,2.30,66213104,164321488.000
2014-05-29,2.31,2.32,2.30,2.31,44196537,110132920.000
2014-05-30,2.31,2.32,2.30,2.31,45785204,114062080.000
2014-06-03,2.31,2.33,2.30,2.33,60776682,151914848.000
2014-06-04,2.32,2.33,2.30,2.30,61728947,153772608.000
2014-06-05,2.30,2.35,2.30,2.34,68929128,172840688.000
2014-06-06,2.34,2.36,2.31,2.33,79721931,200538208.000
2014-06-09,2.32,2.36,2.32,2.34,62253590,156987872.000
2014-06-10,2.34,2.37,2.33,2.37,80869850,204846336.000
2014-06-11,2.36,2.38,2.35,2.37,61825570,157335376.000
2014-06-12,2.36,2.37,2.36,2.37,46601286,118639032.000
2014-06-13,2.36,2.40,2.36,2.40,107204469,274615840.000
2014-06-16,2.40,2.41,2.37,2.40,126600142,324848992.000
2014-06-17,2.39,2.40,2.37,2.39,87823418,224914368.000
2014-06-18,2.38,2.39,2.33,2.34,122176717,309148576.000
2014-06-19,2.34,2.35,2.30,2.31,86149348,215339152.000
2014-06-20,2.31,2.34,2.30,2.33,57660435,144374080.000
2014-06-23,2.34,2.34,2.31,2.32,58205880,145764576.000
2014-06-24,2.33,2.33,2.32,2.32,34026304,85230400.000
2014-06-25,2.32,2.33,2.32,2.33,36246002,90796208.000
2014-06-26,2.33,2.35,2.32,2.35,53135820,134067848.000
2014-06-27,2.35,2.35,2.33,2.34,45202761,114066128.000
2014-06-30,2.35,2.36,2.34,2.34,59697623,150746848.000
2014-07-01,2.35,2.35,2.33,2.35,74836398,188721008.000
2014-07-02,2.34,2.36,2.33,2.34,115497351,291701536.000
2014-07-03,2.35,2.37,2.34,2.36,96506264,227454496.000
2014-07-04,2.36,2.37,2.35,2.36,51629880,121876384.000
2014-07-07,2.36,2.37,2.35,2.37,87780477,207422864.000
2014-07-08,2.37,2.38,2.35,2.37,67936533,160722880.000
2014-07-09,2.37,2.37,2.35,2.35,67700113,159685056.000
2014-07-10,2.35,2.36,2.35,2.36,45614801,107414912.000
2014-07-11,2.36,2.37,2.35,2.35,54611032,128745288.000
2014-07-14,2.36,2.36,2.35,2.36,83630539,196895200.000
2014-07-15,2.36,2.37,2.36,2.37,69094815,163346256.000
2014-07-16,2.37,2.37,2.36,2.37,87282035,206409040.000
2014-07-17,2.37,2.37,2.35,2.37,65306186,154285984.000
2014-07-18,2.36,2.37,2.35,2.36,63066428,148953616.000
2014-07-21,2.36,2.37,2.35,2.36,57422013,135363648.000
2014-07-22,2.36,2.37,2.35,2.36,128271711,302632096.000
2014-07-23,2.36,2.37,2.35,2.36,140037306,331037088.000
2014-07-24,2.36,2.41,2.36,2.40,181943422,434659680.000
2014-07-25,2.41,2.46,2.40,2.45,145703809,354514432.000
2014-07-28,2.46,2.54,2.45,2.53,296383132,744034944.000
2014-07-29,2.53,2.54,2.50,2.52,179429158,452431008.000
2014-07-30,2.51,2.53,2.48,2.49,193424954,485527616.000
2014-07-31,2.49,2.52,2.47,2.52,183175160,456023360.000
2014-08-01,2.51,2.57,2.50,2.52,240168007,609343808.000
2014-08-04,2.53,2.54,2.51,2.53,154113973,390031136.000
2014-08-05,2.54,2.55,2.52,2.53,134652981,341018848.000
2014-08-06,2.53,2.54,2.50,2.53,137825800,347621632.000
2014-08-07,2.53,2.54,2.49,2.49,125412902,314622176.000
2014-08-08,2.50,2.51,2.48,2.50,108872959,271338080.000
2014-08-11,2.51,2.53,2.50,2.52,80385796,202147216.000
2014-08-12,2.52,2.53,2.50,2.51,77972802,195597424.000
2014-08-13,2.51,2.52,2.49,2.51,128507426,322007360.000
2014-08-14,2.50,2.52,2.49,2.50,123949250,311071552.000
2014-08-15,2.51,2.52,2.49,2.52,95062662,238190880.000
2014-08-18,2.52,2.52,2.50,2.50,96714845,242418272.000
2014-08-19,2.50,2.52,2.50,2.51,152261756,381490784.000
2014-08-20,2.51,2.51,2.49,2.50,69961731,175113216.000
2014-08-21,2.50,2.51,2.47,2.48,119562627,296747392.000
2014-08-22,2.48,2.49,2.47,2.48,112642374,278974240.000
2014-08-25,2.48,2.49,2.46,2.46,98612284,243214560.000
2014-08-26,2.46,2.47,2.45,2.46,95495822,234537088.000
2014-08-27,2.45,2.46,2.44,2.45,55448850,135819648.000
2014-08-28,2.44,2.45,2.41,2.41,75657677,183771520.000
2014-08-29,2.42,2.44,2.41,2.43,90323038,219073344.000
2014-09-01,2.44,2.45,2.42,2.44,110201076,268740000.000
2014-09-02,2.44,2.48,2.44,2.47,146745469,360034048.000
2014-09-03,2.48,2.51,2.47,2.50,140760393,351110496.000
2014-09-04,2.50,2.52,2.49,2.51,95434550,238804000.000
2014-09-05,2.52,2.53,2.51,2.52,111097256,280200992.000
2014-09-09,2.53,2.53,2.51,2.51,87943423,221355744.000
2014-09-10,2.51,2.51,2.48,2.49,118472541,295283584.000
2014-09-11,2.49,2.51,2.48,2.48,156334158,389347296.000
2014-09-12,2.48,2.50,2.47,2.50,74291406,184589152.000
2014-09-15,2.49,2.49,2.47,2.48,113939965,282818144.000
2014-09-16,2.49,2.53,2.48,2.50,271938203,681078272.000
2014-09-17,2.49,2.50,2.48,2.49,174592386,434954272.000
2014-09-18,2.48,2.51,2.47,2.50,176363915,439395968.000
2014-09-19,2.50,2.50,2.48,2.50,126936859,316308896.000
2014-09-22,2.49,2.49,2.45,2.45,121634838,299989216.000
2014-09-23,2.45,2.47,2.45,2.46,88711696,218136720.000
2014-09-24,2.46,2.50,2.45,2.48,181587220,450154944.000
2014-09-25,2.50,2.51,2.48,2.49,156237203,390265504.000
2014-09-26,2.48,2.50,2.48,2.49,83087175,206939200.000
2014-09-29,2.49,2.50,2.47,2.48,143507132,356577728.000
2014-09-30,2.49,2.49,2.47,2.49,136327921,338154624.000
2014-10-08,2.49,2.49,2.47,2.49,125732847,312015840.000
2014-10-09,2.49,2.50,2.48,2.49,108967225,271100416.000
2014-10-10,2.48,2.49,2.47,2.48,124969592,309615520.000
2014-10-13,2.47,2.48,2.45,2.46,130343204,320408512.000
2014-10-14,2.45,2.48,2.45,2.46,133029512,327593824.000
2014-10-15,2.46,2.48,2.45,2.47,134971671,333146592.000
2014-10-16,2.47,2.50,2.46,2.48,196460267,487185728.000
2014-10-17,2.48,2.48,2.45,2.46,165356143,407595168.000
2014-10-20,2.47,2.48,2.46,2.47,117215108,289533088.000
2014-10-21,2.47,2.48,2.45,2.46,157141146,386993984.000
2014-10-22,2.46,2.47,2.45,2.47,120985867,298254496.000
2014-10-23,2.47,2.47,2.45,2.45,125577452,308833344.000
2014-10-24,2.45,2.46,2.44,2.45,72385253,177480752.000
2014-10-27,2.44,2.45,2.42,2.43,116632835,284057920.000
2014-10-28,2.43,2.45,2.42,2.45,108501444,264768864.000
2014-10-29,2.45,2.48,2.45,2.48,182275203,448913216.000
2014-10-30,2.47,2.52,2.46,2.50,293295230,729196736.000
2014-10-31,2.50,2.59,2.50,2.56,636079753,1613815808.000
2014-11-03,2.55,2.56,2.53,2.54,317516547,808566592.000
2014-11-04,2.54,2.55,2.52,2.54,220868369,558848960.000
2014-11-05,2.53,2.54,2.49,2.50,332531899,833384512.000
2014-11-06,2.50,2.51,2.49,2.50,155934885,389878720.000
2014-11-07,2.50,2.54,2.48,2.49,346261239,868852928.000
2014-11-10,2.51,2.56,2.50,2.55,494305657,1251339136.000
2014-11-11,2.56,2.77,2.56,2.69,1288103959,3440600576.000
2014-11-12,2.65,2.66,2.61,2.65,452892357,1193759232.000
2014-11-13,2.66,2.70,2.63,2.64,506919023,1352212608.000
2014-11-14,2.65,2.68,2.62,2.67,350516464,927565056.000
2014-11-17,2.70,2.71,2.60,2.61,361587944,959668288.000
2014-11-18,2.62,2.62,2.53,2.54,438078270,1126491776.000
2014-11-19,2.54,2.55,2.52,2.54,197656967,501369472.000
2014-11-20,2.53,2.55,2.52,2.54,220368648,558325184.000
2014-11-21,2.54,2.58,2.52,2.57,278777440,709691008.000
2014-11-24,2.53,2.58,2.52,2.56,502357849,1283593984.000
2014-11-25,2.56,2.62,2.55,2.61,436383565,1126493568.000
2014-11-26,2.61,2.69,2.60,2.66,456933881,1210393216.000
2014-11-27,2.69,2.71,2.64,2.69,594608703,1592453504.000
2014-11-28,2.68,2.86,2.67,2.85,1486854150,4124558848.000
2014-12-01,2.86,2.96,2.81,2.82,1069536829,3064508928.000
2014-12-02,2.80,3.01,2.78,2.96,1100345115,3168654848.000
2014-12-03,2.97,3.04,2.87,2.92,1215175101,3592873472.000
2014-12-04,2.94,3.06,2.90,3.05,1079702220,3216189440.000
2014-12-05,3.08,3.33,3.01,3.31,1802728626,5726925824.000
2014-12-08,3.25,3.45,3.14,3.36,1508335718,4945467392.000
2014-12-09,3.28,3.37,3.02,3.05,1829491902,5916902400.000
2014-12-10,3.05,3.13,2.90,3.10,1190955709,3594745600.000
2014-12-11,3.05,3.12,3.01,3.05,738801272,2253379072.000
2014-12-12,3.05,3.10,3.03,3.04,537403723,1644183296.000
2014-12-15,3.02,3.02,2.96,3.00,502633131,1498517888.000
2014-12-16,3.00,3.10,2.99,3.10,729979991,2228124672.000
2014-12-17,3.11,3.30,3.08,3.24,1611248144,5128502784.000
2014-12-18,3.25,3.26,3.13,3.16,802369225,2558192384.000
2014-12-19,3.16,3.26,3.14,3.24,947006665,3042794240.000
2014-12-22,3.29,3.56,3.27,3.56,2362692374,8248902656.000
2014-12-23,3.42,3.52,3.32,3.36,1433843808,4931225088.000
2014-12-24,3.36,3.39,3.16,3.21,922113276,2994357504.000
2014-12-25,3.27,3.36,3.21,3.34,936537059,3085447168.000
2014-12-26,3.34,3.48,3.30,3.46,950674854,3222118656.000
2014-12-29,3.56,3.62,3.38,3.44,1227369554,4328634880.000
2014-12-30,3.44,3.59,3.41,3.54,934092254,3281640704.000
2014-12-31,3.55,3.77,3.50,3.71,1363736707,4973496320.000
2015-01-05,3.76,3.92,3.72,3.89,1440479628,5486170624.000
2015-01-06,3.81,4.13,3.78,3.95,1509285929,5975994880.000
2015-01-07,3.90,3.99,3.82,3.89,963318748,3760354560.000
2015-01-08,3.90,3.93,3.71,3.73,845680805,3190135040.000
2015-01-09,3.70,4.02,3.64,3.76,1649017796,6249768960.000
2015-01-12,3.70,3.76,3.60,3.67,825547123,3037865984.000
2015-01-13,3.65,3.70,3.62,3.66,437598437,1603502080.000
2015-01-14,3.67,3.79,3.67,3.73,650140985,2427109376.000
2015-01-15,3.72,3.87,3.68,3.86,800204224,3024979968.000
2015-01-16,3.89,3.99,3.86,3.94,1003820022,3950040320.000
2015-01-19,3.67,3.78,3.55,3.55,1024136180,3735646976.000
2015-01-20,3.53,3.64,3.48,3.57,750624506,2672988928.000
2015-01-21,3.59,3.82,3.55,3.77,1012054031,3720674816.000
2015-01-22,3.76,3.76,3.66,3.73,706251415,2627961856.000
2015-01-23,3.74,3.84,3.71,3.74,896948135,3374609152.000
2015-01-26,3.73,3.73,3.65,3.71,539173270,1988524416.000
2015-01-27,3.71,3.71,3.55,3.62,666068061,2413402880.000
2015-01-28,3.59,3.65,3.56,3.58,376861155,1355516544.000
2015-01-29,3.51,3.55,3.47,3.50,525151028,1841374208.000
2015-01-30,3.52,3.55,3.45,3.46,365558794,1278243200.000
2015-02-02,3.38,3.42,3.31,3.33,415574624,1401030272.000
2015-02-03,3.35,3.42,3.33,3.40,372506404,1255367552.000
2015-02-04,3.41,3.45,3.35,3.36,315805990,1074703488.000
2015-02-05,3.56,3.57,3.30,3.32,1161271875,4001022720.000
2015-02-06,3.29,3.31,3.18,3.22,569160598,1853260544.000
2015-02-09,3.20,3.26,3.15,3.23,502297961,1606961664.000
2015-02-10,3.22,3.29,3.20,3.27,477545782,1553913344.000
2015-02-11,3.27,3.28,3.24,3.26,267805257,872335552.000
2015-02-12,3.26,3.27,3.21,3.25,265354154,859453376.000
2015-02-13,3.26,3.35,3.25,3.31,849197063,2797240064.000
2015-02-16,3.30,3.31,3.27,3.29,320472804,1053116160.000
2015-02-17,3.30,3.34,3.29,3.31,369734272,1223977472.000
2015-02-25,3.31,3.32,3.27,3.29,344364734,1133252352.000
2015-02-26,3.28,3.36,3.25,3.35,579857823,1922318720.000
2015-02-27,3.35,3.37,3.32,3.34,433135313,1448644480.000
2015-03-02,3.36,3.36,3.32,3.36,522923527,1747305472.000
2015-03-03,3.34,3.34,3.24,3.24,574248517,1886501120.000
2015-03-04,3.24,3.26,3.19,3.22,474576998,1529228928.000
2015-03-05,3.20,3.21,3.10,3.14,610891421,1922215552.000
2015-03-06,3.13,3.16,3.12,3.15,443968200,1396009856.000
2015-03-09,3.15,3.33,3.10,3.29,1175954350,3775232768.000
2015-03-10,3.25,3.25,3.19,3.20,722650178,2324410368.000
2015-03-11,3.20,3.27,3.19,3.22,666394055,2152089600.000
2015-03-12,3.26,3.36,3.24,3.32,1237632473,4087800320.000
2015-03-13,3.33,3.39,3.29,3.32,923046449,3081767424.000
2015-03-16,3.34,3.37,3.31,3.36,826117197,2759869440.000
2015-03-17,3.38,3.41,3.36,3.40,1002348154,3391451904.000
2015-03-18,3.41,3.53,3.40,3.52,1339413101,4641740800.000
2015-03-19,3.53,3.54,3.46,3.48,1053768652,3677978624.000
2015-03-20,3.48,3.59,3.48,3.56,1265646044,4464006656.000
2015-03-23,3.60,3.63,3.57,3.62,1186262388,4271454720.000
2015-03-24,3.62,3.84,3.58,3.73,2121240477,7820087296.000
2015-03-25,3.71,3.79,3.62,3.64,1769962026,6535026176.000
2015-03-26,3.60,3.69,3.55,3.65,1264754411,4588904448.000
2015-03-27,3.65,3.67,3.60,3.64,1007100474,3658351104.000
2015-03-30,3.66,3.75,3.63,3.74,1612000807,5965906432.000
2015-03-31,3.78,3.81,3.65,3.67,1550134305,5785938432.000
2015-04-01,3.65,3.71,3.64,3.69,1022280686,3761058816.000
2015-04-02,3.70,3.71,3.62,3.65,1034508356,3783034368.000
2015-04-03,3.62,3.66,3.61,3.66,936586254,3407118592.000
2015-04-07,3.70,3.77,3.69,3.77,1718875626,6411085824.000
2015-04-08,3.77,3.81,3.71,3.81,1622981187,6114279936.000
2015-04-09,3.81,3.88,3.76,3.77,1611898445,6122229760.000
2015-04-10,3.76,3.82,3.74,3.81,1339776019,5066601984.000
数据来源:通达信
