601668 中国建筑 日线 前复权
      日期	    开盘	    最高	    最低	    收盘	    成交量	    成交额
2011-03-02,3.23,3.24,3.18,3.19,102982523,370230432.000
2011-03-03,3.19,3.23,3.18,3.20,99781737,358486720.000
2011-03-04,3.19,3.24,3.19,3.23,85335743,307771232.000
2011-03-07,3.24,3.28,3.23,3.26,117337629,428109600.000
2011-03-08,3.26,3.30,3.25,3.28,93016820,340809440.000
2011-03-09,3.29,3.30,3.25,3.27,81653736,298861280.000
2011-03-10,3.27,3.30,3.26,3.26,120320546,441896544.000
2011-03-11,3.25,3.27,3.21,3.22,90798093,329229024.000
2011-03-14,3.22,3.24,3.21,3.22,61134121,220860912.000
2011-03-15,3.22,3.23,3.11,3.14,142268505,503364544.000
2011-03-16,3.16,3.17,3.13,3.16,67693723,239892992.000
2011-03-17,3.14,3.15,3.11,3.12,76520913,269357216.000
2011-03-18,3.15,3.16,3.13,3.13,76563112,270885952.000
2011-03-21,3.13,3.19,3.13,3.14,61654203,218527504.000
2011-03-22,3.16,3.17,3.14,3.16,64856407,230100400.000
2011-03-23,3.16,3.22,3.14,3.22,116090572,416200128.000
2011-03-24,3.22,3.22,3.18,3.20,74765141,268411936.000
2011-03-25,3.19,3.30,3.18,3.27,190805305,695709376.000
2011-03-28,3.28,3.33,3.27,3.28,180845846,668555968.000
2011-03-29,3.28,3.36,3.27,3.30,181038467,670243136.000
2011-03-30,3.30,3.34,3.26,3.29,108828239,401850304.000
2011-03-31,3.30,3.33,3.29,3.31,139527621,516152288.000
2011-04-01,3.30,3.34,3.26,3.34,118372219,438087008.000
2011-04-06,3.33,3.57,3.32,3.52,642020899,2487900416.000
2011-04-07,3.53,3.58,3.48,3.53,234116496,916775104.000
2011-04-08,3.52,3.53,3.46,3.52,144967870,563512128.000
2011-04-11,3.51,3.63,3.50,3.54,250556559,991670464.000
2011-04-12,3.53,3.55,3.48,3.52,118436123,462759744.000
2011-04-13,3.51,3.63,3.50,3.60,225703507,899328000.000
2011-04-14,3.61,3.67,3.57,3.59,177992670,714331904.000
2011-04-15,3.61,3.74,3.59,3.72,377013994,1536765184.000
2011-04-18,3.71,3.80,3.67,3.70,257936833,1067420352.000
2011-04-19,3.68,3.75,3.64,3.69,164620177,671936256.000
2011-04-20,3.70,3.72,3.60,3.63,146440102,590554112.000
2011-04-21,3.65,3.68,3.61,3.65,85980120,346995456.000
2011-04-22,3.66,3.74,3.65,3.67,115217955,469679872.000
2011-04-25,3.66,3.68,3.56,3.59,144003363,575712384.000
2011-04-26,3.57,3.61,3.56,3.57,76150469,302633408.000
2011-04-27,3.58,3.67,3.58,3.62,134024716,539593920.000
2011-04-28,3.63,3.69,3.59,3.62,113643150,458388384.000
2011-04-29,3.63,3.67,3.51,3.60,123829664,490213280.000
2011-05-03,3.61,3.61,3.53,3.60,87466999,346586496.000
2011-05-04,3.57,3.65,3.54,3.55,107814010,428868992.000
2011-05-05,3.53,3.56,3.44,3.46,133947178,519907104.000
2011-05-06,3.47,3.49,3.40,3.48,104468276,401668672.000
2011-05-09,3.48,3.51,3.43,3.45,68317368,263849424.000
2011-05-10,3.45,3.47,3.43,3.45,62330017,239234944.000
2011-05-11,3.45,3.55,3.44,3.49,85860286,334221056.000
2011-05-13,3.46,3.59,3.45,3.59,147886620,580791616.000
2011-05-16,3.59,3.63,3.55,3.57,98720339,394038880.000
2011-05-17,3.57,3.62,3.52,3.60,90818320,359442944.000
2011-05-18,3.59,3.64,3.57,3.60,50519898,201889280.000
2011-05-19,3.61,3.62,3.52,3.53,56894684,224566448.000
2011-05-20,3.52,3.56,3.50,3.52,32821665,128472792.000
2011-05-23,3.52,3.52,3.41,3.42,61671529,236757600.000
2011-05-24,3.42,3.43,3.32,3.36,85244676,321727968.000
2011-05-25,3.36,3.37,3.28,3.29,73446254,272459520.000
2011-05-26,3.30,3.33,3.26,3.28,60686141,223387424.000
2011-05-27,3.28,3.33,3.27,3.30,56308259,208018944.000
2011-05-30,3.32,3.38,3.30,3.34,52028399,194258672.000
2011-05-31,3.36,3.38,3.34,3.36,34670992,129942496.000
2011-06-01,3.36,3.38,3.33,3.35,42465388,158661488.000
2011-06-02,3.33,3.35,3.29,3.30,55396477,205327952.000
2011-06-03,3.32,3.34,3.30,3.33,42978351,157056640.000
2011-06-07,3.29,3.37,3.29,3.36,38288858,140818592.000
2011-06-08,3.36,3.41,3.33,3.40,46544131,172215952.000
2011-06-09,3.38,3.40,3.35,3.35,29119689,107743624.000
2011-06-10,3.35,3.40,3.34,3.37,45716086,169276704.000
2011-06-13,3.37,3.40,3.33,3.39,54826615,202620608.000
2011-06-14,3.39,3.54,3.36,3.49,140514003,536965824.000
2011-06-15,3.48,3.58,3.47,3.50,93769423,362478656.000
2011-06-16,3.49,3.51,3.46,3.47,44816668,170773632.000
2011-06-17,3.49,3.63,3.47,3.58,181271961,708236864.000
2011-06-20,3.58,3.62,3.52,3.54,98262742,382342208.000
2011-06-21,3.56,3.73,3.54,3.56,146652878,580143552.000
2011-06-22,3.56,3.61,3.50,3.57,91469527,354605984.000
2011-06-23,3.54,3.70,3.54,3.68,143423844,570160960.000
2011-06-24,3.66,3.74,3.65,3.70,195917675,792329792.000
2011-06-27,3.73,3.75,3.64,3.65,147508731,592706048.000
2011-06-28,3.67,3.68,3.59,3.67,139349885,552545984.000
2011-06-29,3.65,3.69,3.55,3.56,178683405,705588096.000
2011-06-30,3.57,3.73,3.56,3.70,200148836,802457088.000
2011-07-01,3.71,3.75,3.68,3.70,125032583,506953344.000
2011-07-04,3.71,3.79,3.70,3.73,160696540,656420480.000
2011-07-05,3.73,3.73,3.65,3.69,138922664,557501760.000
2011-07-06,3.67,3.73,3.62,3.72,127225957,509127424.000
2011-07-07,3.71,3.72,3.61,3.61,131651652,523380352.000
2011-07-08,3.64,3.70,3.61,3.67,83598550,333600032.000
2011-07-11,3.66,3.72,3.65,3.69,66422873,267566416.000
2011-07-12,3.67,3.68,3.61,3.63,81581641,323997088.000
2011-07-13,3.63,3.66,3.60,3.64,75518344,299379264.000
2011-07-14,3.64,3.65,3.58,3.61,70653049,278030624.000
2011-07-15,3.58,3.60,3.54,3.58,102946680,401042080.000
2011-07-18,3.58,3.58,3.50,3.51,137818269,530986304.000
2011-07-19,3.52,3.56,3.48,3.53,64863446,250294112.000
2011-07-20,3.54,3.56,3.49,3.52,48503635,186672032.000
2011-07-21,3.53,3.54,3.46,3.48,77568289,295852768.000
2011-07-22,3.48,3.51,3.47,3.49,53013035,202277808.000
2011-07-25,3.46,3.49,3.33,3.36,128273235,477197408.000
2011-07-26,3.36,3.38,3.34,3.35,58667088,216313984.000
2011-07-27,3.34,3.38,3.33,3.36,73267093,269967360.000
2011-07-28,3.34,3.36,3.26,3.29,107643351,390563584.000
2011-07-29,3.30,3.32,3.26,3.31,63061929,228107584.000
2011-08-01,3.30,3.36,3.28,3.33,44884487,164009904.000
2011-08-02,3.31,3.32,3.25,3.27,62953264,226728288.000
2011-08-03,3.24,3.28,3.22,3.27,48862823,175013504.000
2011-08-04,3.27,3.29,3.24,3.26,31128783,111808208.000
2011-08-05,3.18,3.20,3.15,3.16,92950763,325785952.000
2011-08-08,3.12,3.18,2.97,3.06,142603072,487665760.000
2011-08-09,3.00,3.15,2.98,3.14,151883410,519727328.000
2011-08-10,3.17,3.27,3.17,3.20,135287778,480099136.000
2011-08-11,3.15,3.26,3.14,3.21,78269130,276825824.000
2011-08-12,3.22,3.23,3.19,3.21,45178894,159888496.000
2011-08-15,3.21,3.24,3.20,3.23,55176367,196217344.000
2011-08-16,3.24,3.24,3.13,3.13,87314507,306918688.000
2011-08-17,3.14,3.18,3.13,3.13,33477162,116627912.000
2011-08-18,3.13,3.15,3.07,3.09,44604434,153094656.000
2011-08-19,3.06,3.09,3.02,3.05,63218293,213555648.000
2011-08-22,3.05,3.07,2.97,3.01,64742458,217304224.000
2011-08-23,3.02,3.14,3.01,3.13,74090310,253384240.000
2011-08-24,3.13,3.17,3.10,3.12,48771253,169054288.000
2011-08-25,3.14,3.24,3.11,3.23,110649870,391417408.000
2011-08-26,3.20,3.25,3.18,3.24,62559416,222576976.000
2011-08-29,3.20,3.22,3.16,3.18,42079071,147912976.000
2011-08-30,3.21,3.26,3.18,3.18,45269247,160444112.000
2011-08-31,3.21,3.23,3.16,3.17,52087477,183478608.000
2011-09-01,3.19,3.20,3.11,3.15,56217379,196054384.000
2011-09-02,3.15,3.17,3.09,3.12,41905034,144729920.000
2011-09-05,3.09,3.18,3.06,3.14,60488934,208550640.000
2011-09-06,3.13,3.15,3.11,3.13,34914903,120896272.000
2011-09-07,3.14,3.22,3.14,3.20,52951694,186009360.000
2011-09-08,3.20,3.21,3.16,3.16,30293516,106346032.000
2011-09-09,3.18,3.21,3.14,3.15,33470640,117340184.000
2011-09-13,3.13,3.15,3.11,3.15,32523199,112555440.000
2011-09-14,3.16,3.18,3.12,3.17,34952001,121686600.000
2011-09-15,3.17,3.20,3.15,3.17,35377369,124088776.000
2011-09-16,3.18,3.21,3.11,3.15,53144905,185589488.000
2011-09-19,3.13,3.16,3.12,3.12,38343900,132710096.000
2011-09-20,3.12,3.13,3.08,3.10,39229921,134962912.000
2011-09-21,3.10,3.20,3.09,3.16,58785688,205058112.000
2011-09-22,3.15,3.17,3.05,3.06,77348559,265504432.000
2011-09-23,3.03,3.11,3.01,3.08,56983989,193587936.000
2011-09-26,3.07,3.08,3.03,3.05,46143903,156088160.000
2011-09-27,3.06,3.08,3.03,3.04,36830534,124513664.000
2011-09-28,3.06,3.09,3.03,3.04,44799097,152080496.000
2011-09-29,3.03,3.08,3.03,3.06,44169290,149662864.000
2011-09-30,3.04,3.08,3.03,3.05,39691310,134602160.000
2011-10-10,3.08,3.08,2.92,2.94,74474790,247337120.000
2011-10-11,3.00,3.01,2.88,2.92,103308920,336646560.000
2011-10-12,2.91,3.00,2.88,2.99,98469533,324463040.000
2011-10-13,2.98,3.03,2.98,3.02,69493494,231441856.000
2011-10-14,3.00,3.02,2.97,2.99,32393528,107483112.000
2011-10-17,2.98,3.02,2.98,2.99,31535265,105055792.000
2011-10-18,2.99,3.00,2.91,2.92,46380226,152278784.000
2011-10-19,2.92,2.96,2.91,2.92,30157392,98299928.000
2011-10-20,2.92,2.93,2.78,2.81,106330053,336866976.000
2011-10-21,2.81,2.84,2.79,2.81,33385155,104938200.000
2011-10-24,2.81,2.86,2.76,2.84,65304752,205505952.000
2011-10-25,2.85,2.92,2.78,2.87,127706800,407352160.000
2011-10-26,2.86,2.96,2.85,2.92,122400694,398919968.000
2011-10-27,2.93,2.96,2.92,2.94,46925859,153337504.000
2011-10-28,2.98,3.11,2.98,3.06,166106693,561147904.000
2011-10-31,3.05,3.05,3.01,3.02,60009593,201484832.000
2011-11-01,3.00,3.09,2.99,3.03,101203435,341721792.000
2011-11-02,3.00,3.11,2.98,3.10,86425860,292087072.000
2011-11-03,3.09,3.12,3.05,3.05,105338022,359027616.000
2011-11-04,3.08,3.12,3.06,3.08,61431265,210054640.000
2011-11-07,3.07,3.08,3.02,3.03,38635309,130475216.000
2011-11-08,3.05,3.05,2.98,3.01,54190964,181037808.000
2011-11-09,3.03,3.05,2.99,3.02,31154903,104296504.000
2011-11-10,2.99,3.01,2.91,2.92,81734777,268986240.000
2011-11-11,2.92,2.97,2.87,2.90,92831951,299881472.000
2011-11-14,2.91,2.96,2.91,2.95,52557978,171748880.000
2011-11-15,2.94,2.95,2.91,2.94,35198571,114624704.000
2011-11-16,2.94,2.94,2.85,2.87,62226001,199714240.000
2011-11-17,2.87,2.88,2.84,2.85,43256993,137803824.000
2011-11-18,2.84,2.85,2.79,2.81,61957086,195127360.000
2011-11-21,2.82,2.83,2.78,2.81,32294701,101182736.000
2011-11-22,2.80,2.84,2.79,2.82,29068017,91542240.000
2011-11-23,2.82,2.83,2.78,2.79,34224116,107134488.000
2011-11-24,2.79,2.84,2.78,2.81,33368022,104751232.000
2011-11-25,2.81,2.82,2.79,2.80,25372574,79476440.000
2011-11-28,2.81,2.82,2.79,2.80,25322880,79469480.000
2011-11-29,2.82,2.83,2.79,2.82,42461827,133403896.000
2011-11-30,2.80,2.82,2.72,2.73,81032706,249680944.000
2011-12-01,2.78,2.85,2.78,2.78,149020469,467764864.000
2011-12-02,2.78,2.81,2.75,2.80,49597490,154492976.000
2011-12-05,2.81,2.81,2.75,2.79,35369259,109748448.000
2011-12-06,2.79,2.79,2.73,2.73,56829576,175009024.000
2011-12-07,2.74,2.76,2.72,2.73,40125033,122964304.000
2011-12-08,2.73,2.77,2.71,2.76,59705407,183678448.000
2011-12-09,2.74,2.78,2.73,2.75,37647337,116156416.000
2011-12-12,2.73,2.74,2.70,2.71,44385607,135280544.000
2011-12-13,2.71,2.71,2.68,2.70,70616285,213261312.000
2011-12-14,2.68,2.72,2.66,2.67,52796520,159585904.000
2011-12-15,2.67,2.68,2.63,2.67,51774449,154806384.000
2011-12-19,2.68,2.68,2.60,2.66,59720324,177238592.000
2011-12-20,2.66,2.70,2.64,2.66,42887339,128573904.000
2011-12-21,2.68,2.69,2.61,2.62,33467650,99661376.000
2011-12-22,2.61,2.62,2.54,2.59,64721189,188512928.000
2011-12-23,2.57,2.63,2.57,2.60,32372316,95026600.000
2011-12-26,2.60,2.62,2.59,2.60,29951362,87941904.000
2011-12-27,2.60,2.61,2.56,2.57,26246814,76413896.000
2011-12-28,2.57,2.58,2.54,2.58,48181656,139257104.000
2011-12-29,2.57,2.57,2.55,2.56,34081467,98490944.000
2011-12-30,2.57,2.60,2.57,2.58,38572648,112372648.000
2012-01-04,2.60,2.61,2.53,2.53,35993158,104291568.000
2012-01-05,2.53,2.56,2.52,2.54,61289697,176060576.000
2012-01-06,2.54,2.55,2.52,2.54,56080372,160629024.000
2012-01-09,2.55,2.60,2.52,2.60,84125653,243437344.000
2012-01-10,2.60,2.82,2.59,2.75,226011393,686292224.000
2012-01-11,2.75,2.77,2.70,2.71,69309654,211741568.000
2012-01-12,2.72,2.81,2.70,2.71,108388755,333232992.000
2012-01-13,2.71,2.74,2.66,2.68,77437951,234632048.000
2012-01-16,2.67,2.69,2.65,2.65,48582908,145764240.000
2012-01-17,2.65,2.78,2.64,2.77,102601159,313017024.000
2012-01-18,2.77,2.77,2.71,2.72,64328901,197556016.000
2012-01-19,2.72,2.78,2.71,2.76,65258034,200760176.000
2012-01-20,2.77,2.83,2.76,2.81,152805967,479889344.000
2012-01-30,2.81,2.82,2.73,2.74,68008487,211328144.000
2012-01-31,2.74,2.76,2.72,2.74,30679728,94047256.000
2012-02-01,2.73,2.76,2.71,2.71,35844206,109707120.000
2012-02-02,2.71,2.77,2.70,2.77,60517598,185575312.000
2012-02-03,2.76,2.79,2.74,2.77,52851688,163637440.000
2012-02-06,2.79,2.80,2.72,2.74,89608309,276168096.000
2012-02-07,2.72,2.74,2.65,2.68,77578597,233859952.000
2012-02-08,2.67,2.77,2.66,2.76,99561526,304098080.000
2012-02-09,2.75,2.79,2.74,2.75,88041326,272167456.000
2012-02-10,2.74,2.99,2.74,2.88,333644261,1071231424.000
2012-02-13,2.83,2.86,2.80,2.83,75097794,237375808.000
2012-02-14,2.83,2.84,2.81,2.83,34588453,108988200.000
2012-02-15,2.82,2.87,2.81,2.85,46466635,147623600.000
2012-02-16,2.84,2.86,2.81,2.84,45385509,143733360.000
2012-02-17,2.84,2.86,2.83,2.83,34472890,109305248.000
2012-02-20,2.87,2.88,2.83,2.84,43419185,138227552.000
2012-02-21,2.85,2.86,2.79,2.85,40426308,127476216.000
2012-02-22,2.85,2.92,2.84,2.89,104484264,336941440.000
2012-02-23,2.90,2.94,2.89,2.93,99932006,324426752.000
2012-02-24,2.93,3.04,2.90,3.02,213591989,708590080.000
2012-02-27,3.02,3.05,2.96,3.01,203051813,677785920.000
2012-02-28,3.00,3.05,2.99,3.04,118147269,395670624.000
2012-02-29,3.02,3.02,2.92,2.94,132788532,436508768.000
2012-03-01,2.92,2.97,2.92,2.94,46518254,152192576.000
2012-03-02,2.95,3.04,2.94,3.01,126703937,422163584.000
2012-03-05,3.02,3.03,2.98,2.99,50360674,168020192.000
2012-03-06,2.98,3.01,2.93,2.94,76084144,250550096.000
2012-03-07,2.92,2.95,2.89,2.90,66490897,216022368.000
2012-03-08,2.91,2.96,2.89,2.93,131689389,429029696.000
2012-03-09,2.94,2.95,2.90,2.92,59794162,194347872.000
2012-03-12,2.92,2.94,2.85,2.88,100299049,322496352.000
2012-03-13,2.88,2.90,2.87,2.89,64504585,207417392.000
2012-03-14,2.92,2.98,2.83,2.85,169748461,551190464.000
2012-03-15,2.85,2.86,2.80,2.81,76916016,242740112.000
2012-03-16,2.82,2.84,2.79,2.83,56975282,179293744.000
2012-03-19,2.82,2.83,2.78,2.80,87637952,274580736.000
2012-03-20,2.80,2.82,2.76,2.79,70846093,220596352.000
2012-03-21,2.79,2.82,2.79,2.81,53422083,167546496.000
2012-03-22,2.80,2.81,2.77,2.79,48816994,152521920.000
2012-03-23,2.79,2.80,2.75,2.76,40763890,126334344.000
2012-03-26,2.76,2.78,2.73,2.74,34328159,105781408.000
2012-03-27,2.76,2.76,2.74,2.75,23334198,71848168.000
2012-03-28,2.74,2.76,2.69,2.70,44968181,137668544.000
2012-03-29,2.70,2.73,2.68,2.69,48699917,147536032.000
2012-03-30,2.70,2.73,2.68,2.72,44244472,134517296.000
2012-04-05,2.72,2.78,2.71,2.76,77767479,238654448.000
2012-04-06,2.75,2.79,2.72,2.79,69361135,214595408.000
2012-04-09,2.77,2.78,2.74,2.75,46496229,143726320.000
2012-04-10,2.75,2.76,2.70,2.75,52867927,161755056.000
2012-04-11,2.73,2.81,2.72,2.76,64589283,200337040.000
2012-04-12,2.77,2.82,2.76,2.81,69850879,218002496.000
2012-04-13,2.81,2.83,2.79,2.82,61443472,193102384.000
2012-04-16,2.81,2.82,2.79,2.82,64477307,202093264.000
2012-04-17,2.80,2.82,2.76,2.78,46058741,143437120.000
2012-04-18,2.78,2.92,2.77,2.87,105535793,335211712.000
2012-04-19,2.85,2.90,2.85,2.89,80188139,256991360.000
2012-04-20,2.89,2.98,2.88,2.97,157570964,517083776.000
2012-04-23,2.96,3.05,2.95,2.97,174121823,581002048.000
2012-04-24,2.97,3.04,2.93,2.98,117998105,391931200.000
2012-04-25,2.98,3.06,2.97,3.05,150629793,505347072.000
2012-04-26,3.05,3.07,3.01,3.01,60952439,205566976.000
2012-04-27,3.02,3.06,3.02,3.05,75915019,256241664.000
2012-05-02,3.07,3.09,3.04,3.05,101273917,343794304.000
2012-05-03,3.05,3.11,3.05,3.06,71470498,243427568.000
2012-05-04,3.07,3.09,3.06,3.07,71116510,242232752.000
2012-05-07,3.06,3.08,3.03,3.05,75453231,255107040.000
2012-05-08,3.05,3.13,3.04,3.13,103075756,352798816.000
2012-05-09,3.12,3.12,2.98,3.01,101948497,343330400.000
2012-05-10,3.01,3.03,3.00,3.01,37054960,123814448.000
2012-05-14,3.01,3.03,2.96,2.98,77240006,256101920.000
2012-05-15,2.97,2.97,2.90,2.93,72638060,236800256.000
2012-05-16,2.92,2.95,2.88,2.90,56811384,184754400.000
2012-05-17,2.91,2.95,2.89,2.94,45328000,147725968.000
2012-05-18,2.92,2.94,2.88,2.89,50860130,164863392.000
2012-05-21,2.89,2.94,2.89,2.92,33058259,107515664.000
2012-05-22,2.93,3.00,2.92,3.00,73891668,243454688.000
2012-05-23,2.98,3.04,2.98,3.01,64116923,214457152.000
2012-05-24,3.03,3.05,2.98,3.00,35444853,118694440.000
2012-05-25,3.00,3.01,2.96,2.97,22734948,75464440.000
2012-05-28,2.96,3.07,2.95,3.04,68596392,229815568.000
2012-05-29,3.04,3.10,3.04,3.07,71273071,242452496.000
2012-05-30,3.06,3.08,3.04,3.07,50204640,170022912.000
2012-05-31,3.05,3.06,3.01,3.03,33288392,112069536.000
2012-06-01,3.03,3.05,2.99,3.00,50172079,168511248.000
2012-06-04,2.96,2.97,2.92,2.92,45070195,147443552.000
2012-06-05,2.93,2.95,2.91,2.95,45012085,146810496.000
2012-06-06,2.94,2.98,2.93,2.97,35479043,116667528.000
2012-06-07,2.99,2.99,2.93,2.93,29299316,96478440.000
2012-06-08,2.96,2.99,2.93,2.94,37331733,122920248.000
2012-06-11,2.97,3.07,2.95,3.04,89186901,298075136.000
2012-06-12,3.05,3.16,3.05,3.14,168379733,567993856.000
2012-06-13,3.15,3.20,3.14,3.17,82023788,280553792.000
2012-06-14,3.16,3.18,3.12,3.13,46433365,157527440.000
2012-06-15,3.15,3.17,3.11,3.13,56877205,192605344.000
2012-06-18,3.14,3.17,3.14,3.15,41939444,142723328.000
2012-06-19,3.15,3.16,3.12,3.12,35444915,120119032.000
2012-06-20,3.15,3.15,3.10,3.11,29205285,98474136.000
2012-06-21,3.13,3.15,3.11,3.14,67927454,229287568.000
2012-06-25,3.13,3.13,3.07,3.09,60200187,201576240.000
2012-06-26,3.07,3.10,3.06,3.08,43702847,145562928.000
2012-06-27,3.08,3.09,3.06,3.09,31820008,105894560.000
2012-06-28,3.08,3.09,3.06,3.07,26452364,87907680.000
2012-06-29,3.08,3.09,3.06,3.09,36346596,120851872.000
2012-07-02,3.08,3.09,3.03,3.05,42473610,140429552.000
2012-07-03,3.05,3.10,3.03,3.08,43379906,144376816.000
2012-07-04,3.09,3.10,3.07,3.09,17830910,59439284.000
2012-07-05,3.07,3.11,3.07,3.11,34767649,116318064.000
2012-07-06,3.13,3.19,3.11,3.18,68028451,231527088.000
2012-07-09,3.15,3.19,3.13,3.13,49456826,168566160.000
2012-07-10,3.15,3.15,3.08,3.10,47408546,159206368.000
2012-07-11,3.10,3.12,3.08,3.10,30313646,101499616.000
2012-07-12,3.10,3.11,3.06,3.08,57673483,191964544.000
2012-07-13,3.08,3.12,3.07,3.10,26749632,89489184.000
2012-07-16,3.11,3.11,3.04,3.08,48409620,160345248.000
2012-07-17,3.07,3.09,3.06,3.07,24346328,80930080.000
2012-07-18,3.07,3.08,2.96,3.00,83743828,272965984.000
2012-07-19,3.00,3.02,2.97,2.98,44423883,144055776.000
2012-07-20,2.99,3.00,2.96,2.98,30728838,98998568.000
2012-07-23,2.96,2.97,2.93,2.96,24677516,78980832.000
2012-07-24,2.95,2.99,2.92,2.96,34933053,111907232.000
2012-07-25,2.95,2.96,2.91,2.93,52223857,166000576.000
2012-07-26,2.93,2.94,2.91,2.93,40735758,129330024.000
2012-07-27,2.93,2.94,2.87,2.89,93482912,294415008.000
2012-07-30,2.90,2.91,2.82,2.86,66679060,207734256.000
2012-07-31,2.87,2.89,2.85,2.87,41444073,129440936.000
2012-08-01,2.87,2.92,2.87,2.87,56794146,178540032.000
2012-08-02,2.86,2.89,2.78,2.80,83025972,254905744.000
2012-08-03,2.81,2.86,2.80,2.84,44059122,135470432.000
2012-08-06,2.83,2.88,2.83,2.85,40891606,126774184.000
2012-08-07,2.85,2.89,2.84,2.87,30916739,96230040.000
2012-08-08,2.87,2.90,2.87,2.88,26159063,82073400.000
2012-08-09,2.88,2.90,2.87,2.90,29129969,91394024.000
2012-08-10,2.89,2.92,2.89,2.91,24986601,78785376.000
2012-08-13,2.90,2.94,2.89,2.91,36809264,116571968.000
2012-08-14,2.91,2.93,2.85,2.88,40593529,127196088.000
2012-08-15,2.87,2.90,2.86,2.87,21016802,65588800.000
2012-08-16,2.87,2.90,2.86,2.88,21229027,66463368.000
2012-08-17,2.88,2.89,2.85,2.86,24974403,77967640.000
2012-08-20,2.85,2.87,2.82,2.85,16586319,51104604.000
2012-08-21,2.85,2.86,2.82,2.84,33729568,104274032.000
2012-08-22,2.84,2.85,2.78,2.81,36921762,112891136.000
2012-08-23,2.81,2.82,2.78,2.79,42373125,129219832.000
2012-08-24,2.80,2.80,2.76,2.78,36708813,111161944.000
2012-08-27,2.78,2.81,2.75,2.80,40432527,122358600.000
2012-08-28,2.78,2.80,2.76,2.80,33011672,100015776.000
2012-08-29,2.79,2.80,2.77,2.78,28899734,87679488.000
2012-08-30,2.76,2.79,2.76,2.78,29900202,90466216.000
2012-08-31,2.77,2.82,2.77,2.78,33943281,103568960.000
2012-09-03,2.79,2.83,2.78,2.80,46366373,141843168.000
2012-09-04,2.80,2.81,2.77,2.78,26309149,79962392.000
2012-09-05,2.79,2.79,2.75,2.78,39406648,118954440.000
2012-09-06,2.79,2.81,2.78,2.80,25495058,77626848.000
2012-09-07,2.83,2.95,2.83,2.90,150432685,472077120.000
2012-09-10,2.91,2.91,2.87,2.88,45327186,142161552.000
2012-09-11,2.87,2.88,2.83,2.86,42719381,132142296.000
2012-09-12,2.86,2.89,2.82,2.85,54753702,169401552.000
2012-09-13,2.84,2.86,2.83,2.84,31355470,96978552.000
2012-09-14,2.85,2.86,2.81,2.83,90142798,277609824.000
2012-09-17,2.83,2.83,2.77,2.78,54629464,166436448.000
2012-09-18,2.77,2.78,2.75,2.76,36640696,110424640.000
2012-09-19,2.76,2.77,2.72,2.74,56398131,168684656.000
2012-09-20,2.73,2.74,2.69,2.70,53603692,158442320.000
2012-09-21,2.70,2.72,2.69,2.69,31466381,92910184.000
2012-09-24,2.69,2.70,2.65,2.68,34065274,99532136.000
2012-09-25,2.68,2.72,2.68,2.68,25677455,75688120.000
2012-09-26,2.68,2.69,2.67,2.68,18292089,53609108.000
2012-09-27,2.68,2.76,2.67,2.75,60472848,180287424.000
2012-09-28,2.71,2.84,2.71,2.82,113593886,346149216.000
2012-10-08,2.82,2.84,2.77,2.78,35740286,108876184.000
2012-10-09,2.80,2.86,2.80,2.83,54934538,169892832.000
2012-10-10,2.83,2.85,2.82,2.83,27000424,83308040.000
2012-10-11,2.83,2.85,2.81,2.85,34200260,105466880.000
2012-10-12,2.84,2.85,2.81,2.82,45175890,139220144.000
2012-10-15,2.82,2.83,2.76,2.80,36288833,110223552.000
2012-10-16,2.79,2.82,2.78,2.80,23019997,70182352.000
2012-10-17,2.81,2.83,2.78,2.82,34130484,104423552.000
2012-10-18,2.83,2.88,2.81,2.87,58100262,180348144.000
2012-10-19,2.86,2.88,2.85,2.88,35089832,109243664.000
2012-10-22,2.85,2.88,2.84,2.86,28458636,88491032.000
2012-10-23,2.86,2.88,2.84,2.84,20910631,64976568.000
2012-10-24,2.83,2.87,2.82,2.85,26771049,82937048.000
2012-10-25,2.84,2.91,2.84,2.85,48750250,152321552.000
2012-10-26,2.85,2.86,2.79,2.81,31771455,97699488.000
2012-10-29,2.80,2.81,2.77,2.78,21353534,64867776.000
2012-10-30,2.79,2.82,2.78,2.80,37882887,115342432.000
2012-10-31,2.80,2.81,2.78,2.79,27604402,84030848.000
2012-11-01,2.80,2.88,2.79,2.85,77504361,240648768.000
2012-11-02,2.85,2.92,2.85,2.91,97816038,307401152.000
2012-11-05,2.90,2.94,2.88,2.91,66054415,208591984.000
2012-11-06,2.91,2.92,2.86,2.92,46881913,147247248.000
2012-11-07,2.90,2.93,2.89,2.91,66168870,208807200.000
2012-11-08,2.89,2.92,2.86,2.87,43872318,137530048.000
2012-11-09,2.86,2.87,2.82,2.83,55948510,173224800.000
2012-11-12,2.83,2.86,2.83,2.86,47056497,145790192.000
2012-11-13,2.85,2.88,2.83,2.84,45691525,141837776.000
2012-11-14,2.85,2.85,2.82,2.83,23992266,74060464.000
2012-11-15,2.83,2.84,2.79,2.80,33155018,101532928.000
2012-11-16,2.79,2.80,2.78,2.80,22547704,68469472.000
2012-11-19,2.80,2.81,2.76,2.78,26395940,79888584.000
2012-11-20,2.79,2.80,2.77,2.78,20355347,61701632.000
2012-11-21,2.78,2.81,2.77,2.81,26166002,79580608.000
2012-11-22,2.80,2.81,2.78,2.81,28706570,87369688.000
2012-11-23,2.81,2.86,2.79,2.84,49371736,152191200.000
2012-11-26,2.84,2.86,2.81,2.84,33516727,103310776.000
2012-11-27,2.83,2.84,2.81,2.83,27438768,84455848.000
2012-11-28,2.81,2.83,2.78,2.82,39815677,121755184.000
2012-11-29,2.81,2.82,2.79,2.79,39746580,121543008.000
2012-11-30,2.79,2.89,2.79,2.87,97640104,303575616.000
2012-12-03,2.86,3.01,2.86,2.95,216061526,690984512.000
2012-12-04,2.94,3.03,2.93,3.00,151841060,493288704.000
2012-12-05,3.00,3.08,2.97,3.06,234264486,770270784.000
2012-12-06,3.05,3.09,3.03,3.04,85859173,283622912.000
2012-12-07,3.05,3.09,3.02,3.07,139872331,462386560.000
2012-12-10,3.08,3.14,3.07,3.13,209577282,704523392.000
2012-12-11,3.11,3.14,3.08,3.09,110912691,372177664.000
2012-12-12,3.09,3.14,3.09,3.10,117157245,394281600.000
2012-12-13,3.10,3.13,3.09,3.11,94560627,318163584.000
2012-12-14,3.12,3.29,3.11,3.28,284707082,985118784.000
2012-12-17,3.29,3.44,3.29,3.33,237959578,860676288.000
2012-12-18,3.32,3.42,3.26,3.30,154840381,556363264.000
2012-12-19,3.30,3.33,3.26,3.30,108947113,386188224.000
2012-12-20,3.28,3.39,3.24,3.38,113040828,403672352.000
2012-12-21,3.37,3.43,3.33,3.35,136581322,498039776.000
2012-12-24,3.34,3.41,3.33,3.37,62177093,226033952.000
2012-12-25,3.36,3.53,3.35,3.49,177549954,659436480.000
2012-12-26,3.48,3.59,3.47,3.51,132666271,500157504.000
2012-12-27,3.54,3.57,3.48,3.49,88822126,335708096.000
2012-12-28,3.50,3.60,3.49,3.60,107333113,408402144.000
2012-12-31,3.62,3.68,3.58,3.65,140478990,547220672.000
2013-01-04,3.71,3.75,3.62,3.70,204937184,810426560.000
2013-01-07,3.68,3.74,3.62,3.64,145617876,570920000.000
2013-01-08,3.63,3.66,3.53,3.57,138283322,528913856.000
2013-01-09,3.56,3.60,3.51,3.55,128412921,490174368.000
2013-01-10,3.55,3.59,3.51,3.54,152284924,577441344.000
2013-01-11,3.55,3.56,3.41,3.43,210519927,780569344.000
2013-01-14,3.43,3.59,3.41,3.56,167551480,628441664.000
2013-01-15,3.57,3.59,3.51,3.54,132349704,502472352.000
2013-01-16,3.54,3.60,3.49,3.51,135768000,514203040.000
2013-01-17,3.51,3.54,3.47,3.50,86605359,325021984.000
2013-01-18,3.52,3.56,3.47,3.55,138641960,523111712.000
2013-01-21,3.60,3.64,3.56,3.57,163979857,631633920.000
2013-01-22,3.57,3.58,3.44,3.47,160975705,604175360.000
2013-01-23,3.49,3.49,3.40,3.43,116940385,431386496.000
2013-01-24,3.43,3.55,3.35,3.44,169742219,630230208.000
2013-01-25,3.43,3.48,3.38,3.41,84519251,310056736.000
2013-01-28,3.42,3.51,3.40,3.48,145331661,538151936.000
2013-01-29,3.48,3.56,3.46,3.48,177256715,665544448.000
2013-01-30,3.50,3.51,3.43,3.47,138981381,515350144.000
2013-01-31,3.47,3.47,3.39,3.40,157554521,578173056.000
2013-02-01,3.40,3.45,3.37,3.44,155429869,567505024.000
2013-02-04,3.47,3.47,3.39,3.45,179466169,659369472.000
2013-02-05,3.42,3.82,3.41,3.81,654697630,2599956224.000
2013-02-06,3.78,3.79,3.69,3.71,276372267,1099244544.000
2013-02-07,3.69,3.82,3.69,3.75,172406645,691356224.000
2013-02-08,3.76,3.91,3.73,3.81,217909321,886755072.000
2013-02-18,3.84,3.93,3.79,3.89,231990252,959051456.000
2013-02-19,3.89,3.89,3.71,3.73,205416289,825865920.000
2013-02-20,3.76,3.77,3.69,3.74,118384134,470335744.000
2013-02-21,3.72,3.72,3.57,3.61,191838804,748568704.000
2013-02-22,3.61,3.64,3.56,3.57,64515407,248316896.000
2013-02-25,3.58,3.64,3.56,3.58,58135796,223286560.000
2013-02-26,3.56,3.58,3.45,3.46,122131385,459625632.000
2013-02-27,3.48,3.53,3.46,3.51,92005027,344748832.000
2013-02-28,3.55,3.67,3.52,3.64,126276842,487118688.000
2013-03-01,3.64,3.65,3.53,3.58,97775811,374206016.000
2013-03-04,3.42,3.42,3.20,3.21,349592211,1234838400.000
2013-03-05,3.21,3.29,3.19,3.28,131470470,459580640.000
2013-03-06,3.30,3.32,3.27,3.31,113110304,401093120.000
2013-03-07,3.29,3.32,3.24,3.28,83421641,295298304.000
2013-03-08,3.29,3.31,3.27,3.28,35124889,124397064.000
2013-03-11,3.28,3.31,3.27,3.30,42344575,149970192.000
2013-03-12,3.31,3.35,3.27,3.28,83970855,298686336.000
2013-03-13,3.27,3.28,3.20,3.23,77250289,269368640.000
2013-03-14,3.21,3.25,3.20,3.22,55302472,191857952.000
2013-03-15,3.22,3.29,3.19,3.25,119059496,416210240.000
2013-03-18,3.22,3.24,3.01,3.10,181483273,611920768.000
2013-03-19,3.09,3.20,3.08,3.16,96668255,327579264.000
2013-03-20,3.16,3.27,3.15,3.25,130419112,453599520.000
2013-03-21,3.26,3.29,3.20,3.22,86065085,301145152.000
2013-03-22,3.21,3.23,3.16,3.22,67093980,231377136.000
2013-03-25,3.21,3.25,3.17,3.21,74456231,257206496.000
2013-03-26,3.20,3.24,3.13,3.15,83887585,286880096.000
2013-03-27,3.17,3.21,3.14,3.15,72165967,247140880.000
2013-03-28,3.13,3.14,3.07,3.09,108766122,364160864.000
2013-03-29,3.11,3.13,3.09,3.12,56247810,188732224.000
2013-04-01,3.10,3.16,3.09,3.11,68125611,229935776.000
2013-04-02,3.11,3.20,3.11,3.15,74193187,253006240.000
2013-04-03,3.18,3.19,3.12,3.14,49982376,170227200.000
2013-04-08,3.09,3.14,3.06,3.13,59656698,199684928.000
2013-04-09,3.14,3.16,3.11,3.12,75088969,253779056.000
2013-04-10,3.12,3.22,3.12,3.21,108185902,370445888.000
2013-04-11,3.26,3.29,3.22,3.23,133032753,466529472.000
2013-04-12,3.23,3.25,3.18,3.21,50276234,174689776.000
2013-04-15,3.21,3.27,3.14,3.17,89630192,310166016.000
2013-04-16,3.15,3.27,3.15,3.25,150426439,520410752.000
2013-04-17,3.26,3.28,3.20,3.24,64441070,224720896.000
2013-04-18,3.24,3.30,3.22,3.24,100823457,354651328.000
2013-04-19,3.26,3.33,3.23,3.33,165276911,584070656.000
2013-04-22,3.32,3.36,3.28,3.31,108564061,386565056.000
2013-04-23,3.32,3.33,3.20,3.22,98877223,346193472.000
2013-04-24,3.23,3.26,3.17,3.25,86702772,300779360.000
2013-04-25,3.24,3.26,3.18,3.21,86386675,299563680.000
2013-04-26,3.22,3.23,3.17,3.19,48979379,168897760.000
2013-05-02,3.22,3.29,3.20,3.21,99587632,347590656.000
2013-05-03,3.24,3.34,3.24,3.32,129172569,459694336.000
2013-05-06,3.34,3.47,3.32,3.44,166452926,612730048.000
2013-05-07,3.43,3.55,3.42,3.48,127146734,476475488.000
2013-05-08,3.51,3.53,3.45,3.48,86124127,321877280.000
2013-05-09,3.48,3.49,3.38,3.40,99228037,365340992.000
2013-05-10,3.40,3.51,3.39,3.50,80649337,298617312.000
2013-05-13,3.50,3.52,3.47,3.49,63116284,236423680.000
2013-05-14,3.52,3.52,3.40,3.44,83122157,307176896.000
2013-05-15,3.44,3.47,3.41,3.42,35418724,130301392.000
2013-05-16,3.41,3.54,3.40,3.52,95891385,357595648.000
2013-05-17,3.53,3.65,3.53,3.63,177293566,679941248.000
2013-05-20,3.66,3.73,3.57,3.58,172583658,674861952.000
2013-05-21,3.59,3.62,3.56,3.62,112577142,431822176.000
2013-05-22,3.61,3.65,3.55,3.57,87827902,338015712.000
2013-05-23,3.57,3.61,3.51,3.53,96150722,366499872.000
2013-05-24,3.53,3.55,3.47,3.52,80340178,301471776.000
2013-05-27,3.51,3.52,3.46,3.48,71119281,265503712.000
2013-05-28,3.50,3.60,3.48,3.60,156800582,593945472.000
2013-05-29,3.60,3.68,3.58,3.61,162790668,633663680.000
2013-05-30,3.59,3.62,3.54,3.57,95320984,364502560.000
2013-05-31,3.56,3.57,3.50,3.52,88783852,336476608.000
2013-06-03,3.59,3.62,3.51,3.54,89032463,338134336.000
2013-06-04,3.53,3.55,3.46,3.48,105414647,394047680.000
2013-06-05,3.48,3.49,3.45,3.49,43282007,161074624.000
2013-06-06,3.48,3.50,3.41,3.42,61707111,227813040.000
2013-06-07,3.41,3.44,3.36,3.37,96454076,352512896.000
2013-06-13,3.34,3.34,3.20,3.24,158618824,554064192.000
2013-06-14,3.26,3.34,3.25,3.32,113398476,402202176.000
2013-06-17,3.31,3.33,3.25,3.30,50859705,180687600.000
2013-06-18,3.30,3.33,3.27,3.31,54288785,192818848.000
2013-06-19,3.30,3.30,3.22,3.25,46711862,163539472.000
2013-06-20,3.24,3.24,3.10,3.11,86122448,293584544.000
2013-06-21,3.07,3.13,3.01,3.07,74455741,247779744.000
2013-06-24,3.07,3.08,2.85,2.86,154471002,489821280.000
2013-06-25,2.86,2.88,2.65,2.87,164318122,502172704.000
2013-06-26,2.89,2.90,2.80,2.85,86922460,268504992.000
2013-06-27,2.86,3.05,2.86,2.92,138406998,442455456.000
2013-06-28,2.93,3.10,2.90,3.02,131452610,431151264.000
2013-07-01,2.98,3.03,2.97,3.01,60279097,195447888.000
2013-07-02,3.03,3.03,2.93,2.97,82237274,263897936.000
2013-07-03,2.95,2.95,2.83,2.88,77641809,243114336.000
2013-07-04,2.88,2.97,2.86,2.93,73278693,232383872.000
2013-07-05,2.95,3.05,2.95,2.96,87589897,284228352.000
2013-07-08,2.92,2.93,2.86,2.87,64702245,203488576.000
2013-07-09,2.87,2.89,2.85,2.86,40796715,127101984.000
2013-07-10,2.85,3.00,2.85,2.98,83405982,263599680.000
2013-07-11,2.98,3.17,2.96,3.13,196844308,661102272.000
2013-07-12,3.16,3.17,3.04,3.04,104587664,351067712.000
2013-07-15,3.06,3.11,3.02,3.08,84953235,282362368.000
2013-07-16,3.07,3.11,2.99,3.08,91291907,300055104.000
2013-07-17,3.07,3.14,3.03,3.08,100181363,333870144.000
2013-07-18,3.07,3.08,3.02,3.03,53957713,177767168.000
2013-07-19,3.05,3.06,2.93,2.97,93124488,302387296.000
2013-07-22,2.94,2.97,2.92,2.95,71815570,229254160.000
2013-07-23,2.96,3.08,2.95,3.04,83608817,274308256.000
2013-07-24,3.02,3.04,2.93,3.01,112774240,363641312.000
2013-07-25,3.04,3.07,3.01,3.04,66803897,212769296.000
2013-07-26,3.04,3.06,3.01,3.04,33284392,105600192.000
2013-07-29,3.01,3.02,2.97,3.01,74189388,231651088.000
2013-07-30,3.02,3.08,3.00,3.02,63397634,201320928.000
2013-07-31,3.09,3.17,3.05,3.07,95274885,309705536.000
2013-08-01,3.09,3.14,3.07,3.12,78371663,254295056.000
2013-08-02,3.15,3.17,3.10,3.11,89906037,294425280.000
2013-08-05,3.11,3.13,3.05,3.13,91318090,294701216.000
2013-08-06,3.12,3.13,3.07,3.12,91052985,294767168.000
2013-08-07,3.12,3.16,3.11,3.11,100036054,327920960.000
2013-08-08,3.10,3.13,3.07,3.10,68148044,220944336.000
2013-08-09,3.10,3.12,3.05,3.08,109138253,350635680.000
2013-08-12,3.08,3.16,3.07,3.16,151328199,494495264.000
2013-08-13,3.18,3.24,3.17,3.21,154706480,517112160.000
2013-08-14,3.21,3.25,3.15,3.21,91498371,305946048.000
2013-08-15,3.20,3.22,3.18,3.20,55328117,184854528.000
2013-08-16,3.19,3.53,3.15,3.18,184382718,625239104.000
2013-08-19,3.16,3.20,3.13,3.19,66504343,219533392.000
2013-08-20,3.18,3.21,3.12,3.13,64857087,213830640.000
2013-08-21,3.13,3.14,3.10,3.11,51838265,168574976.000
2013-08-22,3.12,3.13,3.08,3.10,67095898,217794576.000
2013-08-23,3.11,3.12,3.04,3.07,85073009,273396864.000
2013-08-26,3.07,3.11,3.04,3.10,92272688,297327072.000
2013-08-27,3.09,3.10,3.07,3.10,48961493,157958336.000
2013-08-28,3.08,3.10,3.05,3.09,79263643,254876192.000
2013-08-29,3.10,3.10,3.05,3.08,71706625,230259648.000
2013-08-30,3.07,3.09,3.05,3.07,80267579,257732576.000
2013-09-02,3.08,3.09,3.02,3.05,159706268,508257728.000
2013-09-03,3.05,3.10,3.04,3.09,107235729,344087296.000
2013-09-04,3.08,3.09,3.06,3.08,81522214,261859824.000
2013-09-05,3.08,3.09,3.05,3.06,49305099,158204112.000
2013-09-06,3.06,3.07,3.04,3.06,68469119,218976976.000
2013-09-09,3.07,3.18,3.06,3.16,251282783,822024832.000
2013-09-10,3.18,3.25,3.15,3.23,186685602,625047296.000
2013-09-11,3.24,3.41,3.23,3.29,238885575,825302400.000
2013-09-12,3.29,3.31,3.23,3.28,129817199,441857472.000
2013-09-13,3.27,3.32,3.24,3.24,85976972,292980416.000
2013-09-16,3.27,3.28,3.22,3.22,68708709,232654560.000
2013-09-17,3.23,3.24,3.15,3.15,88288407,293359264.000
2013-09-18,3.16,3.18,3.12,3.14,65111830,214500544.000
2013-09-23,3.16,3.19,3.15,3.18,62908249,208090448.000
2013-09-24,3.19,3.20,3.12,3.15,85894183,282187584.000
2013-09-25,3.15,3.16,3.11,3.12,60968577,199783184.000
2013-09-26,3.11,3.13,3.06,3.06,78772342,254204640.000
2013-09-27,3.07,3.08,3.04,3.06,56499313,180725808.000
2013-09-30,3.06,3.09,3.06,3.08,37605593,120804632.000
2013-10-08,3.07,3.14,3.06,3.13,75843180,246216240.000
2013-10-09,3.11,3.14,3.08,3.12,65100800,211510896.000
2013-10-10,3.12,3.13,3.07,3.09,55217710,178444400.000
2013-10-11,3.11,3.14,3.09,3.13,68227883,222098656.000
2013-10-14,3.14,3.21,3.12,3.17,130807301,433588032.000
2013-10-15,3.17,3.17,3.12,3.13,72889511,239241440.000
2013-10-16,3.14,3.14,3.07,3.09,61429197,198740560.000
2013-10-17,3.09,3.13,3.09,3.10,57266915,185872000.000
2013-10-18,3.10,3.12,3.07,3.09,55476624,179385856.000
2013-10-21,3.10,3.12,3.07,3.12,54680119,176929712.000
2013-10-22,3.12,3.13,3.08,3.10,56917225,184416528.000
2013-10-23,3.11,3.14,3.08,3.10,73394387,238305472.000
2013-10-24,3.09,3.09,3.06,3.07,56633996,182043200.000
2013-10-25,3.07,3.09,3.04,3.05,64424838,206187552.000
2013-10-28,3.05,3.07,3.03,3.07,41837023,133362296.000
2013-10-29,3.07,3.12,3.05,3.08,94734796,305375200.000
2013-10-30,3.08,3.13,3.06,3.12,94734686,307541056.000
2013-10-31,3.16,3.22,3.13,3.16,151038205,501510688.000
2013-11-01,3.17,3.20,3.16,3.18,72153003,239799472.000
2013-11-04,3.20,3.21,3.15,3.17,52038975,172562112.000
2013-11-05,3.15,3.16,3.12,3.16,59477138,195249456.000
2013-11-06,3.15,3.16,3.10,3.10,66263343,216496848.000
2013-11-07,3.11,3.11,3.08,3.11,45323441,146669568.000
2013-11-08,3.10,3.12,3.08,3.09,38876578,125936312.000
2013-11-11,3.09,3.10,3.07,3.10,42581384,137146768.000
2013-11-12,3.11,3.12,3.08,3.12,58258580,189094592.000
2013-11-13,3.11,3.11,3.05,3.06,66183659,212640416.000
2013-11-14,3.07,3.08,3.05,3.06,69246042,221565392.000
2013-11-15,3.06,3.15,3.05,3.12,125653475,408630464.000
2013-11-18,3.13,3.20,3.11,3.19,152836057,503561376.000
2013-11-19,3.19,3.20,3.15,3.17,99410335,328958080.000
2013-11-20,3.18,3.20,3.14,3.17,70603772,233284960.000
2013-11-21,3.15,3.15,3.11,3.14,72791952,237968480.000
2013-11-22,3.13,3.15,3.11,3.12,51211636,167281152.000
2013-11-25,3.11,3.13,3.10,3.11,48527432,157892992.000
2013-11-26,3.12,3.13,3.10,3.12,33604531,109349552.000
2013-11-27,3.11,3.13,3.08,3.11,79727255,258623680.000
2013-11-28,3.11,3.17,3.11,3.15,99783386,327602400.000
2013-11-29,3.15,3.15,3.12,3.14,44202297,144714112.000
2013-12-02,3.13,3.18,3.12,3.17,150892342,497154848.000
2013-12-03,3.16,3.20,3.14,3.18,97495786,323156000.000
2013-12-04,3.18,3.38,3.17,3.32,362334506,1247824512.000
2013-12-05,3.33,3.36,3.27,3.28,117379930,404461728.000
2013-12-06,3.31,3.34,3.25,3.30,139135172,476206304.000
2013-12-09,3.32,3.37,3.29,3.34,129220163,448022016.000
2013-12-10,3.34,3.36,3.29,3.32,72238704,249930976.000
2013-12-11,3.30,3.33,3.24,3.25,97425778,332806752.000
2013-12-12,3.26,3.27,3.22,3.26,64308200,217759232.000
2013-12-13,3.23,3.27,3.21,3.25,77182428,260684848.000
2013-12-16,3.24,3.27,3.15,3.16,103589807,345974624.000
2013-12-17,3.16,3.18,3.12,3.14,71649360,235100464.000
2013-12-18,3.13,3.15,3.13,3.15,34732865,113893800.000
2013-12-19,3.16,3.17,3.12,3.13,65057123,214125536.000
2013-12-20,3.14,3.14,3.01,3.03,129507596,416289600.000
2013-12-23,3.05,3.06,3.02,3.04,48487511,154253088.000
2013-12-24,3.05,3.07,3.02,3.04,59200303,188590064.000
2013-12-25,3.04,3.05,3.02,3.04,52605600,166980000.000
2013-12-26,3.03,3.04,2.95,2.95,94786023,296125152.000
2013-12-27,2.96,3.01,2.93,3.00,88918374,277161952.000
2013-12-30,3.01,3.02,2.96,2.96,66399910,207068464.000
2013-12-31,2.96,3.00,2.95,3.00,62237390,194041216.000
2014-01-02,2.99,3.01,2.96,2.99,87537822,272970784.000
2014-01-03,2.98,2.99,2.93,2.94,79867389,246413440.000
2014-01-06,2.93,2.94,2.87,2.89,102969760,312202688.000
2014-01-07,2.90,2.91,2.88,2.90,51116584,155020640.000
2014-01-08,2.90,2.91,2.86,2.87,67981960,205523936.000
2014-01-09,2.88,2.90,2.86,2.87,54938795,165889200.000
2014-01-10,2.87,2.88,2.83,2.84,75875814,226745072.000
2014-01-13,2.85,2.87,2.79,2.81,75048833,222505904.000
2014-01-14,2.82,2.83,2.80,2.82,96434844,285123168.000
2014-01-15,2.82,2.84,2.80,2.84,71541534,211534016.000
2014-01-16,2.83,2.89,2.82,2.87,76622048,230060512.000
2014-01-17,2.87,2.88,2.82,2.84,51893090,154688256.000
2014-01-20,2.84,2.84,2.82,2.84,42007303,124716408.000
2014-01-21,2.84,2.87,2.83,2.86,32935555,98785888.000
2014-01-22,2.86,2.94,2.85,2.93,97950702,298398400.000
2014-01-23,2.91,2.92,2.85,2.88,103151292,311755360.000
2014-01-24,2.87,2.93,2.86,2.90,71985253,218827152.000
2014-01-27,2.87,2.88,2.85,2.86,65211733,195740624.000
2014-01-28,2.86,2.89,2.86,2.89,41457365,124969088.000
2014-01-29,2.89,2.90,2.87,2.89,43643507,131941632.000
2014-01-30,2.88,2.89,2.84,2.85,39190409,117460352.000
2014-02-07,2.83,2.85,2.81,2.85,52877564,156839792.000
2014-02-10,2.85,2.89,2.84,2.88,83539960,251596688.000
2014-02-11,2.87,2.90,2.85,2.89,116753554,352138176.000
2014-02-12,2.89,2.89,2.87,2.88,58468642,176521472.000
2014-02-13,2.89,2.90,2.85,2.85,107496487,323256832.000
2014-02-14,2.86,2.87,2.83,2.86,82857306,248138576.000
2014-02-17,2.87,2.88,2.85,2.87,86981672,261254064.000
2014-02-18,2.87,2.87,2.83,2.84,69395748,207398288.000
2014-02-19,2.85,2.88,2.83,2.87,85536147,256227824.000
2014-02-20,2.88,2.91,2.86,2.88,130288908,394455328.000
2014-02-21,2.87,2.89,2.84,2.85,65254478,195624448.000
2014-02-24,2.83,2.83,2.72,2.76,203429767,589165760.000
2014-02-25,2.76,2.76,2.68,2.70,156821910,447838848.000
2014-02-26,2.69,2.70,2.64,2.66,125997123,353645696.000
2014-02-27,2.67,2.67,2.60,2.61,181693306,501661600.000
2014-02-28,2.63,2.71,2.61,2.68,137374359,383921984.000
2014-03-03,2.68,2.71,2.65,2.69,92021441,259635840.000
2014-03-04,2.68,2.72,2.67,2.69,87960362,248909568.000
2014-03-05,2.68,2.69,2.63,2.65,67414571,188504096.000
2014-03-06,2.65,2.70,2.61,2.68,90340467,253572160.000
2014-03-07,2.67,2.69,2.63,2.64,77200488,215937696.000
2014-03-10,2.63,2.64,2.57,2.58,98097135,268873152.000
2014-03-11,2.58,2.61,2.57,2.58,65490232,178386400.000
2014-03-12,2.58,2.65,2.57,2.64,106701033,294215776.000
2014-03-13,2.63,2.66,2.62,2.64,99603744,276793984.000
2014-03-14,2.62,2.63,2.58,2.61,63727927,174824864.000
2014-03-17,2.62,2.66,2.61,2.64,89036515,247203744.000
2014-03-18,2.64,2.64,2.60,2.62,60697291,167113488.000
2014-03-19,2.60,2.61,2.58,2.61,55569407,151807104.000
2014-03-20,2.60,2.64,2.58,2.59,61844860,170403120.000
2014-03-21,2.59,2.69,2.58,2.68,165832216,461735104.000
2014-03-24,2.72,2.79,2.70,2.77,265854524,768230272.000
2014-03-25,2.77,2.85,2.75,2.83,280096836,829369088.000
2014-03-26,2.83,2.84,2.78,2.79,84453630,248379872.000
2014-03-27,2.79,2.82,2.75,2.77,111065364,324242816.000
2014-03-28,2.77,2.81,2.76,2.79,92879081,272020224.000
2014-03-31,2.80,2.80,2.75,2.77,79417307,230823376.000
2014-04-01,2.76,2.78,2.75,2.76,64627078,187620000.000
2014-04-02,2.77,2.85,2.76,2.83,172352432,509798784.000
2014-04-03,2.84,2.85,2.75,2.76,174753136,512047264.000
2014-04-04,2.75,2.78,2.74,2.78,66772589,193962192.000
2014-04-08,2.77,2.83,2.76,2.81,153018281,449785344.000
2014-04-09,2.81,2.84,2.80,2.81,117017075,346063968.000
2014-04-10,2.81,2.94,2.78,2.92,346895974,1047111040.000
2014-04-11,3.01,3.08,2.93,2.94,356611118,1114868608.000
2014-04-14,2.91,2.94,2.89,2.91,121260661,369569600.000
2014-04-15,2.91,2.92,2.85,2.85,125973548,379783872.000
2014-04-16,2.86,2.88,2.84,2.86,75987071,228003616.000
2014-04-17,2.87,2.87,2.82,2.83,77106714,229570624.000
2014-04-18,2.83,2.83,2.79,2.81,79476005,233885536.000
2014-04-21,2.79,2.82,2.75,2.75,92367171,270483424.000
2014-04-22,2.76,2.78,2.73,2.78,83390888,241299200.000
2014-04-23,2.77,2.79,2.76,2.78,58772398,171013712.000
2014-04-24,2.81,2.85,2.78,2.82,122559678,363011360.000
2014-04-25,2.82,2.86,2.80,2.81,94813661,281781408.000
2014-04-28,2.82,2.83,2.77,2.80,90600020,265818416.000
2014-04-29,2.80,2.83,2.78,2.83,62847450,185081552.000
2014-04-30,2.84,2.88,2.83,2.86,97737807,292821568.000
2014-05-05,2.84,2.85,2.79,2.83,85794976,253401264.000
2014-05-06,2.82,2.84,2.80,2.84,67541238,200050320.000
2014-05-07,2.82,2.83,2.79,2.80,53989616,159070400.000
2014-05-08,2.79,2.83,2.79,2.80,46109600,135934960.000
2014-05-09,2.80,2.81,2.78,2.80,44156270,129496632.000
2014-05-12,2.81,2.85,2.79,2.84,101137970,299670368.000
2014-05-13,2.83,2.84,2.81,2.83,57401325,170323728.000
2014-05-14,2.83,2.85,2.82,2.85,66810467,198823472.000
2014-05-15,2.83,2.85,2.81,2.83,61982626,184200560.000
2014-05-16,2.82,2.83,2.80,2.83,42503054,125640192.000
2014-05-19,2.82,2.83,2.78,2.78,50401256,147819840.000
2014-05-20,2.80,2.81,2.79,2.80,37489336,110233944.000
2014-05-21,2.79,2.81,2.78,2.81,38643851,113605600.000
2014-05-22,2.81,2.84,2.80,2.81,65740418,194966080.000
2014-05-23,2.82,2.86,2.81,2.85,76643071,228237312.000
2014-05-26,2.86,2.87,2.83,2.85,52639183,157144032.000
2014-05-27,2.86,2.87,2.84,2.85,59409665,177961264.000
2014-05-28,2.85,2.86,2.84,2.86,49001204,146570816.000
2014-05-29,2.86,2.90,2.86,2.87,89609537,270915008.000
2014-05-30,2.87,2.89,2.86,2.88,40422406,121889672.000
2014-06-03,2.89,2.90,2.86,2.88,40454594,122204600.000
2014-06-04,2.88,2.88,2.81,2.82,63589748,189204464.000
2014-06-05,2.82,2.85,2.81,2.84,47482050,140816496.000
2014-06-06,2.84,2.84,2.80,2.82,38704539,114405664.000
2014-06-09,2.81,2.85,2.80,2.82,49055160,145613408.000
2014-06-10,2.83,2.84,2.81,2.84,56740303,168237920.000
2014-06-11,2.83,2.84,2.82,2.84,43924604,130600208.000
2014-06-12,2.83,2.84,2.80,2.81,60383383,178357200.000
2014-06-13,2.81,2.84,2.80,2.84,65187514,193481456.000
2014-06-16,2.83,2.86,2.83,2.86,94381193,281984608.000
2014-06-17,2.87,2.88,2.84,2.85,81692383,233598304.000
2014-06-18,2.85,2.86,2.83,2.85,53327383,151647744.000
2014-06-19,2.85,2.85,2.80,2.82,55672155,157151136.000
2014-06-20,2.81,2.83,2.80,2.82,48930820,137520880.000
2014-06-23,2.82,2.82,2.78,2.78,56529088,158301840.000
2014-06-24,2.79,2.80,2.78,2.80,38669001,107942352.000
2014-06-25,2.79,2.80,2.77,2.80,33893157,94516800.000
2014-06-26,2.80,2.81,2.79,2.81,30620314,85858296.000
2014-06-27,2.80,2.82,2.79,2.81,42684960,119658448.000
2014-06-30,2.81,2.82,2.80,2.82,62596766,176048704.000
2014-07-01,2.82,2.82,2.79,2.81,45095639,126489808.000
2014-07-02,2.80,2.81,2.79,2.81,71103679,198943536.000
2014-07-03,2.81,2.82,2.79,2.81,64604036,181538464.000
2014-07-04,2.81,2.84,2.81,2.83,68086288,192026256.000
2014-07-07,2.83,2.85,2.82,2.84,69953153,198482016.000
2014-07-08,2.84,2.84,2.82,2.84,51077808,144445232.000
2014-07-09,2.83,2.83,2.80,2.80,51579126,145080864.000
2014-07-10,2.80,2.82,2.80,2.81,38777140,108861616.000
2014-07-11,2.81,2.84,2.80,2.82,74166322,209447776.000
2014-07-14,2.83,2.86,2.81,2.85,94918029,269532384.000
2014-07-15,2.85,2.88,2.83,2.87,123945934,354036928.000
2014-07-16,2.87,3.04,2.86,2.98,404537078,1206040832.000
2014-07-17,2.95,2.96,2.88,2.90,191500055,558298688.000
2014-07-18,2.90,3.03,2.88,2.99,320927350,956641792.000
2014-07-21,2.99,3.01,2.96,3.00,129085164,385471936.000
2014-07-22,2.99,3.03,2.98,2.99,110062994,330790944.000
2014-07-23,2.99,3.06,2.99,3.04,190345656,578701248.000
2014-07-24,3.05,3.13,3.05,3.08,194490513,600658176.000
2014-07-25,3.10,3.12,3.07,3.12,101628630,314238592.000
2014-07-28,3.14,3.19,3.13,3.19,268521117,850221824.000
2014-07-29,3.19,3.20,3.14,3.18,155460400,492827936.000
2014-07-30,3.16,3.18,3.11,3.13,158121988,496013184.000
2014-07-31,3.11,3.15,3.10,3.14,101694108,317436992.000
2014-08-01,3.13,3.19,3.13,3.15,140337954,444062848.000
2014-08-04,3.15,3.21,3.14,3.21,137009696,435615232.000
2014-08-05,3.21,3.22,3.17,3.19,111471835,355555936.000
2014-08-06,3.18,3.19,3.14,3.18,114318345,361667712.000
2014-08-07,3.17,3.18,3.13,3.14,85374451,269039296.000
2014-08-08,3.13,3.15,3.11,3.13,102618276,320962880.000
2014-08-11,3.13,3.17,3.13,3.16,77348100,244150944.000
2014-08-12,3.16,3.16,3.13,3.15,65657124,206471632.000
2014-08-13,3.14,3.17,3.12,3.15,74959643,235437664.000
2014-08-14,3.15,3.15,3.12,3.13,80458513,252045888.000
2014-08-15,3.16,3.19,3.15,3.18,164640347,521799712.000
2014-08-18,3.18,3.24,3.18,3.20,128205965,411836224.000
2014-08-19,3.21,3.21,3.17,3.19,89576040,285644640.000
2014-08-20,3.18,3.21,3.17,3.20,79256535,252662912.000
2014-08-21,3.20,3.20,3.15,3.18,76145233,241237264.000
2014-08-22,3.17,3.19,3.16,3.19,50282676,159926464.000
2014-08-25,3.20,3.22,3.17,3.18,125255177,399248064.000
2014-08-26,3.18,3.19,3.16,3.17,71512440,226872160.000
2014-08-27,3.17,3.18,3.14,3.15,54082685,170866544.000
2014-08-28,3.15,3.15,3.10,3.11,86682511,270864896.000
2014-08-29,3.12,3.16,3.11,3.14,66950242,209749248.000
2014-09-01,3.14,3.17,3.14,3.16,57382952,181251104.000
2014-09-02,3.17,3.19,3.13,3.19,125858877,397762400.000
2014-09-03,3.19,3.23,3.18,3.21,157179814,504813088.000
2014-09-04,3.22,3.29,3.21,3.28,207867654,676679168.000
2014-09-05,3.28,3.31,3.27,3.31,143893382,473604352.000
2014-09-09,3.32,3.40,3.32,3.36,197001836,663564992.000
2014-09-10,3.35,3.36,3.31,3.32,109897986,366048896.000
2014-09-11,3.33,3.39,3.31,3.33,118075349,394291232.000
2014-09-12,3.34,3.42,3.32,3.39,158583344,535606688.000
2014-09-15,3.37,3.37,3.33,3.36,143426480,480407168.000
2014-09-16,3.36,3.49,3.32,3.36,318344739,1083388032.000
2014-09-17,3.37,3.45,3.36,3.39,209768500,710942208.000
2014-09-18,3.38,3.38,3.32,3.34,144151430,482856928.000
2014-09-19,3.34,3.36,3.32,3.35,121152926,405049088.000
2014-09-22,3.34,3.34,3.26,3.27,148495971,488881920.000
2014-09-23,3.28,3.30,3.27,3.29,106407821,349367232.000
2014-09-24,3.28,3.40,3.27,3.38,271607794,913587776.000
2014-09-25,3.41,3.45,3.38,3.40,192760605,658902912.000
2014-09-26,3.38,3.41,3.35,3.39,103487980,349558848.000
2014-09-29,3.39,3.42,3.35,3.37,147488791,498662368.000
2014-09-30,3.38,3.40,3.37,3.39,110046160,372536256.000
2014-10-08,3.44,3.45,3.41,3.44,159363802,546099200.000
2014-10-09,3.44,3.51,3.42,3.50,247543999,859740864.000
2014-10-10,3.48,3.53,3.46,3.51,239859653,838380544.000
2014-10-13,3.49,3.51,3.45,3.46,148408782,514272608.000
2014-10-14,3.46,3.52,3.44,3.46,163414046,568032512.000
2014-10-15,3.46,3.48,3.42,3.44,128079582,441723296.000
2014-10-16,3.44,3.54,3.42,3.45,260854523,906983552.000
2014-10-17,3.45,3.45,3.37,3.39,172018139,586600192.000
2014-10-20,3.40,3.42,3.37,3.39,93473320,316972288.000
2014-10-21,3.39,3.39,3.34,3.34,106020111,356626304.000
2014-10-22,3.34,3.36,3.31,3.32,88850287,296224032.000
2014-10-23,3.31,3.34,3.27,3.29,109036054,360695712.000
2014-10-24,3.29,3.30,3.25,3.26,93165245,305013056.000
2014-10-27,3.25,3.25,3.18,3.19,134816688,432530208.000
2014-10-28,3.21,3.30,3.19,3.30,169496424,551647488.000
2014-10-29,3.30,3.42,3.28,3.38,228216447,764067328.000
2014-10-30,3.38,3.49,3.36,3.47,399716612,1377091072.000
2014-10-31,3.49,3.51,3.42,3.48,329338735,1144080384.000
2014-11-03,3.49,3.63,3.49,3.59,471347461,1684584576.000
2014-11-04,3.57,3.95,3.57,3.87,989480806,3756372992.000
2014-11-05,3.89,3.92,3.72,3.73,523014899,1976007296.000
2014-11-06,3.72,3.85,3.65,3.81,462255999,1730672512.000
2014-11-07,3.81,3.87,3.64,3.67,478203280,1793897472.000
2014-11-10,3.78,4.04,3.70,4.04,1293941645,5138833408.000
2014-11-11,4.05,4.11,3.96,4.03,965343695,3890500352.000
2014-11-12,3.99,4.02,3.92,4.01,533213004,2120301440.000
2014-11-13,4.00,4.06,3.92,3.97,443508412,1768029184.000
2014-11-14,3.94,4.01,3.89,4.00,335793595,1321811072.000
2014-11-17,4.06,4.07,3.92,3.93,362516479,1438833536.000
2014-11-18,3.91,3.92,3.80,3.81,376734075,1449944960.000
2014-11-19,3.80,3.82,3.73,3.75,294930328,1109876992.000
2014-11-20,3.73,3.81,3.72,3.76,203559003,766759040.000
2014-11-21,3.76,3.82,3.73,3.81,276888317,1044942016.000
2014-11-24,3.95,4.07,3.89,4.01,865121128,3449895680.000
2014-11-25,4.00,4.03,3.96,4.02,361258160,1444094208.000
2014-11-26,4.03,4.07,3.96,4.05,449525239,1807028352.000
2014-11-27,4.08,4.11,3.99,4.04,394360189,1592551680.000
2014-11-28,4.03,4.18,3.97,4.18,908185131,3705124352.000
2014-12-01,4.21,4.43,4.21,4.22,885945819,3808650752.000
2014-12-02,4.19,4.47,4.17,4.42,777854794,3390560256.000
2014-12-03,4.50,4.70,4.38,4.49,1029487653,4693353984.000
2014-12-04,4.48,4.75,4.46,4.70,955028315,4382040064.000
2014-12-05,4.76,4.78,4.46,4.57,956144451,4413396480.000
2014-12-08,4.60,5.03,4.55,5.03,1318099115,6439992320.000
2014-12-09,5.10,5.53,4.92,5.01,2175158706,11524553728.000
2014-12-10,5.11,5.48,5.06,5.40,1265917105,6671260160.000
2014-12-11,5.43,5.66,5.21,5.41,948669172,5143844352.000
2014-12-12,5.39,5.58,5.23,5.42,741961106,3999131136.000
2014-12-15,5.40,5.96,5.30,5.96,1305916620,7403778048.000
2014-12-16,6.07,6.17,5.78,5.99,1322474721,7921184256.000
2014-12-17,5.99,6.24,5.83,6.02,1031388320,6222040064.000
2014-12-18,6.00,6.46,5.92,6.25,1174475274,7270031872.000
2014-12-19,6.21,6.88,6.15,6.88,1578580721,10430810112.000
2014-12-22,7.22,7.55,6.46,6.71,1899037092,13384843264.000
2014-12-23,6.48,6.95,6.05,6.30,1095110878,7058504192.000
2014-12-24,6.40,6.47,6.00,6.11,859510475,5331317760.000
2014-12-25,6.14,6.72,6.04,6.71,1194961853,7642569728.000
2014-12-26,6.60,7.05,6.43,6.71,1508159497,10149597184.000
2014-12-29,6.56,7.38,6.51,7.28,2091426951,14798939136.000
2014-12-30,7.15,7.34,7.06,7.17,1250854061,8973287424.000
2014-12-31,7.19,7.49,6.98,7.28,1129693084,8155219968.000
2015-01-05,7.38,7.57,7.19,7.34,1145347977,8477408768.000
2015-01-06,7.19,7.28,6.92,7.07,1165055939,8261142016.000
2015-01-07,7.08,7.20,7.03,7.10,677683658,4815422976.000
2015-01-08,7.04,7.08,6.62,6.66,879606334,5963859968.000
2015-01-09,6.65,6.99,6.53,6.65,899562696,6092542976.000
2015-01-12,6.58,6.60,6.30,6.36,635470896,4090993664.000
2015-01-13,6.31,6.44,6.28,6.32,399455188,2535445760.000
2015-01-14,6.39,6.44,6.24,6.32,382335993,2426713856.000
2015-01-15,6.35,6.66,6.27,6.65,627000976,4067816704.000
2015-01-16,6.65,6.87,6.60,6.68,590785365,3973755648.000
2015-01-19,6.20,6.38,6.01,6.01,756730375,4649268224.000
2015-01-20,5.95,6.17,5.92,6.02,669390726,4044815616.000
2015-01-21,6.04,6.32,5.93,6.28,789169691,4837722624.000
2015-01-22,6.27,6.30,6.13,6.22,480015829,2982591488.000
2015-01-23,6.23,6.39,6.18,6.23,583402845,3666946560.000
2015-01-26,6.23,6.24,6.12,6.21,312455108,1928397440.000
2015-01-27,6.27,6.44,6.20,6.39,785872086,4970932736.000
2015-01-28,6.30,6.37,6.20,6.22,456567957,2863663872.000
2015-01-29,6.12,6.20,6.05,6.10,344486884,2106488192.000
2015-01-30,6.12,6.17,5.86,5.88,479189052,2866029824.000
2015-02-02,5.69,5.69,5.52,5.53,461525061,2587513344.000
2015-02-03,5.60,5.98,5.53,5.90,551852516,3155719424.000
2015-02-04,5.87,6.00,5.81,5.84,429455758,2529956864.000
2015-02-05,6.00,6.06,5.61,5.62,418096546,2445147904.000
2015-02-06,5.60,5.73,5.45,5.53,358755229,2008446720.000
2015-02-09,5.52,5.74,5.50,5.62,342984756,1926704768.000
2015-02-10,5.60,5.83,5.55,5.80,355787024,2041841792.000
2015-02-11,5.80,5.95,5.78,5.80,237989211,1393266432.000
2015-02-12,5.80,5.90,5.74,5.85,235070192,1371847424.000
2015-02-13,5.90,6.02,5.79,5.91,401268236,2384716288.000
2015-02-16,5.94,6.07,5.89,6.02,328957852,1975779072.000
2015-02-17,6.04,6.05,5.97,6.00,269870278,1621888896.000
2015-02-25,6.04,6.04,5.93,5.95,216555868,1295827328.000
2015-02-26,5.94,6.48,5.87,6.47,1015766290,6375173120.000
2015-02-27,6.41,6.56,6.38,6.41,666664212,4298175488.000
2015-03-02,6.51,6.54,6.32,6.38,440331672,2815265792.000
2015-03-03,6.33,6.41,6.17,6.22,596397430,3725765632.000
2015-03-04,6.21,6.25,6.13,6.17,348346614,2150089472.000
2015-03-05,6.14,6.14,5.96,6.06,436973640,2636657152.000
2015-03-06,6.04,6.11,6.01,6.05,259373213,1574653952.000
2015-03-09,6.00,6.13,5.89,6.11,361624497,2172952320.000
2015-03-10,6.08,6.09,6.01,6.03,220257444,1331332608.000
2015-03-11,6.03,6.11,6.02,6.06,243689528,1480563584.000
2015-03-12,6.10,6.25,6.01,6.21,502080097,3091635456.000
2015-03-13,6.23,6.44,6.19,6.25,514376161,3234915072.000
2015-03-16,6.29,6.39,6.24,6.32,403846421,2548586240.000
2015-03-17,6.39,6.61,6.39,6.49,867997177,5627716096.000
2015-03-18,6.50,6.57,6.44,6.56,704517772,4587873280.000
2015-03-19,6.58,6.94,6.51,6.82,1128047858,7675033600.000
2015-03-20,6.83,6.85,6.67,6.72,690426801,4650224640.000
2015-03-23,6.82,6.99,6.82,6.94,858854731,5951044608.000
2015-03-24,6.95,6.96,6.62,6.80,890604370,6037970432.000
2015-03-25,6.92,6.95,6.70,6.82,765311497,5221880832.000
2015-03-26,6.82,7.12,6.75,7.01,1092030880,7605367296.000
2015-03-27,7.05,7.39,6.91,7.22,1200104964,8587335168.000
2015-03-30,7.42,7.94,7.31,7.94,1829002710,14186532864.000
2015-03-31,8.25,8.28,7.64,7.67,1740003067,13800070144.000
2015-04-01,7.64,7.79,7.60,7.69,854751377,6567043584.000
2015-04-02,7.69,7.72,7.42,7.52,809525557,6108152320.000
2015-04-03,7.45,7.63,7.39,7.53,598574653,4488671744.000
2015-04-07,7.59,7.67,7.51,7.60,659786953,4997083136.000
2015-04-08,7.62,8.05,7.52,7.80,1119784016,8716727296.000
2015-04-09,7.79,7.79,7.40,7.53,870800540,6562975744.000
2015-04-10,7.52,7.60,7.43,7.58,569877666,4291547648.000
数据来源:通达信
