601688 华泰证券 日线 前复权
      日期	    开盘	    最高	    最低	    收盘	    成交量	    成交额
2011-03-02,13.79,13.83,13.56,13.81,18384445,263364192.000
2011-03-03,13.82,14.04,13.72,13.76,26168649,379269760.000
2011-03-04,13.73,14.05,13.65,14.01,23007155,333456000.000
2011-03-07,14.10,14.56,14.03,14.42,57521836,856291008.000
2011-03-08,14.43,14.55,14.26,14.37,29398275,441003264.000
2011-03-09,14.45,14.68,14.19,14.38,23595949,355010240.000
2011-03-10,14.28,14.30,13.81,13.90,25635674,375862208.000
2011-03-11,13.76,14.12,13.75,13.85,17135912,249256208.000
2011-03-14,13.69,13.93,13.68,13.85,11379879,163631568.000
2011-03-15,13.74,13.77,13.12,13.43,19816218,278251200.000
2011-03-16,13.43,13.68,13.38,13.58,15053391,212352032.000
2011-03-17,13.40,13.46,12.99,13.06,22521942,311354560.000
2011-03-18,13.30,13.59,13.19,13.56,19487929,272652288.000
2011-03-21,13.50,13.56,13.30,13.35,8091196,113307784.000
2011-03-22,13.39,13.67,13.26,13.53,10611820,149758432.000
2011-03-23,13.50,13.85,13.42,13.72,13654307,195333632.000
2011-03-24,13.68,13.76,13.60,13.62,6676925,95258736.000
2011-03-25,13.69,13.95,13.60,13.86,14412903,207968400.000
2011-03-28,13.95,14.14,13.87,13.90,24442800,356374592.000
2011-03-29,13.90,14.11,13.70,13.75,19087801,277795808.000
2011-03-30,13.70,13.80,13.44,13.48,11814312,167421952.000
2011-03-31,13.50,13.58,13.35,13.38,7411915,104126856.000
2011-04-01,13.36,13.60,13.36,13.58,7777751,109385696.000
2011-04-06,13.50,14.24,13.50,14.01,21643514,313883584.000
2011-04-07,14.00,14.04,13.85,13.93,11418160,165760592.000
2011-04-08,13.89,14.16,13.80,14.09,14092732,206489280.000
2011-04-11,14.17,14.40,13.89,13.90,17212876,253251664.000
2011-04-12,13.93,14.05,13.71,13.84,14265133,206473056.000
2011-04-13,13.78,14.23,13.71,14.16,21282742,310345344.000
2011-04-14,14.18,14.39,13.99,14.04,25398617,376084512.000
2011-04-15,14.01,14.25,13.91,14.20,19668558,289233760.000
2011-04-18,14.07,14.14,13.78,13.91,24500304,356282912.000
2011-04-19,13.78,13.80,13.41,13.43,23452590,331842496.000
2011-04-20,13.53,13.58,13.13,13.32,23184231,322750592.000
2011-04-21,13.41,13.83,13.32,13.50,22797249,323304800.000
2011-04-22,13.50,13.50,13.25,13.33,13520737,188608608.000
2011-04-25,13.28,13.34,13.12,13.17,13527064,186688480.000
2011-04-26,13.20,13.28,13.00,13.05,9839435,134913568.000
2011-04-27,13.13,13.20,12.85,12.98,11594394,158310000.000
2011-04-28,13.06,13.17,12.76,12.78,13703571,185743568.000
2011-04-29,12.85,12.90,12.75,12.88,9571864,128516368.000
2011-05-03,12.88,12.89,12.64,12.87,8246557,110351248.000
2011-05-04,12.81,12.81,12.43,12.48,12969894,171038864.000
2011-05-05,12.50,12.58,12.40,12.49,7333297,96207752.000
2011-05-06,12.40,12.58,12.39,12.50,6893901,90203000.000
2011-05-09,12.55,12.65,12.51,12.54,5406202,71205720.000
2011-05-11,12.58,13.06,12.47,12.67,14631035,194286160.000
2011-05-12,12.55,12.80,12.50,12.54,8441212,111632392.000
2011-05-13,12.60,12.95,12.57,12.77,14412496,192473344.000
2011-05-16,12.70,12.81,12.53,12.56,10266020,136018768.000
2011-05-17,12.55,12.77,12.50,12.64,8564794,113377008.000
2011-05-18,12.61,12.73,12.55,12.70,6307811,83713192.000
2011-05-19,12.78,12.78,12.56,12.58,5484536,72635632.000
2011-05-20,12.59,12.67,12.49,12.54,5357910,70444368.000
2011-05-23,12.55,12.55,12.04,12.05,13537045,174419680.000
2011-05-24,12.05,12.12,12.02,12.08,4893208,61989196.000
2011-05-25,12.04,12.15,11.83,11.86,5877584,73890976.000
2011-05-26,11.92,12.35,11.88,11.91,8634770,109288464.000
2011-05-27,11.92,12.04,11.87,11.92,7022987,88130024.000
2011-05-30,11.90,12.01,11.83,11.86,4981232,62418656.000
2011-05-31,11.97,12.13,11.89,12.08,6350353,80177664.000
2011-06-01,12.08,12.08,11.97,12.02,5475584,69040624.000
2011-06-02,11.90,11.98,11.58,11.67,9106632,112461640.000
2011-06-03,11.73,11.80,11.68,11.75,5032160,62058596.000
2011-06-07,11.74,11.79,11.67,11.77,4436625,54732064.000
2011-06-08,11.77,11.77,11.55,11.69,6050228,73968080.000
2011-06-09,11.65,11.71,11.43,11.45,6016007,73199320.000
2011-06-10,11.47,11.53,11.34,11.46,6529401,78644448.000
2011-06-13,11.40,11.45,11.27,11.40,6686643,79925376.000
2011-06-14,11.39,11.66,11.28,11.52,14588347,176086512.000
2011-06-15,11.47,11.50,11.32,11.33,6580026,78921280.000
2011-06-16,11.25,11.33,11.05,11.07,7636683,89794768.000
2011-06-17,11.07,11.23,11.03,11.04,7406046,86808696.000
2011-06-20,11.03,11.21,11.00,11.06,5716784,66870792.000
2011-06-21,11.13,11.14,11.02,11.09,5514692,63558284.000
2011-06-22,11.14,11.17,10.85,10.94,5895858,67523040.000
2011-06-23,10.85,11.22,10.81,11.15,7782735,89277472.000
2011-06-24,11.07,12.17,11.06,11.82,25434493,308998848.000
2011-06-27,11.71,11.89,11.65,11.70,12918692,157531312.000
2011-06-28,11.82,12.06,11.64,11.89,13817784,169947072.000
2011-06-29,11.98,11.98,11.57,11.60,11569673,141074832.000
2011-06-30,11.68,11.95,11.61,11.90,13772749,169258752.000
2011-07-01,11.90,12.05,11.81,11.90,10104879,125118344.000
2011-07-04,12.03,12.27,11.93,12.15,12214563,153775072.000
2011-07-05,12.12,12.21,12.00,12.06,7981126,99988800.000
2011-07-06,12.06,12.06,11.84,11.91,6464117,79907392.000
2011-07-07,12.02,12.13,11.85,11.85,7795307,96820024.000
2011-07-08,11.91,12.01,11.84,11.87,5754307,71134880.000
2011-07-11,11.85,11.86,11.72,11.83,6481651,79366392.000
2011-07-12,11.73,11.73,11.37,11.39,11850331,141984592.000
2011-07-13,11.41,11.58,11.41,11.55,6311798,75573208.000
2011-07-14,11.56,11.63,11.49,11.59,6967218,83663096.000
2011-07-15,11.59,11.68,11.48,11.65,8530822,102701632.000
2011-07-18,11.63,11.67,11.56,11.61,6864611,82852312.000
2011-07-19,11.56,11.57,11.44,11.46,6958275,83029688.000
2011-07-20,11.57,11.60,11.40,11.49,5735552,68475040.000
2011-07-21,11.47,11.51,11.31,11.33,5827374,69052384.000
2011-07-22,11.38,11.52,11.33,11.36,5947011,70555192.000
2011-07-25,11.29,11.29,10.85,10.91,8755091,100928712.000
2011-07-26,10.85,11.01,10.85,10.98,4376317,49825264.000
2011-07-27,10.91,11.05,10.87,11.01,5232482,59759108.000
2011-07-28,10.92,10.96,10.82,10.87,5222889,59238368.000
2011-07-29,10.88,11.29,10.88,11.12,10128753,116946720.000
2011-08-01,11.10,11.11,10.98,11.07,5386764,61955812.000
2011-08-02,10.95,10.97,10.73,10.85,5464110,61626128.000
2011-08-03,10.80,10.97,10.76,10.88,4916863,55696152.000
2011-08-04,10.93,11.00,10.86,10.89,3847235,43722768.000
2011-08-05,10.63,10.73,10.56,10.65,7049210,78253704.000
2011-08-08,10.57,10.65,9.76,9.98,10843104,115522992.000
2011-08-09,9.65,9.89,9.48,9.84,12405226,125768224.000
2011-08-10,9.99,10.06,9.80,9.82,8509483,88409952.000
2011-08-11,9.59,10.17,9.55,10.02,11990620,124511696.000
2011-08-12,10.05,10.10,9.95,9.99,7541695,79077728.000
2011-08-15,10.02,10.20,9.96,10.17,7334804,77293560.000
2011-08-16,10.15,10.21,9.96,9.99,6664887,70260488.000
2011-08-17,9.97,10.19,9.95,10.05,6547269,68925760.000
2011-08-18,10.05,10.11,9.85,9.87,5399181,56346568.000
2011-08-19,9.70,9.81,9.65,9.73,4703210,47845020.000
2011-08-22,9.80,9.88,9.63,9.67,4578883,46743552.000
2011-08-23,9.71,9.88,9.70,9.88,5680815,58198468.000
2011-08-24,9.92,10.01,9.82,9.84,6567083,67981568.000
2011-08-25,9.91,10.37,9.85,10.32,21895224,233143040.000
2011-08-26,10.23,10.34,10.10,10.21,10764841,114710136.000
2011-08-29,10.08,10.12,9.92,9.93,7639775,79799408.000
2011-08-30,10.03,10.16,9.86,9.87,8961298,94004720.000
2011-08-31,9.88,9.93,9.80,9.87,4290316,44290988.000
2011-09-01,9.87,10.01,9.81,9.83,4626633,47917072.000
2011-09-02,9.80,9.89,9.73,9.74,4131908,42271656.000
2011-09-05,9.66,9.66,9.49,9.53,6847818,68585872.000
2011-09-06,9.45,9.59,9.40,9.51,4109856,40985856.000
2011-09-07,9.60,9.86,9.51,9.78,7928095,80654768.000
2011-09-08,9.77,9.80,9.64,9.65,4645045,47252496.000
2011-09-09,9.74,10.03,9.67,9.72,10559451,108551672.000
2011-09-13,9.52,9.58,9.44,9.56,9044247,90034416.000
2011-09-14,9.63,9.71,9.36,9.69,16037906,160042000.000
2011-09-15,9.65,9.80,9.60,9.66,14190980,143985840.000
2011-09-16,9.73,9.74,9.43,9.51,16842549,168759632.000
2011-09-19,9.39,9.43,9.27,9.28,8202163,80240408.000
2011-09-20,9.28,9.45,9.21,9.42,7882266,77336920.000
2011-09-21,9.38,9.90,9.31,9.81,23389379,237727104.000
2011-09-22,9.69,9.73,9.38,9.41,13593563,136222608.000
2011-09-23,9.26,9.64,9.20,9.61,11474020,112860576.000
2011-09-26,9.51,9.62,9.35,9.40,7082528,70256152.000
2011-09-27,9.51,9.86,9.46,9.70,14656548,148005344.000
2011-09-28,9.75,9.79,9.54,9.58,9889177,99990344.000
2011-09-29,9.48,9.78,9.43,9.57,13442026,135467856.000
2011-09-30,9.59,9.66,9.44,9.51,12957833,129480248.000
2011-10-10,9.55,9.62,9.44,9.52,5556841,55373328.000
2011-10-11,9.85,9.93,9.51,9.64,17448569,178774208.000
2011-10-12,9.55,10.48,9.46,10.35,42954409,454167072.000
2011-10-13,10.20,10.38,10.14,10.25,18812563,201163248.000
2011-10-14,10.19,10.25,10.03,10.14,14770543,156289584.000
2011-10-17,10.15,10.28,10.04,10.13,10161097,107473792.000
2011-10-18,10.04,10.09,9.60,9.63,13459624,138242832.000
2011-10-19,9.70,9.87,9.61,9.71,9254226,94148712.000
2011-10-20,9.61,9.72,9.46,9.68,12354953,124125312.000
2011-10-21,9.66,9.72,9.54,9.57,6516206,65763484.000
2011-10-24,9.64,10.07,9.61,9.98,18327225,188563136.000
2011-10-25,9.92,10.18,9.81,10.09,16262424,170201952.000
2011-10-26,9.98,10.21,9.98,10.06,16662698,176143056.000
2011-10-27,10.09,10.16,9.85,9.97,17038841,178361376.000
2011-10-28,10.14,10.26,9.99,10.11,19540416,206587008.000
2011-10-31,10.17,10.21,9.97,10.04,12577660,132516256.000
2011-11-01,9.93,10.20,9.91,10.09,14861333,156611024.000
2011-11-02,9.93,10.30,9.73,10.26,21497321,224660480.000
2011-11-03,10.29,10.44,10.20,10.21,25747446,277181440.000
2011-11-04,10.29,10.33,10.15,10.30,13676847,146230560.000
2011-11-07,10.25,10.28,10.07,10.09,9209416,97712592.000
2011-11-08,10.14,10.22,10.01,10.03,8954505,94574480.000
2011-11-09,10.11,10.17,9.97,10.11,9126096,95982176.000
2011-11-10,9.96,10.04,9.87,9.88,9871191,102570928.000
2011-11-11,9.94,9.98,9.83,9.89,5280085,54705264.000
2011-11-14,9.97,10.10,9.92,10.06,10805509,113287824.000
2011-11-15,10.04,10.06,9.94,9.98,8580995,89487632.000
2011-11-16,9.98,10.02,9.65,9.68,11185783,114714880.000
2011-11-17,9.72,9.74,9.61,9.63,6025326,60937428.000
2011-11-18,9.63,9.70,9.45,9.49,9001016,90131456.000
2011-11-21,9.50,9.58,9.43,9.52,4872124,48405836.000
2011-11-22,9.47,9.55,9.43,9.49,4872019,48409616.000
2011-11-23,9.53,9.55,9.31,9.32,6808505,66992628.000
2011-11-24,9.25,9.31,9.09,9.16,10880431,104972000.000
2011-11-25,9.17,9.19,9.03,9.05,6288416,60032220.000
2011-11-28,9.11,9.20,9.07,9.12,5127377,49081136.000
2011-11-29,9.22,9.25,9.15,9.21,5708884,55088292.000
2011-11-30,9.18,9.20,8.57,8.61,13388850,123777192.000
2011-12-01,8.91,9.08,8.78,8.79,16288821,152814160.000
2011-12-02,8.76,8.77,8.54,8.57,7990950,72426200.000
2011-12-05,8.56,8.62,8.45,8.55,6155752,55419084.000
2011-12-06,8.55,8.61,8.49,8.59,5568677,50276392.000
2011-12-07,8.60,8.66,8.52,8.57,6140215,55477512.000
2011-12-08,8.58,8.63,8.37,8.53,6636061,59503252.000
2011-12-09,8.45,8.56,8.42,8.50,3279904,29319044.000
2011-12-12,8.48,8.55,8.36,8.37,4249611,37773528.000
2011-12-13,8.38,8.42,8.16,8.17,8751457,76452472.000
2011-12-14,8.15,8.21,7.95,7.98,6617796,56399748.000
2011-12-15,7.95,7.98,7.75,7.76,8568791,71113072.000
2011-12-16,7.79,7.95,7.66,7.91,9569006,78693992.000
2011-12-19,7.81,7.81,7.57,7.77,9013050,73405240.000
2011-12-20,7.75,7.83,7.60,7.63,8239501,67352352.000
2011-12-21,7.72,7.75,7.47,7.48,8072437,65274564.000
2011-12-22,7.42,7.45,7.17,7.27,15594476,120813368.000
2011-12-23,7.27,7.46,7.22,7.33,11578743,90259096.000
2011-12-26,7.27,7.45,7.22,7.36,8388473,64993348.000
2011-12-27,7.28,7.68,7.21,7.25,18231740,143634096.000
2011-12-28,7.17,7.50,7.08,7.44,21528686,166657632.000
2011-12-29,7.35,7.45,7.22,7.25,13723711,106983224.000
2011-12-30,7.31,7.41,7.25,7.37,17929382,139433792.000
2012-01-04,7.45,7.49,7.16,7.17,12882422,100302992.000
2012-01-05,7.12,7.21,6.90,6.91,15208191,113823016.000
2012-01-06,6.90,7.07,6.77,7.04,16748030,123569776.000
2012-01-09,6.99,7.43,6.95,7.34,19421141,148516368.000
2012-01-10,7.28,7.71,7.27,7.68,23862936,189415168.000
2012-01-11,7.63,7.66,7.50,7.55,16024634,128662672.000
2012-01-12,7.50,7.62,7.47,7.48,10790175,86133808.000
2012-01-13,7.49,7.55,7.23,7.42,13509680,105707960.000
2012-01-16,7.33,7.51,7.28,7.28,9666436,75969024.000
2012-01-17,7.30,7.79,7.26,7.74,17071292,137175840.000
2012-01-18,7.72,8.30,7.71,7.77,36945076,311676576.000
2012-01-19,7.78,8.17,7.77,8.03,23249246,196817440.000
2012-01-20,8.08,8.15,7.91,8.05,18608769,157416176.000
2012-01-30,8.07,8.10,7.73,7.75,14222457,118255352.000
2012-01-31,7.77,7.91,7.74,7.88,8571260,70981960.000
2012-02-01,7.88,7.89,7.64,7.71,7354887,60339504.000
2012-02-02,7.74,7.91,7.63,7.91,12473988,102693472.000
2012-02-03,7.85,7.97,7.77,7.90,15278009,127377848.000
2012-02-06,7.94,7.96,7.77,7.81,12041679,100045136.000
2012-02-07,7.75,7.75,7.56,7.60,10253822,82918432.000
2012-02-08,7.61,8.01,7.58,7.91,18191695,150613600.000
2012-02-09,7.91,7.94,7.78,7.82,17009483,141620192.000
2012-02-10,7.82,8.03,7.81,7.87,13622270,114019000.000
2012-02-13,7.77,8.00,7.74,7.92,15041003,125476296.000
2012-02-14,7.92,7.98,7.83,7.92,9434122,78803408.000
2012-02-15,7.91,8.12,7.88,8.04,22167269,188133184.000
2012-02-16,8.03,8.09,7.93,7.99,15626758,132305224.000
2012-02-17,8.05,8.11,7.99,8.03,14535342,123567296.000
2012-02-20,8.14,8.18,8.02,8.03,16511241,141099888.000
2012-02-21,8.03,8.12,7.93,8.10,19241295,162807008.000
2012-02-22,8.10,8.45,8.04,8.39,43276064,378241856.000
2012-02-23,8.33,8.43,8.28,8.35,16299295,143523440.000
2012-02-24,8.36,8.68,8.33,8.59,37394005,335295552.000
2012-02-27,8.65,9.02,8.63,8.73,48186605,448167904.000
2012-02-28,8.75,8.84,8.64,8.75,28948439,266052768.000
2012-02-29,8.74,8.74,8.50,8.53,15725171,142206352.000
2012-03-01,8.50,8.65,8.48,8.54,10631812,95827272.000
2012-03-02,8.56,8.91,8.56,8.88,25272742,233365952.000
2012-03-05,8.93,9.14,8.91,8.97,28181148,267139072.000
2012-03-06,8.91,9.01,8.82,8.87,18312233,171508432.000
2012-03-07,8.76,9.12,8.72,8.97,24982017,235202880.000
2012-03-08,9.07,9.56,9.04,9.34,43730575,427353152.000
2012-03-09,9.35,9.50,9.29,9.45,25849647,255074048.000
2012-03-12,9.34,9.58,9.05,9.25,40052227,390376224.000
2012-03-13,9.21,9.40,9.07,9.36,31957713,311135104.000
2012-03-14,9.40,9.66,8.94,9.06,42817694,421003200.000
2012-03-15,9.07,9.24,9.00,9.11,24037717,230189232.000
2012-03-16,9.20,9.46,9.17,9.44,25620647,250578880.000
2012-03-19,9.39,9.47,9.25,9.42,15161998,148907888.000
2012-03-20,9.36,9.40,8.87,8.94,23200893,220943232.000
2012-03-21,9.00,9.16,8.81,8.91,15466700,145814080.000
2012-03-22,8.88,9.15,8.86,9.00,14990103,141788672.000
2012-03-23,8.93,9.09,8.85,8.88,14745523,139055520.000
2012-03-26,8.85,8.97,8.73,8.82,8108137,75407128.000
2012-03-27,8.96,9.01,8.65,8.66,9436697,87399880.000
2012-03-28,8.65,8.67,8.15,8.22,18541754,164733120.000
2012-03-29,8.18,8.32,8.06,8.18,13130848,113123984.000
2012-03-30,8.21,8.41,8.21,8.33,12252712,107358880.000
2012-04-05,8.34,9.04,8.28,8.86,26336185,242123920.000
2012-04-06,8.78,8.97,8.75,8.94,15395943,143951344.000
2012-04-09,8.90,9.04,8.80,8.89,9741086,91343112.000
2012-04-10,8.92,8.98,8.63,8.98,12073215,111813752.000
2012-04-11,8.86,9.12,8.82,9.03,13154859,124032896.000
2012-04-12,9.03,9.38,8.99,9.35,32645963,316713344.000
2012-04-13,9.36,9.83,9.29,9.59,46453361,466748992.000
2012-04-16,9.50,9.68,9.46,9.56,27348108,274313056.000
2012-04-17,9.56,9.58,9.12,9.15,23118166,225201712.000
2012-04-18,9.23,9.70,9.14,9.59,38529955,383788416.000
2012-04-19,9.56,9.84,9.55,9.66,31952123,324019040.000
2012-04-20,9.65,10.32,9.62,10.10,67420333,704967488.000
2012-04-23,10.05,10.20,9.78,9.80,42123043,441095136.000
2012-04-24,9.69,10.25,9.62,10.07,46598956,482312448.000
2012-04-25,9.99,10.20,9.85,9.90,44556048,468658912.000
2012-04-26,9.97,10.47,9.74,10.26,55212345,585139648.000
2012-04-27,10.16,10.25,9.90,10.01,25222452,265410208.000
2012-05-02,10.31,10.40,10.06,10.12,39570861,422494624.000
2012-05-03,10.13,10.38,10.04,10.31,29144955,311743008.000
2012-05-04,10.33,10.37,10.01,10.16,24340967,258114912.000
2012-05-07,10.06,10.20,9.78,9.92,25976313,270348544.000
2012-05-08,9.92,9.96,9.70,9.74,19693197,201452576.000
2012-05-09,9.64,9.73,9.55,9.59,20106404,202698992.000
2012-05-10,9.64,9.77,9.48,9.67,18716041,188083264.000
2012-05-14,9.70,9.86,9.45,9.62,33913701,343882432.000
2012-05-15,9.48,9.79,9.44,9.75,18609002,187605168.000
2012-05-16,9.70,9.96,9.67,9.82,36187476,373572832.000
2012-05-17,9.79,10.52,9.76,10.47,54078195,577719488.000
2012-05-18,10.30,10.65,10.26,10.43,46409106,507072512.000
2012-05-21,10.34,10.48,9.93,10.06,22392037,237091904.000
2012-05-22,10.10,10.54,10.09,10.47,22787232,246581888.000
2012-05-23,10.42,10.89,10.39,10.75,38747592,432034400.000
2012-05-24,10.65,10.80,10.37,10.47,17249883,190371360.000
2012-05-25,10.49,10.65,10.03,10.17,26557628,284659168.000
2012-05-28,10.08,10.75,9.89,10.66,29503078,318524160.000
2012-05-29,10.65,11.10,10.55,10.92,43418520,492371552.000
2012-05-30,10.88,11.22,10.82,10.99,29047227,335174336.000
2012-05-31,10.88,11.32,10.86,11.27,35993103,418374784.000
2012-06-01,11.24,11.70,11.17,11.38,25667201,306329760.000
2012-06-04,11.15,11.52,10.92,10.97,32126156,373225856.000
2012-06-05,11.01,11.15,10.66,10.80,17951049,203444080.000
2012-06-06,10.84,10.99,10.53,10.66,21678680,243094384.000
2012-06-07,10.85,10.90,10.64,10.66,16767026,188391024.000
2012-06-08,10.84,11.11,10.65,10.81,23638384,268396128.000
2012-06-11,10.83,11.28,10.80,11.22,28920487,332139584.000
2012-06-12,11.11,11.43,11.10,11.26,19674496,230672880.000
2012-06-13,11.28,11.65,11.13,11.42,22468680,266987744.000
2012-06-14,11.37,11.45,11.02,11.05,18311734,213627392.000
2012-06-15,11.13,11.20,10.78,11.01,16047375,183736800.000
2012-06-18,11.03,11.33,11.03,11.29,13781303,160897328.000
2012-06-19,11.24,11.34,11.03,11.07,9282649,107760840.000
2012-06-20,11.08,11.16,10.55,10.65,31555426,353303328.000
2012-06-21,10.65,10.65,9.89,10.04,37579893,393459104.000
2012-06-25,10.00,10.02,9.69,9.73,24014262,242838624.000
2012-06-26,9.68,9.98,9.62,9.92,16738143,169658880.000
2012-06-27,9.91,10.11,9.87,9.92,14399173,148088992.000
2012-06-28,9.93,10.19,9.78,9.79,14488397,149074432.000
2012-06-29,9.71,10.31,9.67,10.20,24478636,252896512.000
2012-07-02,10.22,10.50,10.13,10.18,14453043,153282512.000
2012-07-03,10.18,10.29,9.92,10.09,19644873,204456304.000
2012-07-04,10.10,10.16,9.97,10.10,10586034,109550696.000
2012-07-05,10.05,10.05,9.38,9.42,26188303,258683216.000
2012-07-06,9.59,9.78,9.02,9.67,38566954,371827040.000
2012-07-09,9.55,9.62,9.20,9.46,24682497,239910768.000
2012-07-10,9.41,9.57,9.37,9.40,12127720,118528912.000
2012-07-11,9.39,9.47,8.95,9.37,21516308,205086752.000
2012-07-12,9.35,9.90,9.16,9.69,25629982,251034160.000
2012-07-13,9.67,9.94,9.61,9.72,13518880,136559280.000
2012-07-16,9.76,9.80,9.24,9.33,16025145,155581664.000
2012-07-17,9.31,9.82,9.28,9.71,20743815,205275744.000
2012-07-18,9.68,10.25,9.65,10.11,29981704,307007968.000
2012-07-19,10.03,10.57,10.02,10.25,31081244,329343360.000
2012-07-20,10.20,10.34,10.03,10.12,11034503,115614904.000
2012-07-23,10.03,10.24,9.81,10.16,11146521,115529648.000
2012-07-24,10.02,10.49,9.97,10.38,23719990,251445200.000
2012-07-25,10.29,10.46,10.11,10.23,12084436,128117352.000
2012-07-26,10.21,10.31,9.52,9.57,23883940,245250672.000
2012-07-27,9.56,9.70,8.86,9.19,39135831,371820352.000
2012-07-30,9.19,9.27,8.85,9.00,13701219,127865296.000
2012-07-31,8.95,9.18,8.90,9.08,11787765,110323720.000
2012-08-01,9.07,9.35,9.06,9.28,17937679,171101648.000
2012-08-02,9.22,9.24,8.84,8.92,16844517,156574736.000
2012-08-03,8.98,9.08,8.75,9.04,14087530,130160704.000
2012-08-06,9.00,9.27,8.94,9.22,14433609,136023280.000
2012-08-07,9.22,9.32,9.15,9.25,15274674,145518368.000
2012-08-08,9.35,9.46,9.21,9.26,14625622,141087360.000
2012-08-09,9.21,9.30,9.00,9.29,12578342,119295416.000
2012-08-10,9.25,9.34,9.09,9.14,8773908,83175120.000
2012-08-13,9.10,9.10,8.20,8.31,39709002,353495264.000
2012-08-14,8.30,8.35,8.00,8.24,24587776,206829600.000
2012-08-15,8.20,8.20,8.08,8.13,9471590,79877376.000
2012-08-16,8.14,8.23,8.06,8.11,9455013,79766432.000
2012-08-17,8.13,8.15,8.04,8.13,6911587,58031204.000
2012-08-20,8.03,8.23,7.98,8.17,7697198,64755272.000
2012-08-21,8.18,8.38,8.16,8.25,12298908,105541320.000
2012-08-22,8.28,8.30,8.17,8.22,7247392,61874708.000
2012-08-23,8.30,8.41,8.27,8.33,10568329,91355984.000
2012-08-24,8.35,8.41,8.27,8.28,9712254,83886928.000
2012-08-27,8.21,8.27,7.90,7.95,10175006,84618000.000
2012-08-28,8.02,8.28,7.93,8.15,10817900,91172184.000
2012-08-29,8.10,8.17,7.97,7.99,7995811,66846276.000
2012-08-30,8.00,8.45,7.99,8.26,20772755,176752112.000
2012-08-31,8.24,8.32,8.14,8.26,9039440,77251760.000
2012-09-03,8.23,8.54,8.11,8.43,16979053,147820928.000
2012-09-04,8.38,8.47,8.25,8.27,10034657,86762040.000
2012-09-05,8.25,8.45,8.23,8.32,11048489,95618416.000
2012-09-06,8.32,8.47,8.32,8.39,7900740,68784856.000
2012-09-07,8.50,9.18,8.50,9.07,38978065,359029856.000
2012-09-10,9.03,9.27,9.00,9.19,24246266,229058192.000
2012-09-11,9.10,9.17,8.88,9.12,24819592,230715504.000
2012-09-12,9.19,9.27,9.00,9.16,12618259,119465480.000
2012-09-13,9.07,9.21,8.90,8.91,10234549,95683408.000
2012-09-14,9.06,9.15,8.89,8.95,12269414,114225464.000
2012-09-17,8.93,8.98,8.59,8.61,14514485,131864952.000
2012-09-18,8.56,8.69,8.47,8.55,6194542,55076316.000
2012-09-19,8.59,9.10,8.59,8.82,19647732,180185984.000
2012-09-20,8.71,8.81,8.55,8.58,10631166,95058992.000
2012-09-21,8.52,8.73,8.48,8.60,9372488,83698112.000
2012-09-24,8.50,8.90,8.41,8.73,11990479,107841712.000
2012-09-25,8.70,8.94,8.67,8.79,13805378,126312848.000
2012-09-26,8.78,8.94,8.62,8.65,6696364,60473384.000
2012-09-27,8.70,9.25,8.63,9.09,34693844,323305184.000
2012-09-28,8.95,9.40,8.94,9.34,35702148,341099552.000
2012-10-08,9.27,9.50,9.12,9.23,18625926,178672608.000
2012-10-09,9.29,9.67,9.29,9.54,31005495,305653216.000
2012-10-10,9.48,9.64,9.39,9.50,16692234,163612032.000
2012-10-11,9.54,9.60,9.20,9.27,15827989,153270784.000
2012-10-12,9.30,9.63,9.21,9.37,22677153,220238464.000
2012-10-15,9.39,9.54,9.16,9.37,15294533,147212432.000
2012-10-16,9.37,9.45,9.20,9.25,17856865,172091904.000
2012-10-17,9.32,9.42,9.10,9.30,19091845,182893152.000
2012-10-18,9.34,9.60,9.25,9.50,21504657,209390304.000
2012-10-19,9.51,9.60,9.46,9.49,11879632,116647360.000
2012-10-22,9.46,9.72,9.42,9.69,24504855,242272528.000
2012-10-23,9.66,9.75,9.41,9.41,21023750,208489408.000
2012-10-24,9.35,9.43,9.16,9.23,20922365,200737440.000
2012-10-25,9.19,9.33,9.13,9.15,9933575,94567072.000
2012-10-26,9.13,9.21,8.84,8.94,12076675,112177648.000
2012-10-29,8.94,8.98,8.82,8.87,5856770,53800856.000
2012-10-30,8.90,9.02,8.88,8.95,10803310,100093184.000
2012-10-31,8.97,9.00,8.80,8.96,10819506,99694984.000
2012-11-01,9.00,9.35,9.00,9.20,28094119,267105216.000
2012-11-02,9.20,9.30,9.13,9.23,14569959,138831440.000
2012-11-05,9.20,9.29,9.06,9.11,8849992,83617472.000
2012-11-06,9.13,9.21,8.83,9.11,15359165,143253600.000
2012-11-07,9.04,9.08,8.88,8.92,9822145,90913192.000
2012-11-08,8.83,8.83,8.50,8.55,14515604,130166704.000
2012-11-09,8.52,8.54,8.27,8.37,14575855,126608656.000
2012-11-12,8.40,8.44,8.30,8.43,10341708,89819488.000
2012-11-13,8.44,8.44,8.05,8.10,17646056,149630112.000
2012-11-14,8.10,8.22,8.06,8.15,9743373,82087664.000
2012-11-15,8.10,8.14,7.95,7.97,9167020,76507056.000
2012-11-16,7.91,8.02,7.89,7.95,7778584,64222308.000
2012-11-19,7.98,8.09,7.90,8.02,24998777,206902752.000
2012-11-20,8.04,8.06,7.76,7.78,16277094,133388496.000
2012-11-21,7.78,8.04,7.77,8.00,19870856,162864912.000
2012-11-22,7.93,8.02,7.90,7.96,11591371,95848800.000
2012-11-23,7.99,8.16,7.95,8.01,9389803,78491904.000
2012-11-26,7.99,8.03,7.82,7.86,7161537,58711768.000
2012-11-27,7.83,7.90,7.69,7.70,10826164,87369944.000
2012-11-28,7.68,7.68,7.50,7.54,10230309,80479560.000
2012-11-29,7.60,7.66,6.89,7.02,30505964,228400864.000
2012-11-30,7.03,7.31,6.91,7.29,27512197,204320768.000
2012-12-03,7.24,7.44,7.06,7.08,15550083,117515968.000
2012-12-04,7.08,7.30,7.07,7.24,10777821,80588912.000
2012-12-05,7.21,7.90,7.19,7.71,33545987,266947616.000
2012-12-06,7.68,7.75,7.55,7.67,15233433,121210824.000
2012-12-07,7.69,8.13,7.61,8.11,27325043,224248672.000
2012-12-10,8.07,8.36,7.98,8.17,18243953,154686976.000
2012-12-11,8.11,8.20,7.98,8.04,11182889,93607016.000
2012-12-12,8.05,8.22,7.90,8.11,12418222,103731848.000
2012-12-13,8.04,8.11,7.90,7.94,10089303,83618608.000
2012-12-14,7.94,8.64,7.94,8.60,32347085,281363040.000
2012-12-17,8.60,8.84,8.51,8.63,31644791,283826688.000
2012-12-18,8.57,8.95,8.52,8.69,24843635,225291536.000
2012-12-19,8.64,8.75,8.48,8.61,14819978,132321808.000
2012-12-20,8.53,8.88,8.43,8.65,24653534,220381984.000
2012-12-21,8.70,8.82,8.50,8.56,16787659,150085952.000
2012-12-24,8.55,8.86,8.51,8.83,25487406,231577136.000
2012-12-25,8.75,9.27,8.68,9.09,30181026,282190784.000
2012-12-26,9.08,9.10,8.89,8.96,17507117,162747968.000
2012-12-27,8.95,9.11,8.86,8.90,23815846,221119760.000
2012-12-28,9.02,9.28,8.90,9.27,35208179,331341536.000
2012-12-31,9.39,9.55,9.16,9.50,31894063,308308960.000
2013-01-04,9.58,9.66,9.21,9.36,34853809,339585184.000
2013-01-07,9.26,9.36,9.09,9.30,27840159,265281984.000
2013-01-08,9.24,9.28,8.90,9.07,33990648,317953152.000
2013-01-09,9.05,9.25,9.00,9.09,22895718,215954336.000
2013-01-10,9.08,9.29,8.92,9.07,20843271,196399920.000
2013-01-11,9.06,9.12,8.81,8.84,28869052,266815536.000
2013-01-14,8.83,9.29,8.81,9.21,39079850,368286112.000
2013-01-15,9.27,9.41,9.22,9.31,28064389,269432928.000
2013-01-16,9.30,9.35,8.94,9.10,22286852,210137216.000
2013-01-17,9.06,9.28,8.92,9.10,26195680,246173664.000
2013-01-18,9.17,9.22,8.91,9.10,44631420,418762336.000
2013-01-21,9.09,9.11,8.95,9.05,25748119,240419312.000
2013-01-22,9.05,9.10,8.89,8.95,36666309,340691744.000
2013-01-23,8.92,8.93,8.66,8.85,31760514,289220800.000
2013-01-24,8.83,9.22,8.79,8.88,60530378,565045120.000
2013-01-25,8.84,8.97,8.74,8.76,24267556,222472736.000
2013-01-28,8.80,9.35,8.80,9.34,65935071,623669056.000
2013-01-29,9.31,9.89,9.31,9.88,96127080,955366528.000
2013-01-30,9.93,10.46,9.84,10.18,92615360,972861504.000
2013-01-31,10.14,10.40,10.05,10.19,52927667,556274496.000
2013-02-01,10.06,11.21,10.00,11.05,85454907,935620736.000
2013-02-04,11.40,12.19,11.19,11.56,136689361,1633522560.000
2013-02-05,11.41,11.65,11.15,11.58,81607836,959344192.000
2013-02-06,11.58,11.99,11.50,11.58,72459547,873453312.000
2013-02-07,11.51,11.90,11.25,11.77,73679572,877742848.000
2013-02-08,11.78,11.81,11.36,11.48,55491284,659876928.000
2013-02-18,11.58,11.62,11.05,11.07,45035310,519009120.000
2013-02-19,11.04,11.16,10.68,10.79,55820687,621240640.000
2013-02-20,10.76,10.79,10.41,10.71,46238688,503663168.000
2013-02-21,10.51,10.51,10.00,10.14,51883929,548797376.000
2013-02-22,10.14,10.31,10.08,10.13,32467713,341284288.000
2013-02-25,10.28,10.47,10.15,10.19,34147516,361478592.000
2013-02-26,9.90,10.37,9.65,9.97,127965624,1316059904.000
2013-02-27,10.01,10.42,9.98,10.22,89749376,940400000.000
2013-02-28,10.32,10.82,10.13,10.81,132557492,1433710720.000
2013-03-01,10.79,11.15,10.59,11.08,127185271,1420707328.000
2013-03-04,10.73,11.03,10.30,10.50,102381733,1120549504.000
2013-03-05,10.69,11.34,10.43,11.30,103562464,1158103680.000
2013-03-06,11.35,11.65,11.12,11.21,98772674,1150043392.000
2013-03-07,11.25,11.37,10.52,10.87,81735052,925795008.000
2013-03-08,10.88,10.95,10.37,10.39,67888786,739701248.000
2013-03-11,10.35,10.55,10.13,10.28,45216714,480230432.000
2013-03-12,10.31,10.62,10.02,10.22,63796777,674925696.000
2013-03-13,10.22,10.28,9.96,10.02,39757917,413046432.000
2013-03-14,9.98,10.15,9.95,10.00,31594404,326833120.000
2013-03-15,10.05,10.56,9.75,10.21,100447820,1057654144.000
2013-03-18,10.14,10.20,9.91,9.99,51741057,534694208.000
2013-03-19,10.02,10.32,9.90,10.24,58554254,609810432.000
2013-03-20,10.21,10.82,10.20,10.74,111120267,1204999040.000
2013-03-21,10.73,10.79,10.50,10.65,63477794,695299264.000
2013-03-22,10.60,10.67,10.43,10.53,37645808,408910592.000
2013-03-25,10.50,10.64,10.16,10.21,55672751,592134848.000
2013-03-26,10.13,10.13,9.84,9.90,49469091,506650080.000
2013-03-27,9.93,10.09,9.77,9.97,40813713,418049152.000
2013-03-28,9.70,9.70,9.28,9.31,58489960,571484736.000
2013-03-29,9.33,9.42,9.18,9.20,27061926,258933008.000
2013-04-01,9.21,9.38,9.18,9.27,22272445,213063776.000
2013-04-02,9.32,9.48,9.24,9.35,32113432,310906176.000
2013-04-03,9.39,9.46,9.21,9.31,23949469,230448160.000
2013-04-08,9.06,9.22,8.94,9.16,25304803,237174064.000
2013-04-09,9.20,9.46,9.20,9.40,34614646,335011808.000
2013-04-10,9.40,9.42,9.18,9.27,19361979,185589840.000
2013-04-11,9.40,9.44,9.20,9.20,17149544,164803040.000
2013-04-12,9.19,9.28,8.97,8.99,19190115,180566944.000
2013-04-15,8.94,9.09,8.78,8.97,21593186,199419168.000
2013-04-16,8.78,9.40,8.75,9.33,36480860,345097280.000
2013-04-17,9.31,9.44,9.12,9.30,26043792,250196128.000
2013-04-18,9.15,9.46,9.13,9.41,25483061,246191136.000
2013-04-19,9.41,9.90,9.41,9.79,62702864,628763008.000
2013-04-22,9.72,9.86,9.65,9.75,29228741,293563360.000
2013-04-23,9.75,9.75,9.23,9.32,38307601,372160512.000
2013-04-24,9.33,9.73,9.16,9.59,44420283,434109920.000
2013-04-25,9.49,9.81,9.31,9.42,41935355,413421824.000
2013-04-26,9.47,9.60,9.29,9.34,22112830,215518544.000
2013-05-02,9.35,9.67,9.29,9.51,24792787,242798336.000
2013-05-03,9.58,9.95,9.58,9.76,45673544,462123840.000
2013-05-06,9.84,9.96,9.73,9.89,37603473,381411744.000
2013-05-07,9.80,9.86,9.60,9.70,36059779,360030336.000
2013-05-08,9.70,9.81,9.52,9.61,30108405,298783552.000
2013-05-09,9.61,9.62,9.28,9.47,46984659,456911648.000
2013-05-10,9.40,9.58,9.35,9.50,19516795,191103200.000
2013-05-13,9.51,9.55,9.31,9.38,19688383,190781824.000
2013-05-14,9.36,9.38,9.15,9.17,24102943,229620816.000
2013-05-15,9.22,9.31,9.14,9.20,17619346,167612976.000
2013-05-16,9.18,9.51,9.10,9.50,32182842,311502080.000
2013-05-17,9.49,9.70,9.39,9.65,36550813,360533632.000
2013-05-20,9.65,9.89,9.63,9.70,41928379,421864896.000
2013-05-21,9.70,9.73,9.55,9.64,31091238,308900864.000
2013-05-22,9.71,9.83,9.64,9.70,31210371,313145952.000
2013-05-23,9.60,9.77,9.53,9.55,27699003,275104576.000
2013-05-24,9.60,9.69,9.49,9.62,23270743,230440048.000
2013-05-27,9.65,10.15,9.62,10.05,91710862,943262016.000
2013-05-28,10.05,10.39,9.98,10.36,98990312,1039050752.000
2013-05-29,10.42,10.50,10.24,10.28,69613973,742674432.000
2013-05-30,10.25,10.63,10.23,10.40,71615993,771963072.000
2013-05-31,10.46,10.56,10.14,10.17,44325600,472740512.000
2013-06-03,10.20,10.35,10.03,10.09,47061781,493671136.000
2013-06-04,10.07,10.09,9.79,9.84,47466417,483258176.000
2013-06-05,9.90,9.96,9.84,9.94,24198739,246914576.000
2013-06-06,9.89,10.03,9.82,9.85,22308360,227554320.000
2013-06-07,9.89,10.10,9.60,9.65,50082516,508717152.000
2013-06-13,9.44,9.44,8.92,9.04,41692745,386410272.000
2013-06-14,9.10,9.11,8.94,9.06,29395932,269997536.000
2013-06-17,9.10,9.13,8.87,8.93,18818713,171567936.000
2013-06-18,8.97,9.09,8.92,9.03,21364096,195738448.000
2013-06-19,8.98,8.99,8.61,8.85,32032581,286184000.000
2013-06-20,8.77,8.84,8.50,8.52,23442301,206428224.000
2013-06-21,8.25,8.65,8.23,8.48,30249958,260189008.000
2013-06-24,8.46,8.48,7.72,7.88,39741134,325020576.000
2013-06-25,7.75,7.87,7.08,7.69,61289843,469207744.000
2013-06-26,7.64,7.80,7.46,7.66,35213281,274022048.000
2013-06-27,7.77,7.85,7.51,7.63,36848856,289392000.000
2013-06-28,7.61,8.03,7.52,7.91,39140806,312413760.000
2013-07-01,7.86,7.95,7.69,7.90,20338468,162941040.000
2013-07-02,7.91,8.01,7.74,7.92,20040571,160816624.000
2013-07-03,7.86,7.88,7.60,7.80,21946995,172975184.000
2013-07-04,7.63,8.00,7.55,7.94,38372525,305783712.000
2013-07-05,7.95,8.13,7.90,7.93,23421113,190708256.000
2013-07-08,7.75,7.89,7.57,7.65,22356692,175772896.000
2013-07-09,7.58,7.76,7.58,7.67,15854012,124314168.000
2013-07-10,7.67,8.06,7.64,8.02,29453191,236525360.000
2013-07-11,8.06,8.83,8.03,8.65,68943908,595427904.000
2013-07-12,8.58,8.87,8.46,8.47,49498476,435434592.000
2013-07-15,8.83,9.25,8.55,8.88,60880925,551533952.000
2013-07-16,8.83,8.93,8.63,8.89,37439925,334207776.000
2013-07-17,8.83,8.97,8.59,8.60,35318644,315555968.000
2013-07-18,8.55,8.63,8.42,8.42,26654620,230289840.000
2013-07-19,8.45,8.60,8.10,8.11,30486155,260080576.000
2013-07-22,8.00,8.28,7.96,8.27,20189475,167741856.000
2013-07-23,8.28,8.72,8.25,8.63,33116674,289285792.000
2013-07-24,8.55,8.62,8.37,8.54,23304094,201480512.000
2013-07-25,8.60,8.74,8.48,8.54,19603439,171577952.000
2013-07-26,8.48,8.55,8.39,8.45,13272261,114362656.000
2013-07-29,8.33,8.35,8.08,8.10,18287206,153056576.000
2013-07-30,8.13,8.49,8.10,8.28,25100153,212353696.000
2013-07-31,8.39,8.64,8.37,8.39,24533615,212367440.000
2013-08-01,8.48,8.78,8.39,8.67,26639332,233499104.000
2013-08-02,8.75,8.80,8.55,8.61,27189571,239417104.000
2013-08-05,8.60,8.72,8.55,8.71,20686125,181996880.000
2013-08-06,8.68,8.86,8.56,8.81,30821817,273697760.000
2013-08-07,8.81,8.96,8.70,8.73,26562048,238770144.000
2013-08-08,8.64,8.78,8.59,8.63,16226705,142944320.000
2013-08-09,8.67,8.80,8.55,8.70,19846156,175166400.000
2013-08-12,8.70,8.99,8.68,8.98,38858739,350696352.000
2013-08-13,8.99,9.00,8.85,8.96,24562356,223028128.000
2013-08-14,8.96,9.10,8.78,8.83,27767860,252602768.000
2013-08-15,8.78,8.87,8.59,8.61,29234519,258800832.000
2013-08-16,8.59,9.49,8.53,8.60,69060989,623481792.000
2013-08-19,8.39,8.49,8.25,8.40,46161804,392975168.000
2013-08-20,8.36,8.51,8.20,8.26,34212885,291480032.000
2013-08-21,8.33,8.39,8.27,8.37,18557108,157560768.000
2013-08-22,8.34,8.43,8.23,8.26,24321467,206039920.000
2013-08-23,8.32,8.35,7.95,8.14,23266278,193424528.000
2013-08-26,8.33,8.57,8.27,8.55,47651955,408270304.000
2013-08-27,8.52,8.64,8.46,8.56,25004938,217078512.000
2013-08-28,8.45,8.53,8.35,8.44,28199509,242285920.000
2013-08-29,8.59,8.68,8.45,8.51,24514277,213522016.000
2013-08-30,8.52,8.77,8.42,8.65,43877447,386014848.000
2013-09-02,8.65,8.76,8.56,8.70,27411257,241726224.000
2013-09-03,8.71,8.76,8.62,8.76,31894603,282433856.000
2013-09-04,8.74,8.77,8.62,8.66,20221439,178699008.000
2013-09-05,8.72,8.72,8.56,8.59,15829548,138980592.000
2013-09-06,8.60,8.71,8.58,8.66,19978963,175844320.000
2013-09-09,8.74,9.30,8.70,9.19,89134699,820028992.000
2013-09-10,9.19,9.50,9.08,9.48,84545393,794477504.000
2013-09-11,9.60,9.75,9.36,9.45,74533951,723710528.000
2013-09-12,9.40,9.91,9.36,9.81,75947718,749868992.000
2013-09-13,9.79,9.95,9.69,9.74,52821553,525873760.000
2013-09-16,9.82,9.84,9.45,9.48,42405363,413625248.000
2013-09-17,9.48,9.56,9.21,9.23,35057967,334742496.000
2013-09-18,9.25,9.32,9.10,9.30,31311302,293388416.000
2013-09-23,9.29,9.43,9.23,9.41,35261535,334047680.000
2013-09-24,9.36,9.39,9.07,9.24,46892626,439009120.000
2013-09-25,9.21,9.33,9.09,9.12,21546106,201793264.000
2013-09-26,9.12,9.15,8.87,8.95,28748800,262526000.000
2013-09-27,8.95,9.12,8.92,9.11,17296110,158667600.000
2013-09-30,9.13,9.18,8.98,9.03,15216769,139908832.000
2013-10-08,8.99,9.20,8.92,9.14,18336903,169543424.000
2013-10-09,9.13,9.26,9.07,9.21,18030183,168085104.000
2013-10-10,9.21,9.24,8.74,8.79,50991268,461847584.000
2013-10-11,8.88,9.00,8.83,8.97,30614556,277518944.000
2013-10-14,8.96,9.00,8.84,8.92,25454807,230257856.000
2013-10-15,8.92,9.01,8.84,8.93,23555377,213540000.000
2013-10-16,8.87,8.91,8.59,8.66,36271883,321618016.000
2013-10-17,8.72,8.93,8.62,8.75,26735678,238545056.000
2013-10-18,8.75,9.04,8.71,8.91,33974694,308463584.000
2013-10-21,8.94,9.04,8.81,9.02,28033697,255240912.000
2013-10-22,9.01,9.02,8.80,8.84,31093541,281180064.000
2013-10-23,8.88,9.04,8.69,8.72,30765445,276614272.000
2013-10-24,8.69,8.72,8.55,8.58,22138017,194192688.000
2013-10-25,8.58,8.72,8.44,8.48,29146794,254308032.000
2013-10-28,8.47,8.52,8.24,8.38,29354458,249817760.000
2013-10-29,8.40,8.63,8.24,8.48,38389376,329459392.000
2013-10-30,8.53,8.59,8.41,8.57,24138583,209197376.000
2013-10-31,8.59,8.63,8.50,8.56,17557427,153042320.000
2013-11-01,8.61,8.76,8.54,8.70,24051240,212309120.000
2013-11-04,8.74,8.79,8.58,8.60,19470127,172047264.000
2013-11-05,8.54,8.57,8.39,8.55,18302979,157919744.000
2013-11-06,8.51,8.58,8.41,8.42,12789614,110542392.000
2013-11-07,8.39,8.47,8.29,8.35,16377660,139570256.000
2013-11-08,8.30,8.38,8.09,8.16,22997485,192401568.000
2013-11-11,8.13,8.21,8.07,8.13,14924660,123659480.000
2013-11-12,8.16,8.26,8.14,8.25,17632199,147210608.000
2013-11-13,8.16,8.18,8.00,8.01,18442448,151770864.000
2013-11-14,8.00,8.08,7.98,8.04,14593023,119350640.000
2013-11-15,8.10,8.72,8.07,8.45,58314881,502978560.000
2013-11-18,8.57,9.01,8.48,8.99,81380894,724451712.000
2013-11-19,8.98,8.98,8.80,8.85,36526182,328961120.000
2013-11-20,8.96,9.02,8.80,8.89,23591590,212688352.000
2013-11-21,8.83,8.85,8.58,8.78,44639880,395214112.000
2013-11-22,8.83,8.90,8.72,8.74,33304606,298223424.000
2013-11-25,8.71,8.98,8.63,8.73,39417217,352453216.000
2013-11-26,8.73,8.99,8.71,8.81,32296796,290639328.000
2013-11-27,8.82,9.13,8.76,9.07,60513222,554726720.000
2013-11-28,9.07,9.20,9.01,9.05,45639909,421991520.000
2013-11-29,9.07,9.11,9.01,9.07,24352184,223952048.000
2013-12-02,9.35,9.69,9.19,9.38,117453037,1124320896.000
2013-12-03,9.40,9.41,9.23,9.37,41353303,391344032.000
2013-12-04,9.38,9.60,9.32,9.43,45942247,442635680.000
2013-12-05,9.43,9.63,9.34,9.52,43404808,419148960.000
2013-12-06,9.48,9.52,9.29,9.32,37693669,358619360.000
2013-12-09,9.33,9.50,9.26,9.28,25079345,238242544.000
2013-12-10,9.28,9.34,9.15,9.21,31281788,294086400.000
2013-12-11,9.12,9.15,8.85,8.93,36491412,333690912.000
2013-12-12,8.89,9.03,8.89,8.93,22023786,200363440.000
2013-12-13,8.85,9.04,8.82,8.99,19048520,173627344.000
2013-12-16,9.06,9.10,8.73,8.75,30558604,275191200.000
2013-12-17,8.75,8.87,8.69,8.73,17920358,160137776.000
2013-12-18,8.77,8.91,8.75,8.81,14278499,128231552.000
2013-12-19,8.85,8.94,8.75,8.80,18014683,161966464.000
2013-12-20,8.80,8.84,8.58,8.63,24423884,215917024.000
2013-12-23,8.63,8.72,8.49,8.60,20662689,180809968.000
2013-12-24,8.61,8.71,8.53,8.63,14522503,127553016.000
2013-12-25,8.65,8.76,8.60,8.74,19263168,170408128.000
2013-12-26,8.75,8.75,8.56,8.58,17759439,156004416.000
2013-12-27,8.60,8.79,8.54,8.76,29006913,256519776.000
2013-12-30,8.81,8.82,8.63,8.67,24199446,214172304.000
2013-12-31,8.63,8.84,8.60,8.81,34568126,308924160.000
2014-01-02,8.80,8.84,8.60,8.70,24232203,214295392.000
2014-01-03,8.65,8.65,8.43,8.45,30505177,264127312.000
2014-01-06,8.45,8.66,8.26,8.60,37823229,323437056.000
2014-01-07,8.50,8.62,8.45,8.49,12428081,107710528.000
2014-01-08,8.53,8.70,8.47,8.52,17802732,155554832.000
2014-01-09,8.50,8.64,8.38,8.39,15934457,137962304.000
2014-01-10,8.38,8.43,8.28,8.34,16029707,136089840.000
2014-01-13,8.33,8.40,8.29,8.35,11720297,99606896.000
2014-01-14,8.35,8.51,8.33,8.48,11447584,98374696.000
2014-01-15,8.45,8.54,8.36,8.47,9204284,78942208.000
2014-01-16,8.47,8.56,8.41,8.45,11617180,100379184.000
2014-01-17,8.41,8.49,8.27,8.39,20004270,170168224.000
2014-01-20,8.36,8.43,8.33,8.37,7109254,60634972.000
2014-01-21,8.39,8.60,8.39,8.52,16100028,139565024.000
2014-01-22,8.55,8.70,8.49,8.68,47555929,416634144.000
2014-01-23,8.64,8.66,8.55,8.57,23834989,208375264.000
2014-01-24,8.56,8.72,8.53,8.66,24879224,218665760.000
2014-01-27,8.56,8.60,8.40,8.41,19944176,172166064.000
2014-01-28,8.45,8.51,8.39,8.47,14771262,127045960.000
2014-01-29,8.51,8.54,8.45,8.49,11307287,97818848.000
2014-01-30,8.46,8.49,8.31,8.31,12783067,109190880.000
2014-02-07,8.23,8.36,8.17,8.34,12015872,101349864.000
2014-02-10,8.36,8.54,8.36,8.52,23098900,199713808.000
2014-02-11,8.49,8.67,8.48,8.57,30420030,265177712.000
2014-02-12,8.58,8.69,8.52,8.59,20994039,183568640.000
2014-02-13,8.56,8.61,8.45,8.46,26211819,227500320.000
2014-02-14,8.46,8.56,8.46,8.54,16149788,139808768.000
2014-02-17,8.63,8.67,8.54,8.60,21269447,185689248.000
2014-02-18,8.62,8.62,8.30,8.34,33800095,289477856.000
2014-02-19,8.28,8.46,8.25,8.40,29686437,252027552.000
2014-02-20,8.41,8.50,8.21,8.23,29544583,250710864.000
2014-02-21,8.23,8.23,7.93,8.02,39806193,326840160.000
2014-02-24,7.94,7.95,7.75,7.80,27752640,221321968.000
2014-02-25,7.81,7.88,7.56,7.58,25943800,204691712.000
2014-02-26,7.56,7.63,7.48,7.60,18257643,140740848.000
2014-02-27,7.63,7.72,7.50,7.54,21360446,165680112.000
2014-02-28,7.52,7.94,7.52,7.87,44242630,349967520.000
2014-03-03,7.81,7.83,7.71,7.74,23567925,186605888.000
2014-03-04,7.76,7.81,7.67,7.77,17483620,137956592.000
2014-03-05,7.80,7.90,7.58,7.74,21915322,174651184.000
2014-03-06,7.71,7.86,7.62,7.77,22594209,178976384.000
2014-03-07,7.75,7.87,7.67,7.71,20690409,163850352.000
2014-03-10,7.63,7.69,7.33,7.37,31861078,243591456.000
2014-03-11,7.37,7.43,7.27,7.37,23326611,174601984.000
2014-03-12,7.33,7.40,7.18,7.30,26922965,200184608.000
2014-03-13,7.31,7.48,7.23,7.29,42999349,322135776.000
2014-03-14,7.23,7.35,7.20,7.25,27343266,202873328.000
2014-03-17,7.30,7.34,7.22,7.31,18138943,134621568.000
2014-03-18,7.32,7.33,7.24,7.27,21446263,159405200.000
2014-03-19,7.25,7.26,7.18,7.24,14657886,107982872.000
2014-03-20,7.24,7.30,7.11,7.12,22227360,163775136.000
2014-03-21,7.11,7.44,7.08,7.41,50582753,375822496.000
2014-03-24,7.41,7.81,7.36,7.68,63408623,490491200.000
2014-03-25,7.64,7.79,7.60,7.63,34900973,273825344.000
2014-03-26,7.72,7.80,7.60,7.62,19809236,154944544.000
2014-03-27,7.60,7.71,7.45,7.58,30020790,231639040.000
2014-03-28,7.56,7.68,7.50,7.55,19039035,147350896.000
2014-03-31,7.60,7.62,7.40,7.43,17899195,136711184.000
2014-04-01,7.45,7.57,7.42,7.54,16003038,122434384.000
2014-04-02,7.54,7.63,7.50,7.59,15280050,117807656.000
2014-04-03,7.64,7.76,7.56,7.57,22160928,173278320.000
2014-04-04,7.53,7.90,7.50,7.86,39414685,310362720.000
2014-04-08,7.78,8.21,7.75,8.01,75106220,614371328.000
2014-04-09,8.15,8.19,7.93,7.97,47154325,385116704.000
2014-04-10,8.00,8.58,7.99,8.46,125354208,1062341824.000
2014-04-11,8.42,8.54,8.31,8.39,61096892,522433856.000
2014-04-14,8.40,8.47,8.29,8.39,31273668,266004768.000
2014-04-15,8.35,8.35,8.06,8.12,40775023,339859200.000
2014-04-16,8.11,8.33,8.10,8.20,30256574,252775520.000
2014-04-17,8.25,8.33,8.12,8.21,32370595,271557696.000
2014-04-18,8.15,8.29,8.06,8.22,22251398,185580880.000
2014-04-21,8.14,8.26,7.95,7.98,28997315,239841152.000
2014-04-22,7.96,8.03,7.78,7.98,37484318,301960608.000
2014-04-23,7.95,7.99,7.85,7.90,17521907,141309536.000
2014-04-24,7.89,8.00,7.84,7.87,18115188,146085824.000
2014-04-25,7.90,7.94,7.79,7.80,19444639,155715360.000
2014-04-28,7.80,7.86,7.67,7.71,23129733,183407216.000
2014-04-29,7.70,8.05,7.67,8.00,32192358,258862896.000
2014-04-30,7.97,8.00,7.86,7.96,18129831,146645200.000
2014-05-05,7.92,8.04,7.82,8.00,18575455,149973952.000
2014-05-06,7.95,8.04,7.92,7.96,17792167,144526848.000
2014-05-07,7.94,8.02,7.90,7.94,16864758,136838688.000
2014-05-08,7.92,8.17,7.90,7.98,26596060,217724592.000
2014-05-09,8.00,8.10,7.96,8.05,25462808,208264896.000
2014-05-12,8.21,8.31,8.07,8.24,50295520,420510848.000
2014-05-13,8.19,8.25,8.12,8.16,24584280,204810816.000
2014-05-14,8.18,8.25,8.16,8.18,18338672,153098480.000
2014-05-15,8.17,8.20,7.94,7.95,27372505,224379600.000
2014-05-16,7.99,8.04,7.75,7.83,31854322,254509216.000
2014-05-19,7.78,7.78,7.54,7.60,29064869,226268384.000
2014-05-20,7.66,7.73,7.59,7.62,14832839,115653456.000
2014-05-21,7.60,7.73,7.55,7.72,15973523,124798104.000
2014-05-22,7.72,7.84,7.68,7.70,19893212,157457504.000
2014-05-23,7.70,7.80,7.69,7.79,14024117,110919552.000
2014-05-26,7.85,7.86,7.74,7.78,16869534,133859928.000
2014-05-27,7.77,7.80,7.71,7.71,10397592,82224960.000
2014-05-28,7.72,7.87,7.65,7.84,26322754,208165824.000
2014-05-29,7.82,7.84,7.69,7.69,18046261,142790976.000
2014-05-30,7.70,7.75,7.65,7.67,21180464,166154800.000
2014-06-03,7.70,7.76,7.63,7.64,24139652,189422896.000
2014-06-04,7.64,7.65,7.45,7.50,27358192,210103264.000
2014-06-05,7.50,7.58,7.48,7.57,15567067,119567072.000
2014-06-06,7.56,7.58,7.43,7.48,15990335,122244096.000
2014-06-09,7.46,7.59,7.43,7.48,17655202,135146496.000
2014-06-10,7.53,7.63,7.45,7.62,26910941,207310208.000
2014-06-11,7.58,7.60,7.52,7.56,15896849,122622464.000
2014-06-12,7.55,7.58,7.51,7.52,13391123,102996168.000
2014-06-13,7.53,7.71,7.50,7.63,27262389,211912704.000
2014-06-16,7.67,7.76,7.64,7.71,24673035,193561824.000
2014-06-17,7.69,7.70,7.64,7.65,16345869,127814688.000
2014-06-18,7.66,7.67,7.55,7.57,13486093,104755168.000
2014-06-19,7.58,7.61,7.38,7.41,16350960,124856176.000
2014-06-20,7.41,7.47,7.41,7.44,16176551,122774624.000
2014-06-23,7.45,7.52,7.42,7.44,13325444,101451072.000
2014-06-24,7.45,7.49,7.40,7.46,17842939,135665632.000
2014-06-25,7.48,7.48,7.38,7.40,17040353,126431840.000
2014-06-26,7.42,7.51,7.40,7.46,32538609,242818640.000
2014-06-27,7.45,7.52,7.41,7.47,24711162,183995744.000
2014-06-30,7.49,7.56,7.46,7.52,34677436,260085456.000
2014-07-01,7.54,7.56,7.50,7.51,16184964,121748016.000
2014-07-02,7.52,7.59,7.51,7.58,22418952,169336400.000
2014-07-03,7.57,7.68,7.54,7.63,27004819,205747632.000
2014-07-04,7.62,7.65,7.56,7.58,17467083,132616128.000
2014-07-07,7.58,7.62,7.54,7.58,12709972,96287680.000
2014-07-08,7.58,7.59,7.53,7.59,12632629,95476432.000
2014-07-09,7.59,7.62,7.45,7.46,20900170,157540576.000
2014-07-10,7.48,7.53,7.44,7.48,14439577,108014960.000
2014-07-11,7.47,7.63,7.46,7.58,20600431,155893648.000
2014-07-14,7.59,7.69,7.57,7.68,24528169,187457200.000
2014-07-15,7.68,7.68,7.61,7.66,19198588,146753520.000
2014-07-16,7.64,7.76,7.64,7.67,26043690,200424800.000
2014-07-17,7.66,7.67,7.57,7.63,18951979,144386496.000
2014-07-18,7.60,7.74,7.58,7.69,32515166,249508192.000
2014-07-21,7.69,7.71,7.61,7.62,20753470,158887440.000
2014-07-22,7.61,7.78,7.61,7.74,40221751,310984224.000
2014-07-23,7.75,7.85,7.72,7.78,40855540,318392256.000
2014-07-24,7.78,8.09,7.77,7.98,81787796,651491648.000
2014-07-25,8.02,8.12,7.96,8.11,66341756,533625408.000
2014-07-28,8.20,8.65,8.20,8.45,153311356,1290228864.000
2014-07-29,8.44,8.58,8.39,8.40,63242572,534151200.000
2014-07-30,8.39,8.50,8.33,8.39,55970493,470907680.000
2014-07-31,8.39,8.58,8.33,8.56,73905344,625724416.000
2014-08-01,8.50,8.65,8.41,8.44,73064863,625032704.000
2014-08-04,8.51,8.85,8.45,8.80,99846001,869017536.000
2014-08-05,8.82,8.92,8.69,8.81,69612043,611830208.000
2014-08-06,8.74,8.85,8.64,8.80,66698357,583214016.000
2014-08-07,8.79,8.82,8.53,8.55,64172468,556954432.000
2014-08-08,8.57,8.60,8.45,8.52,43655073,371753408.000
2014-08-11,8.56,8.75,8.52,8.71,52434437,454874272.000
2014-08-12,8.73,8.78,8.65,8.69,35690794,310854080.000
2014-08-13,8.70,8.82,8.53,8.67,62554785,542005824.000
2014-08-14,8.67,8.70,8.48,8.49,51163356,439210624.000
2014-08-15,8.52,8.77,8.49,8.71,63034971,546382016.000
2014-08-18,8.74,8.85,8.71,8.78,52374819,460187104.000
2014-08-19,8.80,8.86,8.60,8.69,46915022,409641408.000
2014-08-20,8.68,8.77,8.63,8.69,28677100,249303520.000
2014-08-21,8.70,8.71,8.51,8.58,34972832,300538112.000
2014-08-22,8.59,8.68,8.53,8.67,32837094,282458400.000
2014-08-25,8.69,8.70,8.49,8.51,35375865,303026144.000
2014-08-26,8.48,8.54,8.32,8.35,40523752,340537728.000
2014-08-27,8.34,8.44,8.32,8.34,23410529,195871920.000
2014-08-28,8.34,8.42,8.25,8.31,28644167,238585632.000
2014-08-29,8.33,8.39,8.25,8.38,29782815,247985840.000
2014-09-01,8.39,8.45,8.35,8.43,30128949,253101024.000
2014-09-02,8.45,8.64,8.40,8.61,52358849,445949696.000
2014-09-03,8.70,8.84,8.66,8.69,66012320,576491968.000
2014-09-04,8.72,8.85,8.69,8.84,64199174,564755968.000
2014-09-05,8.93,9.11,8.91,8.98,84874078,764731520.000
2014-09-09,8.99,9.06,8.90,9.04,56713342,509799616.000
2014-09-10,8.96,8.98,8.86,8.89,42061044,374795680.000
2014-09-11,8.89,9.15,8.85,8.90,76302224,684720896.000
2014-09-12,8.87,8.92,8.78,8.88,53201475,470307104.000
2014-09-15,8.86,8.89,8.75,8.85,46903887,414204256.000
2014-09-16,8.86,8.88,8.57,8.59,70879486,620778752.000
2014-09-17,8.62,8.65,8.52,8.59,41639247,357597888.000
2014-09-18,8.58,8.74,8.50,8.66,47279203,408492896.000
2014-09-19,8.66,8.77,8.64,8.74,37580403,327492096.000
2014-09-22,8.75,8.76,8.49,8.54,43936808,379401792.000
2014-09-23,8.55,8.73,8.55,8.68,39342366,340493664.000
2014-09-24,8.68,9.11,8.64,9.03,107232258,959052608.000
2014-09-25,9.10,9.21,8.96,9.03,82960977,755066688.000
2014-09-26,8.98,9.08,8.94,8.98,38555402,346970048.000
2014-09-29,9.05,9.16,9.00,9.15,81606583,741019840.000
2014-09-30,9.17,9.18,9.08,9.12,42806409,390723296.000
2014-10-08,9.15,9.15,8.97,9.12,49018469,445084864.000
2014-10-09,9.12,9.15,8.98,9.05,49380288,447309312.000
2014-10-10,9.00,9.10,8.96,9.02,45874166,414205024.000
2014-10-13,8.95,8.99,8.84,8.93,40579276,360855488.000
2014-10-14,8.91,9.06,8.89,8.97,50648675,455575712.000
2014-10-15,9.00,9.42,8.99,9.35,118352861,1092637184.000
2014-10-16,9.28,9.42,9.18,9.19,81762517,761276672.000
2014-10-17,9.20,9.42,9.12,9.39,94783388,882361728.000
2014-10-20,9.46,9.53,9.34,9.39,62325396,587381760.000
2014-10-21,9.37,9.59,9.30,9.33,76706964,726876864.000
2014-10-22,9.33,9.45,9.20,9.22,54664450,508655040.000
2014-10-23,9.19,9.29,9.10,9.13,45920858,421575648.000
2014-10-24,9.17,9.23,9.10,9.13,31760382,291060128.000
2014-10-27,8.91,8.96,8.81,8.89,57969664,515075424.000
2014-10-28,8.92,9.24,8.90,9.22,59262074,538085056.000
2014-10-29,9.23,9.67,9.20,9.47,111698910,1054055872.000
2014-10-30,9.48,9.94,9.43,9.75,157656248,1533315840.000
2014-10-31,9.85,10.72,9.85,10.47,247630375,2535786240.000
2014-11-03,10.50,10.82,10.44,10.59,171005002,1820993536.000
2014-11-04,10.49,10.79,10.46,10.64,105910980,1126535040.000
2014-11-05,10.56,11.22,10.52,10.95,162335968,1773588608.000
2014-11-06,10.91,11.01,10.63,10.94,91215962,990992256.000
2014-11-07,10.97,11.99,10.89,11.39,204120962,2348455424.000
2014-11-10,11.80,12.42,11.31,12.34,202397499,2388530176.000
2014-11-11,12.50,13.06,11.81,12.25,237058055,2960793344.000
2014-11-12,11.90,12.96,11.85,12.93,184463881,2297071616.000
2014-11-13,12.98,13.48,12.65,12.87,207916339,2723525632.000
2014-11-14,12.76,13.12,12.38,12.66,126170380,1601717376.000
2014-11-26,13.93,13.93,13.93,13.93,2877472,40083184.000
2014-11-27,15.32,15.32,15.32,15.32,11889113,182141216.000
2014-11-28,16.85,16.85,16.85,16.85,20611062,347296384.000
2014-12-01,18.00,18.54,17.28,18.54,510829586,9250651136.000
2014-12-02,18.00,20.39,17.91,20.39,408511241,7813465088.000
2014-12-03,20.58,22.40,19.87,20.50,396073838,8302815232.000
2014-12-04,20.42,22.55,20.42,22.55,321164723,7039009792.000
2014-12-05,23.33,24.81,22.38,24.80,552089501,13165004800.000
2014-12-08,23.80,27.21,23.12,26.40,505970522,13024281600.000
2014-12-09,25.90,28.66,23.76,24.13,663484739,17884561408.000
2014-12-10,23.60,25.01,21.77,23.22,503475489,11513358336.000
2014-12-11,22.55,22.98,21.00,21.10,358320806,7917042688.000
2014-12-12,20.80,22.65,20.80,21.39,365248798,7944720384.000
2014-12-15,21.28,22.74,21.00,22.51,283198756,6212849152.000
2014-12-16,22.80,24.76,22.50,24.76,444458374,10583988224.000
2014-12-17,25.81,26.40,23.54,25.04,456614716,11509667840.000
2014-12-18,24.16,24.51,22.66,22.87,277208107,6539211264.000
2014-12-19,22.86,23.77,21.53,22.69,237664736,5406100480.000
2014-12-22,22.71,23.50,21.39,22.40,246993685,5583637504.000
2014-12-23,22.65,24.19,22.55,23.22,287194565,6711077888.000
2014-12-24,23.41,23.85,21.20,21.84,261280906,5831066112.000
2014-12-25,22.02,22.98,21.47,22.83,223310814,4996615680.000
2014-12-26,22.85,25.11,22.70,24.98,399654977,9671282688.000
2014-12-29,25.60,25.73,23.55,23.98,295491673,7205222400.000
2014-12-30,23.98,24.92,23.02,23.80,259650952,6264567808.000
2014-12-31,23.95,25.33,23.68,24.47,271910216,6720582144.000
2015-01-05,24.89,24.94,23.60,24.57,244832642,5988230656.000
2015-01-06,24.39,25.40,23.80,24.84,251334966,6199857152.000
2015-01-07,24.99,27.32,24.86,26.89,468941564,12560991232.000
2015-01-08,26.70,26.80,24.85,25.21,345442534,8835899392.000
2015-01-09,24.90,26.40,24.74,24.95,274640808,6999685632.000
2015-01-12,25.10,25.48,23.98,24.32,201740125,4976520704.000
2015-01-13,24.81,24.99,23.66,23.89,189851982,4609737728.000
2015-01-14,23.99,25.38,23.65,25.01,220915767,5440828416.000
2015-01-15,24.83,26.55,24.45,26.02,263181277,6710985216.000
2015-01-16,26.00,26.24,25.15,25.72,190927442,4917097472.000
2015-01-19,23.15,23.15,23.15,23.15,37243000,862175424.000
2015-01-20,21.52,22.20,20.84,21.21,416215669,8924590080.000
2015-01-21,21.99,23.10,21.58,22.76,295578059,6577081856.000
2015-01-22,22.70,23.00,22.05,22.63,183570383,4131564544.000
2015-01-23,22.88,23.90,22.65,22.80,209319064,4854811648.000
2015-01-26,22.96,23.10,22.13,22.44,128973005,2904911872.000
2015-01-27,22.56,22.90,21.90,22.72,153717277,3451091712.000
2015-01-28,22.60,23.25,22.20,22.60,153601907,3493802496.000
2015-01-29,22.11,22.38,21.63,21.86,113446490,2500603392.000
2015-01-30,22.00,22.25,21.06,21.09,108193013,2336163328.000
2015-02-02,20.36,20.86,19.63,20.22,154937097,3131675648.000
2015-02-03,20.53,21.34,20.24,21.21,154449651,3202594816.000
2015-02-04,21.31,22.99,21.16,21.47,203760885,4500132352.000
2015-02-05,22.50,22.86,21.88,21.90,266470222,5949349888.000
2015-02-06,21.38,22.45,21.25,21.88,122520258,2694912256.000
2015-02-09,21.80,23.13,21.61,22.68,182361317,4111351040.000
2015-02-10,22.68,23.35,22.50,22.93,134650214,3090865152.000
2015-02-11,22.96,23.10,22.55,22.94,88447030,2016928768.000
2015-02-12,22.89,22.94,22.31,22.68,80975838,1831698560.000
2015-02-13,22.86,23.30,22.41,22.78,115689485,2648312832.000
2015-02-16,22.74,22.85,22.30,22.60,80841776,1827188736.000
2015-02-17,22.71,23.27,22.61,22.73,77947582,1783911168.000
2015-02-25,22.74,22.74,21.80,21.93,67538375,1507018112.000
2015-02-26,21.86,23.15,21.34,22.98,148648248,3321323520.000
2015-02-27,22.90,23.36,22.80,22.98,115957193,2679856640.000
2015-03-02,23.48,23.81,22.90,23.18,147926205,3446722816.000
2015-03-03,22.90,22.99,21.81,21.92,158277988,3533533184.000
2015-03-04,21.85,22.10,21.57,21.85,86144387,1878950400.000
2015-03-05,21.73,22.15,21.41,21.72,94428223,2050155776.000
2015-03-06,21.78,22.18,21.49,21.54,69953853,1526766336.000
2015-03-09,21.00,21.24,20.04,21.07,152847370,3139750656.000
2015-03-10,20.90,21.52,20.70,21.15,86883878,1828650240.000
2015-03-11,21.23,21.79,21.15,21.24,82596794,1770754816.000
2015-03-12,21.47,21.89,21.08,21.70,96079336,2073902592.000
2015-03-13,21.90,22.50,21.71,21.89,103066386,2276335872.000
2015-03-16,22.02,23.15,21.71,22.88,168385946,3800144384.000
2015-03-17,23.78,24.25,23.46,23.87,254500649,6076169728.000
2015-03-18,24.55,25.38,24.55,25.11,256359986,6401604096.000
2015-03-19,25.18,25.22,24.60,24.86,148228591,3695923712.000
2015-03-20,25.08,27.35,24.41,27.24,378221095,9955561472.000
2015-03-23,27.37,28.28,26.85,28.19,271273269,7507931648.000
2015-03-24,28.10,28.70,26.99,27.63,206775213,5755389440.000
2015-03-25,27.68,28.19,26.58,26.71,211060469,5756676096.000
2015-03-26,26.39,27.43,25.81,26.46,148865923,3965340160.000
2015-03-27,26.50,27.60,26.30,27.00,144037147,3906057216.000
2015-03-30,27.07,29.38,26.78,28.79,231293150,6531028992.000
2015-03-31,29.63,31.67,29.63,30.11,393669372,12198709248.000
2015-04-01,30.00,31.29,29.44,30.86,241942602,7326199296.000
2015-04-02,31.00,31.20,29.62,29.99,199320873,6027740672.000
2015-04-03,29.96,31.18,29.80,30.62,199133274,6090389504.000
2015-04-07,30.61,31.31,30.40,31.08,202930566,6261580800.000
2015-04-08,31.50,32.60,30.69,31.87,275531333,8764857344.000
2015-04-09,32.40,34.30,30.88,30.96,300337721,9723126784.000
2015-04-10,30.50,30.87,29.92,30.60,232453026,7042407936.000
数据来源:通达信
