600196 复星医药 日线 前复权
      日期	    开盘	    最高	    最低	    收盘	    成交量	    成交额
2011-03-02,12.27,12.71,12.16,12.54,31491020,415155328.000
2011-03-03,12.71,12.71,12.07,12.08,28212713,366019040.000
2011-03-04,12.13,12.20,11.96,12.18,12288519,156902544.000
2011-03-07,12.22,12.28,12.12,12.25,19990596,257425664.000
2011-03-08,12.25,12.25,12.04,12.17,16298344,208769776.000
2011-03-09,12.14,12.23,12.05,12.09,12296342,157412656.000
2011-03-10,12.10,12.24,12.03,12.09,13910000,178423824.000
2011-03-11,12.06,12.17,11.97,12.01,13147356,167798032.000
2011-03-14,11.91,12.26,11.91,12.24,16421272,210647136.000
2011-03-15,12.24,12.24,11.61,11.84,20255439,253979120.000
2011-03-17,11.86,12.03,11.64,11.73,17160630,214884672.000
2011-03-18,11.83,11.92,11.71,11.77,7853303,97848632.000
2011-03-21,11.77,11.82,11.44,11.51,15504406,189550608.000
2011-03-22,11.48,11.55,11.32,11.40,15048891,181827936.000
2011-03-23,11.38,11.52,11.28,11.48,10389374,125708760.000
2011-03-24,11.50,11.57,11.37,11.47,11607676,140878672.000
2011-03-25,11.47,11.56,11.40,11.54,13749539,167248288.000
2011-03-28,11.52,11.75,11.47,11.69,16196040,199668896.000
2011-03-29,11.65,11.65,11.36,11.40,13859071,168344784.000
2011-03-30,11.38,11.43,11.10,11.16,16281169,193336816.000
2011-03-31,11.16,11.31,11.01,11.04,11668556,137505600.000
2011-04-01,11.08,11.17,10.99,11.16,6248057,73479416.000
2011-04-06,11.15,11.19,10.97,11.00,16803264,197197168.000
2011-04-07,11.01,11.18,10.97,11.18,9783603,115409184.000
2011-04-08,11.18,11.32,11.07,11.32,9962020,118715696.000
2011-04-11,11.35,11.43,11.15,11.20,10819968,129101568.000
2011-04-12,11.20,11.27,11.09,11.14,9401461,111215960.000
2011-04-13,11.15,11.40,11.11,11.38,11578415,138692240.000
2011-04-14,11.39,11.45,11.33,11.35,9696276,116948208.000
2011-04-15,11.32,11.41,11.22,11.30,8185935,98004024.000
2011-04-18,11.30,11.49,11.27,11.48,12408697,149502752.000
2011-04-19,11.42,11.42,11.24,11.29,10051383,120579576.000
2011-04-20,11.29,11.63,11.22,11.56,19679242,238456832.000
2011-04-21,11.59,11.77,11.42,11.44,21921494,268788576.000
2011-04-22,11.44,11.45,11.18,11.21,15200871,181394304.000
2011-04-25,11.19,11.20,11.00,11.04,10129843,119059184.000
2011-04-26,11.07,11.25,11.03,11.06,6315127,74540048.000
2011-04-27,11.11,11.15,10.87,10.92,7400793,86384120.000
2011-04-28,11.05,11.05,10.64,10.64,8985751,103231136.000
2011-04-29,10.63,10.86,10.63,10.83,4888732,55906080.000
2011-05-03,10.87,10.97,10.80,10.95,5123790,59401540.000
2011-05-04,10.90,10.92,10.62,10.75,7225155,82717784.000
2011-05-05,10.82,11.15,10.77,11.08,12291442,143869856.000
2011-05-06,11.00,11.23,10.93,11.21,12272652,145454592.000
2011-05-09,11.22,11.25,11.07,11.14,7579990,89571824.000
2011-05-10,11.14,11.23,11.05,11.21,6046272,71398728.000
2011-05-11,11.19,11.50,11.14,11.40,17588683,212053712.000
2011-05-12,11.37,11.45,11.12,11.14,13426643,161383008.000
2011-05-13,11.15,11.27,11.08,11.25,7168433,85035152.000
2011-05-16,11.22,11.35,11.03,11.08,6990388,83199640.000
2011-05-17,10.99,11.30,10.83,11.25,12150872,142763152.000
2011-05-18,11.20,11.27,11.10,11.18,6017295,71255512.000
2011-05-19,11.15,11.29,11.11,11.13,5183340,61576072.000
2011-05-20,11.13,11.17,10.95,10.98,4873907,56982188.000
2011-05-23,10.94,10.94,10.58,10.60,9646087,109900888.000
2011-05-24,10.59,10.70,10.52,10.65,4296443,48519164.000
2011-05-25,10.62,10.67,10.48,10.49,3672802,41274188.000
2011-05-26,10.61,10.62,10.34,10.37,4819925,53621944.000
2011-05-27,10.37,10.46,10.14,10.19,5419285,59297812.000
2011-05-30,10.17,10.26,10.02,10.09,4598690,49728364.000
2011-05-31,10.10,10.29,10.07,10.27,3526166,38249456.000
2011-06-01,10.28,10.34,10.21,10.27,4111696,44976360.000
2011-06-02,10.22,10.27,9.91,10.22,6790358,73323536.000
2011-06-03,10.23,10.33,10.14,10.31,4628358,50700856.000
2011-06-07,10.20,10.51,10.18,10.35,4453469,49292532.000
2011-06-09,10.34,10.47,10.08,10.11,4004955,43963616.000
2011-06-10,10.12,10.27,9.91,10.09,4320254,46365920.000
2011-06-13,10.01,10.02,9.70,9.79,7083396,74189592.000
2011-06-14,9.81,9.97,9.78,9.91,5285586,55725536.000
2011-06-15,9.83,9.95,9.74,9.75,3673030,38592232.000
2011-06-16,9.62,9.66,9.52,9.53,4782957,49073108.000
2011-06-17,9.53,9.60,9.38,9.39,5664181,57577048.000
2011-06-20,9.39,9.56,9.22,9.32,7245670,72596832.000
2011-06-21,9.34,9.44,9.20,9.34,4356483,43557348.000
2011-06-22,9.35,9.40,9.27,9.32,3760855,37628840.000
2011-06-23,9.27,9.49,9.21,9.45,5839025,58623912.000
2011-06-24,9.37,9.73,9.37,9.66,8458650,86974616.000
2011-06-27,9.62,10.03,9.60,10.01,12921642,136702768.000
2011-06-28,10.02,10.06,9.87,10.00,6292381,66919884.000
2011-06-29,10.01,10.02,9.68,9.71,5782175,60982808.000
2011-06-30,9.74,10.28,9.74,10.20,15257276,164732352.000
2011-07-01,10.20,10.30,10.12,10.19,8553623,93264272.000
2011-07-04,10.27,10.45,10.17,10.43,11192360,123237848.000
2011-07-05,10.43,10.48,10.32,10.46,7016934,77748504.000
2011-07-06,10.44,10.62,10.31,10.60,9435844,104928536.000
2011-07-07,10.54,11.01,10.54,10.82,17793305,204233920.000
2011-07-08,10.87,10.87,10.67,10.78,6068841,69369400.000
2011-07-11,10.77,10.94,10.53,10.88,8171833,92960784.000
2011-07-12,10.74,10.93,10.70,10.81,8926962,101885936.000
2011-07-13,10.74,10.97,10.74,10.86,6642310,76144288.000
2011-07-14,10.91,10.92,10.62,10.79,10620321,120518888.000
2011-07-15,10.80,11.04,10.75,11.00,12053420,138658448.000
2011-07-18,11.04,11.30,10.90,10.91,14979594,174993136.000
2011-07-19,10.92,10.92,10.72,10.74,6181945,70477576.000
2011-07-20,10.79,10.86,10.68,10.74,4728821,53609272.000
2011-07-21,10.77,10.79,10.42,10.49,8181646,91144592.000
2011-07-22,10.49,10.60,10.45,10.52,4996999,55477120.000
2011-07-25,10.47,10.47,10.13,10.17,6883001,74812320.000
2011-07-26,10.16,10.32,10.07,10.23,3520511,38014104.000
2011-07-27,10.13,10.34,10.09,10.30,4556267,49214412.000
2011-07-28,10.20,10.24,10.02,10.09,4481435,47884296.000
2011-07-29,10.10,10.27,10.02,10.16,3346356,35896224.000
2011-08-01,10.20,10.24,10.11,10.15,2921649,31407410.000
2011-08-02,10.13,10.37,9.92,10.12,4127953,44008856.000
2011-08-03,10.06,10.15,9.97,10.06,2864574,30580724.000
2011-08-04,10.09,10.19,9.91,9.93,5101032,54063392.000
2011-08-05,9.71,9.78,9.57,9.67,5388070,55184792.000
2011-08-08,9.45,9.56,8.90,9.24,9547425,94114376.000
2011-08-09,8.90,9.17,8.65,9.06,9035557,85823608.000
2011-08-10,9.22,9.35,9.13,9.14,6822379,66967344.000
2011-08-11,8.91,9.26,8.85,9.25,6636772,64055840.000
2011-08-12,9.32,9.82,9.29,9.76,15124391,153313824.000
2011-08-15,9.76,9.97,9.75,9.92,10397648,108482096.000
2011-08-16,9.92,9.92,9.77,9.84,6099032,63520952.000
2011-08-17,9.80,10.03,9.74,10.01,6039680,63360336.000
2011-08-18,9.92,10.12,9.85,9.87,7725756,81613272.000
2011-08-19,9.68,9.95,9.58,9.89,5634034,58045488.000
2011-08-22,9.85,10.14,9.82,9.93,4960333,52295564.000
2011-08-23,9.92,10.02,9.88,9.97,2939721,30945558.000
2011-08-24,10.03,10.10,9.64,9.67,5714476,59720048.000
2011-08-25,9.72,9.86,9.70,9.79,6902929,71517056.000
2011-08-26,9.82,10.21,9.82,10.01,11925423,126793856.000
2011-08-29,9.95,10.18,9.79,10.13,8419350,89146720.000
2011-08-30,10.18,10.27,9.84,9.87,9613346,102311632.000
2011-08-31,9.87,9.97,9.67,9.77,6274679,65009364.000
2011-09-01,9.82,10.02,9.77,9.81,5906669,61734760.000
2011-09-02,9.82,9.94,9.60,9.62,4990125,51577144.000
2011-09-05,9.57,9.70,9.48,9.63,5611679,57066840.000
2011-09-06,9.52,9.70,9.42,9.46,4675992,47393852.000
2011-09-07,9.52,9.77,9.52,9.75,6091022,62484580.000
2011-09-08,9.80,9.90,9.69,9.73,5561060,57695964.000
2011-09-09,9.81,9.88,9.52,9.58,4299562,44063372.000
2011-09-13,9.41,9.52,9.37,9.44,4718918,47239580.000
2011-09-14,9.45,9.56,9.24,9.45,7197654,71708176.000
2011-09-16,9.49,9.54,9.20,9.31,8562894,84947208.000
2011-09-19,9.20,9.25,9.10,9.20,5987103,58510092.000
2011-09-20,9.12,9.24,9.07,9.17,3802827,36969392.000
2011-09-21,9.19,9.44,9.09,9.42,7867351,77878656.000
2011-09-22,9.35,9.46,9.17,9.19,5925984,58846676.000
2011-09-23,9.05,9.24,8.95,9.17,5242946,50641156.000
2011-09-26,9.31,9.37,8.92,8.99,7456397,72183640.000
2011-09-27,9.07,9.26,9.02,9.04,7824483,75921304.000
2011-09-28,9.12,9.18,8.88,8.91,4409972,42355920.000
2011-09-29,8.91,8.97,8.65,8.73,5560802,52270824.000
2011-09-30,8.73,8.83,8.69,8.77,2937908,27390588.000
2011-10-10,8.83,8.99,8.75,8.87,4169633,39401924.000
2011-10-11,9.07,9.15,8.92,9.03,5657842,54529268.000
2011-10-12,9.00,9.32,8.93,9.32,7638181,74640064.000
2011-10-13,9.34,9.37,9.13,9.27,9220677,90525560.000
2011-10-14,9.25,9.27,9.13,9.20,3094997,30241040.000
2011-10-17,9.23,9.37,9.09,9.20,7463384,72983640.000
2011-10-18,9.13,9.13,8.80,8.84,6474784,61740512.000
2011-10-19,8.88,9.12,8.76,8.97,11212447,106875496.000
2011-10-20,8.90,9.03,8.67,8.81,7982609,75161384.000
2011-10-21,8.82,8.86,8.68,8.70,3192049,29764404.000
2011-10-24,8.72,8.87,8.58,8.82,4398529,41062696.000
2011-10-25,8.85,8.98,8.69,8.95,9073701,85765520.000
2011-10-26,8.92,9.06,8.86,8.97,8428360,80533568.000
2011-10-27,8.96,9.23,8.96,9.06,7989362,77532272.000
2011-10-28,9.17,9.22,9.08,9.18,6600917,64179036.000
2011-10-31,9.18,9.35,9.15,9.26,8965704,88145160.000
2011-11-01,9.19,9.33,9.12,9.19,8272381,81208128.000
2011-11-02,9.08,9.42,9.05,9.39,15650811,153167472.000
2011-11-03,9.42,9.60,9.38,9.39,14453424,145573872.000
2011-11-04,9.49,9.49,9.32,9.40,10049242,100144112.000
2011-11-07,9.40,9.58,9.35,9.41,8901258,89499288.000
2011-11-08,9.44,9.49,9.26,9.27,6016571,59862320.000
2011-11-09,9.32,9.42,9.23,9.41,5841203,57901424.000
2011-11-10,9.32,9.47,9.24,9.39,7549464,74967824.000
2011-11-11,9.41,9.62,9.40,9.53,10899020,110232456.000
2011-11-14,9.62,9.76,9.58,9.74,11306389,116386640.000
2011-11-15,9.75,9.77,9.63,9.74,6877829,70722424.000
2011-11-16,9.77,9.79,9.30,9.40,10621686,107234824.000
2011-11-17,9.42,9.53,9.37,9.40,4811164,48190048.000
2011-11-18,9.38,9.38,9.10,9.11,5815465,57034756.000
2011-11-21,9.08,9.17,9.01,9.15,2762303,26741046.000
2011-11-22,9.03,9.09,8.84,8.92,7163612,68268768.000
2011-11-23,8.95,9.04,8.84,8.91,3288412,31234500.000
2011-11-24,8.86,9.03,8.82,8.99,3765010,35891876.000
2011-11-25,9.00,9.07,8.92,8.94,2892404,27661072.000
2011-11-28,8.95,9.01,8.82,8.95,4513893,42790100.000
2011-11-29,9.02,9.10,8.91,9.07,10286624,98507920.000
2011-11-30,8.97,9.06,8.60,8.76,9420715,88602016.000
2011-12-01,8.95,9.13,8.83,9.01,12176896,116881728.000
2011-12-02,8.97,9.07,8.79,8.83,6695272,63536184.000
2011-12-05,8.82,8.84,8.57,8.60,6721078,61950468.000
2011-12-06,8.58,8.66,8.44,8.57,3978280,36241596.000
2011-12-07,8.56,8.61,8.42,8.46,6889909,62437268.000
2011-12-08,8.43,8.53,8.34,8.46,5107591,46105544.000
2011-12-09,8.37,8.48,8.33,8.42,2262525,20369524.000
2011-12-12,8.43,8.47,8.36,8.41,1835564,16525512.000
2011-12-13,8.42,8.44,8.24,8.25,4560345,40630748.000
2011-12-14,8.23,8.34,8.12,8.14,3189467,28041292.000
2011-12-15,8.13,8.13,7.82,7.83,6634332,56516672.000
2011-12-16,7.85,8.02,7.55,8.01,8302074,69443688.000
2011-12-19,7.89,7.96,7.64,7.89,4709096,39486816.000
2011-12-21,7.90,8.10,7.89,7.99,7047620,60375216.000
2011-12-22,7.87,8.05,7.72,8.00,4558159,38647160.000
2011-12-23,7.96,8.18,7.92,8.07,5792290,49999396.000
2011-12-26,8.04,8.11,7.97,7.97,2580576,22217824.000
2011-12-27,8.02,8.07,7.81,7.91,3589402,30484222.000
2011-12-28,7.87,8.02,7.79,8.01,2593925,21962008.000
2011-12-29,7.97,8.05,7.82,7.85,2962162,25305704.000
2011-12-30,7.85,8.01,7.85,7.96,2917759,24894872.000
2012-01-04,8.02,8.10,7.72,7.76,3646588,31013836.000
2012-01-05,7.73,7.82,7.62,7.67,3813551,31532404.000
2012-01-06,7.57,7.66,7.37,7.50,5744370,46153464.000
2012-01-09,7.52,7.77,7.46,7.76,6220812,51153136.000
2012-01-10,7.74,8.10,7.72,8.08,8476847,72250288.000
2012-01-11,8.07,8.17,7.95,8.05,8251113,71443824.000
2012-01-12,7.99,8.14,7.98,8.00,5596947,48273664.000
2012-01-13,7.98,8.05,7.72,7.73,4981859,41958904.000
2012-01-16,7.67,7.76,7.54,7.59,3779612,31086044.000
2012-01-17,7.58,8.04,7.58,8.03,5297156,44713328.000
2012-01-18,8.04,8.10,7.87,7.89,4494457,38503616.000
2012-01-19,8.02,8.09,7.85,8.04,4490182,38553624.000
2012-01-20,8.07,8.23,8.01,8.22,7983183,69630744.000
2012-01-30,8.22,8.23,8.04,8.05,6568648,57097168.000
2012-02-01,8.04,8.10,7.92,7.93,3976311,34167792.000
2012-02-02,7.94,8.06,7.90,8.06,4179983,35796352.000
2012-02-03,8.02,8.23,8.02,8.18,10005472,87230600.000
2012-02-06,8.21,8.28,8.12,8.21,8786079,77162872.000
2012-02-07,8.16,8.19,7.97,8.02,5176318,44678992.000
2012-02-08,8.02,8.22,7.97,8.21,8536914,74239968.000
2012-02-09,8.21,8.34,8.19,8.29,10075423,89153984.000
2012-02-10,8.27,8.40,8.26,8.32,12117351,107983664.000
2012-02-13,8.26,8.39,8.23,8.26,13379597,118917440.000
2012-02-14,8.29,8.38,8.22,8.31,8994609,79871408.000
2012-02-15,8.29,8.43,8.25,8.40,12612978,112853568.000
2012-02-16,8.39,8.48,8.28,8.34,10909187,97699568.000
2012-02-17,8.37,8.45,8.23,8.32,6287802,55963560.000
2012-02-20,8.40,8.51,8.31,8.43,16918926,152023520.000
2012-02-21,8.42,8.59,8.39,8.58,15940341,144733344.000
2012-02-22,8.55,8.63,8.52,8.60,13396540,122672336.000
2012-02-23,8.74,8.82,8.64,8.68,16941970,157457824.000
2012-02-24,8.67,8.75,8.59,8.73,13757271,127283696.000
2012-02-27,8.72,8.87,8.65,8.76,23245697,217405408.000
2012-02-28,8.75,8.83,8.61,8.69,15236482,141353168.000
2012-02-29,8.66,8.82,8.60,8.66,14038403,130439944.000
2012-03-01,8.63,8.78,8.61,8.69,8961495,83142416.000
2012-03-02,8.73,8.85,8.66,8.85,15100405,141435072.000
2012-03-05,8.90,8.98,8.82,8.84,16363090,155086912.000
2012-03-06,8.81,8.81,8.62,8.64,12294885,114135536.000
2012-03-07,8.54,8.84,8.54,8.69,13144299,122078976.000
2012-03-08,8.70,8.90,8.70,8.80,13137599,123537952.000
2012-03-09,8.87,8.92,8.75,8.89,12143727,114521448.000
2012-03-12,8.89,9.10,8.85,9.04,21383925,205226832.000
2012-03-14,9.12,9.25,8.62,8.64,29728441,284619488.000
2012-03-15,8.67,8.88,8.59,8.78,17817254,166318912.000
2012-03-16,8.80,9.35,8.78,9.26,36860898,359275040.000
2012-03-19,9.27,9.67,9.25,9.60,44403361,448281632.000
2012-03-20,9.61,9.69,9.45,9.48,29625562,300079968.000
2012-03-21,9.49,9.56,9.26,9.47,16768443,167343184.000
2012-03-22,9.49,9.49,9.27,9.40,11801151,117498688.000
2012-03-23,9.36,9.41,9.22,9.38,11709457,115750704.000
2012-03-26,9.29,9.43,9.05,9.27,15808274,154794688.000
2012-03-27,9.27,9.36,9.14,9.17,9013450,88444000.000
2012-03-28,9.14,9.18,8.72,8.76,20875954,198493344.000
2012-03-29,8.70,8.83,8.58,8.67,14136311,131121224.000
2012-03-30,8.67,8.79,8.51,8.65,11512522,106218600.000
2012-04-05,8.66,9.00,8.64,8.92,9521965,89646832.000
2012-04-06,8.88,8.99,8.72,8.83,9776353,92306440.000
2012-04-09,8.77,8.85,8.58,8.61,9293488,86282352.000
2012-04-10,8.59,8.82,8.54,8.79,7603736,70242824.000
2012-04-11,8.68,8.81,8.62,8.70,6382359,59194296.000
2012-04-12,8.70,9.02,8.69,8.99,12605432,119235104.000
2012-04-13,9.03,9.05,8.90,9.01,9687516,92519976.000
2012-04-16,8.92,9.01,8.85,8.94,5866630,55722240.000
2012-04-18,8.95,9.12,8.80,9.10,10624851,101555248.000
2012-04-19,9.15,9.30,9.13,9.23,13821100,135523376.000
2012-04-20,9.20,9.34,9.13,9.30,8808961,86768832.000
2012-04-23,9.27,9.28,8.98,9.03,11040350,107098944.000
2012-04-24,9.00,9.21,8.73,8.88,8739340,83260040.000
2012-04-25,8.88,8.99,8.83,8.95,6305047,59915008.000
2012-04-26,8.96,9.01,8.81,8.90,6044150,57259952.000
2012-04-27,8.90,8.95,8.81,8.84,5935803,56124376.000
2012-05-02,9.02,9.21,8.94,9.19,13210691,127993144.000
2012-05-03,9.27,9.49,9.23,9.46,19021237,190119552.000
2012-05-04,9.41,9.49,9.38,9.43,13449555,134493152.000
2012-05-07,9.42,9.59,9.36,9.54,15770410,158808464.000
2012-05-08,9.59,9.66,9.42,9.45,18655569,188606288.000
2012-05-09,9.32,9.44,9.25,9.26,10663314,105707880.000
2012-05-10,9.23,9.72,9.23,9.57,22647158,230152656.000
2012-05-11,9.57,9.68,9.41,9.58,16780073,170398736.000
2012-05-14,9.66,10.04,9.55,9.73,32273212,335428928.000
2012-05-15,9.63,9.72,9.53,9.64,16488244,168053488.000
2012-05-16,9.67,10.00,9.64,9.79,24366748,253059888.000
2012-05-17,9.73,9.88,9.60,9.76,13546813,139434112.000
2012-05-18,9.72,9.83,9.40,9.47,16967577,173020752.000
2012-05-21,9.50,9.58,9.42,9.43,12459421,125574176.000
2012-05-22,9.54,9.75,9.52,9.67,10292322,105355616.000
2012-05-23,9.68,9.85,9.63,9.75,11732361,121054296.000
2012-05-24,9.78,9.86,9.58,9.64,8867598,91386400.000
2012-05-25,9.62,9.70,9.43,9.48,7659239,77422056.000
2012-05-28,9.46,9.85,9.37,9.80,13620331,139015872.000
2012-05-29,9.77,9.85,9.68,9.81,9145571,94712080.000
2012-05-30,9.80,9.97,9.73,9.75,8110628,84599552.000
2012-05-31,9.67,9.94,9.65,9.89,9976351,103995288.000
2012-06-01,9.85,9.92,9.69,9.77,10819606,111843048.000
2012-06-04,9.58,9.78,9.50,9.53,11108477,113134512.000
2012-06-05,9.51,9.73,9.48,9.59,13010260,132340168.000
2012-06-06,9.62,9.66,9.44,9.47,6215940,62696408.000
2012-06-07,9.56,9.59,9.35,9.40,9141697,91437776.000
2012-06-08,9.49,9.51,9.30,9.34,8896288,88691144.000
2012-06-11,9.42,9.56,9.35,9.53,3479508,34624156.000
2012-06-12,9.44,9.61,9.44,9.54,5332023,53417808.000
2012-06-13,9.54,9.90,9.49,9.89,11144145,113807232.000
2012-06-14,9.87,9.92,9.72,9.74,7064315,72895584.000
2012-06-15,9.83,10.06,9.80,9.90,14325533,149414224.000
2012-06-18,9.93,10.02,9.88,9.94,7238364,75515160.000
2012-06-19,9.97,10.03,9.73,9.86,9833539,102008880.000
2012-06-20,9.92,9.96,9.74,9.79,10234520,105365432.000
2012-06-21,9.73,9.79,9.50,9.58,10525712,106012320.000
2012-06-25,9.53,9.73,9.52,9.57,6639002,67098240.000
2012-06-26,9.53,9.72,9.46,9.63,6635809,66800956.000
2012-06-27,9.62,9.75,9.50,9.54,7474367,75511512.000
2012-06-28,9.56,9.76,9.50,9.63,6761174,68489000.000
2012-06-29,9.55,9.84,9.55,9.83,8356598,85470000.000
2012-07-02,9.89,10.55,9.79,10.51,33350347,357283040.000
2012-07-03,10.42,10.72,10.40,10.52,25186454,277766656.000
2012-07-04,10.52,10.52,10.23,10.26,10881071,117990544.000
2012-07-05,10.23,10.47,10.08,10.44,12098045,130441584.000
2012-07-06,10.48,11.07,10.27,10.96,31932458,359539296.000
2012-07-09,10.90,11.03,10.67,10.69,15521693,176379584.000
2012-07-10,10.73,10.80,10.54,10.69,12139898,135149104.000
2012-07-11,10.62,11.16,10.44,11.10,18275338,205891376.000
2012-07-12,10.95,11.40,10.73,10.77,32062356,372576416.000
2012-07-13,10.84,11.12,10.72,11.09,19108582,218698480.000
2012-07-16,11.07,11.37,10.86,10.87,15997521,185570080.000
2012-07-17,10.73,10.86,10.42,10.57,15631507,172711344.000
2012-07-18,10.52,10.74,10.39,10.68,9073834,100453032.000
2012-07-19,10.62,11.09,10.62,10.87,10383692,118186984.000
2012-07-20,10.87,11.37,10.81,11.14,16906867,197093248.000
2012-07-23,11.05,11.37,10.99,11.22,16871353,198181904.000
2012-07-24,11.18,11.37,11.04,11.15,9648629,112823704.000
2012-07-25,11.10,11.36,11.05,11.25,8698798,101965504.000
2012-07-26,11.22,11.27,10.65,10.69,20190214,229700064.000
2012-07-27,10.71,10.77,10.47,10.54,11642298,128721048.000
2012-07-30,10.47,10.62,10.41,10.42,6468167,70929088.000
2012-07-31,10.44,10.58,10.33,10.47,6304321,69104896.000
2012-08-01,10.42,10.77,10.42,10.74,6020842,67157440.000
2012-08-02,10.72,10.96,10.65,10.80,7946027,89578000.000
2012-08-03,10.84,10.95,10.69,10.92,6498848,73876016.000
2012-08-06,10.92,11.25,10.91,11.08,10631487,123436280.000
2012-08-07,11.08,11.28,10.89,10.98,6872245,78960792.000
2012-08-08,10.98,11.04,10.68,10.87,8629277,97529624.000
2012-08-09,10.78,11.25,10.72,11.24,11929513,137437488.000
2012-08-10,11.25,11.37,11.14,11.25,11107854,130448416.000
2012-08-13,11.23,11.50,11.12,11.15,14086548,166623168.000
2012-08-14,11.14,11.42,10.99,11.29,12354090,144073488.000
2012-08-15,11.24,11.35,11.02,11.17,7667164,89668928.000
2012-08-16,11.12,11.20,10.83,10.90,8325456,95583352.000
2012-08-17,10.85,10.95,10.67,10.87,4735648,53457408.000
2012-08-20,10.80,10.87,10.69,10.81,3911633,44055980.000
2012-08-21,10.81,11.13,10.79,11.12,9697864,111377344.000
2012-08-22,11.09,11.19,10.95,10.98,5005256,57759632.000
2012-08-23,10.98,11.23,10.94,11.15,4795892,55675296.000
2012-08-24,11.12,11.37,10.95,11.01,5128955,59550688.000
2012-08-27,10.93,11.02,10.90,11.00,6957473,79650904.000
2012-08-28,10.82,10.88,10.37,10.49,15485391,170672368.000
2012-08-29,10.47,10.55,10.30,10.40,5108525,55613680.000
2012-08-30,10.42,10.63,10.34,10.35,8016587,87846848.000
2012-08-31,10.33,10.50,10.24,10.47,4911339,53257104.000
2012-09-03,10.35,10.68,10.35,10.62,4880948,53763840.000
2012-09-04,10.61,10.70,10.50,10.53,4466702,49423560.000
2012-09-05,10.52,10.63,10.46,10.50,6909436,76076416.000
2012-09-06,10.56,10.58,10.08,10.37,9507146,101946664.000
2012-09-07,10.40,10.77,10.28,10.60,11525877,127327896.000
2012-09-10,10.60,10.70,10.44,10.58,6473090,71313360.000
2012-09-11,10.56,10.72,10.48,10.65,7016515,78064088.000
2012-09-12,10.74,10.80,10.58,10.78,7422454,82917192.000
2012-09-13,10.76,10.95,10.71,10.76,6197485,70140336.000
2012-09-14,10.82,11.05,10.70,10.81,7547615,85779616.000
2012-09-17,10.70,10.70,10.03,10.22,13831320,149963216.000
2012-09-18,10.18,10.38,10.12,10.21,4283863,46094808.000
2012-09-19,10.27,10.29,10.12,10.15,4726497,50371876.000
2012-09-20,10.07,10.11,9.56,9.71,8003133,82336464.000
2012-09-21,9.71,9.90,9.63,9.85,5604754,57729288.000
2012-09-24,9.71,9.85,9.68,9.80,3291486,33832344.000
2012-09-25,9.83,10.00,9.72,9.93,4113540,42840400.000
2012-09-26,9.92,9.95,9.70,9.84,3073729,31638752.000
2012-09-27,9.87,10.23,9.80,10.01,5418461,56777604.000
2012-09-28,9.92,10.28,9.83,10.21,6684231,70532720.000
2012-10-08,10.22,10.47,10.22,10.33,4155902,44991976.000
2012-10-09,10.52,10.62,10.47,10.52,7876561,86818976.000
2012-10-10,10.47,10.53,10.43,10.46,7070819,77403008.000
2012-10-11,10.41,10.53,10.33,10.46,4129571,45062528.000
2012-10-12,10.41,10.56,10.33,10.37,3177712,34597420.000
2012-10-15,10.34,10.44,10.27,10.44,3216927,34916228.000
2012-10-16,10.43,10.67,10.36,10.44,7022472,77396208.000
2012-10-17,10.57,10.57,10.07,10.22,10790277,115972368.000
2012-10-18,10.27,10.32,10.10,10.16,8936278,95331288.000
2012-10-19,10.18,10.19,9.93,10.11,10855059,114569208.000
2012-10-22,10.02,10.19,9.96,10.14,5156876,54614240.000
2012-10-23,10.12,10.12,9.83,9.91,6337674,66287200.000
2012-10-24,9.91,10.10,9.84,10.05,5641639,59245556.000
2012-10-25,10.02,10.06,9.77,9.84,5013203,51866616.000
2012-10-26,9.82,9.90,9.70,9.72,3390488,34771972.000
2012-10-29,9.72,9.86,9.54,9.84,7564760,76567192.000
2012-10-30,9.86,9.86,9.62,9.73,7963001,81109480.000
2012-10-31,9.74,9.82,9.60,9.70,6344204,64469220.000
2012-11-01,9.69,9.91,9.66,9.85,8836482,90813552.000
2012-11-02,9.86,9.91,9.74,9.78,6697727,68721280.000
2012-11-05,9.79,9.94,9.77,9.88,5609794,58111272.000
2012-11-06,9.87,9.93,9.71,9.75,3855196,39533032.000
2012-11-07,9.74,9.79,9.52,9.59,7417686,74822384.000
2012-11-08,9.57,9.57,9.24,9.27,11219795,110386800.000
2012-11-09,9.24,9.31,9.12,9.17,6477309,62699484.000
2012-11-12,9.17,9.23,9.12,9.18,3019115,29169182.000
2012-11-13,9.18,9.22,9.02,9.08,3551261,34002284.000
2012-11-14,9.10,9.18,9.01,9.14,2820385,27034368.000
2012-11-15,9.10,9.18,9.04,9.13,3102040,29737616.000
2012-11-16,9.12,9.15,9.05,9.14,3719364,35622684.000
2012-11-19,9.11,9.20,8.92,9.16,4310075,40991944.000
2012-11-20,9.26,9.26,9.05,9.08,4513043,43291216.000
2012-11-21,9.11,9.20,9.07,9.20,2789738,26836640.000
2012-11-22,9.20,9.20,9.06,9.08,2058907,19780984.000
2012-11-23,9.17,9.24,9.13,9.17,3870385,37374332.000
2012-11-26,9.17,9.34,9.14,9.23,5286614,51461184.000
2012-11-27,9.25,9.25,8.83,8.95,6060468,57576748.000
2012-11-28,8.86,8.94,8.72,8.78,7501337,69750512.000
2012-11-29,8.80,8.86,8.73,8.78,5013438,46584764.000
2012-11-30,8.78,8.88,8.73,8.75,3736107,34636064.000
2012-12-03,8.75,8.79,8.62,8.64,4948917,45413560.000
2012-12-04,8.64,8.72,8.35,8.62,11444456,103027528.000
2012-12-05,8.63,8.93,8.43,8.81,8476012,78508872.000
2012-12-06,8.82,8.96,8.72,8.85,5114446,47758284.000
2012-12-07,8.84,9.04,8.81,9.00,6099359,57473048.000
2012-12-10,9.05,9.11,8.99,9.07,6720290,64046544.000
2012-12-11,8.97,9.06,8.96,8.97,3482704,33026072.000
2012-12-12,8.93,9.02,8.88,8.94,2913155,27435468.000
2012-12-13,8.93,8.94,8.72,8.83,4396659,40877996.000
2012-12-14,8.86,9.20,8.82,9.19,8739229,83446904.000
2012-12-17,9.21,9.28,9.10,9.22,5383910,51964700.000
2012-12-18,9.20,9.31,9.15,9.26,6437568,62607224.000
2012-12-19,9.25,9.25,9.12,9.14,5646999,54420560.000
2012-12-20,9.13,9.18,9.02,9.05,4270147,40891912.000
2012-12-21,9.08,9.22,9.05,9.14,5405770,51999864.000
2012-12-24,9.19,9.52,9.17,9.51,12457183,122912456.000
2012-12-25,9.58,9.75,9.48,9.67,12070570,122053328.000
2012-12-26,9.63,9.84,9.61,9.67,8980040,91263424.000
2012-12-27,9.69,9.88,9.63,9.76,11434868,117228000.000
2012-12-28,9.76,9.88,9.73,9.81,6753474,69565168.000
2012-12-31,9.88,10.07,9.78,10.01,12347168,127966768.000
2013-01-04,10.06,10.07,9.74,9.82,13643651,140555360.000
2013-01-07,9.92,10.07,9.87,9.94,9017303,94191144.000
2013-01-08,9.97,10.04,9.81,9.87,13797588,143527808.000
2013-01-09,9.87,9.93,9.73,9.82,11537158,118521216.000
2013-01-10,9.81,9.89,9.76,9.85,7696262,79399008.000
2013-01-11,9.86,9.91,9.67,9.69,8959395,92192424.000
2013-01-14,9.69,10.12,9.69,10.08,15433742,161046384.000
2013-01-15,10.06,10.57,9.99,10.37,19949747,215666784.000
2013-01-16,10.37,10.42,10.06,10.19,11159951,119859184.000
2013-01-17,10.30,10.61,10.30,10.40,19006841,208329056.000
2013-01-18,10.43,10.54,10.30,10.47,8485239,92659928.000
2013-01-21,10.48,10.87,10.42,10.79,20738680,232122976.000
2013-01-22,10.78,10.82,10.55,10.60,11025317,122567200.000
2013-01-23,10.68,10.69,10.37,10.50,5822499,64098552.000
2013-01-24,10.52,10.69,10.30,10.39,7488598,82192448.000
2013-01-25,10.40,10.78,10.40,10.72,11727934,130851824.000
2013-01-28,10.78,10.81,10.64,10.78,11407412,127716528.000
2013-01-29,10.82,10.93,10.63,10.70,9645624,107975888.000
2013-01-30,10.67,10.70,10.49,10.60,13081587,144747872.000
2013-01-31,10.56,10.61,10.45,10.47,11383764,124924912.000
2013-02-01,10.42,10.55,10.40,10.52,9307746,102083056.000
2013-02-04,10.50,10.57,10.33,10.42,8888556,96959408.000
2013-02-05,10.33,10.66,10.33,10.59,8315831,91753152.000
2013-02-06,10.60,10.68,10.53,10.59,5717687,63336316.000
2013-02-07,10.58,10.65,10.47,10.57,6236894,68666736.000
2013-02-08,10.57,10.81,10.57,10.75,11069231,124203568.000
2013-02-18,10.77,10.90,10.72,10.75,9703584,109715736.000
2013-02-19,10.75,11.12,10.72,10.87,14486808,165800352.000
2013-02-20,10.92,11.59,10.88,11.42,39884433,470830240.000
2013-02-21,11.40,11.50,10.97,11.35,27021943,316847712.000
2013-02-22,11.32,11.51,11.17,11.33,16482918,195091488.000
2013-02-25,11.32,11.45,11.05,11.11,13126218,152784048.000
2013-02-26,11.09,11.56,11.02,11.12,20086394,237203696.000
2013-02-27,11.16,11.38,10.91,10.94,13798773,159642592.000
2013-02-28,10.97,11.18,10.83,11.12,11650020,133740560.000
2013-03-01,11.12,11.63,11.09,11.45,25441436,302737216.000
2013-03-04,11.46,11.71,11.10,11.22,28009672,334276000.000
2013-03-05,11.19,11.54,11.19,11.41,21738170,258409808.000
2013-03-06,11.52,12.18,11.52,12.02,37146000,460859840.000
2013-03-07,12.01,12.01,11.47,11.52,27299342,332107232.000
2013-03-08,11.58,11.84,11.31,11.47,16802073,202074912.000
2013-03-11,11.47,11.92,11.33,11.72,16644033,203361200.000
2013-03-12,11.72,11.97,11.23,11.35,18167759,218701232.000
2013-03-13,11.33,11.39,11.01,11.20,11864190,137982208.000
2013-03-14,11.13,11.31,11.08,11.15,10365538,120735856.000
2013-03-15,11.27,11.54,11.08,11.20,19433607,229847984.000
2013-03-18,11.12,11.30,11.05,11.15,11517149,134385296.000
2013-03-19,11.17,11.23,10.67,10.84,15763867,178290384.000
2013-03-20,10.87,11.10,10.76,11.09,11378912,130469256.000
2013-03-21,11.09,11.41,11.03,11.29,12022211,141190896.000
2013-03-22,11.25,11.45,11.17,11.44,8018896,94524288.000
2013-03-25,11.55,11.68,11.43,11.52,11418382,137454336.000
2013-03-26,11.47,11.92,11.36,11.91,19236494,233658272.000
2013-03-27,11.91,12.31,11.84,12.11,36708606,463680800.000
2013-03-28,12.09,12.42,11.83,12.10,29250731,370490912.000
2013-03-29,12.09,12.18,11.61,11.62,19006614,234871168.000
2013-04-01,11.82,11.89,11.49,11.60,17401859,211374448.000
2013-04-02,11.68,11.84,11.12,11.19,26699581,316969088.000
2013-04-03,11.30,11.57,11.22,11.32,15385612,182403856.000
2013-04-08,11.42,11.67,11.38,11.56,19834044,238328256.000
2013-04-09,11.52,11.53,11.17,11.26,14867442,175559888.000
2013-04-10,11.27,11.33,11.08,11.31,9805435,114559168.000
2013-04-11,11.32,11.36,11.13,11.18,7148529,83690128.000
2013-04-12,11.18,11.26,11.01,11.13,9166196,106522640.000
2013-04-15,11.16,11.27,10.97,11.03,5802770,67041316.000
2013-04-16,11.01,11.28,10.89,11.23,7767667,89636672.000
2013-04-17,11.23,11.51,11.18,11.50,13860881,163975344.000
2013-04-18,11.39,11.54,11.34,11.46,8363351,99743112.000
2013-04-19,11.52,11.76,11.46,11.66,15981733,193629568.000
2013-04-22,11.78,11.86,11.60,11.72,10771228,131562032.000
2013-04-23,11.76,11.76,11.29,11.30,12674384,150962688.000
2013-04-24,11.34,11.68,11.27,11.62,9975552,119636720.000
2013-04-25,11.58,11.58,11.24,11.34,15349412,182134384.000
2013-04-26,11.22,11.42,11.19,11.23,10597882,124754376.000
2013-05-02,11.25,11.61,11.24,11.35,18509064,220765616.000
2013-05-03,11.36,12.09,11.30,11.96,31457238,387485216.000
2013-05-06,12.01,12.13,11.91,12.01,18311879,229068880.000
2013-05-07,12.01,12.03,11.72,11.89,18491112,228393904.000
2013-05-08,12.01,12.36,11.92,12.28,27360244,346456256.000
2013-05-09,12.22,12.23,11.90,12.03,20749340,260396096.000
2013-05-10,12.02,12.26,11.91,12.08,13531122,169987904.000
2013-05-13,12.10,12.10,11.75,11.87,14861110,183240384.000
2013-05-14,11.90,11.92,11.70,11.78,8098834,99284456.000
2013-05-15,11.78,11.99,11.75,11.96,9411420,116332864.000
2013-05-16,11.96,12.14,11.84,12.07,11906090,148989872.000
2013-05-17,12.11,12.17,11.90,12.00,16735004,209063280.000
2013-05-20,12.00,12.00,11.44,11.54,42619766,513127744.000
2013-05-21,11.55,11.59,11.32,11.54,20645009,246285200.000
2013-05-22,11.48,11.60,11.38,11.54,16827368,201199424.000
2013-05-23,11.48,11.57,11.39,11.42,14075269,168095536.000
2013-05-24,11.48,11.58,11.34,11.43,14967493,178784000.000
2013-05-27,11.50,11.56,11.44,11.53,19379278,232329152.000
2013-05-28,11.54,11.69,11.48,11.69,26816513,323829184.000
2013-05-29,11.73,11.90,11.68,11.84,21746513,266669312.000
2013-05-30,11.94,12.26,11.92,12.21,37707231,475099488.000
2013-05-31,12.18,12.26,11.94,11.97,22603919,284027040.000
2013-06-03,11.97,12.67,11.94,12.45,46328361,596555264.000
2013-06-04,12.40,12.50,12.08,12.22,22682172,288457792.000
2013-06-05,12.20,12.30,11.94,12.12,16382571,205362272.000
2013-06-06,12.06,12.10,11.67,11.71,16805501,207403328.000
2013-06-07,11.74,11.80,11.48,11.52,14089745,170347392.000
2013-06-13,11.29,11.33,10.97,11.06,15635191,181382368.000
2013-06-14,11.12,11.37,11.07,11.26,10993672,129028856.000
2013-06-17,11.27,11.30,10.94,11.02,12561544,145526816.000
2013-06-18,11.07,11.32,11.02,11.17,9796742,113924544.000
2013-06-19,11.12,11.12,10.80,10.93,13198700,149987456.000
2013-06-20,10.83,10.86,10.54,10.55,13733420,153647504.000
2013-06-21,10.32,10.60,10.29,10.37,15274758,166731968.000
2013-06-24,10.35,10.35,9.64,9.88,18021010,187405888.000
2013-06-25,9.68,10.01,9.27,9.84,18346466,186618256.000
2013-06-26,9.96,10.11,9.78,10.05,15264577,159346304.000
2013-06-27,10.06,10.26,9.94,10.00,13863335,147025328.000
2013-06-28,10.02,10.21,9.88,10.00,8656616,91216320.000
2013-07-01,10.02,10.20,9.84,10.15,14378867,151408288.000
2013-07-02,10.09,10.79,10.06,10.73,23068456,251636736.000
2013-07-03,10.60,10.86,10.42,10.72,16321361,181877552.000
2013-07-04,10.53,10.81,10.42,10.67,11952190,133158336.000
2013-07-05,10.76,10.76,10.54,10.55,6440589,71560608.000
2013-07-08,10.49,10.49,9.99,10.00,10778381,114832912.000
2013-07-09,9.99,10.59,9.97,10.46,11123489,119519424.000
2013-07-10,10.38,10.69,10.28,10.64,5929120,65020852.000
2013-07-11,10.65,11.10,10.59,10.80,18572907,210796160.000
2013-07-12,10.71,11.00,10.71,10.71,10592314,119885088.000
2013-07-15,10.72,11.16,10.72,10.99,11967598,137321984.000
2013-07-16,10.99,11.08,10.80,11.05,10793303,123569696.000
2013-07-17,11.01,11.07,10.66,10.70,9954969,112925200.000
2013-07-18,10.62,10.97,10.62,10.85,10520905,118688504.000
2013-07-19,10.85,10.95,10.43,10.51,9064579,101144976.000
2013-07-22,10.42,10.64,10.33,10.62,10625383,117372800.000
2013-07-23,10.60,10.87,10.60,10.83,12269837,137992640.000
2013-07-24,10.82,11.00,10.72,10.92,11386371,129243816.000
2013-07-25,10.94,11.05,10.69,10.71,9461020,106766760.000
2013-07-26,10.97,11.25,10.82,11.13,22322379,257222688.000
2013-07-29,11.02,11.33,10.90,11.15,16662466,194446160.000
2013-07-30,11.15,11.22,10.86,10.92,12855914,147838032.000
2013-07-31,10.95,11.12,10.88,10.95,8113245,92924944.000
2013-08-01,10.94,11.26,10.94,11.20,14617613,169661232.000
2013-08-02,11.24,11.30,11.05,11.08,12557970,146112368.000
2013-08-05,11.13,11.50,11.04,11.47,18672562,220596624.000
2013-08-06,11.41,11.78,11.38,11.69,29310046,355476480.000
2013-08-07,11.68,11.78,11.44,11.46,14960658,180163344.000
2013-08-08,11.44,11.73,11.38,11.63,13551912,163731152.000
2013-08-09,11.67,11.79,11.40,11.64,12260939,148443136.000
2013-08-12,11.67,11.89,11.57,11.70,17701965,216328800.000
2013-08-13,11.72,11.75,11.53,11.60,11091535,133913040.000
2013-08-14,11.60,11.78,11.56,11.62,9580221,116121704.000
2013-08-15,11.67,11.67,11.13,11.17,19875783,234456896.000
2013-08-16,11.02,11.80,10.68,10.72,30662195,348873504.000
2013-08-19,10.65,10.92,10.65,10.87,12904996,142977952.000
2013-08-20,10.83,10.94,10.65,10.70,11891805,131667744.000
2013-08-21,10.78,10.87,10.67,10.84,7333907,81162456.000
2013-08-22,10.81,11.07,10.78,11.03,10848460,121768968.000
2013-08-23,11.07,11.12,10.75,10.98,10096446,113235784.000
2013-08-26,10.94,11.20,10.94,11.15,14953024,169812288.000
2013-08-27,11.24,11.45,11.22,11.30,17135440,198338080.000
2013-08-28,11.23,11.53,11.18,11.38,22109993,257095168.000
2013-08-29,11.48,11.55,11.06,11.16,16523516,190541008.000
2013-08-30,11.16,11.50,11.06,11.28,18492752,214153360.000
2013-09-02,11.33,11.47,11.18,11.38,14545694,169081584.000
2013-09-03,11.43,11.46,11.25,11.40,13251050,154011120.000
2013-09-04,11.42,11.43,11.15,11.19,15747248,181258480.000
2013-09-05,11.19,11.20,11.02,11.10,10440333,118665008.000
2013-09-06,11.10,11.26,11.05,11.21,10767783,123342168.000
2013-09-09,11.18,11.35,11.11,11.34,21679017,250027968.000
2013-09-10,11.34,11.74,11.28,11.72,36228378,427393824.000
2013-09-11,11.81,11.83,11.50,11.57,27430937,325724736.000
2013-09-12,11.56,12.11,11.47,11.92,45523346,554192320.000
2013-09-13,11.88,12.02,11.75,11.87,22490366,273205280.000
2013-09-16,11.98,12.03,11.72,11.78,16980488,206335728.000
2013-09-17,11.78,11.84,11.50,11.52,21862651,260346528.000
2013-09-18,11.52,11.85,11.52,11.62,12991428,155320480.000
2013-09-23,11.66,12.03,11.63,11.97,20894075,253348176.000
2013-09-24,11.96,12.21,11.68,12.07,28409707,347491968.000
2013-09-25,12.03,13.30,12.03,12.90,71189195,928617344.000
2013-09-26,12.83,13.22,12.64,12.95,47560442,628630208.000
2013-09-27,13.02,13.75,13.02,13.51,63393566,873464768.000
2013-09-30,13.66,13.89,13.38,13.62,37410511,520048704.000
2013-10-08,13.78,13.86,13.23,13.39,34629552,476093056.000
2013-10-09,13.23,13.43,13.05,13.27,29309834,395423616.000
2013-10-10,13.73,14.62,13.73,14.54,85793648,1253999744.000
2013-10-11,14.45,15.66,14.37,15.28,77123186,1173596288.000
2013-10-14,15.31,15.99,15.02,15.10,58328003,919649984.000
2013-10-15,16.27,16.64,16.27,16.64,61859019,1043477888.000
2013-10-16,17.08,17.48,16.00,16.63,118052762,2010192896.000
2013-10-17,16.70,16.98,15.94,16.06,55100289,912918400.000
2013-10-18,15.93,17.69,15.83,17.69,74792566,1282459776.000
2013-10-21,18.53,19.49,17.84,19.49,57323744,1120351744.000
2013-10-22,20.18,20.61,18.84,19.31,89226772,1787403136.000
2013-10-23,19.28,19.28,17.63,18.33,79888458,1493149440.000
2013-10-24,18.63,19.97,18.14,18.88,79829090,1540198016.000
2013-10-25,18.33,18.66,17.32,17.57,70281895,1275068800.000
2013-10-28,17.43,18.75,17.03,17.65,56743858,1031538816.000
2013-10-29,17.48,17.78,16.67,17.58,50017111,872209792.000
2013-10-30,17.63,18.65,17.49,18.11,43543428,802197440.000
2013-10-31,17.56,17.68,16.84,16.96,41373752,723209408.000
2013-11-01,16.71,17.30,16.28,16.96,29778500,509346624.000
2013-11-04,16.91,17.50,16.64,16.80,32539228,563330816.000
2013-11-05,16.79,17.26,16.32,17.20,34298146,588990784.000
2013-11-06,17.08,17.18,16.30,16.32,40531666,689893824.000
2013-11-07,16.11,16.54,15.85,16.18,30470434,501926176.000
2013-11-08,16.04,16.29,15.44,15.51,33545334,536519488.000
2013-11-11,15.43,16.89,15.38,16.66,42877523,706542976.000
2013-11-12,16.58,17.56,16.32,17.39,49213013,849529728.000
2013-11-13,17.12,17.82,16.93,17.18,46189842,812077440.000
2013-11-14,17.25,18.42,17.09,18.26,46531950,846289216.000
2013-11-15,18.15,18.93,17.82,18.08,55653029,1036287168.000
2013-11-18,18.33,19.27,18.33,18.81,48895372,932652672.000
2013-11-19,18.84,18.93,18.08,18.24,37176809,694615488.000
2013-11-20,18.44,18.86,17.93,18.81,40735724,762317952.000
2013-11-21,18.58,18.67,18.11,18.35,25379139,473376768.000
2013-11-22,18.16,18.53,16.49,17.57,124587874,2172677120.000
2013-11-25,17.03,17.64,16.73,16.97,51280583,894814144.000
2013-11-26,17.13,17.40,16.93,17.06,29604630,516474144.000
2013-11-27,16.86,17.21,16.42,17.11,40664175,695043840.000
2013-11-28,17.06,17.58,16.90,17.37,33429655,587579264.000
2013-11-29,17.28,17.33,17.01,17.12,20841201,363014848.000
2013-12-02,16.73,17.63,16.53,17.12,34948395,610787712.000
2013-12-03,17.25,17.32,16.51,17.12,25279698,434398688.000
2013-12-04,17.11,18.41,16.93,18.14,51192169,919835392.000
2013-12-05,17.93,18.13,17.77,17.87,22798870,414877504.000
2013-12-06,17.87,18.11,17.42,17.44,18834324,338349504.000
2013-12-09,17.39,17.86,17.05,17.67,21785802,386351072.000
2013-12-10,17.73,17.99,17.21,17.30,20376438,364252896.000
2013-12-11,17.18,17.18,16.64,16.90,16653673,286514048.000
2013-12-12,16.90,17.73,16.90,17.36,25612155,452990080.000
2013-12-13,17.08,18.02,17.01,17.71,28013340,506034976.000
2013-12-16,17.68,18.23,17.61,17.80,29590367,540336192.000
2013-12-17,17.76,18.38,17.53,18.04,25659154,470754976.000
2013-12-18,17.88,19.28,17.88,19.10,49103283,941524736.000
2013-12-19,18.96,19.08,18.46,18.72,27784468,529741920.000
2013-12-20,18.53,19.06,17.73,18.04,30043251,559896960.000
2013-12-23,18.07,18.79,17.83,18.72,30176079,563945280.000
2013-12-24,18.58,18.58,17.93,18.53,24352936,451360512.000
2013-12-25,18.48,19.13,18.30,18.79,23155110,442952800.000
2013-12-26,18.80,19.79,18.74,19.25,43582095,859955328.000
2013-12-27,19.25,19.59,18.98,19.57,24828832,486158784.000
2013-12-30,19.61,19.98,19.10,19.23,22120928,434524064.000
2013-12-31,19.01,19.74,18.96,19.32,18524956,362758656.000
2014-01-02,19.32,19.40,18.48,18.83,29840007,571763840.000
2014-01-03,18.63,18.69,18.33,18.42,16776110,314463872.000
2014-01-06,18.23,18.23,17.45,17.45,20922527,376997824.000
2014-01-07,17.52,18.19,17.44,17.66,16977683,307133664.000
2014-01-08,17.72,18.70,17.71,18.49,24273228,451741568.000
2014-01-09,18.43,18.71,18.06,18.12,20548626,381940576.000
2014-01-10,18.05,19.02,18.01,18.22,22694058,426696160.000
2014-01-13,17.94,18.23,16.74,16.84,33551028,591803008.000
2014-01-14,16.85,17.70,16.53,17.62,19870118,348373920.000
2014-01-15,17.43,18.48,17.35,18.45,26062530,480088896.000
2014-01-16,18.33,18.59,18.11,18.20,12805950,237028432.000
2014-01-17,18.23,18.23,17.30,17.40,20889244,371909536.000
2014-01-20,17.33,17.81,17.23,17.33,10344195,183312368.000
2014-01-21,17.33,17.74,17.09,17.33,13492283,237248272.000
2014-01-22,17.48,17.69,17.12,17.60,20465893,361694016.000
2014-01-23,17.54,17.55,17.13,17.41,19214033,339026144.000
2014-01-24,17.38,17.88,17.13,17.74,28581764,510742144.000
2014-01-27,17.53,17.68,17.19,17.45,15707427,277737440.000
2014-01-28,17.39,18.19,17.39,17.97,24985700,453945376.000
2014-01-29,18.05,18.23,17.82,18.19,18892158,346680672.000
2014-01-30,18.03,18.24,17.62,17.68,13822393,249847904.000
2014-02-07,17.53,17.59,17.02,17.51,23498255,412137408.000
2014-02-10,17.62,18.98,17.60,18.57,32657483,609564864.000
2014-02-11,18.56,19.09,18.34,18.62,25127843,476522400.000
2014-02-12,18.62,18.93,18.43,18.77,18307386,346301600.000
2014-02-13,18.63,19.63,18.61,18.90,40987052,801984384.000
2014-02-14,19.02,19.91,18.70,19.81,37471225,739037248.000
2014-02-18,20.49,21.73,20.31,21.55,62706442,1341638016.000
2014-02-19,21.32,21.98,21.03,21.51,31559262,688329024.000
2014-02-20,21.48,22.21,21.13,21.68,35742557,789404736.000
2014-02-21,21.47,21.91,20.92,21.25,25800837,557999232.000
2014-02-24,20.85,23.40,20.75,23.40,71667606,1640548096.000
2014-02-25,23.40,24.14,22.34,22.72,65621886,1544781312.000
2014-02-26,22.78,23.94,21.38,23.38,50036599,1164788608.000
2014-02-27,23.38,24.05,21.73,22.33,44830569,1043502336.000
2014-02-28,22.13,22.43,20.33,21.48,41789949,903358208.000
2014-03-03,21.54,22.83,21.54,22.30,30369750,684644352.000
2014-03-04,22.41,23.23,21.98,23.17,30284847,697963072.000
2014-03-05,23.23,23.90,22.46,22.63,23211742,542021056.000
2014-03-06,22.35,23.40,22.09,22.86,25039485,579697792.000
2014-03-07,22.78,23.29,22.41,22.43,20667675,475950112.000
2014-03-10,22.08,22.08,21.30,21.33,23443481,512289216.000
2014-03-11,21.33,21.63,20.75,21.42,19701335,422843232.000
2014-03-12,21.63,22.81,21.34,21.65,28209807,628056064.000
2014-03-13,21.44,21.92,21.04,21.35,14208835,308900960.000
2014-03-14,21.04,21.61,20.72,21.15,14104882,301290624.000
2014-03-17,21.23,22.81,21.23,22.72,28633003,643993856.000
2014-03-18,22.66,23.41,22.47,23.28,28259783,658292032.000
2014-03-19,23.11,23.13,22.41,22.77,17557210,403910368.000
2014-03-20,22.71,22.82,21.18,21.25,27028637,600267008.000
2014-03-21,21.03,21.41,20.01,21.38,30052245,628545984.000
2014-03-24,21.22,21.73,20.58,20.81,20552596,441500640.000
2014-03-25,20.94,21.21,20.03,20.81,23179383,483501920.000
2014-03-26,21.23,21.89,21.13,21.17,22332248,485955712.000
2014-03-27,20.89,21.01,20.14,20.17,25278183,522913472.000
2014-03-28,20.11,20.40,19.03,19.61,27163765,541928192.000
2014-03-31,19.62,19.91,19.33,19.76,11905691,237968224.000
2014-04-01,19.77,20.43,19.66,20.22,18303185,373696288.000
2014-04-02,20.33,20.50,19.15,19.21,29331285,583942528.000
2014-04-03,19.21,19.38,18.83,18.95,21100971,406651712.000
2014-04-04,18.86,19.46,18.83,19.32,14696645,286410272.000
2014-04-08,18.83,19.70,18.50,19.58,31442414,605737344.000
2014-04-09,19.53,20.61,19.46,20.46,34726409,702672960.000
2014-04-10,20.38,20.66,19.83,20.39,28344878,583124928.000
2014-04-11,20.36,20.52,19.89,19.99,18536874,377787392.000
2014-04-14,19.93,19.97,19.59,19.67,14787102,295585760.000
2014-04-15,19.46,19.95,19.26,19.63,17372738,344800384.000
2014-04-16,19.55,19.65,18.98,19.25,13793904,269738176.000
2014-04-17,19.24,19.65,19.17,19.51,11007421,216995008.000
2014-04-18,19.46,19.51,19.06,19.40,10495771,205317728.000
2014-04-21,19.16,19.72,18.99,19.17,12915889,253834864.000
2014-04-22,19.15,19.46,19.03,19.40,11671092,228049280.000
2014-04-23,19.72,20.38,19.64,19.97,25957497,526857728.000
2014-04-24,19.89,19.96,19.27,19.41,13402376,265932608.000
2014-04-25,19.31,19.39,18.78,19.03,14483914,279581344.000
2014-04-28,18.91,18.95,17.93,18.08,17464651,324503616.000
2014-04-29,18.10,18.61,18.08,18.46,11491159,213114800.000
2014-04-30,18.48,18.92,18.35,18.65,8129524,153972240.000
2014-05-05,18.83,18.99,18.73,18.86,7525538,143794752.000
2014-05-06,18.86,19.23,18.77,19.04,9850430,190466336.000
2014-05-07,19.04,19.04,18.39,18.43,9840019,186477472.000
2014-05-08,18.41,18.79,18.23,18.44,9650591,181926256.000
2014-05-09,18.44,18.62,17.98,17.98,10252555,189268672.000
2014-05-12,18.28,18.72,18.06,18.70,14428278,269885536.000
2014-05-13,18.66,18.80,18.46,18.65,9043307,170529104.000
2014-05-14,18.63,19.11,18.48,18.83,12253976,234002112.000
2014-05-15,18.83,19.10,18.60,18.82,11883490,227689072.000
2014-05-16,18.83,19.15,18.54,18.74,9476751,181745024.000
2014-05-19,18.54,18.67,17.90,18.22,12277931,227244736.000
2014-05-20,18.31,18.58,18.12,18.19,7655243,142523360.000
2014-05-21,18.00,18.44,17.78,18.39,7698195,142020576.000
2014-05-22,18.38,18.93,18.29,18.56,13420577,254184192.000
2014-05-23,18.73,18.88,18.47,18.72,7205019,136305792.000
2014-05-26,18.84,19.53,18.83,19.34,19531475,380964096.000
2014-05-27,19.45,19.47,18.91,18.95,12405847,240425520.000
2014-05-28,18.91,19.26,18.73,19.20,14126813,272764416.000
2014-05-29,19.38,20.23,19.32,19.45,30157668,604086272.000
2014-05-30,19.34,19.61,19.29,19.52,11332810,223158864.000
2014-06-03,19.63,19.98,19.60,19.71,13258262,265917136.000
2014-06-04,19.68,19.68,18.98,19.15,11554998,224972672.000
2014-06-05,19.04,19.42,19.04,19.41,7740072,151172336.000
2014-06-06,19.41,19.66,19.18,19.35,7458071,146890976.000
2014-06-09,19.24,19.67,19.23,19.31,8854844,174730912.000
2014-06-10,19.32,19.78,19.24,19.66,14064903,279381184.000
2014-06-11,19.58,20.30,19.54,20.18,24807157,503825376.000
2014-06-12,20.11,20.25,19.85,20.23,14692386,298294272.000
2014-06-13,20.12,20.43,19.91,20.27,16357208,334986368.000
2014-06-16,20.23,20.40,20.07,20.15,12004395,246077712.000
2014-06-17,20.09,20.09,19.69,19.71,12477075,251214176.000
2014-06-18,19.72,19.86,19.21,19.27,11667189,230397760.000
2014-06-19,19.19,19.41,18.57,18.78,16054052,307336416.000
2014-06-20,18.74,19.02,18.58,18.95,10115292,192500928.000
2014-06-23,18.95,19.07,18.73,18.89,11137930,213577280.000
2014-06-24,18.86,19.33,18.74,19.31,15358866,296446976.000
2014-06-25,19.22,19.29,18.98,19.04,5204303,100650448.000
2014-06-26,19.08,19.39,19.06,19.16,8559981,166873984.000
2014-06-27,19.42,20.00,19.36,19.67,22594992,451085984.000
2014-06-30,19.73,20.03,19.60,19.92,14797449,297467872.000
2014-07-01,19.63,19.71,19.15,19.48,26171123,513995008.000
2014-07-02,19.30,19.42,18.72,18.86,38386283,737357248.000
2014-07-03,18.73,19.02,18.52,18.89,22332019,426618560.000
2014-07-04,18.90,18.91,18.68,18.79,15719978,298839776.000
2014-07-07,18.81,18.86,18.45,18.54,20028613,377470464.000
2014-07-08,18.54,18.70,18.45,18.66,11863062,223540480.000
2014-07-09,18.72,18.86,18.59,18.60,15465021,293412704.000
2014-07-10,18.60,18.68,17.97,18.08,23891411,442291584.000
2014-07-11,18.11,18.17,17.80,17.94,22268949,405316352.000
2014-07-14,17.94,18.20,17.78,18.19,16653661,303818240.000
2014-07-15,18.31,18.50,18.16,18.40,19385315,361146432.000
2014-07-16,18.42,18.42,18.03,18.06,12373970,228204384.000
2014-07-17,18.07,18.15,17.83,17.92,7435496,135308640.000
2014-07-18,17.86,18.21,17.78,18.14,9862893,180865712.000
2014-07-21,18.22,18.37,18.03,18.10,8995964,166136016.000
2014-07-22,18.07,18.36,17.99,18.28,13956162,258605184.000
2014-07-23,18.30,18.30,17.75,17.80,21953369,399888576.000
2014-07-24,17.88,18.03,17.74,17.92,13976260,253573360.000
2014-07-25,18.01,18.46,17.95,18.45,26709029,496477632.000
2014-07-28,18.58,18.83,18.39,18.63,30353822,573229568.000
2014-07-29,18.82,19.01,18.48,18.67,28844317,548207296.000
2014-07-30,18.68,18.70,18.45,18.53,18132822,341366496.000
2014-07-31,18.54,18.66,18.31,18.46,25040149,468440832.000
2014-08-01,18.41,18.86,18.30,18.67,41982357,791869824.000
2014-08-04,18.66,18.71,18.44,18.66,23442688,441702720.000
2014-08-05,18.79,18.98,18.59,18.76,35486665,676420160.000
2014-08-06,18.70,18.70,18.36,18.50,31719167,594418496.000
2014-08-07,18.50,18.52,18.33,18.39,18625255,347679360.000
2014-08-08,18.41,18.47,18.32,18.41,12516830,233459888.000
2014-08-11,18.48,18.77,18.40,18.69,29325694,554010176.000
2014-08-12,18.70,18.71,18.55,18.63,17583173,332452512.000
2014-08-13,18.62,18.66,18.42,18.57,16413993,308514400.000
2014-08-14,18.57,18.57,18.15,18.23,25443339,473883200.000
2014-08-15,18.23,18.40,18.21,18.29,18626252,345837792.000
2014-08-18,18.34,18.56,18.28,18.54,25896363,483963360.000
2014-08-19,18.65,18.65,18.32,18.39,27938975,514402048.000
2014-08-20,18.50,18.75,18.37,18.66,35889628,667509696.000
2014-08-21,18.67,18.72,18.41,18.60,19166077,355133920.000
2014-08-22,18.60,18.90,18.49,18.89,43411492,812619776.000
2014-08-25,19.02,19.24,18.86,19.12,53775460,1026719936.000
2014-08-26,19.10,19.12,18.72,18.79,25883784,488487424.000
2014-08-27,18.75,18.91,18.45,18.54,30339063,563967744.000
2014-08-28,18.60,18.67,18.23,18.31,23483639,432121600.000
2014-08-29,18.39,18.48,18.28,18.44,14682694,269775680.000
2014-09-01,18.47,18.79,18.43,18.78,23884769,445297120.000
2014-09-02,18.78,18.86,18.70,18.85,27447431,515815648.000
2014-09-03,18.85,19.04,18.76,18.94,27316043,516771456.000
2014-09-04,18.94,19.30,18.77,19.29,46934012,894790976.000
2014-09-05,19.31,19.38,19.10,19.21,29575336,567822784.000
2014-09-09,19.23,19.55,19.05,19.46,33669379,651659456.000
2014-09-10,19.38,19.71,19.23,19.54,34221182,667932096.000
2014-09-11,19.50,19.65,19.16,19.20,37050590,717654080.000
2014-09-12,19.18,19.35,19.11,19.25,20622542,396472640.000
2014-09-15,19.24,19.34,19.05,19.25,26688153,512469216.000
2014-09-16,19.28,19.31,18.60,18.63,32624536,618629120.000
2014-09-17,18.61,18.73,18.50,18.65,19380377,361074976.000
2014-09-18,18.64,18.95,18.56,18.77,17311663,324796448.000
2014-09-19,18.82,19.08,18.68,18.93,20428014,386476928.000
2014-09-22,18.90,18.91,18.56,18.59,16535452,309017184.000
2014-09-23,18.52,18.75,18.51,18.68,13727842,256181552.000
2014-09-24,18.68,18.96,18.58,18.92,24534445,461342336.000
2014-09-25,18.96,19.05,18.72,18.80,25336613,478343072.000
2014-09-26,18.70,18.82,18.68,18.70,15657072,293455136.000
2014-09-29,18.84,19.15,18.79,19.14,33420146,634371264.000
2014-09-30,19.25,19.31,18.96,19.04,26380303,503887712.000
2014-10-08,19.16,19.65,19.00,19.61,56309449,1089962368.000
2014-10-09,19.67,19.73,19.35,19.49,40577614,792516416.000
2014-10-10,19.42,19.89,19.35,19.49,40242537,789692992.000
2014-10-13,19.47,19.65,19.33,19.62,29015592,565882048.000
2014-10-14,19.67,19.67,19.14,19.24,28403788,551590848.000
2014-10-15,19.24,19.84,19.14,19.60,41075171,804351680.000
2014-10-16,19.45,20.16,19.35,19.65,57392859,1138904320.000
2014-10-17,19.59,19.74,19.15,19.61,29143435,566080448.000
2014-10-20,19.65,20.10,19.62,19.89,30758084,611719104.000
2014-10-21,19.89,20.09,19.70,19.72,29613622,589475072.000
2014-10-22,19.79,19.82,19.25,19.31,25006411,485665760.000
2014-10-23,19.30,19.37,18.89,18.99,23021090,438590080.000
2014-10-24,19.06,19.15,18.75,18.87,14711783,278151488.000
2014-10-27,18.78,19.03,18.50,18.96,18902596,355436608.000
2014-10-28,18.95,19.10,18.89,19.10,19803341,376281856.000
2014-10-29,19.28,19.35,19.13,19.23,23517116,451999168.000
2014-10-30,19.29,19.55,19.21,19.37,24762513,479401280.000
2014-10-31,19.49,19.60,19.13,19.40,20896783,403760512.000
2014-11-03,19.56,19.75,19.30,19.48,37377890,730046400.000
2014-11-04,19.41,19.41,19.04,19.06,25917175,496080512.000
2014-11-05,19.02,19.09,18.82,18.88,19928985,377253440.000
2014-11-06,18.96,19.22,18.92,19.10,16833666,320989728.000
2014-11-07,19.08,19.10,18.79,18.83,21094204,399281024.000
2014-11-10,18.94,19.08,18.88,19.05,23368928,443586848.000
2014-11-11,19.08,19.28,18.67,18.81,31916782,607692480.000
2014-11-12,18.89,19.11,18.80,19.10,16004292,303804288.000
2014-11-13,19.10,19.18,18.84,19.00,19534604,370319008.000
2014-11-14,19.01,19.42,18.92,19.35,37304230,718550080.000
2014-11-17,20.10,20.10,19.36,19.40,43662594,856834560.000
2014-11-18,19.40,19.80,19.24,19.78,43787010,858543936.000
2014-11-19,19.90,21.50,19.63,21.06,97185588,2007315456.000
2014-11-20,20.67,21.16,20.62,20.72,43925873,915917952.000
2014-11-21,20.60,21.20,20.50,20.94,38359646,803861312.000
2014-11-24,21.10,21.24,20.72,20.94,41897250,875871552.000
2014-11-25,21.05,21.49,20.80,20.99,38939148,822732608.000
2014-11-26,21.00,21.05,20.35,20.58,46326162,954341824.000
2014-11-28,20.38,20.85,20.20,20.32,43528897,893655104.000
2014-12-01,20.36,20.90,20.13,20.69,37376983,766143040.000
2014-12-02,20.60,20.84,20.51,20.73,32744423,677701696.000
2014-12-03,20.72,21.42,20.57,21.14,51810075,1092797824.000
2014-12-04,21.17,21.58,21.17,21.43,47997969,1025798336.000
2014-12-05,21.71,22.97,21.30,22.03,69085554,1532494336.000
2014-12-08,22.00,22.40,21.60,22.08,49828510,1096199680.000
2014-12-09,21.73,22.65,21.11,21.15,68394401,1491829376.000
2014-12-10,21.20,22.14,21.05,21.91,35178856,761351424.000
2014-12-11,21.91,22.41,21.50,21.67,30813494,673377664.000
2014-12-12,21.62,22.14,21.55,22.12,28060444,613662720.000
2014-12-15,22.06,22.76,21.94,22.43,40751500,916877120.000
2014-12-16,22.35,22.55,21.84,22.09,29678908,654190272.000
2014-12-17,22.01,22.01,21.30,21.52,33495728,722303424.000
2014-12-18,21.52,21.65,21.00,21.16,36042572,763631552.000
2014-12-19,21.16,21.30,20.50,20.99,28783689,599360768.000
2014-12-22,20.95,20.95,20.36,20.45,27861180,571946048.000
2014-12-23,20.53,21.12,20.40,20.64,27256398,568845056.000
2014-12-24,20.77,20.79,20.46,20.60,17920236,369316992.000
2014-12-25,20.62,20.78,20.47,20.70,20528164,423078528.000
2014-12-26,20.68,21.14,20.55,21.02,26246885,549777792.000
2014-12-29,21.08,21.25,20.56,20.67,26571474,555409792.000
2014-12-30,20.81,21.21,20.68,20.81,26798509,561124736.000
2014-12-31,20.93,21.17,20.69,21.10,30111742,629817984.000
2015-01-05,21.05,21.78,20.82,21.63,48762597,1039531456.000
2015-01-06,21.41,22.69,21.35,22.51,66441149,1475110784.000
2015-01-07,22.51,22.51,21.95,22.08,38421337,851416576.000
2015-01-08,22.32,22.95,22.20,22.37,47467963,1071251840.000
2015-01-09,22.30,22.80,21.98,22.06,40018177,900990208.000
2015-01-12,22.09,22.40,21.61,22.01,30820420,675565440.000
2015-01-13,21.88,22.48,21.82,22.23,24010293,534881440.000
2015-01-14,22.14,22.68,21.60,21.73,29895788,660399296.000
2015-01-15,21.75,21.95,21.58,21.93,21799105,475227616.000
2015-01-16,21.96,22.50,21.73,22.43,27734143,612656000.000
2015-01-19,21.88,22.50,20.80,21.10,40970217,889151104.000
2015-01-20,21.46,21.64,21.18,21.51,27445601,588609280.000
2015-01-21,21.63,22.53,21.48,22.29,39841631,881188352.000
2015-01-22,22.31,22.68,22.02,22.48,31657160,709223488.000
2015-01-23,22.48,22.62,21.95,22.19,31514112,700786240.000
2015-01-26,22.18,23.14,22.06,23.11,46100907,1045121472.000
2015-01-27,23.30,23.35,22.56,22.89,37869469,870478848.000
2015-01-28,23.12,23.74,22.91,23.02,42482589,993180544.000
2015-01-29,22.85,23.07,22.55,22.62,23432356,534029664.000
2015-01-30,22.63,22.92,22.26,22.37,18743101,422635520.000
2015-02-02,22.21,22.86,22.10,22.67,21096021,476842880.000
2015-02-03,22.68,23.14,22.55,22.91,22967361,525777504.000
2015-02-04,22.91,22.93,22.43,22.49,21393444,483850624.000
2015-02-05,22.69,22.75,21.90,21.93,28697278,636145152.000
2015-02-06,21.80,22.12,21.50,21.55,16915986,367835328.000
2015-02-09,21.52,21.68,21.21,21.34,14469594,310148768.000
2015-02-10,21.35,21.66,21.28,21.64,14788749,317720576.000
2015-02-11,21.70,22.13,21.60,21.88,16164257,353655456.000
2015-02-12,21.77,21.99,21.56,21.86,13417729,292030240.000
2015-02-13,21.98,22.75,21.90,22.35,31772828,710971072.000
2015-02-16,22.40,22.62,22.24,22.50,19831918,445551520.000
2015-02-17,22.56,23.08,22.45,22.92,27994765,636690496.000
2015-02-25,22.90,22.90,22.43,22.55,18913288,427499392.000
2015-02-26,22.50,22.75,22.43,22.68,16130507,364199040.000
2015-02-27,22.73,22.79,22.49,22.65,18971353,429061472.000
2015-03-02,22.75,22.98,22.50,22.85,26021154,589729600.000
2015-03-03,22.77,23.68,22.61,23.02,46321747,1072052544.000
2015-03-04,23.18,23.70,22.87,23.67,52102284,1212672640.000
2015-03-05,23.67,24.30,23.19,23.51,53153844,1265259648.000
2015-03-06,23.70,23.70,22.90,22.97,25532266,590662784.000
2015-03-09,23.00,23.14,22.50,23.03,22892814,521422400.000
2015-03-10,22.98,23.52,22.63,23.37,25602053,593659776.000
2015-03-11,23.35,23.85,23.18,23.29,24627483,577898880.000
2015-03-12,23.53,23.53,22.78,22.92,25540609,588581504.000
2015-03-13,22.94,23.23,22.82,23.11,17615888,404442016.000
2015-03-16,23.35,23.85,23.15,23.71,31418595,742151680.000
2015-03-17,23.93,24.67,23.85,24.09,46047028,1118958976.000
2015-03-18,24.09,24.64,23.80,24.44,34522934,838417984.000
2015-03-19,24.40,24.40,23.95,24.13,26090268,630013888.000
2015-03-20,24.10,24.75,24.07,24.61,33240707,813079040.000
2015-03-23,24.85,25.13,24.49,25.03,38112401,944859456.000
2015-03-24,25.08,25.10,24.18,24.79,41464416,1022145600.000
2015-03-25,24.99,25.35,24.45,25.33,47994718,1189632000.000
2015-03-26,25.16,25.18,24.70,24.75,35377599,881229632.000
2015-03-27,24.76,25.06,24.50,24.79,27752718,688166464.000
数据来源:通达信
